2 1 0 2 7 6 4 0 1 0 3 6 1 4 5 6
5 5 0 6 4 7 6 0 0 0 0 0 6 4 1 4
5 5 0 3 3 6 7 5 2 7 5 6 6 5 6 5
5 6 0 7 5 5 6 2 5 6 0 6 6 7 2 3
7 3 4 7 7 5 2 2 7 4 7 5 3 7 1 2
2 4 7 4 1 7 6 6 6 3 0 5 3 7 3 3
7 3 0 1 5 3 1 1 4 3 3 3 5 0 5 3
5 1 7 0 7 0 7 1 0 3 3 0 6 3 4 0
6 1 4 7 3 4 7 1 4 4 1 2 2 2 4 4
2 4 4 4 4 4 0 7 0 7 2 6 2 3 6 2
7 3 3 1 3 3 7 7 2 7 5 7 2 2 7 7
0 2 2 7 7 5 2 1 7 0 0 7 5 0 5 5
7 0 7 5 1 5 6 5 3 1 1 1 5 4 4 2
2 3 4 4 6 6 6 6 5 5 2 2 5 2 5 6
0 6 0 0 5 6 2 5 5 1 6 0 1 0 1 2
1 2 0 1 4 2 2 2 0 6 2 6 1 1 1 2
58 55 22 36 31 20 18 22 35 54 47 42 45 18 19 30
61 19 12 30 38 53 20 34 22 34 22 22 20 18 55 18
51 19 22 37 37 20 21 51 46 43 19 20 52 39 52 51
61 20 2 43 51 51 30 46 19 30 2 30 30 21 46 15
21 27 28 31 21 51 46 46 31 28 21 19 27 31 35 46
26 28 31 60 35 21 52 62 52 59 2 39 37 31 59 27
43 59 12 23 39 27 35 35 60 27 27 59 39 34 39 37
39 35 43 12 43 12 43 55 12 37 37 34 52 59 60 12
52 55 18 11 59 60 63 55 18 50 55 58 26 26 38 50
36 50 50 50 50 28 34 63 34 63 26 42 36 47 42 36
53 47 47 3 47 47 63 63 58 53 61 53 58 26 63 11
54 58 58 11 11 61 26 3 11 2 54 11 61 2 61 7
53 2 53 7 3 7 62 7 15 3 3 3 7 60 60 14
14 15 28 28 62 62 62 62 29 29 4 36 29 4 29 42
44 42 44 54 29 42 4 7 29 45 10 44 45 54 45 4
45 4 44 45 38 14 4 14 54 10 14 10 23 23 23 14
