2 1 0 2 7 6 4 0 1 0 3 6 1 4 5 6
5 5 0 6 4 3 2 6 0 0 0 0 6 5 4 4
1 0 3 3 4 1 6 5 1 7 3 4 6 3 0 3
5 0 3 5 4 0 4 0 6 4 3 1 6 3 6 7
6 6 7 0 7 5 2 3 6 7 7 7 5 5 5 5
0 7 4 5 7 2 6 6 6 3 0 5 4 7 3 2
2 3 7 4 5 6 1 3 4 4 7 5 7 2 1 5
5 2 2 6 7 7 5 7 2 4 2 6 0 2 5 2
0 5 1 5 1 7 7 7 7 4 7 1 1 0 4 7
4 4 7 1 1 4 3 4 4 5 0 0 1 1 5 3
5 3 4 1 4 0 0 0 4 3 2 4 1 1 3 4
0 4 7 3 3 3 1 1 3 0 0 5 4 2 7 2
7 2 2 2 0 5 6 7 5 5 7 0 0 4 2 0
6 7 0 6 7 6 0 6 0 2 2 4 0 2 5 1
4 6 5 0 5 2 5 5 5 5 6 6 2 2 7 6
1 2 7 7 7 7 2 2 6 2 6 2 2 6 1 2
58 55 22 36 31 20 18 22 35 54 47 42 45 18 19 30
61 19 12 30 38 59 26 20 22 34 22 22 20 19 50 50
35 12 27 47 60 35 30 19 35 43 27 18 52 47 12 27
19 12 27 19 18 12 18 12 20 18 27 35 20 27 30 11
30 52 43 22 21 51 46 59 30 21 21 21 51 51 51 51
44 21 60 51 21 46 52 62 52 59 2 39 60 31 59 46
26 59 31 60 39 20 35 59 60 60 31 39 31 46 45 39
39 46 46 52 43 31 39 43 26 28 26 52 44 26 29 26
44 61 13 61 45 11 63 43 11 50 53 45 55 44 38 43
38 28 11 55 55 28 47 28 28 29 34 34 55 55 29 47
29 47 50 3 28 34 34 34 50 37 36 50 3 45 37 38
54 38 53 37 37 37 23 3 37 2 54 7 38 36 53 36
53 36 36 4 2 7 62 53 29 7 11 44 44 6 4 54
62 11 54 62 53 62 2 62 2 4 4 6 2 4 29 23
6 42 7 54 61 58 61 7 61 7 10 42 58 58 63 10
45 58 63 63 63 63 58 14 10 14 42 4 14 42 23 14
