2 1 0 2 7 4 6 7 3 0 2 2 7 6 0 0
4 3 5 6 2 0 4 3 3 6 3 5 7 1 3 1
7 6 3 5 7 4 6 5 7 7 3 5 6 1 7 5
7 4 6 7 5 6 6 2 3 6 0 1 5 5 2 4
7 7 7 7 7 5 7 3 7 1 6 5 0 5 1 7
0 4 5 6 5 5 3 5 6 3 0 5 6 5 3 0
3 1 5 4 4 4 1 6 4 5 4 5 3 0 1 3
0 2 3 6 0 0 4 4 0 3 3 0 1 0 5 0
0 5 1 5 0 0 7 0 4 2 4 2 1 4 4 6
1 5 4 5 7 4 2 7 4 7 2 4 1 1 6 1
4 4 4 1 2 0 0 2 4 7 0 7 7 0 6 5
0 2 7 7 0 7 1 1 1 5 5 5 7 7 7 7
2 6 6 0 7 5 6 0 6 5 2 2 2 6 2 7
0 6 4 0 1 6 5 0 2 2 1 7 2 2 5 6
5 6 2 6 5 2 1 2 1 2 6 1 3 1 4 6
1 4 0 4 2 2 0 2 3 3 3 3 0 3 1 4
58 55 22 36 31 38 62 53 47 54 26 4 21 20 22 54
18 47 39 30 46 34 28 27 59 30 27 51 31 35 27 35
31 30 27 51 31 60 30 51 31 43 27 51 52 35 31 51
21 60 20 43 51 30 30 46 27 20 2 13 19 39 46 28
21 21 43 43 21 19 21 59 43 35 20 19 22 39 35 43
44 28 19 20 19 19 59 39 52 59 2 39 20 39 59 22
59 55 61 60 60 60 35 52 60 61 28 29 47 34 45 47
22 26 47 52 34 12 18 28 22 47 37 34 13 2 29 12
12 61 13 61 12 12 63 12 18 58 18 58 55 18 18 52
3 29 28 29 63 50 26 63 50 63 26 50 55 55 52 55
50 50 50 3 4 34 34 4 38 53 54 53 53 54 42 7
54 58 53 53 54 11 23 3 23 61 61 7 11 11 11 11
58 62 62 2 11 7 62 2 62 7 26 26 4 62 4 63
2 42 38 44 45 42 7 44 14 4 45 63 14 14 29 42
7 42 14 42 29 58 45 14 45 14 10 45 37 23 38 10
23 38 44 38 46 46 44 46 15 15 15 15 44 15 23 6
