2 1 5 6 5 0 6 6 1 0 6 6 5 0 6 6
2 0 0 0 0 0 2 5 1 0 6 4 6 3 2 4
0 0 0 6 6 1 1 0 0 7 2 6 6 1 0 5
7 1 4 4 1 1 4 4 7 1 1 1 7 1 3 3
0 7 7 0 7 7 6 7 2 1 6 6 0 6 0 5
0 7 7 5 2 2 1 5 6 7 5 4 4 6 3 1
2 2 6 4 4 3 2 6 4 3 3 3 3 4 1 0
3 5 3 0 5 7 5 5 3 3 5 5 0 1 5 7
0 5 4 5 7 7 7 7 4 5 4 7 5 5 0 7
3 7 7 7 0 0 6 0 4 4 5 3 6 6 6 6
4 7 1 1 7 6 4 7 7 4 1 1 5 5 1 1
1 7 3 6 7 7 3 1 6 3 4 7 5 3 1 2
2 2 5 1 4 3 2 4 4 4 2 2 3 2 3 2
2 7 2 3 3 3 3 0 3 6 2 4 2 6 5 5
4 3 2 4 3 3 2 3 3 3 6 3 5 3 1 3
2 5 0 2 2 7 2 4 5 7 4 4 7 2 2 5
58 35 19 30 19 34 20 30 35 54 30 30 19 34 30 30
58 12 12 12 34 34 58 7 55 34 52 50 52 37 58 50
54 54 22 52 52 35 55 34 54 43 58 52 52 35 54 51
53 55 50 50 55 35 50 50 43 35 55 13 53 55 37 15
12 53 53 54 43 53 10 53 58 45 20 20 22 20 44 7
44 43 43 51 14 14 13 7 42 43 7 60 60 42 59 45
14 14 42 60 60 47 46 42 60 47 47 59 47 60 45 12
47 19 47 12 19 31 19 51 59 59 51 51 44 45 51 21
44 61 18 61 21 21 63 21 18 61 18 21 61 61 22 63
15 21 63 63 22 22 62 22 18 18 61 5 62 62 62 62
18 11 23 3 63 62 28 31 31 28 23 23 29 29 23 23
23 31 27 42 31 31 27 3 42 37 28 63 29 37 3 36
36 36 29 45 28 59 36 28 28 38 26 26 37 36 37 36
4 11 26 59 15 15 15 44 5 20 4 6 14 20 7 7
6 27 14 6 5 27 4 27 27 5 10 5 39 5 45 15
4 29 44 46 4 11 4 6 39 11 6 6 11 46 46 29
