2 4 6 0 5 2 1 3 3 0 1 3 2 1 5 4
1 4 4 6 4 6 6 7 4 5 5 6 6 6 3 7
4 5 4 5 4 4 7 5 3 7 3 4 4 1 7 3
4 1 3 4 4 0 0 2 3 6 3 3 0 6 7 0
5 2 7 4 7 4 4 3 4 2 4 3 0 0 0 2
0 4 0 6 1 3 3 6 0 6 4 5 3 1 0 0
2 0 0 4 1 4 0 6 1 0 0 3 0 0 6 3
6 2 0 4 1 3 6 5 6 2 1 4 6 7 6 7
6 7 6 6 1 3 1 5 7 4 7 1 2 1 4 4
4 4 3 2 1 6 6 7 2 7 6 2 7 5 3 3
3 3 5 2 2 2 1 2 5 5 1 1 0 3 5 5
0 2 2 5 2 5 2 2 2 0 0 7 5 7 2 2
4 2 5 7 4 4 2 7 4 1 3 0 7 4 2 2
2 7 7 0 7 7 7 0 0 5 0 7 5 5 5 6
2 6 2 6 2 6 6 5 0 1 6 2 1 3 1 6
3 1 1 7 7 1 5 7 5 5 5 5 1 3 1 3
58 18 20 54 19 46 45 27 59 34 35 59 26 35 51 50
35 38 38 30 60 30 30 43 60 19 19 30 30 30 27 21
18 19 60 19 60 60 21 19 59 43 27 18 18 35 21 27
60 35 27 18 18 22 22 46 27 20 47 47 44 62 63 44
7 26 63 50 43 50 38 59 38 36 38 37 22 22 22 46
44 28 12 62 35 37 59 62 12 62 38 39 37 55 22 12
36 12 12 28 55 6 12 42 45 34 34 59 34 34 62 37
62 58 34 50 3 37 52 51 20 14 3 50 52 21 52 21
52 43 52 52 3 37 3 39 21 50 31 3 4 3 28 28
28 28 15 14 55 20 20 31 4 43 20 14 43 51 47 47
15 15 39 4 36 58 55 4 51 51 55 55 2 15 51 39
54 58 58 39 58 39 26 4 4 2 54 31 29 31 26 26
6 26 29 31 6 6 36 31 6 23 15 44 53 6 36 36
14 53 53 54 53 53 53 44 54 29 44 63 29 29 29 42
46 42 46 42 46 42 42 61 54 23 10 14 45 47 45 10
47 45 45 63 63 13 61 63 61 61 61 61 23 5 23 5
