2 1 0 7 0 5 7 7 1 0 1 2 1 0 3 3
3 1 4 0 1 3 1 1 7 2 1 2 1 7 2 1
1 7 7 1 7 1 3 0 1 7 4 4 6 1 0 3
4 4 0 5 6 0 6 0 5 2 3 1 2 1 5 0
0 3 3 3 7 1 3 3 1 4 7 4 0 5 1 7
0 6 0 5 1 4 5 6 5 7 6 2 5 5 0 4
5 3 4 1 5 3 0 6 3 3 5 3 3 3 0 3
3 6 6 4 3 7 2 5 6 6 2 6 5 2 4 2
0 5 2 2 4 4 2 4 4 4 7 2 1 5 2 0
2 2 5 2 0 5 0 0 0 5 0 0 5 0 0 4
0 0 5 2 4 5 6 6 2 7 4 7 6 6 6 5
5 5 6 5 5 5 1 2 7 3 1 5 7 6 5 7
4 6 6 7 2 5 2 2 7 4 4 5 7 7 2 2
2 7 4 2 7 2 6 6 7 2 6 7 2 6 2 6
6 6 6 1 7 1 1 6 6 6 2 6 3 2 7 7
6 7 6 7 6 7 5 7 3 4 7 3 5 4 5 4
58 55 22 31 34 29 53 31 3 54 45 4 45 34 37 37
37 13 38 44 3 47 13 45 31 4 3 58 3 11 58 35
35 11 11 3 31 35 47 34 3 43 18 60 52 35 54 27
60 60 22 19 10 34 10 12 19 58 5 35 14 23 19 12
12 27 47 47 21 23 47 47 23 18 21 18 22 7 35 43
44 30 12 51 23 18 19 62 19 21 20 58 29 29 44 18
29 59 18 23 29 27 44 42 59 27 19 59 27 59 44 59
59 30 30 50 27 31 26 51 30 30 26 30 29 26 60 26
44 61 14 26 50 50 26 50 50 50 31 58 55 61 36 54
36 14 61 36 22 61 54 54 12 51 34 34 39 12 22 60
22 54 39 4 60 39 20 20 4 53 28 53 20 20 20 39
39 39 10 51 51 51 23 4 53 37 55 7 21 10 61 21
38 42 10 21 46 7 36 46 43 38 38 61 43 53 46 14
14 11 38 14 53 46 10 62 11 4 52 63 46 52 36 52
52 42 52 55 11 55 55 62 62 62 46 42 37 36 63 43
62 43 42 63 42 63 7 63 15 28 63 37 7 38 7 28
