5 2 6 0 1 4 6 4 6 0 5 7 0 2 5 6
2 6 5 6 5 1 3 3 0 7 4 5 7 5 7 2
3 7 5 2 6 2 2 2 2 7 7 5 3 3 6 1
5 2 1 4 0 7 7 7 4 6 4 6 3 2 7 5
3 6 6 0 0 0 1 2 5 4 4 7 4 1 4 2
2 4 4 3 7 2 2 1 4 7 7 2 2 1 1 1
7 1 7 7 7 3 1 1 1 3 1 3 3 5 2 7
2 0 6 6 6 1 6 5 5 5 4 2 4 5 4 4
6 6 7 6 6 6 6 7 5 7 2 2 1 2 1 1
2 7 0 0 0 1 5 4 6 4 1 4 4 7 3 2
4 6 6 6 1 1 1 1 1 4 2 5 5 0 5 5
7 7 7 5 3 0 0 3 0 3 4 3 3 4 4 4
6 4 4 5 7 4 0 0 4 0 0 4 0 7 3 3
3 1 5 1 1 7 1 3 1 1 5 6 6 6 0 5
6 0 7 5 2 5 6 5 5 4 6 3 6 6 2 1
2 3 3 3 4 5 4 5 5 7 3 3 3 3 1 3
91 44 92 42 87 33 79 64 27 3 65 80 81 44 91 53
44 40 8 53 21 69 63 19 68 67 64 8 93 8 67 75
19 41 65 31 53 88 88 31 31 28 28 65 63 63 66 56
65 5 69 77 42 41 28 28 90 79 64 79 45 44 15 39
6 53 53 29 29 29 30 57 8 90 33 93 33 30 51 31
88 51 51 32 67 18 18 87 51 67 67 18 31 56 56 56
54 56 54 54 54 6 69 43 43 32 43 32 63 21 57 80
44 42 40 40 40 43 40 39 39 8 51 18 64 39 33 33
66 66 15 66 79 79 66 54 52 15 75 75 17 75 17 17
75 41 42 42 29 30 52 90 9 90 43 7 7 41 19 18
7 9 9 9 4 4 4 4 4 20 88 78 78 29 78 65
41 28 93 39 76 68 3 76 3 76 77 76 76 77 7 7
9 77 77 78 80 90 3 3 20 55 55 20 55 15 32 32
63 30 52 17 17 15 87 89 87 87 52 92 92 92 55 52
92 55 80 91 57 91 27 91 78 64 27 45 27 27 57 69
57 45 45 45 20 21 20 21 21 80 89 89 89 89 30 6
