5 2 6 0 1 4 6 4 0 0 2 5 5 6 7 2
5 5 5 7 0 0 3 2 2 2 4 0 7 4 6 2
5 6 5 0 2 4 6 5 5 7 6 4 6 6 6 6
1 5 0 0 6 3 7 3 2 0 2 2 1 2 0 3
1 1 1 3 2 2 4 3 3 2 3 3 2 4 2 4
2 2 0 1 7 1 7 6 7 2 0 0 4 5 5 5
4 1 3 1 5 0 1 5 5 4 7 2 3 4 7 0
0 6 2 5 5 5 6 6 7 7 2 2 6 0 7 7
5 7 7 6 7 6 7 7 0 5 4 0 0 3 5 5
0 5 2 4 1 3 6 5 5 5 3 3 3 1 5 0
5 0 0 7 3 7 7 7 4 3 1 4 3 3 4 4
6 7 3 0 0 3 0 4 7 7 7 6 4 4 2 7
7 0 7 1 7 4 1 1 4 0 7 1 1 3 1 0
6 0 0 6 2 3 5 7 7 3 3 3 3 7 3 3
0 4 4 0 1 1 3 1 6 6 6 3 4 1 3 3
6 4 4 4 5 5 6 6 6 3 1 1 1 4 2 2
91 44 92 42 87 33 79 64 3 81 44 8 78 53 67 75
8 65 8 28 16 16 45 88 88 88 64 16 93 64 53 31
65 27 65 42 31 77 66 65 65 28 9 33 79 79 79 27
43 91 29 29 66 32 28 32 18 29 44 44 17 44 29 45
43 43 30 32 5 5 20 19 32 75 19 32 5 20 5 33
31 31 29 56 67 56 15 79 80 31 42 42 64 8 39 39
64 43 6 43 52 42 69 52 52 33 67 75 63 51 54 16
16 53 57 8 52 39 40 40 41 54 75 75 40 81 54 54
52 54 41 40 41 40 41 41 81 78 7 81 81 89 78 78
3 78 57 20 17 6 92 91 91 91 89 89 6 17 21 68
21 68 68 15 6 15 15 15 7 45 30 77 76 45 77 77
92 28 89 3 3 89 3 90 80 80 93 92 7 7 88 93
93 68 93 87 80 90 4 4 90 68 80 4 4 63 4 55
53 55 55 53 5 63 21 67 67 45 19 19 19 28 6 63
55 51 20 55 69 69 63 69 27 27 27 76 33 69 76 76
92 77 20 51 21 21 66 66 66 76 17 56 17 51 18 18
