5 2 6 0 1 4 6 4 0 0 5 5 6 0 7 2
5 5 2 7 3 1 3 3 2 2 5 7 5 5 5 2
2 2 5 4 3 3 2 6 6 7 7 6 5 1 4 7
1 5 7 5 4 3 3 7 3 3 3 6 6 5 6 6
5 5 5 6 6 7 6 0 2 0 0 0 0 5 1 0
0 0 4 1 1 4 6 6 1 1 1 7 7 0 0 0
7 2 7 2 2 2 1 1 1 4 4 5 5 5 7 0
5 6 1 1 0 1 1 0 3 1 1 1 6 3 3 1
2 7 3 3 3 3 3 7 7 7 3 7 3 7 3 7
0 2 3 3 0 3 3 3 2 2 2 3 3 6 6 3
6 6 7 5 2 7 5 7 7 4 7 4 0 5 4 4
0 4 0 0 2 0 3 5 5 3 5 7 2 2 1 5
1 6 4 6 5 5 6 6 6 4 3 4 0 3 1 1
0 4 7 5 5 5 5 6 1 6 4 1 6 6 6 1
4 1 1 4 1 1 1 0 0 0 0 0 7 4 7 4
4 4 4 4 6 2 2 6 2 4 2 2 0 4 2 1
91 44 92 42 87 33 79 64 3 81 8 78 53 16 67 75
8 65 88 93 19 69 6 6 75 5 65 41 8 8 65 75
75 75 8 20 6 6 18 27 27 41 41 40 78 43 64 41
43 65 41 65 77 45 89 28 89 89 89 79 79 91 79 79
91 91 91 66 66 93 66 42 88 3 3 3 3 39 17 16
16 16 33 17 30 33 27 27 56 56 56 80 80 42 42 42
28 5 28 5 5 5 69 17 17 33 33 78 78 21 67 29
78 66 69 69 29 43 30 29 6 43 30 69 27 76 76 43
44 28 45 45 45 32 45 54 54 54 32 54 76 54 32 28
16 57 32 32 29 63 63 63 44 44 44 63 63 40 40 89
40 40 15 52 57 15 52 15 15 20 15 20 68 21 64 64
68 64 68 68 57 68 76 21 21 76 21 67 57 57 17 52
4 92 20 53 52 52 53 92 66 51 19 20 81 19 30 30
29 90 80 39 39 39 39 9 4 9 77 56 9 9 9 4
77 4 4 77 87 87 87 55 55 55 55 55 67 77 67 7
7 7 7 7 53 31 31 53 31 51 31 31 81 51 18 56
