5 2 6 0 1 4 6 4 0 7 0 3 3 2 0 2
5 5 6 7 2 5 6 3 7 2 1 1 1 2 5 7
7 7 7 7 6 7 1 1 1 6 1 1 7 0 0 0
7 7 7 7 6 4 2 2 2 2 2 5 5 0 6 6
6 6 4 5 1 1 1 1 3 0 2 0 0 7 4 4
6 4 0 6 1 4 4 3 3 3 2 4 2 2 5 4
0 1 0 4 7 7 1 1 7 4 4 4 1 3 1 1
5 5 1 5 1 6 0 4 0 5 6 4 0 7 7 1
5 7 5 5 5 6 6 6 6 6 5 1 7 7 3 7
4 0 1 0 0 3 3 2 2 2 2 0 2 1 5 6
5 6 5 5 1 7 0 0 1 4 5 5 0 4 4 5
5 0 4 3 3 3 1 1 3 3 3 3 3 3 3 3
3 3 3 5 3 5 3 3 3 3 3 3 3 3 6 6
6 6 7 2 4 3 7 4 2 7 2 2 7 7 0 7
4 2 4 4 6 5 2 1 1 1 4 4 7 7 1 2
2 5 4 7 2 2 4 2 4 4 4 0 6 6 6 0
91 44 92 42 87 33 79 64 3 80 81 63 63 44 68 75
8 78 53 67 75 91 53 19 28 88 4 4 4 5 65 54
54 54 54 54 40 28 30 30 30 27 43 30 15 16 16 16
93 93 28 41 66 51 18 18 44 44 57 39 52 42 66 66
66 66 64 52 43 43 43 43 76 29 5 29 3 80 7 51
53 51 55 92 69 33 33 32 32 32 75 20 75 75 78 20
16 17 16 90 15 15 69 17 28 33 7 77 69 32 17 17
91 91 17 91 4 9 55 33 68 8 9 51 68 67 67 87
52 67 65 65 65 92 27 27 27 27 78 56 15 15 32 28
20 29 30 55 29 19 19 18 31 18 18 29 44 87 21 53
21 53 21 21 87 67 42 42 87 64 39 39 55 64 64 39
39 55 20 19 19 6 69 69 6 45 45 45 45 45 63 63
6 6 6 78 63 78 89 89 89 89 76 76 76 76 79 79
79 79 80 57 77 89 93 77 57 41 57 57 41 41 42 41
90 31 51 77 40 52 31 56 56 56 90 77 80 80 56 5
5 52 90 93 31 31 7 5 90 7 7 68 40 40 40 68
