5 2 6 0 1 4 6 4 0 7 0 3 2 0 1 0
5 7 7 0 2 2 0 0 2 4 7 3 7 5 0 6
0 3 2 3 3 7 1 4 1 3 3 3 2 5 3 6
6 2 2 7 2 1 6 7 7 5 5 4 2 2 1 1
1 5 2 2 2 4 1 5 6 5 5 7 4 4 5 4
5 3 2 3 0 5 2 2 0 0 0 0 0 3 7 7
3 3 7 5 6 0 7 6 0 6 6 7 4 7 4 4
4 1 1 2 2 5 5 5 4 5 7 1 1 1 1 1
7 1 6 3 0 3 0 6 3 3 4 3 4 6 6 6
7 4 4 4 6 4 0 2 3 0 2 7 7 0 5 4
5 1 1 1 0 0 1 6 0 2 5 2 6 3 5 5
3 7 6 6 5 5 6 6 6 7 6 5 3 2 2 6
5 6 5 5 5 5 3 1 0 3 3 2 2 3 1 7
1 7 7 3 3 1 7 3 1 1 7 1 0 1 0 2
1 6 7 2 0 2 2 7 6 4 4 2 7 4 5 3
6 5 6 0 4 5 3 0 0 0 2 7 4 4 4 3
91 44 92 42 87 33 79 64 3 80 81 63 5 68 30 16
8 28 28 16 18 31 16 16 31 33 15 19 28 8 16 66
68 32 18 32 32 28 17 20 69 19 89 89 18 91 19 27
66 88 88 15 88 87 92 15 67 8 8 20 75 75 69 69
69 52 75 75 75 77 69 52 92 65 65 15 51 51 65 51
65 32 31 32 29 21 31 31 29 29 42 42 42 89 41 41
89 89 93 21 79 29 41 40 29 40 40 93 90 93 90 90
90 87 4 88 88 91 91 91 90 8 93 4 4 4 4 87
93 87 9 6 55 6 55 9 6 6 7 6 33 9 9 9
15 51 33 7 53 51 55 18 45 55 18 80 80 55 21 33
21 17 17 17 68 68 17 53 68 44 21 44 53 19 39 39
19 28 53 53 39 39 92 66 92 67 27 39 45 5 5 27
78 27 78 78 78 78 76 43 3 76 76 44 44 45 30 54
30 54 54 45 45 30 54 63 43 30 54 43 81 43 81 57
43 27 67 57 81 57 57 67 40 20 20 57 67 20 52 63
66 52 40 81 64 52 63 3 3 3 5 41 64 64 64 63
