5 2 6 0 1 4 6 4 0 0 3 3 0 2 7 2
6 7 5 5 2 6 6 3 2 6 7 7 2 4 5 6
1 6 5 6 6 3 7 6 7 7 0 5 0 6 7 6
6 5 7 0 7 7 6 6 2 7 1 6 2 2 5 7
5 5 0 4 2 0 3 6 2 4 2 2 4 0 7 2
4 2 3 2 7 4 2 2 4 3 2 2 3 0 2 0
0 0 4 2 0 4 1 3 3 7 5 5 7 5 0 1
5 6 1 0 5 1 4 5 0 5 4 1 4 3 4 0
5 5 6 3 6 6 5 4 5 5 5 7 5 3 3 5
3 3 3 3 3 6 0 6 6 4 1 3 3 4 4 4
4 1 0 3 7 4 2 1 7 7 4 4 4 4 7 0
4 0 0 0 3 3 1 3 3 3 0 6 1 6 0 0
7 2 0 7 7 4 2 4 4 6 6 6 6 1 7 1
7 4 5 1 6 6 2 1 3 3 1 2 1 1 2 1
1 2 3 4 6 1 1 7 6 4 7 4 7 7 7 2
2 7 2 7 4 5 5 0 5 1 5 0 7 1 2 1
91 44 92 42 87 33 79 64 3 81 63 63 68 75 54 75
53 54 8 78 75 53 92 6 75 92 54 54 75 77 65 27
43 66 65 40 40 45 41 40 41 93 16 65 55 79 28 66
66 65 28 29 28 80 53 53 5 80 17 53 88 5 52 41
91 91 55 7 88 29 89 9 88 33 31 31 64 16 54 44
90 5 89 57 67 33 5 31 64 63 44 31 63 16 31 29
16 29 20 18 29 20 69 32 32 15 21 21 15 21 42 17
21 27 17 42 52 43 64 52 42 8 64 69 33 45 33 42
52 78 79 6 79 92 78 20 52 78 78 93 91 89 32 91
32 89 32 89 63 27 16 27 27 77 43 76 6 20 77 77
77 43 68 76 80 20 44 69 28 28 51 51 51 51 93 55
51 68 55 55 6 6 69 76 76 76 81 92 30 79 81 81
15 57 81 80 80 90 57 90 90 9 9 9 9 17 15 17
15 90 21 30 66 66 18 69 45 45 30 5 56 56 18 56
43 44 45 7 40 30 30 67 40 7 41 7 67 41 67 57
57 67 18 93 7 39 39 68 39 87 39 68 93 87 18 87
