5 3 0 4 0 0 1 5 2 0 3 5 5 7 1 4
7 0 1 6 0 6 0 4 1 1 7 7 6 2 2 6
4 0 0 2 4 1 7 5 6 7 2 1 7 5 4 2
7 7 4 0 7 3 2 2 1 4 6 1 7 6 4 5
5 5 5 5 7 5 7 5 5 7 7 4 1 7 7 5
2 7 7 5 2 7 1 4 1 4 0 0 0 3 4 2
5 4 4 0 5 0 0 0 0 4 4 5 1 4 4 7
4 4 5 4 1 0 5 3 7 7 5 2 7 1 7 7
1 7 4 1 1 2 1 1 2 2 2 2 2 2 2 6
6 6 6 3 7 2 3 7 2 5 2 3 6 3 7 0
2 5 2 2 0 0 2 0 0 2 5 4 2 2 3 3
3 3 3 3 3 3 3 1 3 4 4 6 4 6 3 3
6 6 6 0 0 3 0 4 4 4 2 3 5 3 1 3
1 5 5 6 7 6 6 1 6 7 3 7 0 0 6 6
0 6 2 6 3 0 0 2 0 0 3 0 3 3 0 7
4 1 1 4 4 5 1 1 5 2 2 5 2 1 1 5
29 59 2 38 2 2 23 7 46 54 5 29 19 43 55 50
21 22 13 20 22 20 22 28 23 23 31 31 10 26 36 20
18 54 54 26 60 35 43 61 62 43 36 35 43 51 50 26
53 53 50 44 53 15 46 46 23 50 62 13 53 42 28 19
39 51 51 51 21 19 21 19 39 21 21 18 13 63 63 51
26 63 63 51 14 21 23 18 13 18 54 54 54 5 60 36
29 60 18 44 29 44 44 44 44 38 38 19 23 38 50 53
38 38 29 50 35 12 19 15 11 11 29 46 11 45 11 11
45 11 18 45 45 58 45 45 58 58 58 58 4 58 4 62
62 62 62 27 53 4 59 31 4 7 26 5 30 59 63 12
14 7 4 4 12 12 14 12 12 14 61 60 46 46 59 59
47 15 47 47 47 47 15 3 15 60 28 30 28 30 27 27
30 30 30 2 2 59 2 60 28 28 26 27 7 27 35 27
35 7 7 20 31 42 20 35 20 31 47 31 22 22 42 42
34 42 14 42 15 22 34 14 34 34 5 34 5 5 34 63
6 13 13 6 6 39 55 3 39 36 36 39 36 3 55 61
