5 3 0 4 0 0 1 5 2 1 7 6 6 5 5 4
2 3 5 5 5 2 2 2 1 2 4 7 6 1 1 4
5 5 3 5 0 4 6 5 1 7 3 5 1 5 0 3
1 0 3 6 5 4 1 6 1 2 5 2 5 5 2 4
0 2 0 5 2 0 7 7 7 7 7 0 0 4 4 2
0 5 4 4 5 4 5 6 5 4 4 5 3 4 0 0
4 5 5 4 4 5 5 6 4 0 0 0 2 4 2 0
0 2 6 6 1 4 3 4 6 4 3 1 6 1 1 7
7 7 1 7 7 6 6 6 6 6 4 1 6 6 6 6
1 6 1 1 1 6 4 2 4 7 2 7 7 0 7 0
2 1 1 0 2 0 2 0 2 0 0 0 2 3 3 0
7 3 3 3 7 7 3 2 7 2 5 5 5 5 7 6
7 7 2 4 4 7 6 4 6 4 6 7 6 6 4 3
6 3 3 3 3 3 5 5 5 2 5 7 5 3 3 7
0 3 3 7 6 0 2 7 0 7 7 6 6 6 6 2
6 4 4 4 4 4 1 1 1 1 7 3 1 1 7 7
29 59 2 38 2 2 23 7 46 45 63 42 42 61 19 28
58 5 29 7 51 26 26 26 55 46 50 21 30 3 55 6
51 51 27 51 2 60 30 51 3 43 27 51 3 39 2 27
3 2 27 42 7 6 3 30 23 46 7 46 7 7 46 28
12 26 12 61 26 12 21 21 21 21 21 22 22 60 60 46
44 19 60 60 19 6 19 62 19 18 60 19 59 18 22 22
18 61 61 28 6 61 61 42 6 12 12 12 14 6 26 54
54 58 30 30 3 28 27 28 30 28 27 23 20 45 45 43
43 43 13 43 43 20 20 42 42 10 18 45 10 10 10 10
13 10 23 23 23 20 18 58 18 63 58 11 11 44 11 44
14 45 45 54 14 44 14 54 14 44 54 44 14 15 15 54
11 15 15 15 11 11 15 4 53 58 29 29 29 29 53 20
53 53 58 50 50 53 62 50 62 50 52 53 62 62 50 47
62 47 47 47 47 47 39 39 39 4 39 31 39 59 59 31
34 59 59 31 52 22 4 31 22 31 31 52 52 52 52 4
20 38 38 38 38 38 35 35 35 35 63 37 35 35 63 63
