5 3 0 4 0 0 1 5 2 1 1 0 1 1 5 4
4 5 4 4 5 5 5 5 0 7 4 6 7 6 6 7
5 2 7 7 4 6 7 5 2 7 5 6 6 5 6 5
5 4 5 6 6 2 5 2 7 5 5 5 5 6 2 5
0 2 0 0 2 0 0 0 2 2 5 6 6 6 6 7
2 7 7 6 6 6 1 6 6 6 6 5 2 5 6 2
7 6 2 1 5 0 6 0 5 0 0 5 5 0 2 2
4 0 6 7 1 4 5 1 4 4 1 1 7 3 2 3
1 1 1 3 1 7 7 1 3 3 1 2 1 3 3 0
0 4 3 3 0 4 3 2 3 3 7 3 3 3 3 1
0 0 4 0 1 2 3 3 3 7 0 7 1 2 1 0
1 2 4 4 0 0 4 1 6 2 4 4 2 4 3 3
2 6 6 6 6 2 3 2 3 0 0 7 7 4 7 7
7 7 4 7 7 7 4 7 4 3 4 4 7 5 7 7
4 0 7 1 3 7 0 1 1 1 6 1 6 2 1 6
1 1 3 3 0 3 3 4 7 6 7 3 5 5 5 4
29 59 2 38 2 2 23 7 46 3 45 2 45 45 19 18
18 19 18 18 19 19 61 7 44 21 60 42 21 42 62 21
61 46 21 21 60 62 21 61 46 43 61 42 52 39 42 51
61 60 29 42 42 46 51 46 43 51 51 51 51 62 46 29
12 26 12 12 26 12 12 12 26 36 61 20 52 52 52 43
26 43 43 20 20 20 23 62 52 20 20 39 26 29 52 26
43 62 36 23 29 34 62 34 29 34 34 19 19 34 14 36
28 34 30 63 3 28 7 35 28 28 35 55 11 47 14 47
35 35 35 15 55 11 63 55 59 15 55 58 55 47 47 54
54 28 15 27 22 28 59 58 59 47 11 27 59 59 47 55
22 54 50 54 35 58 15 15 15 53 54 53 23 14 23 54
13 58 18 50 22 22 18 3 30 58 50 50 14 50 27 27
58 30 30 30 30 14 27 14 27 22 22 53 63 6 63 63
63 11 50 11 31 31 6 53 6 5 6 6 11 39 53 31
6 44 53 13 5 31 2 13 13 23 10 13 10 36 45 10
45 13 5 5 2 5 5 60 31 10 31 37 7 7 7 60
