5 5 5 1 5 5 2 2 7 5 5 1 1 3 4 6
6 4 4 4 2 3 3 7 5 3 4 6 4 4 4 4
4 5 0 6 6 6 6 7 0 2 6 2 2 1 5 3
0 1 1 0 5 0 3 0 7 7 0 1 2 0 2 2
0 0 0 0 7 5 2 5 5 5 6 6 0 5 5 6
6 7 4 7 7 6 1 6 0 7 6 2 2 4 0 0
7 7 5 1 6 6 6 7 6 5 5 5 5 5 1 5
5 2 5 5 5 5 5 6 2 6 7 1 6 2 6 7
1 1 4 1 6 4 7 1 4 2 7 1 2 2 6 7
2 7 7 2 0 2 2 0 1 6 2 6 7 7 7 7
7 4 4 2 2 4 4 7 7 7 7 7 6 6 5 5
5 0 0 3 3 3 3 1 3 0 3 1 1 1 1 5
0 3 3 3 3 3 3 3 3 1 3 0 0 4 3 2
2 3 0 2 2 2 2 4 3 4 1 6 0 5 6 6
4 6 1 1 1 1 0 0 5 7 6 3 3 4 4 4
4 4 0 4 4 4 3 4 0 2 0 3 0 4 4 0
39 39 39 35 19 7 36 58 63 61 29 55 35 47 28 20
52 60 18 18 46 5 27 43 61 47 60 42 50 28 28 50
28 19 54 42 42 62 30 21 22 58 62 26 26 35 39 27
22 35 35 12 39 34 59 12 43 43 12 35 46 54 46 46
54 54 54 54 43 51 46 51 51 51 52 52 22 51 51 52
52 11 18 21 21 52 23 62 22 21 20 58 4 18 22 22
11 21 61 23 20 20 20 21 20 61 19 19 19 19 45 61
61 58 29 29 29 29 29 42 58 30 63 23 42 26 30 43
23 23 18 23 42 60 63 3 18 58 63 45 4 26 10 63
46 43 63 26 44 4 4 44 45 10 26 62 11 11 11 53
11 50 50 4 4 50 50 53 53 53 53 53 62 62 7 7
7 2 34 37 5 5 5 3 5 2 5 3 3 3 3 7
34 59 59 15 15 59 15 59 15 13 15 34 34 6 59 14
14 37 12 14 14 14 14 60 15 60 13 10 34 39 10 10
60 10 55 55 55 55 12 12 7 31 30 37 37 38 38 38
38 38 44 38 6 6 37 6 44 36 44 37 44 6 6 2
