5 3 0 4 0 0 1 5 2 1 1 0 1 2 5 7
2 7 4 2 2 7 7 7 7 7 1 5 5 5 5 5
4 3 3 5 4 5 7 5 0 7 2 7 7 0 0 0
0 4 4 0 3 2 6 7 3 3 6 6 2 5 5 3
5 3 5 6 4 4 6 6 0 0 1 4 0 4 2 0
6 2 3 2 3 3 3 6 3 3 0 3 3 1 0 6
6 6 3 3 3 3 4 6 6 0 0 0 6 4 1 2
5 4 5 5 5 3 3 5 5 3 3 7 7 0 1 3
1 3 1 7 7 0 7 0 0 0 0 7 1 2 2 7
2 5 5 5 7 5 5 2 4 4 2 4 4 5 0 2
0 2 0 6 4 2 2 2 5 5 5 6 5 2 1 2
0 1 1 1 6 1 1 1 2 2 1 5 5 2 2 6
2 2 1 2 1 5 2 2 2 5 2 2 5 6 6 1
0 6 6 6 6 4 4 4 4 6 3 1 1 3 1 3
4 1 3 4 4 4 6 6 0 1 6 0 3 0 3 6
3 6 6 4 4 1 1 1 6 6 7 1 7 1 1 1
29 59 2 38 2 2 23 7 46 3 45 2 45 14 19 21
14 21 18 58 46 43 43 43 43 43 45 61 61 61 61 61
18 27 27 7 60 7 21 61 12 43 58 11 11 44 54 44
44 38 38 44 47 46 10 63 47 47 52 52 14 19 19 15
19 15 19 42 18 18 42 42 22 22 55 18 22 18 26 34
42 4 5 36 15 5 27 62 27 59 2 27 27 55 44 52
52 52 5 5 5 5 60 42 52 34 44 34 20 28 45 58
39 38 39 39 39 37 37 39 39 47 37 63 63 2 45 47
35 47 35 63 21 12 63 12 12 12 12 21 35 26 36 63
36 29 51 19 21 51 51 26 28 28 26 28 28 51 22 26
22 58 22 10 28 58 58 26 51 51 29 10 29 46 23 46
54 35 55 35 20 35 23 3 46 4 55 29 29 4 4 20
4 36 55 4 55 7 36 36 14 7 14 14 7 30 30 45
54 42 30 30 30 60 60 60 60 30 59 3 3 59 3 59
6 3 59 6 6 6 62 62 54 23 10 54 37 54 37 62
37 62 62 38 38 13 23 23 10 10 53 13 53 13 13 13
