5 3 0 4 0 0 1 5 2 2 0 1 3 6 1 7
3 3 2 3 4 0 3 3 4 0 0 4 2 1 2 0
2 4 3 2 1 4 2 4 5 7 2 5 7 1 2 5
5 5 0 5 5 5 0 2 7 6 2 6 7 6 2 7
0 6 6 0 7 5 2 2 0 1 0 5 0 0 0 4
0 7 4 3 1 5 1 7 5 4 0 3 3 3 3 7
7 2 1 1 3 2 2 2 4 2 5 5 7 2 1 7
0 0 0 0 0 0 7 2 0 1 4 1 0 1 2 0
2 1 4 7 1 7 7 2 4 4 7 2 6 4 4 4
4 5 5 5 7 5 7 7 4 5 7 7 6 5 7 7
5 5 5 5 7 6 7 5 5 0 5 5 6 6 6 4
6 6 6 1 6 6 1 1 6 6 1 1 6 6 6 6
3 1 6 6 1 3 3 3 3 3 2 2 3 1 1 1
1 3 6 3 3 3 3 0 3 3 0 3 3 2 1 2
0 6 7 6 4 6 6 4 4 4 4 4 4 7 4 7
4 4 4 7 6 6 1 6 7 6 6 3 6 1 7 0
29 59 2 38 2 2 23 7 46 26 54 55 5 52 3 63
5 5 4 5 60 34 5 5 6 2 2 6 4 35 4 2
4 6 27 4 3 6 4 6 7 43 58 7 11 35 36 51
51 51 22 51 51 51 22 46 43 52 46 52 53 52 46 11
12 52 52 22 21 19 46 46 22 45 54 19 22 22 44 18
44 11 18 15 23 19 23 53 19 18 44 15 15 15 15 21
21 14 45 23 15 14 14 14 18 14 19 19 21 58 45 21
54 54 54 54 12 12 21 14 12 23 6 23 12 45 58 12
58 45 18 11 45 11 11 58 18 50 53 58 42 50 50 50
50 29 61 29 63 61 53 31 50 29 53 63 62 29 63 53
29 7 7 7 63 42 63 61 61 44 61 61 62 62 62 38
62 62 10 13 20 20 13 3 20 20 55 13 10 10 10 20
47 13 10 10 13 59 47 47 47 47 26 26 27 35 35 35
35 27 20 27 27 27 59 44 47 59 44 59 59 26 13 26
34 42 43 42 60 42 42 60 28 28 28 28 60 43 28 43
60 28 60 43 30 30 55 30 31 30 30 37 30 55 31 34
