5 3 0 4 0 0 1 5 2 1 7 6 5 5 4 5
0 5 5 7 2 3 5 3 5 5 7 3 3 3 3 3
5 3 0 5 5 7 7 0 6 4 0 0 6 0 7 0
5 0 0 7 2 5 1 2 2 0 2 0 0 0 2 0
2 0 4 2 4 7 5 0 5 0 4 4 4 4 4 7
6 7 7 7 3 3 3 6 6 6 3 3 5 5 5 7
5 5 7 6 0 2 2 2 4 2 5 5 2 2 5 5
2 2 1 7 2 5 5 1 1 1 1 5 2 0 5 2
1 5 4 5 3 3 7 4 4 6 4 1 3 6 6 7
6 6 6 6 1 4 3 0 1 1 0 1 3 3 4 4
4 0 6 1 4 2 6 2 6 7 1 3 4 4 4 6
0 6 1 4 0 6 6 6 6 2 1 6 6 2 7 6
5 5 7 1 1 6 6 2 7 7 2 2 7 7 4 7
7 7 7 0 7 6 7 7 7 1 7 7 7 2 0 6
0 3 7 0 1 3 6 2 2 6 0 6 6 6 3 3
1 3 1 1 1 3 1 1 0 4 5 4 4 4 4 3
29 59 2 38 2 2 23 7 46 45 63 42 19 61 28 61
54 51 39 63 46 5 39 27 61 51 63 5 5 5 15 5
39 5 22 39 61 21 21 34 62 18 34 34 52 34 21 22
61 2 2 43 58 61 3 46 46 44 46 44 44 34 46 44
4 34 38 4 38 43 39 44 29 44 60 60 60 60 60 43
42 43 43 43 59 59 59 62 42 42 59 59 29 29 51 21
29 51 21 62 22 14 14 4 60 14 19 19 14 14 51 51
14 58 45 63 4 7 7 3 3 3 3 7 4 2 29 4
3 7 18 7 37 37 63 6 18 10 18 45 37 30 10 63
30 62 62 62 45 50 37 54 45 45 54 23 37 37 6 6
18 54 30 23 18 58 30 58 30 53 23 47 50 50 50 52
54 52 55 50 54 42 52 42 30 58 55 52 10 58 11 10
19 19 11 23 23 10 10 26 11 11 26 26 53 53 50 53
53 11 53 22 31 52 31 31 11 55 31 31 31 26 12 20
22 27 21 22 35 15 20 26 26 20 12 20 20 20 15 15
55 15 35 35 35 15 35 35 12 28 39 6 38 38 38 47
