5 3 0 4 0 0 1 5 2 1 7 6 5 5 4 5
5 3 5 7 4 0 2 2 4 4 7 6 4 0 0 1
2 5 0 0 6 1 1 0 6 6 0 6 6 0 6 6
5 4 0 5 5 0 1 2 1 2 2 3 3 5 3 0
0 6 7 7 7 7 2 3 4 7 7 6 5 5 5 5
0 4 5 1 1 1 1 1 1 3 3 4 3 0 0 5
5 2 0 2 5 2 4 6 5 3 5 5 5 5 6 7
6 6 6 0 3 2 0 0 1 2 0 5 6 7 5 7
7 7 7 3 3 3 4 3 4 4 4 1 7 7 4 2
2 2 3 2 0 6 7 7 4 6 2 4 4 3 6 3
6 3 3 4 4 4 7 3 3 7 3 6 6 7 6 6
7 0 3 1 3 0 0 0 0 0 6 6 4 1 3 3
3 2 4 4 4 3 2 4 4 2 2 2 2 2 2 2
4 5 0 3 5 2 2 1 2 1 5 3 7 2 2 2
7 2 2 1 7 0 6 0 1 7 7 7 1 1 1 6
5 1 6 5 6 6 6 6 1 6 5 5 7 1 5 5
29 59 2 38 2 2 23 7 46 45 63 42 19 61 28 39
61 5 39 63 6 54 46 46 18 28 63 20 18 22 34 45
58 29 44 44 62 23 23 34 62 52 34 52 52 34 52 52
7 60 2 7 7 54 23 46 23 46 46 47 47 51 47 12
12 42 21 21 21 21 36 59 60 21 21 52 51 51 51 51
44 28 29 3 3 3 3 3 3 37 37 6 37 34 2 29
29 4 2 4 29 4 38 30 19 27 19 19 19 19 62 53
62 30 30 54 27 14 54 54 23 14 54 39 20 43 39 43
43 43 43 37 37 37 38 5 38 38 18 45 53 53 38 14
14 14 15 14 22 42 53 53 50 42 26 50 50 59 42 15
42 15 15 18 18 18 53 15 15 63 5 20 20 63 20 20
63 12 5 13 5 12 12 22 12 22 62 62 60 13 47 47
47 36 60 50 50 59 36 50 60 36 26 26 4 4 4 36
60 39 34 59 51 58 36 13 58 13 39 59 43 26 26 26
11 58 58 13 11 22 30 22 55 31 31 31 55 55 55 30
7 13 10 7 30 10 10 10 55 10 61 61 11 55 61 61
