5 3 0 4 0 0 1 5 2 6 1 6 2 5 1 4
1 4 2 1 1 0 5 5 4 5 5 5 2 1 3 5
4 0 3 5 5 1 5 5 1 7 2 5 5 1 5 3
4 4 5 5 4 5 5 4 3 6 3 4 3 6 6 6
6 4 0 6 7 0 2 3 5 4 5 4 0 4 1 6
2 4 7 5 7 2 2 6 2 7 2 5 3 4 3 2
2 3 7 6 5 7 6 6 5 5 4 3 5 6 6 3
3 4 5 6 6 5 6 2 2 3 3 5 4 1 1 7
3 7 1 3 1 6 7 5 0 4 3 1 0 5 4 0
2 7 5 0 7 5 5 2 0 0 6 3 7 7 2 2
6 3 1 3 3 3 3 7 4 7 4 4 4 4 4 4
0 7 1 1 0 1 4 1 4 1 1 6 4 4 1 0
1 6 6 7 0 7 2 7 0 0 0 0 0 0 0 3
2 1 1 2 3 1 7 7 3 3 1 7 1 7 7 7
0 7 2 7 3 2 2 7 2 2 6 2 6 6 7 6
6 2 6 3 2 7 2 0 3 2 3 2 2 2 7 2
29 59 2 38 2 2 23 7 46 42 45 42 26 61 3 6
3 6 4 35 3 2 7 51 60 19 19 19 58 35 27 61
18 12 27 61 61 35 61 51 35 43 58 51 51 35 51 27
60 60 29 19 60 19 19 60 27 30 27 60 27 30 30 30
30 18 2 30 21 2 46 59 39 18 61 18 22 18 35 62
26 28 21 51 21 46 46 62 46 21 46 39 37 18 59 26
26 59 21 62 39 21 62 42 29 39 38 59 29 62 62 37
59 38 29 42 42 29 42 26 26 37 37 39 38 45 45 43
37 43 45 37 45 52 63 39 44 50 47 45 12 7 38 12
36 43 7 12 63 7 7 58 12 12 52 5 43 43 36 36
52 47 55 47 47 47 47 63 38 53 28 50 50 50 50 50
54 31 55 55 54 55 28 3 28 55 55 52 28 28 3 54
3 52 52 31 54 31 36 31 44 44 54 44 44 44 54 5
14 23 23 14 5 23 53 53 5 5 23 31 23 53 53 31
34 53 14 63 5 58 4 63 58 14 10 14 10 10 63 10
10 14 10 15 58 11 4 34 15 36 15 4 36 4 11 4
