5 5 5 1 5 5 2 2 7 5 5 1 1 3 3 0
0 1 6 4 3 3 6 1 4 4 4 4 1 4 5 5
5 4 3 4 6 4 7 5 6 2 2 4 2 2 2 5
3 2 2 3 3 6 6 2 7 6 6 6 2 0 0 0
3 3 0 0 0 3 4 1 6 6 3 3 2 0 2 0
5 3 1 4 4 4 1 6 4 4 3 1 1 1 3 1
3 3 1 1 1 1 6 6 6 2 6 5 5 6 3 6
7 6 2 4 3 7 1 1 3 1 7 0 4 4 5 5
7 3 0 0 3 0 3 7 3 4 4 1 4 0 4 4
7 7 3 3 4 4 4 7 4 4 4 4 4 4 4 4
4 4 4 4 4 4 4 4 4 4 0 4 4 4 4 4
0 4 1 4 4 4 4 1 4 4 1 4 6 4 4 4
4 4 4 4 4 3 4 4 4 4 6 6 6 6 4 4
0 1 1 4 4 4 4 1 4 6 6 6 4 6 6 6
6 4 4 6 6 4 6 3 4 4 4 6 4 4 4 6
6 4 0 6 4 4 6 4 4 3 6 6 4 3 4 6
39 39 39 35 19 7 36 58 63 61 29 55 35 47 47 34
34 3 62 18 5 5 62 55 6 6 6 6 23 38 7 51
51 60 27 28 42 28 21 29 30 46 58 60 58 26 26 51
59 4 26 37 37 30 10 14 43 10 10 10 14 2 2 2
37 37 2 2 2 37 28 45 10 10 5 5 58 22 4 34
19 37 45 60 60 18 23 62 18 18 59 55 55 55 59 55
59 59 35 35 35 35 30 42 42 46 42 29 29 30 59 30
31 30 46 38 27 31 45 45 27 45 63 34 60 38 29 19
31 59 2 2 59 2 59 31 59 50 50 45 50 44 60 50
31 31 5 27 50 50 50 31 50 50 50 50 50 50 50 50
50 50 50 50 50 50 50 50 50 50 54 50 50 50 50 50
54 50 55 50 50 50 50 3 50 50 55 50 52 50 50 50
50 50 50 50 50 59 50 50 50 50 52 52 52 52 50 50
54 55 55 50 50 50 50 55 50 52 52 52 50 52 52 52
52 50 50 52 52 50 52 59 50 50 60 52 50 50 50 52
52 50 44 52 60 50 52 60 60 59 52 52 60 59 50 52
