5 5 5 1 5 5 2 2 7 5 5 1 1 3 3 0
0 1 6 4 3 3 3 4 4 3 3 6 7 7 7 4
7 7 0 2 0 2 7 4 7 7 7 7 7 7 5 5
5 4 0 6 3 0 0 6 3 6 3 6 0 6 4 4
3 3 4 7 2 5 3 4 6 6 6 5 6 5 6 6
5 4 7 4 5 4 7 7 7 7 0 4 4 5 3 2
2 3 0 3 4 3 3 0 3 2 0 5 4 0 4 4
1 4 5 4 1 0 4 1 4 5 2 5 4 4 4 7
6 6 6 6 6 6 6 6 6 6 4 6 6 5 6 5
6 6 6 3 6 6 6 4 5 5 6 6 6 6 6 4
6 5 6 4 4 6 6 6 6 4 5 4 6 6 4 5
6 6 0 6 6 4 4 6 5 5 4 6 6 6 6 4
5 6 6 4 6 3 5 5 6 5 6 5 4 5 4 5
5 4 4 6 5 6 4 4 4 5 5 5 5 5 6 6
6 3 4 5 4 5 6 3 5 5 6 5 4 4 5 5
5 5 5 5 4 6 5 5 4 6 6 5 6 5 6 6
39 39 39 35 19 7 36 58 63 61 29 55 35 47 47 34
34 3 62 18 5 5 5 6 6 47 47 42 11 11 63 28
63 63 54 4 2 46 31 6 43 43 43 43 11 43 61 51
39 28 22 62 27 22 22 62 27 62 27 62 22 62 28 28
27 27 60 31 26 19 27 60 30 30 30 19 30 19 30 30
19 28 31 60 19 28 31 31 31 21 2 60 60 29 59 26
26 59 2 59 60 59 59 2 59 26 34 29 18 34 18 18
35 38 29 50 35 2 18 35 18 39 26 39 38 38 38 21
30 30 30 30 30 30 30 30 30 30 18 30 30 19 30 19
30 30 30 27 30 30 30 60 19 19 30 30 30 30 30 60
30 19 30 60 60 30 30 30 30 60 19 60 30 30 28 19
30 30 34 30 30 60 28 30 19 19 28 30 30 30 30 60
19 30 30 60 30 59 19 19 30 19 30 19 60 19 60 19
19 60 60 30 19 30 60 60 60 19 19 19 19 19 30 30
30 27 60 19 60 19 30 59 19 19 30 19 60 60 19 19
19 19 19 19 60 30 19 19 60 30 30 19 30 19 30 30
