5 5 5 1 5 5 2 2 7 5 5 1 1 3 3 0
0 1 6 4 6 6 2 1 4 4 6 7 7 7 7 2
7 2 3 2 2 5 3 4 2 2 3 4 6 5 6 6
5 4 0 4 6 7 7 7 7 1 5 4 6 6 6 5
6 5 7 7 6 7 6 7 6 4 2 2 2 6 2 6
0 7 7 2 3 7 4 2 2 7 0 2 7 2 0 0
7 2 0 2 3 2 3 3 3 0 2 3 2 3 2 7
7 1 0 0 1 1 3 5 3 3 3 0 0 4 0 0
1 1 1 3 7 7 3 7 3 4 3 3 7 7 3 7
3 7 7 7 7 7 3 7 3 3 7 3 6 3 3 3
0 3 4 3 4 3 7 7 4 3 7 3 3 7 4 4
3 6 3 7 7 4 3 3 6 4 4 4 7 7 7 7
3 0 0 7 4 3 6 4 7 4 0 1 7 7 1 3
1 4 4 0 7 4 7 1 0 0 0 0 0 7 7 0
0 3 3 0 1 0 3 3 7 7 3 7 4 7 4 4
3 4 7 7 7 3 3 7 7 4 3 7 6 7 4 3
39 39 39 35 19 7 36 58 63 61 29 55 35 47 47 34
34 3 62 18 62 42 26 55 6 28 62 63 53 53 53 26
53 46 15 46 46 19 47 50 4 4 27 60 52 39 42 42
39 28 34 38 30 31 31 31 31 35 19 6 62 62 62 51
30 51 63 63 42 63 42 63 42 28 26 26 26 30 26 30
44 43 43 46 47 43 28 58 46 43 44 58 43 46 54 12
43 14 12 14 59 14 59 59 59 34 14 59 14 59 14 53
53 35 54 12 35 35 27 51 27 47 27 34 22 38 22 12
35 35 35 59 21 21 59 21 59 50 47 59 21 21 47 21
47 21 21 21 21 21 59 21 59 47 21 5 62 47 27 47
22 47 28 47 28 47 21 21 50 27 21 47 47 21 28 60
47 30 47 21 21 60 27 59 30 60 28 50 21 21 21 21
47 22 22 21 50 59 62 50 21 50 22 35 21 21 35 47
35 60 60 22 21 50 21 35 22 22 22 22 22 21 21 22
22 27 47 22 35 22 47 59 21 21 47 21 50 21 50 28
47 50 21 21 21 59 47 21 21 28 47 21 30 21 50 47
