5 3 0 4 0 0 1 5 2 5 4 6 2 5 3 2
6 2 2 7 1 4 6 2 5 4 7 2 4 4 2 0
2 0 2 4 0 5 7 4 2 4 2 2 6 0 5 2
5 1 5 6 7 2 0 2 3 0 3 1 2 3 3 3
3 6 7 7 7 7 4 3 7 3 4 4 6 4 5 6
4 6 4 6 5 5 6 6 6 6 0 5 3 3 3 0
2 3 6 2 5 2 1 5 5 5 5 5 5 0 5 5
5 5 6 5 1 2 5 7 2 7 7 2 5 7 5 2
5 5 5 5 5 5 2 5 5 5 5 2 5 5 5 5
5 7 5 5 7 5 5 5 5 5 5 6 5 5 5 5
5 5 5 5 5 5 5 5 5 5 5 4 5 5 5 5
5 5 5 5 5 5 5 1 5 5 1 5 7 5 5 5
5 5 5 5 5 5 5 5 5 5 5 5 5 7 5 5
5 5 7 5 5 5 5 5 5 6 5 7 7 7 7 6
5 5 7 5 5 5 5 5 7 7 5 7 2 7 5 5
5 2 7 5 7 7 7 7 4 5 5 2 5 2 1 2
29 59 2 38 2 2 23 7 46 61 60 42 26 61 5 26
42 4 4 63 55 6 30 46 61 28 21 46 28 28 58 12
14 12 14 28 12 29 21 28 14 28 14 26 52 12 29 26
61 35 29 42 21 46 12 46 27 12 27 35 14 27 27 27
27 52 43 43 43 43 38 5 31 5 60 60 62 60 61 62
60 30 60 62 19 61 62 62 42 62 2 39 59 59 59 34
26 59 42 26 7 46 35 51 51 51 19 19 19 34 51 19
51 51 30 7 35 58 19 21 58 21 63 58 29 21 29 58
51 51 51 61 19 19 26 51 51 51 51 58 19 51 51 19
51 21 51 19 21 51 19 51 51 51 51 20 51 51 51 51
51 51 51 51 51 51 51 51 51 51 19 60 51 51 51 51
51 19 51 51 51 51 51 3 19 19 55 51 21 51 51 19
19 19 51 51 51 51 19 51 51 51 51 51 51 21 51 51
51 51 21 51 51 51 51 51 51 20 51 21 21 21 21 20
51 51 21 19 51 19 51 51 21 21 51 21 58 21 51 19
51 58 21 19 21 21 21 21 18 51 51 58 51 58 23 58
