5 3 0 4 0 0 1 5 2 0 1 6 2 3 2 3
7 3 1 7 5 4 5 3 3 3 5 5 1 4 4 7
5 5 3 7 4 4 7 5 5 5 5 5 5 5 5 5
5 2 6 6 5 5 5 2 5 6 6 1 6 7 2 2
0 6 6 4 7 5 2 7 2 2 3 3 2 5 2 7
2 7 0 2 1 5 6 6 6 6 1 5 2 2 3 3
7 7 0 6 7 3 3 6 3 7 0 5 0 6 6 0
5 2 6 5 1 6 6 6 3 7 7 5 5 3 6 7
3 5 5 5 1 6 1 3 1 5 3 3 1 5 3 0
2 6 6 0 7 6 6 5 5 5 2 6 5 3 7 2
3 6 3 3 3 6 3 7 6 3 1 3 5 3 3 2
0 5 0 6 4 5 6 6 6 3 5 5 5 3 5 7
7 6 6 2 6 1 6 2 7 3 6 7 7 3 2 3
3 6 4 6 5 5 5 5 5 5 2 2 2 2 5 2
0 6 7 6 6 5 6 5 5 7 2 6 5 7 6 7
3 5 2 2 6 5 3 6 6 5 6 6 5 2 2 5
29 59 2 38 2 2 23 7 46 54 45 42 26 5 36 5
11 5 13 63 29 6 29 37 37 37 51 51 55 60 60 21
19 19 27 21 60 60 21 61 7 39 19 51 51 39 39 51
61 36 20 42 51 29 29 46 19 30 52 35 42 21 46 46
12 42 42 60 21 29 46 43 26 36 47 47 58 7 26 43
26 43 12 36 35 61 52 62 52 52 35 39 36 36 59 47
43 21 12 62 43 47 47 42 47 43 12 39 12 52 62 12
39 46 52 61 35 20 62 62 59 63 63 61 61 59 62 63
47 61 61 61 35 52 35 47 35 51 47 47 35 19 47 12
36 52 52 12 21 52 52 51 51 51 26 20 51 37 21 46
37 42 37 37 37 42 37 21 42 37 45 37 29 37 37 46
54 29 34 42 60 51 42 42 42 37 29 29 29 37 61 43
43 42 42 46 42 45 42 46 43 47 52 43 43 47 46 47
47 42 60 52 51 51 51 51 51 29 46 46 46 26 29 26
34 42 43 42 52 19 42 51 29 21 46 42 39 43 42 43
47 29 46 46 42 29 47 42 62 51 52 52 51 46 46 61
