5 3 0 4 0 0 1 5 2 0 1 6 3 3 4 2
3 5 4 5 5 3 3 3 4 4 5 4 6 1 1 5
5 6 5 2 2 1 1 4 7 2 2 2 1 7 7 5
5 0 0 6 3 5 7 7 7 0 3 0 0 3 7 5
3 4 0 0 0 5 2 2 2 6 7 5 2 7 5 5
2 7 1 5 1 2 1 3 6 7 0 1 6 3 5 5
5 1 7 6 1 3 1 1 1 1 3 5 3 2 2 7
7 2 7 7 1 2 7 1 3 3 7 1 7 7 5 7
5 5 5 5 5 5 5 5 5 5 4 1 2 5 5 1
5 7 5 1 7 2 2 5 4 7 5 3 5 5 7 7
2 5 2 1 2 2 2 7 5 5 5 7 1 2 5 5
5 5 5 5 5 5 5 1 1 5 1 5 7 5 5 5
5 5 5 5 5 5 2 5 5 1 5 2 5 5 2 5
5 5 1 5 5 5 5 5 5 2 2 7 1 5 5 1
5 5 2 7 5 1 2 5 7 7 6 2 5 2 4 2
5 2 2 7 1 2 2 2 4 5 2 2 2 2 1 2
29 59 2 38 2 2 23 7 46 54 45 42 27 27 28 58
27 19 60 61 19 27 27 27 6 28 19 6 30 35 35 61
39 30 29 26 26 35 23 38 53 58 58 58 3 43 53 61
61 44 44 62 59 61 63 63 63 44 5 54 44 59 63 61
59 50 54 54 54 29 4 4 4 30 21 29 4 11 51 51
4 11 23 51 23 4 23 5 10 21 2 23 10 5 51 51
51 55 21 10 55 5 3 3 3 3 5 29 5 26 26 53
53 26 53 53 55 26 11 55 59 59 11 55 11 21 29 21
51 51 51 51 51 51 51 51 51 51 18 3 4 51 51 23
51 21 51 23 21 4 4 51 18 63 51 5 51 51 21 21
4 51 4 3 4 4 4 21 51 51 51 21 23 4 51 51
51 51 51 51 51 51 51 3 23 51 55 51 21 51 51 51
51 51 51 51 51 51 4 51 51 23 51 4 51 51 4 51
51 51 23 51 51 51 51 51 51 4 4 63 23 51 29 23
51 51 14 11 51 23 4 51 21 21 10 14 51 4 18 4
51 4 4 63 23 14 4 14 18 51 4 4 4 4 23 4
