5 3 0 4 0 0 1 5 2 6 1 6 2 5 1 4
1 4 2 1 1 0 5 5 4 5 5 5 2 1 3 5
4 0 3 5 5 1 5 5 1 7 2 5 5 1 5 3
4 4 5 5 4 5 5 4 3 6 3 4 3 6 6 6
6 4 0 6 7 0 2 3 5 4 5 4 0 4 1 6
2 4 7 5 7 2 2 6 2 7 2 5 3 4 3 2
2 3 7 6 5 7 6 6 5 5 4 3 5 6 6 3
3 4 5 6 6 5 6 2 2 3 3 5 4 1 1 7
4 5 4 5 5 4 4 6 6 6 4 6 5 5 5 5
5 5 6 3 6 5 5 5 5 5 3 3 6 5 3 3
4 5 6 3 3 6 3 6 6 3 1 4 3 3 1 6
6 6 3 7 7 4 3 1 6 4 4 6 7 6 7 7
6 6 6 7 6 3 6 4 6 6 6 4 7 5 4 6
1 4 4 6 7 4 6 1 4 6 7 7 6 6 7 7
6 3 4 7 4 7 6 3 7 7 7 7 4 7 4 7
3 4 6 4 6 6 6 6 7 6 6 7 6 7 7 5
29 59 2 38 2 2 23 7 46 42 45 42 26 61 3 6
3 6 4 35 3 2 7 51 60 19 19 19 58 35 27 61
18 12 27 61 61 35 61 51 35 43 58 51 51 35 51 27
60 60 29 19 60 19 19 60 27 30 27 60 27 30 30 30
30 18 2 30 21 2 46 59 39 18 61 18 22 18 35 62
26 28 21 51 21 46 46 62 46 21 46 39 37 18 59 26
26 59 21 62 39 21 62 42 29 39 38 59 29 62 62 37
59 38 29 42 42 29 42 26 26 37 37 39 38 45 45 43
60 61 60 61 19 60 60 30 30 30 18 30 19 19 19 19
19 19 30 27 30 19 19 19 19 19 27 27 30 19 27 27
18 19 30 27 27 30 27 30 30 27 35 60 27 27 35 62
30 30 27 21 21 60 27 3 30 60 28 30 21 30 21 21
30 30 30 21 30 59 30 50 30 30 30 18 43 19 28 30
35 60 60 30 31 50 30 35 18 30 31 31 30 30 31 31
30 27 60 31 60 31 30 59 21 21 31 31 60 43 18 43
47 60 30 18 30 30 30 30 31 30 30 31 30 31 31 29
