2 2 0 7 7 4 2 6 3 1 2 7 7 6 6 5
0 7 5 5 2 0 2 5 4 0 3 0 6 1 2 6
4 1 0 2 0 4 5 4 6 1 5 5 4 3 5 3
7 6 5 7 7 5 7 2 3 4 0 5 7 6 2 0
3 2 7 4 7 5 3 5 3 1 1 1 5 5 1 3
0 4 0 6 1 4 1 6 6 7 0 2 2 3 3 2
7 3 7 1 1 4 4 7 4 6 7 3 5 0 6 5
4 2 6 4 2 7 5 5 0 4 5 1 5 5 5 5
0 7 6 6 6 1 4 2 1 3 2 5 3 2 2 2
2 6 6 4 4 4 4 4 5 7 0 0 5 3 5 4
2 7 7 7 7 6 3 1 2 3 2 6 6 0 3 0
3 3 3 3 6 5 4 1 0 0 1 1 1 1 1 0
2 1 1 2 4 1 3 4 6 4 6 2 3 3 4 1
0 5 1 1 3 2 6 6 7 6 3 7 1 5 5 5
4 4 5 5 3 2 0 2 0 5 2 2 7 7 7 7
6 2 6 0 1 6 0 1 0 7 0 7 2 7 0 0
58 26 22 63 43 18 46 42 27 3 58 31 63 52 52 61
54 53 51 51 26 2 26 19 18 34 5 22 42 23 4 10
18 23 22 4 2 60 7 28 62 23 7 7 18 47 61 27
63 62 29 63 53 61 63 46 27 18 22 61 53 62 46 22
59 26 63 60 21 51 27 51 27 35 35 35 51 51 35 27
44 28 12 30 35 28 35 20 30 21 2 58 26 59 59 26
21 59 21 23 55 28 28 21 60 30 21 59 19 34 30 19
60 58 30 50 58 31 19 19 22 60 29 23 29 29 29 19
44 31 30 42 42 23 60 58 55 5 36 61 37 36 36 36
36 20 62 18 38 38 38 38 7 43 34 34 29 37 7 28
46 31 31 31 43 42 37 3 4 37 36 62 62 34 47 54
47 47 47 47 20 7 50 3 12 2 55 3 3 3 55 34
4 55 55 4 50 45 5 50 52 50 52 4 37 37 50 45
54 39 45 45 5 46 52 52 11 20 59 43 13 39 39 39
38 38 39 39 5 14 2 14 2 61 46 14 53 53 53 43
20 14 20 54 45 42 54 45 54 11 12 43 14 11 44 44
