0 0 0 1 0 0 1 1 0 1 1 1 0 0 0 1
0 1 1 0 1 1 1 0 1 0 0 1 0 1 1 1
1 1 1 0 0 1 0 1 1 1 1 0 1 0 1 0
0 1 0 0 1 0 1 0 0 0 0 0 0 0 0 0
0 0 1 1 0 1 1 0 0 0 1 0 1 0 0 0
1 0 1 0 0 0 0 0 0 0 0 1 1 0 0 0
0 1 1 0 0 1 1 1 0 1 0 0 0 0 1 0
1 0 1 1 0 1 0 0 1 0 0 1 0 0 1 1
0 0 1 0 0 1 0 0 1 1 1 0 0 0 0 1
0 0 0 1 1 0 0 1 1 1 1 1 0 0 0 0
1 1 1 0 1 0 0 0 0 0 1 0 0 1 1 1
0 1 0 1 1 0 1 0 1 0 1 1 0 1 0 1
1 1 1 1 0 1 0 0 0 0 1 1 0 1 1 1
1 1 1 1 1 0 0 1 0 1 1 1 1 0 0 0
0 0 0 0 1 0 0 0 0 1 1 1 0 0 0 0
1 0 1 1 0 0 1 0 1 0 0 0 0 1 0 0
17 57 45 10 51 51 36 36 25 54 12 40 25 25 41 22
11 26 12 43 26 26 26 11 42 11 11 26 11 46 54 18
18 54 54 11 43 18 55 46 46 46 8 9 52 35 54 23
23 12 3 23 46 35 58 57 57 35 57 35 49 39 49 49
45 45 48 8 39 48 50 39 39 45 12 39 12 39 51 51
44 45 12 51 51 21 45 35 25 21 35 58 26 43 43 49
43 14 50 43 55 40 14 42 3 40 49 21 5 57 18 5
18 25 18 50 3 8 7 57 22 49 3 8 41 5 22 8
51 51 18 51 51 8 51 51 18 8 18 45 35 45 45 12
35 35 45 12 22 45 45 26 18 12 26 40 39 49 49 35
22 26 50 49 50 35 49 49 35 53 26 47 49 26 50 26
47 52 47 50 52 39 52 3 52 47 52 52 39 40 39 50
40 22 58 50 39 58 47 39 43 47 22 44 43 58 58 40
54 22 58 22 58 41 7 44 41 44 44 44 44 41 21 23
21 23 21 21 54 23 21 57 21 14 48 40 37 43 53 43
48 43 48 48 57 57 48 57 18 57 57 37 53 48 43 41
