0 0 0 1 0 0 1 1 1 1 0 0 0 1 0 1
1 0 0 0 0 0 1 0 1 1 0 0 0 0 1 0
1 1 1 0 0 1 0 1 0 0 1 1 1 1 1 1
0 1 1 0 1 1 1 1 0 1 1 1 1 1 1 1
1 1 1 1 1 1 1 1 0 0 0 1 0 0 0 0
1 0 0 1 0 1 1 1 1 0 1 1 1 1 1 0
0 0 1 1 1 1 1 1 0 1 1 0 0 0 0 0
0 0 0 1 0 0 1 0 1 1 1 1 1 0 0 1
1 1 0 0 0 0 1 1 1 1 1 1 1 1 1 1
0 1 1 1 0 1 0 1 1 1 1 1 0 1 1 1
0 1 1 0 0 0 0 0 0 0 0 0 0 0 0 0
0 0 0 0 0 0 1 0 0 0 0 1 1 1 1 1
1 1 1 0 0 1 1 1 1 1 0 1 1 1 0 1
1 0 0 1 0 1 0 0 1 0 0 1 1 1 1 0
0 0 0 1 1 1 1 1 1 1 1 1 1 0 1 0
0 1 1 1 1 1 1 0 0 0 0 1 1 0 0 0
17 57 45 10 51 51 36 36 36 46 25 25 25 14 21 26
40 19 55 55 47 41 12 11 4 4 57 21 45 35 42 37
14 26 56 37 7 56 5 10 49 23 10 10 10 4 12 42
5 42 40 41 42 36 36 8 7 8 8 4 12 12 46 36
12 10 12 8 50 50 50 38 41 45 5 44 45 7 35 57
44 57 57 44 23 56 56 56 56 13 22 58 14 22 22 17
7 21 48 6 48 48 48 48 39 48 54 39 3 39 39 45
13 7 7 22 43 45 4 51 14 14 14 20 4 49 13 52
52 48 15 15 49 49 52 6 52 6 6 10 10 44 50 50
43 48 52 48 43 52 43 58 52 14 14 14 43 14 44 36
3 20 20 3 37 3 37 19 19 37 19 37 3 37 37 19
3 3 35 57 57 57 36 57 19 57 57 24 24 26 26 26
26 26 26 51 5 56 24 56 24 56 39 24 24 56 35 40
56 53 53 22 53 50 53 53 56 53 49 46 46 4 36 35
35 35 35 36 36 36 4 46 4 4 46 4 4 21 38 21
17 44 44 44 44 58 58 49 49 45 45 58 58 49 23 45
