0 0 0 1 0 0 1 1 1 1 0 1 0 0 1 0
0 0 1 0 0 1 1 1 1 1 0 1 0 0 1 1
0 0 1 1 0 0 1 1 0 0 1 1 1 1 1 0
1 1 0 1 0 1 1 1 1 1 1 0 0 0 1 0
1 1 1 1 0 1 1 1 1 1 0 1 1 1 1 1
0 1 1 0 0 0 0 0 1 1 1 1 1 0 0 0
0 1 0 0 1 0 1 0 1 1 1 0 0 0 1 0
1 0 0 1 0 1 0 0 1 0 0 0 0 0 0 1
1 1 0 1 0 1 1 1 1 1 0 1 0 1 1 1
1 1 1 1 0 0 1 0 1 1 1 1 1 0 0 0
0 1 1 1 0 1 1 1 0 1 1 1 1 1 1 1
1 1 0 0 1 1 0 1 1 1 1 1 0 0 0 0
0 0 0 1 1 1 1 1 1 1 0 0 0 0 0 0
0 0 0 0 0 1 1 0 0 1 0 0 0 1 0 1
0 0 1 0 0 0 0 1 1 0 1 1 1 1 0 0
0 1 1 1 0 0 0 0 1 0 0 0 1 0 0 1
17 57 45 10 51 51 36 36 36 46 25 4 25 21 26 41
55 55 14 19 55 14 14 24 14 26 37 26 11 51 4 10
25 11 22 4 11 49 36 36 49 23 58 10 58 8 4 53
24 20 25 4 9 22 4 22 54 54 54 53 53 53 16 19
24 14 14 40 43 40 40 6 22 24 19 10 22 10 16 12
9 12 26 21 21 57 57 57 52 52 52 54 20 5 21 21
11 54 11 23 18 11 8 23 18 18 54 23 9 41 24 13
58 43 43 40 43 40 39 39 58 39 39 39 39 21 9 8
8 14 13 8 25 14 26 8 8 48 35 8 37 26 44 44
44 44 44 44 23 23 48 23 12 14 14 14 14 51 23 23
23 18 16 18 13 18 18 18 51 48 18 52 52 48 52 52
52 52 53 21 58 38 41 48 12 58 48 58 37 37 3 57
19 3 3 10 8 16 16 16 16 12 57 57 57 57 57 47
47 55 55 55 53 46 20 53 11 20 49 11 11 20 53 20
43 37 20 5 5 19 5 54 54 35 54 54 54 54 53 19
47 24 46 46 35 13 55 19 12 51 35 13 26 55 7 24
