0 0 0 1 0 0 1 1 0 1 1 0 0 1 1 0
0 0 1 0 0 0 1 1 1 0 0 1 1 0 0 1
1 0 1 1 1 0 0 0 0 0 0 1 1 0 1 0
0 1 1 1 0 0 0 0 1 0 0 0 0 0 1 1
1 1 1 1 0 0 0 0 1 0 0 0 1 0 1 1
1 0 0 0 0 1 0 0 1 1 0 1 1 0 1 0
0 0 1 0 0 0 0 0 0 0 0 1 1 1 0 1
0 1 1 1 1 0 0 0 1 0 1 1 1 1 1 0
0 0 0 0 0 0 0 0 1 1 1 1 1 1 1 1
1 1 0 0 0 0 0 0 0 0 0 0 0 0 1 1
1 0 1 0 1 0 1 0 0 0 0 0 0 1 0 0
1 0 0 0 1 0 1 1 1 0 0 0 0 0 0 1
0 1 0 0 0 0 0 0 0 1 1 1 0 0 0 0
1 0 1 1 0 0 1 0 0 0 0 1 1 0 0 0
0 0 1 1 1 0 0 0 0 1 1 1 0 0 0 1
0 1 1 1 1 0 0 1 1 1 1 0 0 1 1 0
17 57 45 10 51 51 36 36 25 54 12 25 25 18 18 21
49 51 8 51 3 17 42 42 42 3 3 42 48 37 55 48
48 55 48 48 48 41 55 37 49 43 55 56 52 37 20 51
3 20 20 40 3 3 35 57 20 35 55 35 35 21 44 44
44 44 44 44 21 51 49 53 26 45 21 21 26 41 26 50
26 45 45 21 35 26 41 53 52 52 35 58 50 53 52 53
25 57 56 57 53 57 53 25 57 25 37 56 56 50 45 56
55 50 56 50 50 37 11 37 20 45 20 36 14 14 14 43
45 45 45 45 45 45 35 55 20 50 20 4 4 20 22 14
36 20 5 21 21 21 51 21 7 51 51 5 21 51 36 36
22 51 50 3 50 35 50 51 35 35 35 47 35 44 49 41
36 21 49 7 44 49 50 50 44 47 55 47 43 37 43 36
47 36 55 57 57 57 57 57 57 56 48 26 43 55 55 55
14 39 56 20 39 43 20 53 43 43 49 8 8 39 53 39
39 39 14 40 56 49 49 47 47 48 48 14 53 53 53 48
37 56 8 46 8 11 53 48 48 54 56 37 41 42 54 41
