0 0 0 1 0 0 1 1 1 1 1 0 1 0 0 1
1 1 0 0 1 1 1 1 1 1 1 0 0 0 1 1
1 1 1 1 0 1 0 1 0 1 1 1 1 1 1 0
0 1 0 0 1 1 0 0 0 1 0 1 1 1 1 0
1 1 1 1 1 1 1 1 1 1 1 1 0 0 0 1
1 1 1 1 1 1 1 1 1 0 0 0 0 0 0 0
0 0 0 0 0 0 0 0 0 1 1 0 1 0 1 1
1 1 0 1 1 1 1 1 1 1 1 1 1 1 1 1
0 1 1 0 0 0 0 0 0 1 0 1 1 1 0 1
1 1 1 1 0 1 0 0 0 0 1 0 0 1 0 0
0 0 0 0 0 0 0 0 0 1 1 0 0 1 0 0
0 1 0 1 1 0 1 1 0 0 0 0 1 0 1 0
0 1 0 0 0 0 0 0 1 1 1 1 0 1 1 0
0 0 0 0 0 1 1 1 0 1 1 1 1 1 0 1
1 1 0 1 1 0 1 0 0 0 1 0 1 0 1 0
0 1 1 0 0 0 0 0 0 0 0 0 0 0 0 0
17 57 45 10 51 51 36 36 36 36 36 35 18 43 5 42
54 42 43 15 46 40 12 40 22 42 54 25 49 37 8 8
8 40 24 10 35 14 25 6 49 14 6 52 52 52 52 3
23 52 23 23 18 52 23 23 23 20 45 42 42 58 14 49
14 14 42 22 50 50 24 24 48 48 48 48 51 51 51 38
38 38 38 38 18 38 8 18 18 21 57 21 57 53 53 53
49 49 21 21 53 49 45 51 57 58 58 13 46 9 16 16
18 58 41 48 48 16 16 16 16 50 22 22 44 20 20 50
57 10 20 39 41 21 21 13 13 10 57 14 56 56 55 54
54 20 58 58 41 56 15 15 15 15 26 15 43 56 45 47
37 17 9 43 17 17 17 17 11 56 36 11 11 56 11 11
11 50 55 50 40 45 40 40 41 35 55 5 22 35 44 45
55 22 55 55 35 35 53 53 44 44 44 44 43 20 46 25
25 25 25 41 19 24 26 10 3 4 26 26 26 26 3 4
6 10 41 6 54 19 4 7 19 19 46 13 46 43 54 19
47 4 46 5 13 13 19 3 9 3 5 37 9 3 7 7
