0 0 0 1 0 0 1 1 1 1 1 1 0 0 0 0
1 0 0 1 0 0 1 1 1 1 0 1 0 0 1 1
0 1 1 1 1 1 0 0 0 0 1 0 1 1 0 0
0 1 0 0 0 1 1 1 1 1 0 1 0 0 1 0
0 1 1 0 0 0 0 0 0 0 0 0 0 0 0 0
1 1 0 1 1 0 0 0 0 0 0 1 1 0 1 0
0 0 0 0 0 0 1 0 0 1 0 1 1 1 1 1
0 0 1 1 1 0 0 1 1 0 1 0 1 1 0 1
0 0 1 0 0 1 1 1 1 1 0 0 0 1 0 1
1 1 1 0 0 1 1 0 1 1 1 0 0 1 1 0
1 1 1 0 0 1 0 0 1 1 1 1 1 1 1 0
1 1 0 0 1 0 0 0 1 1 1 0 0 0 1 0
0 1 1 0 0 0 0 0 0 0 0 0 0 0 0 1
0 0 1 1 1 1 1 1 1 1 1 1 1 1 1 1
1 1 0 1 0 1 1 1 1 1 1 1 1 0 0 0
0 0 0 0 0 0 1 1 0 0 1 1 0 0 0 1
17 57 45 10 51 51 36 36 36 36 36 40 25 25 55 25
14 19 55 14 19 55 26 46 14 4 51 42 51 37 58 22
13 12 22 10 14 10 43 49 49 43 58 53 24 4 5 5
45 8 35 9 9 22 54 54 20 22 5 6 5 39 22 15
45 56 56 55 15 15 35 35 35 45 9 23 13 47 13 13
44 56 45 52 14 25 13 53 5 23 23 56 56 57 22 57
49 49 57 57 55 13 50 57 45 14 49 8 8 50 50 56
53 25 50 50 50 19 19 54 26 25 26 19 26 26 53 26
53 53 20 5 49 36 58 58 18 44 21 21 35 20 21 52
52 52 52 35 21 52 20 17 8 10 46 23 21 46 46 55
44 20 44 3 23 58 23 21 8 20 54 44 44 46 54 41
54 12 51 51 58 7 7 3 12 12 12 7 37 37 8 7
19 42 12 3 41 7 41 7 41 3 41 3 3 41 37 40
37 37 18 42 42 42 48 10 18 42 18 10 48 18 18 48
38 38 43 40 11 38 4 38 38 48 48 48 38 43 17 17
17 17 15 15 15 11 6 6 9 11 6 6 9 11 11 6
