0 5 3 3 7 3 5 7 3 3 7 1 0 3 4 0
6 3 0 0 3 6 5 3 2 2 2 2 2 5 2 5
5 5 1 1 6 6 5 5 6 7 6 5 4 6 2 0
0 0 4 5 4 5 4 3 3 3 3 1 4 3 4 6
4 6 7 3 5 5 3 6 6 6 3 6 2 4 6 7
5 4 5 7 7 6 4 4 6 7 4 6 4 5 5 4
2 4 6 5 3 3 5 3 3 2 7 7 7 0 6 7
1 1 3 3 1 6 4 2 3 4 2 2 2 2 5 2
3 3 6 6 5 5 6 6 5 5 5 6 6 5 6 5
6 6 6 5 6 5 5 6 5 5 5 5 6 6 6 4
6 5 6 5 4 6 6 6 6 5 5 4 6 6 4 5
6 6 3 6 6 4 4 1 5 5 4 6 4 6 3 6
4 4 6 6 6 4 5 5 6 5 6 5 4 5 4 5
5 4 4 6 5 6 4 4 4 5 5 5 5 5 6 6
6 3 4 5 4 5 6 3 5 5 6 5 4 5 5 5
5 5 5 5 5 6 6 5 4 6 4 5 6 5 6 5
34 7 15 59 63 5 39 43 37 37 43 55 34 47 38 44
42 59 44 44 47 42 61 59 36 36 36 36 36 39 36 61
61 19 23 23 62 62 29 29 62 43 62 29 60 62 46 22
22 22 38 39 60 39 38 37 27 37 37 35 6 37 6 10
6 10 63 5 19 19 27 10 10 10 5 10 58 60 62 63
29 28 29 63 21 30 60 28 30 21 28 30 28 29 19 28
26 28 30 19 27 27 19 27 27 26 21 21 21 34 30 21
35 35 59 59 35 30 60 26 59 60 26 58 26 26 39 58
27 27 30 30 19 19 30 30 19 19 19 30 30 19 30 19
30 30 30 19 30 19 19 30 19 19 19 19 30 30 30 60
30 19 30 19 60 30 30 30 30 19 19 60 30 30 28 19
30 30 27 30 30 28 28 3 19 19 28 30 28 30 27 30
28 28 30 30 30 28 19 19 30 19 30 19 28 19 28 19
19 60 60 30 19 30 60 60 60 19 19 19 19 19 30 30
30 27 60 19 60 19 30 59 19 19 30 19 60 19 19 19
19 19 19 19 19 30 30 19 18 30 18 19 30 19 30 61
