5 3 0 4 0 0 1 5 2 1 7 7 7 6 5 5
5 2 0 3 6 0 0 0 4 0 0 5 1 5 2 1
0 5 0 0 3 0 5 0 2 2 0 2 2 3 5 5
5 4 5 6 5 5 5 0 5 2 7 0 2 7 7 7
7 1 1 1 0 7 0 0 4 0 4 0 2 5 1 1
0 4 6 6 1 0 1 5 1 3 3 4 4 3 0 3
0 3 4 6 3 3 7 6 4 1 1 3 0 7 2 7
7 4 7 4 1 3 1 1 2 2 3 4 7 7 2 4
2 4 4 1 1 1 1 7 7 7 4 1 7 7 3 6
3 3 3 3 3 6 3 7 4 3 0 3 3 3 6 3
3 7 5 7 3 6 7 7 2 7 7 3 7 7 1 5
5 5 3 5 3 2 1 2 3 2 6 6 2 1 6 2
6 0 0 6 7 4 6 4 1 4 4 7 7 5 1 1
1 5 0 5 0 5 5 0 0 5 6 5 5 6 6 6
4 4 6 0 6 0 4 6 4 6 6 2 2 2 2 2
2 2 7 7 7 6 2 1 5 5 5 5 3 2 4 4
29 59 2 38 2 2 23 7 46 45 63 63 63 42 61 19
61 46 44 27 30 54 54 34 6 54 54 51 45 51 58 45
22 19 22 22 5 22 29 2 46 46 2 46 46 47 29 51
51 60 51 42 51 19 19 44 19 26 11 44 14 11 11 11
11 3 3 3 34 11 34 34 28 34 28 34 58 7 3 3
44 28 62 62 23 54 23 39 13 37 37 38 38 5 44 5
44 5 18 62 5 5 53 62 50 55 55 59 54 53 14 53
53 50 53 50 55 37 55 55 14 14 37 50 53 21 14 50
14 50 18 45 45 23 55 21 21 21 18 45 21 21 15 42
15 15 15 27 15 42 15 31 18 37 2 37 59 59 42 47
59 31 39 31 59 42 43 43 36 43 43 47 43 43 23 39
39 39 47 39 47 36 23 36 47 36 52 52 36 35 62 36
62 22 22 52 63 18 20 38 35 38 38 63 63 19 35 35
35 29 12 29 12 61 61 12 12 29 52 61 61 52 52 20
28 28 20 12 20 12 28 20 18 20 10 4 4 4 4 4
4 58 31 31 31 10 58 35 7 7 7 7 27 58 60 6
