5 3 0 4 0 0 1 5 2 1 1 6 2 2 3 2
0 2 2 3 3 3 1 2 0 4 0 6 2 4 6 4
4 5 3 7 0 7 7 5 1 7 1 1 1 5 1 1
1 0 7 7 7 7 6 0 7 0 0 0 4 5 0 6
3 3 3 3 3 3 6 3 6 6 3 6 7 7 7 7
7 7 7 5 7 3 3 2 4 7 0 2 0 4 0 0
7 4 7 1 5 5 5 5 4 5 7 7 5 5 5 7
5 2 5 5 5 5 5 5 2 5 5 5 6 7 0 5
5 5 4 5 5 0 7 0 6 5 4 5 5 5 0 5
5 6 5 5 7 6 6 5 4 5 5 6 5 5 7 7
0 5 6 5 5 5 6 7 5 5 5 7 6 7 7 5
5 5 6 5 6 5 5 1 5 5 1 5 7 5 5 6
5 5 5 5 7 5 5 5 5 1 0 2 5 5 5 5
5 5 6 0 5 5 6 6 6 6 2 0 5 6 5 6
5 5 5 6 5 5 6 5 7 7 5 6 2 5 4 5
5 5 6 6 6 5 5 7 4 5 5 5 5 5 6 5
29 59 2 38 2 2 23 7 46 45 45 42 26 26 5 46
34 46 26 5 5 5 35 26 22 28 22 20 26 28 62 28
28 29 47 21 12 21 21 29 45 43 45 45 3 39 3 3
3 2 43 43 43 43 52 44 43 22 2 22 6 19 2 20
37 37 37 37 37 37 10 37 10 10 5 10 21 21 21 21
21 21 21 51 21 5 5 58 18 21 2 58 22 18 22 22
21 18 21 23 51 51 51 51 18 51 21 21 51 51 51 21
51 58 51 51 51 51 19 51 58 51 51 19 20 21 22 19
51 51 18 61 19 22 21 22 20 51 18 19 19 19 22 19
51 20 51 19 21 20 20 51 18 19 51 20 51 19 21 21
22 19 20 19 51 19 20 21 51 51 19 21 20 21 21 19
51 19 20 51 20 51 51 3 19 51 55 51 21 51 51 20
51 51 51 51 21 19 19 51 29 23 22 26 51 51 51 51
51 51 20 22 51 51 20 20 20 20 58 22 51 20 29 20
51 51 51 20 51 19 30 51 21 21 51 20 58 51 18 51
51 51 20 20 20 51 51 21 18 51 51 51 51 51 20 51
