5 5 5 1 5 5 2 2 7 5 5 1 1 3 4 6
6 6 4 0 0 0 2 4 2 2 3 2 0 3 2 2
2 6 0 6 6 6 6 6 0 6 6 2 6 3 3 3
3 7 3 7 7 3 1 2 3 6 3 5 0 0 3 1
7 7 6 2 7 5 6 7 5 2 0 7 2 1 1 7
2 7 7 5 7 5 2 6 4 4 5 5 2 5 0 0
2 5 5 5 5 4 5 5 4 4 5 5 5 4 5 3
5 2 5 5 1 2 5 7 2 7 2 1 2 1 4 7
1 1 1 1 1 1 7 1 7 1 7 1 2 1 7 6
3 3 3 7 2 3 6 7 1 7 2 3 7 6 6 2
2 2 2 5 2 6 7 7 7 7 7 3 7 6 6 5
6 3 2 1 2 6 0 1 0 5 5 4 4 4 7 4
7 4 7 4 4 3 2 4 0 4 4 1 0 0 0 4
4 0 0 0 0 3 0 0 4 3 3 3 3 3 6 0
0 6 6 0 0 6 7 0 7 0 7 0 2 1 0 2
1 1 1 1 4 4 5 4 3 0 5 4 5 4 0 0
39 39 39 35 19 7 36 58 63 61 29 55 35 47 28 20
20 52 60 22 22 34 14 28 4 4 27 58 12 37 58 58
46 52 22 52 52 20 20 20 22 52 52 26 20 37 5 5
5 31 15 11 31 15 13 36 27 62 27 61 34 34 37 35
21 21 42 4 21 39 10 21 39 36 12 21 46 35 35 43
26 43 43 51 21 61 4 62 18 18 19 39 26 29 22 22
26 61 61 19 61 28 19 51 18 18 19 29 29 18 51 37
51 46 51 51 35 46 19 43 46 43 26 23 46 45 18 43
45 23 13 45 45 23 11 23 11 23 11 45 4 23 11 42
37 37 5 53 4 5 10 31 45 31 26 5 11 10 10 14
14 14 14 7 14 42 63 63 63 63 63 47 31 62 62 7
62 15 58 13 58 62 44 3 44 29 29 50 38 50 53 50
53 38 53 50 50 59 36 50 12 38 38 3 34 34 34 38
38 54 54 54 54 27 2 44 60 59 59 59 59 59 30 12
12 42 42 54 54 42 53 12 53 44 31 44 36 55 44 36
55 55 55 55 60 6 7 6 15 2 7 6 7 60 2 2
