5 3 0 4 0 0 1 5 2 1 1 6 7 2 0 0
0 5 5 7 2 3 5 5 7 7 3 7 0 3 3 4
4 7 3 7 7 7 7 7 0 7 3 6 7 5 0 5
0 5 5 5 5 5 5 5 5 5 4 4 5 5 5 5
0 7 0 0 7 5 7 0 0 0 7 7 0 0 5 5
7 1 0 5 1 2 1 2 0 7 2 2 7 7 0 0
7 0 7 1 0 0 7 7 7 5 7 7 1 1 5 7
0 2 3 7 3 7 5 5 0 3 7 1 5 3 0 7
5 5 0 5 0 0 7 0 3 5 4 2 2 0 0 0
2 0 0 3 0 0 5 2 4 0 5 1 5 5 7 7
0 5 0 2 0 0 7 7 5 5 7 7 1 7 0 5
0 7 0 7 0 5 1 0 5 5 1 5 7 5 5 7
2 0 0 7 7 0 5 0 7 0 0 2 5 7 2 0
2 0 1 0 5 5 1 1 0 0 5 0 1 5 7 1
5 5 7 0 5 5 7 3 7 7 2 0 0 7 4 0
5 1 2 2 0 7 7 7 4 5 5 0 5 5 1 5
29 59 2 38 2 2 23 7 46 45 45 42 63 46 12 54
54 51 51 63 58 37 7 7 21 21 5 21 22 5 27 38
38 11 27 11 11 11 11 11 54 31 47 62 11 51 54 51
54 51 29 51 51 51 51 51 51 51 60 60 51 51 51 51
12 21 22 22 21 51 21 22 22 22 21 21 22 22 51 51
21 23 22 51 23 58 23 58 22 21 58 58 21 21 22 22
21 22 21 23 22 22 21 21 21 61 21 21 23 23 51 21
22 58 59 21 59 21 19 51 22 59 63 23 61 59 22 21
61 61 22 61 22 22 63 22 59 51 18 58 4 22 22 22
46 22 22 27 22 22 51 58 18 22 51 23 51 51 21 21
22 51 22 4 22 22 21 21 51 51 21 21 23 21 22 51
22 21 22 21 22 51 23 22 19 19 55 51 21 51 61 21
58 22 22 21 21 22 19 22 21 22 22 26 51 21 46 22
14 22 23 22 51 51 23 23 22 22 51 22 23 19 21 23
51 51 21 22 51 19 21 59 21 21 46 22 22 21 18 22
51 23 46 46 22 21 21 21 18 51 51 22 51 51 23 61
