5 3 0 4 0 0 1 5 2 0 7 2 7 7 2 3
0 6 6 6 6 6 6 6 7 0 0 3 4 7 7 7
2 7 0 5 5 2 7 2 7 2 2 2 7 5 5 5
7 7 5 7 5 7 7 7 5 4 4 1 6 5 7 3
5 4 7 7 7 5 7 1 7 1 4 4 4 1 4 4
4 1 1 5 1 1 1 7 7 1 1 1 1 5 0 3
0 0 3 0 7 3 7 6 0 3 7 3 5 6 0 3
3 6 6 7 1 0 6 6 0 4 0 1 0 3 4 6
5 5 5 5 2 4 7 0 6 2 0 1 2 0 0 6
2 6 1 0 1 1 3 3 1 1 2 0 6 6 1 4
4 0 0 2 4 6 0 2 0 6 5 3 0 6 6 4
4 6 3 4 6 4 1 2 1 0 4 0 6 0 0 1
3 0 2 2 1 5 6 6 3 6 3 2 5 3 3 3
2 3 4 2 3 3 5 0 2 3 0 3 2 5 1 1
2 1 2 1 1 1 7 4 7 5 6 5 3 7 7 7
3 7 3 5 3 1 3 4 4 4 2 2 6 4 4 3
29 59 2 38 2 2 23 7 46 54 63 4 63 21 46 5
34 52 52 10 52 52 52 52 21 12 12 37 60 21 21 21
58 21 22 51 51 58 31 58 31 58 58 58 11 29 29 51
11 11 29 11 51 11 11 63 51 18 18 13 20 19 63 15
7 18 63 31 31 7 31 3 31 3 50 50 50 3 50 50
50 55 55 51 55 55 55 53 53 55 3 3 3 29 54 5
54 54 5 54 53 5 53 42 54 5 53 59 29 62 44 5
59 30 30 53 35 12 62 62 12 60 12 23 12 59 60 42
61 61 61 61 46 60 63 22 30 4 22 45 4 22 22 42
46 30 45 22 45 45 59 59 45 23 26 34 62 30 45 60
18 34 34 4 60 42 34 4 34 20 19 47 2 62 42 38
38 62 47 38 20 18 23 4 23 2 18 2 42 44 44 23
47 44 46 46 13 7 20 20 15 20 15 26 7 47 15 47
14 47 38 14 15 15 7 44 14 27 44 27 14 19 13 35
14 35 14 35 35 35 43 38 43 19 10 19 37 43 43 43
37 43 37 19 37 13 37 28 28 28 36 26 30 28 28 27
