0 5 3 3 7 3 5 7 3 3 7 4 4 6 2 2
4 5 0 7 5 6 0 7 0 2 3 3 6 6 3 3
4 6 1 0 0 1 2 0 0 7 0 1 3 1 0 0
7 7 2 7 3 2 2 2 3 2 3 3 0 2 2 3
3 2 0 3 3 3 3 3 3 0 0 3 4 5 3 2
0 6 0 5 1 0 0 6 0 1 0 3 2 0 0 0
2 6 5 6 6 4 5 6 4 5 5 5 5 0 4 6
4 4 4 4 4 4 6 4 6 4 5 4 4 0 5 7
6 3 1 4 5 6 4 5 4 4 4 4 1 4 2 4
2 4 5 2 2 2 5 5 0 5 0 0 5 3 2 2
3 3 3 3 3 3 3 7 3 3 3 5 5 5 3 5
0 3 0 7 5 5 5 1 5 4 4 3 5 1 3 4
1 3 0 1 0 3 1 3 0 0 0 0 5 5 2 5
0 7 0 0 0 4 7 7 4 4 6 4 0 6 6 4
0 4 4 7 4 4 6 3 4 1 1 0 6 6 4 6
6 4 6 4 4 4 4 4 4 4 6 4 7 4 4 6
34 7 15 59 63 5 39 43 37 37 43 38 60 20 26 26
6 19 44 63 29 42 44 43 44 4 47 27 30 30 27 27
18 30 35 12 12 35 36 34 54 43 12 35 59 35 12 12
63 43 58 43 47 46 58 46 27 58 5 47 44 58 46 5
5 58 2 47 59 59 27 59 59 2 2 27 60 7 47 58
44 30 54 51 35 54 54 62 54 35 54 47 26 12 22 22
26 62 61 62 62 60 19 30 60 19 19 19 19 34 60 30
28 38 18 38 18 60 62 28 62 28 29 28 28 2 29 21
30 27 35 38 39 52 38 39 50 50 50 50 35 50 36 50
36 50 39 36 36 36 39 39 34 39 34 34 39 37 36 36
37 37 37 37 37 59 37 21 59 59 59 51 51 51 59 51
54 5 34 21 51 51 51 3 19 60 28 59 29 35 59 60
35 59 12 35 12 59 35 59 12 12 12 12 51 51 46 51
12 11 54 54 54 50 53 53 50 50 52 50 34 52 52 50
34 50 50 53 50 50 52 59 50 35 35 34 52 52 50 52
52 50 52 50 50 50 50 50 50 50 52 50 53 50 50 52
