0 5 3 7 5 5 2 4 6 0 4 1 7 6 1 3
3 0 7 0 1 6 7 7 7 0 7 2 3 2 6 6
6 1 0 1 5 0 4 3 3 2 4 7 6 2 7 1
4 0 0 5 5 4 0 0 7 2 5 6 2 7 4 6
1 5 5 6 6 3 1 6 1 4 3 1 7 0 3 3
3 2 4 5 2 1 5 1 4 1 4 2 1 2 3 3
0 6 7 2 3 7 0 6 6 1 5 3 1 6 0 6
4 3 5 1 3 4 1 0 5 5 6 5 7 1 6 1
2 6 6 7 1 3 7 7 6 7 6 5 5 7 0 2
4 6 7 6 2 1 2 0 6 3 0 5 3 5 4 6
6 0 6 0 5 7 2 0 5 2 4 2 4 3 0 0
4 5 5 5 4 1 0 3 4 5 2 1 1 1 4 1
4 3 7 7 6 3 0 5 4 2 7 6 6 5 3 4
0 4 7 5 1 7 7 5 7 4 3 6 1 7 5 5
5 0 0 1 0 0 6 6 5 3 3 2 4 2 3 3
1 0 0 7 3 2 7 7 5 4 7 4 7 7 3 0
3 44 27 59 46 47 19 34 55 4 34 10 61 53 15 31
30 7 59 3 14 50 63 62 61 6 62 23 28 19 51 55
52 15 6 12 43 3 37 30 30 23 39 63 52 22 60 14
35 7 5 43 42 36 2 7 61 20 46 51 19 63 35 52
14 46 42 54 51 28 11 54 15 34 31 12 61 3 30 27
30 19 35 42 20 14 45 13 38 14 38 21 11 19 28 28
5 54 59 21 31 59 2 54 54 15 45 29 14 55 3 54
37 30 43 14 27 35 10 3 46 44 54 44 63 12 55 13
22 55 54 60 13 26 63 61 51 61 52 45 42 59 5 21
36 55 60 51 22 14 21 6 50 28 4 44 30 44 38 50
51 7 51 7 45 60 20 7 42 23 37 22 39 30 6 6
39 46 45 42 34 13 3 31 34 46 22 10 15 11 38 11
39 28 60 62 50 28 7 42 34 19 59 51 50 46 28 39
5 39 60 47 12 60 62 46 62 36 27 50 11 59 44 47
47 5 5 15 4 7 53 53 44 28 31 18 37 20 27 30
14 7 5 63 28 23 59 63 45 38 63 39 61 62 26 6
