4 3 3 3 2 7 2 7 0 4
0 7 1 6 5 0 4 6 3 2
3 5 0 0 4 7 7 2 5 4
7 0 4 2 6 5 7 4 5 0
4 4 7 7 6 6 7 0 0 3
4 1 2 7 3 6 5 4 0 0
7 4 6 0 7 6 6 7 6 7
2 7 3 5 4 1 5 3 1 2
5 7 1 1 1 7 6 7 3 5
5 2 0 4 1 1 6 1 0 6
6 0 1 6 6 0 6 2 6 7
4 2 0 4 4 4 3 5 0 0
1 4 2 7 5 1 0 0 1 4
3 7 6 0 2 7 2 6 3 5
3 6 7 1 6 0 2 3 0 4
5 1 1 1 3 1 1 2 4 4
6 6 4 0 0 2 1 7 0 0
2 5 5 6 0 0 0 2 2 5
3 4 4 0 4 0 7 5 4 6
1 0 1 4 7 2 1 2 5 6
2 4 4 1 0 0 3 5 5 0
2 1 2 2 0 4 3 7 2 5
3 6 3 7 3 5 2 6 7 6
5 2 2 4 4 0 7 5 1 0
0 0 2 7 2 6 4 5 1 4
2 5 5 5 1 6 2 3 1 3
4 2 5 3 4 4 6 2 3 2
2 3 4 7 6 1 2 5 4 6
2 7 6 5 0 5 6 6 4 5
0 5 0 2 5 1 3 0 1 7
4 6 7 2 0 1 3 4 6 4
3 5 7 0 0 3 3 6 0 6
6 1 7 5 2 2 1 2 7 1
2 6 1 1 7 2 5 6 0 3
3 7 1 4 3 4 6 0 3 7
5 5 6 4 5 7 4 5 7 3
5 7 7 1 7 3 1 7 2 5
4 2 2 5 0 6 0 4 4 0
2 7 6 4 2 6 1 7 3 6
1 7 6 2 5 6 7 7 5 6
3 5 3 6 7 5 4 4 4 5
6 3 1 0 0 3 4 5 3 5
7 1 0 7 5 1 7 2 0 4
0 2 5 2 0 0 6 2 7 6
0 0 4 2 1 5 0 4 0 4
0 4 3 5 0 3 2 5 1 3
1 0 1 2 3 4 2 2 5 5
4 5 5 3 1 1 7 6 2 5
7 6 1 3 4 6 1 0 3 7
0 7 4 1 6 2 5 4 5 2
3 2 2 3 2 2 2 6 7 0
7 3 7 2 6 5 7 6 1 0
7 4 1 4 7 3 6 4 2 2
7 2 0 6 3 5 6 7 1 5
1 2 2 6 5 5 1 4 1 7
5 6 7 2 6 4 3 4 1 3
5 6 0 0 3 6 6 6 6 3
6 1 7 1 3 6 1 5 7 7
0 1 7 6 3 5 6 0 3 6
1 1 1 6 2 3 3 2 1 6
6 5 6 7 7 0 1 1 6 6
4 7 7 0 7 2 1 7 0 2
3 4 0 1 3 5 3 1 2 1
2 1 0 5 3 3 0 5 0 4
3 1 6 4 7 6 5 2 2 5
3 3 5 5 1 2 5 7 0 4
1 2 0 4 1 3 4 4 3 1
6 4 1 6 7 3 0 3 6 6
4 2 7 7 6 3 1 3 0 2
0 6 7 4 4 3 2 0 0 5
2 7 1 3 7 0 6 7 1 2
0 5 0 4 3 3 1 5 1 1
0 2 0 5 1 1 5 1 5 0
2 7 5 1 7 5 1 3 3 3
2 4 3 4 1 7 0 5 4 5
0 2 6 7 5 5 4 3 5 2
6 1 5 1 4 4 3 5 2 2
3 6 1 6 5 4 4 0 7 6
4 2 0 2 2 3 4 0 6 2
0 6 7 3 7 6 3 5 5 7
1 2 7 5 2 7 2 1 7 7
0 6 6 5 2 2 4 0 5 3
7 7 4 0 7 2 3 2 5 2
3 0 4 7 2 1 3 0 4 0
7 7 1 7 6 2 3 5 5 0
3 3 2 6 1 7 4 0 0 7
6 7 7 4 5 2 7 5 6 6
4 1 0 3 1 3 3 0 7 4
4 4 1 3 3 3 6 2 2 0
0 7 0 3 7 3 7 6 3 6
3 7 1 0 3 6 2 7 1 2
6 1 7 1 5 3 7 5 3 0
7 0 4 5 1 0 5 5 0 5
5 4 1 1 0 0 7 6 1 5
2 6 5 7 2 6 3 1 5 3
6 2 6 5 7 3 5 5 1 4
6 7 3 2 6 7 6 6 3 6
3 6 5 6 0 0 2 4 4 5
7 3 3 3 0 2 1 4 2 3
5 4 7 3 3 2 1 1 0 2
39 30 28 28 18 62 21 60 2 38
4 59 15 50 47 5 36 51 28 20
30 47 2 4 37 60 59 21 43 34
61 5 36 19 50 46 60 34 47 5
34 36 63 60 55 55 63 7 6 30
36 10 18 62 28 51 42 34 4 6
58 35 55 3 58 55 54 62 50 63
19 59 29 45 38 10 42 29 15 22
46 63 11 14 10 61 54 61 28 42
43 18 5 34 15 10 52 15 7 55
51 6 13 54 55 4 53 18 52 62
35 18 2 36 34 39 28 45 3 5
13 36 21 61 43 13 6 5 13 38
29 63 52 5 20 62 22 55 26 42
31 55 61 12 50 7 21 30 6 39
45 12 10 11 27 14 10 18 34 38
51 54 36 6 5 22 15 61 4 6
21 47 46 55 3 5 5 21 22 44
31 39 38 5 35 6 61 47 36 52
13 7 11 34 58 22 12 21 46 55
19 34 35 15 6 2 27 43 43 4
20 10 21 22 6 37 31 61 20 44
30 51 26 59 28 42 22 51 61 51
42 20 23 38 34 6 59 47 11 3
7 6 21 63 22 54 36 46 12 39
22 46 43 46 12 53 21 29 14 26
35 22 44 30 38 39 54 21 27 19
22 30 37 63 51 14 19 43 36 50
22 61 50 42 2 42 53 53 37 45
3 47 2 20 43 10 28 2 12 63
35 55 61 18 5 15 31 35 52 36
28 47 62 6 7 26 26 55 5 54
52 11 61 46 18 19 15 21 59 15
18 51 11 13 61 20 42 52 5 28
30 59 15 38 28 37 54 4 28 63
46 43 50 38 46 60 35 45 61 30
43 60 63 10 63 27 15 62 23 44
37 18 19 44 7 50 3 37 38 3
22 63 52 38 21 53 13 58 26 51
11 63 50 21 47 54 63 58 44 54
31 46 26 51 62 43 39 35 38 42
55 29 10 7 2 29 39 45 29 46
63 11 7 62 45 15 58 20 5 35
7 18 44 18 7 3 51 19 60 52
7 3 39 22 13 43 4 35 5 37
2 39 30 43 3 27 22 47 11 31
11 3 13 23 26 38 21 18 42 42
34 47 44 31 10 15 61 53 22 47
59 53 14 31 39 50 10 3 31 60
6 60 34 11 51 19 45 38 45 21
28 21 21 28 23 21 20 52 63 5
63 31 63 22 53 45 60 55 14 4
63 37 14 39 61 26 53 34 21 21
58 21 2 51 26 47 51 62 14 46
11 19 22 54 43 47 14 35 10 58
44 53 62 19 55 39 30 34 11 26
46 51 6 6 30 55 50 53 50 29
53 10 59 10 26 51 10 42 63 58
4 10 58 54 30 45 53 7 29 53
14 11 11 51 19 27 28 19 15 53
53 45 55 58 58 6 13 10 52 54
35 62 60 2 63 21 14 58 4 21
30 37 7 10 31 47 31 13 20 14
18 15 2 45 27 31 4 45 7 34
31 15 51 38 58 50 45 22 22 46
27 26 47 44 10 23 47 62 5 39
14 22 2 35 15 28 37 34 31 14
55 39 13 54 61 26 2 31 50 51
35 18 62 63 55 30 14 27 2 18
7 52 59 35 36 31 23 3 2 45
19 58 13 26 63 2 54 62 15 19
7 45 4 36 28 28 13 43 13 10
5 23 6 46 15 10 42 15 45 7
18 60 44 11 62 44 10 28 26 28
18 34 29 37 15 63 4 45 39 47
4 19 55 61 46 43 39 26 45 18
54 14 43 10 38 37 29 47 20 21
29 51 13 53 42 37 39 2 60 51
35 22 4 18 23 26 35 6 50 21
3 54 60 31 62 52 28 45 46 58
11 19 60 45 19 63 23 14 60 62
4 55 52 44 23 19 38 6 42 31
60 61 38 6 60 20 31 20 46 23
30 3 36 59 22 11 29 6 39 2
58 59 11 60 51 19 29 43 46 2
27 27 19 51 12 63 38 7 6 62
53 61 59 38 46 19 60 44 55 55
35 11 6 27 14 30 29 6 59 36
34 34 13 28 26 26 51 22 23 2
5 62 4 31 60 27 58 52 31 50
31 59 10 7 31 54 23 62 12 20
52 15 62 14 47 27 62 43 26 7
63 7 34 44 10 5 42 45 7 42
47 36 10 11 4 4 62 53 15 42
21 55 46 59 19 50 27 13 46 27
51 19 51 42 59 26 43 45 12 35
54 63 27 23 50 58 53 50 30 52
28 55 43 54 7 7 19 34 36 43
60 26 27 31 7 19 12 39 19 26
46 39 63 27 29 19 14 12 7 22
