4 7 6 5 0 4 5 5 0 7
0 7 5 6 3 7 4 2 0 5
6 4 7 3 2 5 7 5 7 3
1 3 2 2 4 0 0 3 4 3
0 3 5 1 4 0 5 7 3 6
2 6 5 7 5 1 5 2 3 2
0 2 0 1 0 4 0 4 0 4
4 3 4 3 5 0 5 2 5 7
5 2 3 6 5 5 2 0 3 3
1 1 5 6 5 0 0 0 1 7
0 3 6 2 0 6 5 7 1 6
7 4 2 2 3 5 1 0 3 0
1 1 2 4 7 3 6 4 1 6
1 0 0 4 0 0 2 5 4 6
4 7 2 0 7 1 7 7 4 4
6 2 5 1 7 7 2 1 0 6
1 3 0 3 0 1 3 2 7 1
3 7 3 4 2 5 7 6 0 6
2 2 2 1 0 7 4 2 1 7
3 1 3 2 5 0 2 1 0 1
2 7 6 3 2 5 1 0 5 0
1 0 4 3 2 2 0 4 0 0
3 5 0 4 2 4 2 1 2 4
1 0 1 6 1 0 7 2 6 3
0 7 0 6 0 2 5 4 0 3
4 3 2 2 0 4 0 5 1 2
1 3 7 4 5 1 1 0 3 7
7 4 0 3 4 1 4 0 5 6
6 5 7 7 6 6 3 0 7 5
2 5 0 5 3 1 3 4 3 3
1 0 3 2 1 7 3 5 3 4
6 5 0 2 1 7 1 0 7 1
2 5 5 0 5 1 2 6 6 5
4 2 0 3 1 7 7 3 7 4
6 7 0 2 2 1 5 2 7 0
5 3 6 4 3 7 0 1 1 6
7 6 1 3 6 0 2 5 6 4
4 6 2 7 3 5 6 5 3 6
2 6 2 0 1 5 3 2 2 7
7 2 1 7 6 4 1 3 0 1
6 4 7 5 3 2 1 7 1 3
6 7 5 4 2 2 4 1 3 6
7 5 5 5 7 3 1 3 2 3
0 7 3 5 1 5 1 3 6 7
7 2 4 0 1 7 6 4 0 2
5 0 5 0 3 4 0 6 5 1
4 5 7 1 0 4 7 5 4 3
1 0 2 5 4 6 3 2 5 5
3 5 0 6 7 0 3 6 7 6
1 5 0 0 1 1 3 7 6 7
6 2 3 6 4 2 3 4 6 4
5 7 2 2 6 3 4 3 6 2
7 0 5 7 7 5 5 1 7 7
6 4 1 7 3 2 7 7 4 5
5 1 2 4 2 2 4 3 1 2
3 7 2 0 0 2 5 2 1 3
4 6 6 5 1 0 3 5 0 0
7 4 4 7 0 2 2 1 3 7
0 0 6 0 1 6 1 6 3 2
5 0 3 3 5 3 3 0 4 4
3 3 0 2 7 4 4 2 0 1
0 7 2 3 7 6 4 2 7 1
6 4 5 5 3 4 4 6 0 1
1 3 0 7 3 1 6 3 2 7
2 6 5 0 3 5 4 3 0 3
7 4 4 7 4 3 6 4 3 0
4 5 3 3 6 3 3 5 4 3
3 1 3 2 7 6 6 7 6 1
4 5 4 2 1 7 3 2 0 7
2 4 6 2 3 0 7 2 1 5
3 2 7 7 4 1 4 4 5 4
2 4 6 2 0 7 2 0 1 3
0 5 2 1 5 2 7 3 7 6
2 5 5 4 1 1 1 1 0 6
2 5 4 6 4 7 7 3 7 3
6 5 6 2 6 4 7 2 7 6
4 1 6 1 6 0 2 6 3 1
2 3 0 5 6 4 1 1 6 4
5 5 3 5 3 6 4 7 0 6
1 7 6 5 6 3 6 5 6 3
1 4 5 5 6 7 0 0 1 3
1 3 6 1 5 0 6 0 4 1
2 0 2 0 4 5 1 2 1 0
5 6 6 4 0 3 6 1 3 5
3 1 6 3 6 2 1 0 4 5
4 3 2 7 0 7 0 2 4 5
3 2 2 4 5 3 0 6 7 5
7 4 7 0 1 3 7 3 2 4
5 3 6 7 7 6 2 0 0 7
4 5 5 5 1 3 0 5 2 1
0 3 4 0 1 5 5 2 2 2
7 1 4 7 6 6 2 7 7 2
6 2 7 3 7 7 0 1 5 0
3 3 1 1 7 5 7 6 4 2
1 4 5 7 5 3 3 2 6 6
4 1 7 7 1 1 2 6 7 5
7 6 6 4 3 5 4 2 5 2
3 4 3 1 4 6 3 5 6 0
1 0 4 2 0 5 3 7 3 5
7 2 1 7 7 5 6 3 3 1
39 61 54 43 3 35 44 43 7 60
5 61 42 53 31 63 37 22 6 46
52 37 63 28 22 44 59 44 61 27
10 27 19 18 36 6 6 26 38 30
3 29 45 10 38 6 43 58 31 50
23 55 47 60 47 13 47 18 28 18
4 20 4 14 5 36 7 35 6 37
39 31 35 26 44 5 45 19 43 58
46 22 28 51 44 44 21 4 29 31
11 15 46 53 46 7 7 7 13 60
7 31 53 22 4 50 43 60 12 51
59 34 20 18 29 45 15 6 31 4
10 11 18 39 59 28 50 34 12 51
12 4 5 36 2 2 22 47 39 55
38 60 21 2 61 12 62 58 37 39
50 22 44 14 60 62 23 15 7 50
12 27 7 31 4 11 29 19 63 11
31 58 30 38 20 44 63 54 3 52
19 23 22 15 3 61 36 18 12 58
31 11 29 22 46 2 18 14 6 14
18 59 54 26 23 42 15 5 46 7
14 7 34 26 20 21 3 38 5 3
31 42 4 35 21 39 22 13 23 37
14 5 10 53 11 3 63 18 55 28
2 60 4 53 2 19 45 38 7 28
36 28 22 20 2 34 2 47 12 23
14 30 60 39 42 11 14 4 27 58
63 37 5 30 37 12 37 7 43 54
50 42 61 61 54 55 31 3 63 45
18 47 2 46 27 12 28 38 28 26
14 3 26 18 10 60 30 46 29 36
51 45 5 23 15 63 13 3 61 14
20 46 42 5 46 11 18 54 53 42
34 19 2 27 12 63 61 28 60 38
52 58 6 20 18 14 45 22 60 7
47 26 51 39 30 63 3 14 11 53
59 52 12 30 53 2 18 44 51 34
34 54 18 60 31 44 51 47 28 50
22 50 20 6 11 42 28 20 18 60
62 18 10 59 54 35 13 29 5 15
53 39 63 47 30 21 12 59 11 27
53 61 45 37 23 22 36 13 30 50
61 44 43 46 62 28 13 29 20 29
7 60 28 43 10 46 14 28 54 60
59 22 39 5 12 59 50 38 5 21
44 3 42 6 29 34 5 51 45 10
35 44 60 13 3 39 58 46 39 27
14 4 23 46 35 53 28 23 42 47
29 45 6 51 59 3 26 51 59 50
15 44 3 5 15 10 31 62 55 60
50 18 31 54 37 23 31 35 51 39
47 60 23 22 51 31 38 30 53 22
63 2 46 62 60 44 46 12 63 61
50 34 12 62 29 20 59 62 38 44
45 14 22 38 19 19 39 30 12 21
27 61 20 6 2 18 46 19 15 27
37 54 53 42 14 6 27 45 5 3
62 39 36 60 6 22 21 11 26 63
7 2 50 2 10 54 13 50 26 19
47 7 30 30 45 29 30 5 36 39
28 31 4 20 63 38 36 19 7 10
2 60 22 27 63 51 37 18 58 10
54 34 46 45 29 38 35 50 2 10
15 29 7 62 31 12 52 26 23 60
20 51 47 7 28 43 36 26 3 30
59 35 35 58 36 31 50 36 29 3
38 46 30 27 53 28 31 43 38 27
27 10 30 18 60 54 52 58 51 13
34 47 36 20 14 61 27 19 7 60
21 39 51 20 30 7 63 20 12 42
28 21 58 58 36 11 35 38 44 36
21 39 51 21 5 62 20 7 15 26
5 44 22 13 45 19 61 31 62 55
21 44 42 38 14 11 10 15 7 54
19 46 39 54 36 63 60 30 60 31
55 43 51 23 51 36 63 20 60 54
34 15 52 14 54 3 23 50 26 13
20 28 7 46 51 36 12 11 54 37
43 45 28 46 28 54 36 63 2 55
13 60 52 44 55 29 54 44 51 28
13 34 43 44 52 58 7 6 12 31
15 28 55 14 47 3 53 4 39 15
18 4 19 5 37 43 14 18 14 7
44 54 55 35 2 26 53 15 26 44
27 12 53 27 54 22 14 6 38 42
36 30 20 58 4 63 2 18 37 43
29 20 19 39 42 31 4 52 63 45
60 39 58 4 10 29 61 30 18 34
45 28 51 61 60 50 18 4 3 58
39 42 43 47 15 26 3 43 21 11
5 28 38 5 13 46 45 23 21 23
63 14 38 60 53 55 21 58 62 18
51 19 63 27 61 62 5 10 42 4
28 31 15 10 60 42 63 50 37 22
10 35 44 60 46 27 31 21 51 50
38 14 60 58 13 15 18 50 61 46
63 50 50 35 27 42 35 20 46 18
27 34 28 11 37 53 28 45 51 7
13 2 34 18 2 44 29 62 27 45
62 23 15 60 59 45 50 29 26 15
