0 0 0 0 0 0 0 0 0 0 0 0 0 0 0 0
1 1 1 1 1 1 1 1 1 1 1 1 1 1 1 1
2 2 2 2 2 2 2 2 2 2 2 2 2 2 2 2
3 3 3 3 3 3 3 3 3 3 3 3 3 3 3 3
4 4 4 4 4 4 4 4 4 4 4 4 4 4 4 4
5 5 5 5 5 5 5 5 5 5 5 5 5 5 5 5
6 6 6 6 6 6 6 6 6 6 6 6 6 6 6 6
7 7 7 7 7 7 7 7 7 7 7 7 7 7 7 7
0 0 0 0 0 0 0 0 0 0 0 0 0 0 0 0
1 1 1 1 1 1 1 1 1 1 1 1 1 1 1 1
2 2 2 2 2 2 2 2 2 2 2 2 2 2 2 2
3 3 3 3 3 3 3 3 3 3 3 3 3 3 3 3
4 4 4 4 4 4 4 4 4 4 4 4 4 4 4 4
5 5 5 5 5 5 5 5 5 5 5 5 5 5 5 5
6 6 6 6 6 6 6 6 6 6 6 6 6 6 6 6
7 7 7 7 7 7 7 7 7 7 7 7 7 7 7 7
2 3 4 5 6 7 2 3 4 5 6 7 2 3 4 5
10 11 12 13 14 15 10 11 12 13 14 15 10 11 12 13
18 19 20 21 22 23 18 19 20 21 22 23 18 19 20 21
26 27 28 29 30 31 26 27 28 29 30 31 26 27 28 29
34 35 36 37 38 39 34 35 36 37 38 39 34 35 36 37
42 43 44 45 46 47 42 43 44 45 46 47 42 43 44 45
50 51 52 53 54 55 50 51 52 53 54 55 50 51 52 53
58 59 60 61 62 63 58 59 60 61 62 63 58 59 60 61
6 7 2 3 4 5 6 7 2 3 4 5 6 7 2 3
14 15 10 11 12 13 14 15 10 11 12 13 14 15 10 11
22 23 18 19 20 21 22 23 18 19 20 21 22 23 18 19
30 31 26 27 28 29 30 31 26 27 28 29 30 31 26 27
38 39 34 35 36 37 38 39 34 35 36 37 38 39 34 35
46 47 42 43 44 45 46 47 42 43 44 45 46 47 42 43
54 55 50 51 52 53 54 55 50 51 52 53 54 55 50 51
62 63 58 59 60 61 62 63 58 59 60 61 62 63 58 59
