0 0 0 0 0 0 0 0 0 0 0 0 0 0 0 0
0 0 0 0 0 0 0 0 0 0 0 0 0 0 0 0
1 1 1 1 1 1 1 1 1 1 1 1 1 1 1 1
1 1 1 1 1 1 1 1 1 1 1 1 1 1 1 1
2 2 2 2 2 2 2 2 2 2 2 2 2 2 2 2
2 2 2 2 2 2 2 2 2 2 2 2 2 2 2 2
3 3 3 3 3 3 3 3 3 3 3 3 3 3 3 3
3 3 3 3 3 3 3 3 3 3 3 3 3 3 3 3
4 4 4 4 4 4 4 4 4 4 4 4 4 4 4 4
4 4 4 4 4 4 4 4 4 4 4 4 4 4 4 4
5 5 5 5 5 5 5 5 5 5 5 5 5 5 5 5
5 5 5 5 5 5 5 5 5 5 5 5 5 5 5 5
6 6 6 6 6 6 6 6 6 6 6 6 6 6 6 6
6 6 6 6 6 6 6 6 6 6 6 6 6 6 6 6
7 7 7 7 7 7 7 7 7 7 7 7 7 7 7 7
7 7 7 7 7 7 7 7 7 7 7 7 7 7 7 7
2 3 4 5 6 7 2 3 4 5 6 7 2 3 4 5
6 7 2 3 4 5 6 7 2 3 4 5 6 7 2 3
10 11 12 13 14 15 10 11 12 13 14 15 10 11 12 13
14 15 10 11 12 13 14 15 10 11 12 13 14 15 10 11
18 19 20 21 22 23 18 19 20 21 22 23 18 19 20 21
22 23 18 19 20 21 22 23 18 19 20 21 22 23 18 19
26 27 28 29 30 31 26 27 28 29 30 31 26 27 28 29
30 31 26 27 28 29 30 31 26 27 28 29 30 31 26 27
34 35 36 37 38 39 34 35 36 37 38 39 34 35 36 37
38 39 34 35 36 37 38 39 34 35 36 37 38 39 34 35
42 43 44 45 46 47 42 43 44 45 46 47 42 43 44 45
46 47 42 43 44 45 46 47 42 43 44 45 46 47 42 43
50 51 52 53 54 55 50 51 52 53 54 55 50 51 52 53
54 55 50 51 52 53 54 55 50 51 52 53 54 55 50 51
58 59 60 61 62 63 58 59 60 61 62 63 58 59 60 61
62 63 58 59 60 61 62 63 58 59 60 61 62 63 58 59
