7 1 0 2 1 4 6 1 2 1 7 2 2 6 1 5
7 4 0 2 2 3 0 2 6 6 2 4 7 2 6 5
6 4 3 5 2 3 2 7 2 3 6 6 7 0 6 4
2 3 2 6 1 6 4 7 0 7 4 6 6 2 0 4
5 6 0 5 3 0 7 1 7 2 4 1 6 6 0 4
2 4 3 0 6 6 1 6 7 6 2 4 1 3 2 1
3 0 4 3 7 5 3 4 1 0 6 2 2 4 1 4
7 7 5 2 7 4 5 7 7 7 5 5 5 1 6 4
4 2 6 4 0 7 6 0 0 3 0 6 6 4 6 4
3 0 1 2 3 4 2 0 2 7 5 3 3 0 6 7
3 0 2 4 5 1 1 0 6 3 1 4 5 3 1 2
4 7 2 6 7 3 1 6 6 0 0 1 1 5 7 5
6 5 0 5 3 6 0 5 4 4 0 5 0 5 4 2
1 1 2 5 1 2 6 3 6 2 4 1 0 7 3 3
6 0 1 2 0 0 4 1 7 4 5 2 5 1 1 4
1 0 2 5 6 0 1 5 7 2 3 2 3 7 1 2
63 10 5 22 12 38 55 12 22 15 58 23 23 53 14 44
62 39 7 20 19 29 5 21 51 50 22 39 63 23 55 45
53 34 26 46 19 27 20 59 21 26 54 51 63 2 52 39
23 27 23 51 15 53 38 61 6 59 36 53 54 22 5 39
47 53 2 46 28 6 59 14 63 20 34 11 55 51 6 37
18 34 28 3 52 55 11 52 61 54 18 34 13 29 23 11
30 6 39 28 58 44 28 34 12 6 54 18 20 36 15 39
59 63 45 20 63 37 43 62 61 63 42 43 44 11 51 36
38 21 51 35 7 58 52 5 6 31 3 52 52 34 54 38
28 6 10 21 29 37 23 3 23 58 46 26 28 6 54 63
31 5 21 39 46 12 14 5 54 27 14 38 42 28 15 22
38 62 22 51 59 29 13 51 52 2 6 12 14 47 63 47
54 43 6 46 28 50 6 45 36 35 2 42 4 42 39 19
13 15 18 43 14 18 50 30 50 21 34 11 5 63 29 29
50 5 11 22 5 3 39 12 61 35 44 22 47 12 13 36
11 7 21 47 50 7 10 43 60 21 29 18 30 62 12 23
