6 0 5 7 7 6 3 3 6 6 7 3 0 7 3 2
6 0 2 7 3 7 2 2 0 1 7 0 1 3 1 6
4 4 4 5 3 4 5 7 6 5 1 1 0 5 5 4
2 5 7 2 6 2 1 6 7 2 3 5 1 2 5 7
3 3 5 5 2 7 2 0 2 1 6 1 6 0 4 3
4 2 6 4 6 0 1 2 1 5 7 4 6 0 6 6
2 1 1 5 3 1 5 0 5 1 3 1 3 7 3 7
6 5 5 4 7 6 5 1 0 3 5 1 4 5 2 4
5 4 7 7 4 4 3 5 6 7 5 2 1 6 1 2
4 1 3 5 0 2 1 4 4 5 7 1 6 1 6 3
6 3 2 2 4 0 7 7 5 4 7 7 3 7 4 5
2 1 5 1 6 7 4 2 5 6 7 4 0 0 1 3
1 5 7 7 4 2 5 4 5 3 2 0 7 6 6 0
1 0 5 1 5 2 0 4 4 4 7 1 0 0 4 2
4 5 1 2 5 2 1 6 0 2 7 6 1 7 6 2
4 1 0 4 5 6 3 0 1 3 4 7 5 3 5 5
54 6 45 58 59 51 29 30 54 55 61 27 6 61 27 22
54 5 23 60 27 63 21 23 4 10 60 3 11 31 14 54
37 37 34 43 27 35 46 63 50 42 12 12 7 42 44 35
21 47 61 18 52 19 10 50 62 22 30 45 13 22 47 58
29 29 45 43 23 62 23 7 21 10 53 13 50 5 35 30
39 19 54 35 52 4 12 22 12 42 58 35 52 3 50 53
20 13 11 46 29 12 47 5 42 11 28 11 26 62 30 60
53 45 44 35 63 51 44 11 3 30 43 13 34 42 22 34
46 39 62 60 39 35 27 43 51 59 43 19 14 51 13 20
36 12 31 42 4 21 14 36 34 42 59 14 52 11 53 31
54 30 23 19 38 3 60 58 46 36 63 60 29 62 34 42
21 12 47 12 55 63 38 23 43 52 63 35 6 3 14 30
10 43 62 59 35 20 46 37 43 29 21 2 59 52 50 6
14 2 42 12 46 20 2 37 37 34 63 10 3 5 38 18
37 43 11 21 43 23 12 50 3 22 59 50 10 58 55 23
38 11 3 39 42 54 27 3 15 30 35 58 42 27 42 42
