1 5 3 4 2 1 0 7 6 5
6 6 5 7 4 2 2 1 5 5
6 3 6 4 0 0 5 7 0 3
4 6 6 6 1 4 4 7 2 1
0 5 5 6 6 4 3 5 3 0
5 4 1 5 5 6 7 0 2 2
0 0 2 3 1 5 4 7 7 1
7 1 4 0 3 2 7 1 5 2
7 1 4 4 3 2 1 2 3 1
1 2 4 2 7 3 0 3 5 3
0 1 2 3 3 4 5 0 2 2
6 6 1 5 1 4 5 7 6 5
4 5 5 0 5 6 0 0 5 5
7 4 2 6 5 0 7 2 1 7
6 4 3 1 4 4 4 3 4 6
3 2 4 0 6 5 1 4 1 4
6 0 6 7 1 1 5 5 6 7
4 3 3 4 2 7 7 3 1 5
5 0 0 6 2 0 2 1 4 2
3 1 6 2 1 1 5 7 5 2
6 3 0 4 5 7 3 5 0 4
6 7 0 4 7 2 6 5 7 2
5 0 2 3 5 2 2 0 1 4
7 0 0 0 5 7 1 7 2 4
0 0 3 7 6 4 3 2 3 6
3 1 1 2 5 1 7 1 2 5
5 1 0 3 2 6 7 2 2 0
7 0 5 6 4 7 5 7 3 5
0 7 2 0 0 4 1 4 4 7
0 3 6 3 0 0 6 1 6 7
1 4 4 0 2 0 3 0 7 3
1 4 2 3 5 5 0 4 4 3
0 1 5 1 2 3 6 1 5 1
0 1 3 2 3 4 3 0 7 6
0 7 2 4 7 1 7 7 3 7
7 6 6 7 0 1 1 2 4 1
7 1 2 5 7 7 7 2 3 6
5 1 4 7 5 4 0 4 4 3
4 5 0 3 4 4 1 6 7 1
6 0 3 7 4 0 4 5 0 0
5 3 3 5 5 6 7 4 3 4
7 5 6 0 6 4 0 0 5 5
7 7 2 6 6 1 7 7 6 7
7 6 3 7 1 3 5 3 4 4
4 4 1 1 0 4 7 7 2 3
3 6 3 2 6 5 0 0 5 3
1 4 1 3 6 3 7 3 7 2
6 7 0 2 1 1 6 0 1 5
7 1 3 2 4 1 0 0 0 2
6 3 7 3 5 5 5 4 5 4
3 6 1 3 3 7 3 6 7 6
7 4 2 3 2 4 1 5 0 0
4 1 4 3 5 2 1 3 6 7
6 4 6 1 2 2 7 4 2 3
1 6 0 2 0 7 2 3 7 6
1 5 3 4 6 2 0 1 4 3
1 5 2 2 2 3 7 2 0 3
5 3 7 1 7 2 4 0 6 4
4 6 7 0 7 1 7 5 7 2
2 0 4 7 2 6 2 2 7 1
4 2 1 3 3 7 6 5 7 5
6 4 7 7 1 1 0 0 7 5
1 6 2 3 3 6 0 7 3 7
4 4 2 4 7 4 1 6 2 7
2 7 3 7 4 1 3 5 3 7
3 6 2 6 0 1 1 5 2 7
0 2 3 2 3 0 1 3 3 5
5 6 3 3 0 1 0 6 7 3
1 1 7 2 6 6 6 3 1 2
3 5 7 4 1 7 3 7 3 0
7 7 0 7 5 2 5 3 4 1
1 5 6 7 1 4 1 1 6 6
6 3 6 1 7 2 3 5 3 7
3 2 0 2 0 5 7 1 7 2
0 0 3 0 4 7 4 3 7 5
0 6 5 5 3 7 0 7 7 3
1 4 0 2 6 5 4 6 7 5
7 5 2 1 4 2 0 6 7 4
7 7 3 1 6 2 0 1 2 2
3 5 4 4 7 1 5 3 5 6
2 2 5 2 3 4 6 2 4 6
2 1 1 0 2 2 4 1 0 0
6 4 4 0 4 3 6 6 2 7
3 1 4 6 4 2 4 5 1 7
3 3 3 0 7 1 4 3 0 0
1 7 6 1 3 2 6 4 1 7
6 5 1 4 7 1 2 2 6 1
6 6 2 5 4 7 2 3 0 4
5 5 5 5 4 4 6 2 1 4
6 3 7 2 2 2 6 5 1 0
2 7 4 7 1 3 1 0 1 7
1 0 0 5 2 4 6 3 0 2
7 4 2 3 4 0 5 6 2 0
6 1 3 2 1 0 0 2 4 3
4 7 7 3 7 7 5 2 0 6
5 5 3 0 7 0 4 3 3 5
1 7 5 6 3 7 2 3 3 5
7 1 4 4 7 6 7 7 3 4
7 2 2 7 3 3 3 6 4 5
2 1 4 0 5 1 7 6 5 4
15 45 30 36 18 14 3 58 50 45
54 51 46 60 39 21 19 11 44 47
55 29 51 36 7 5 42 63 4 26
37 53 52 52 15 38 37 59 21 14
4 45 43 53 55 35 31 42 31 7
46 34 15 44 46 53 58 5 19 23
2 3 23 26 13 44 38 62 58 11
63 14 34 4 31 20 62 15 43 21
63 12 37 39 30 18 15 23 29 12
13 19 34 18 60 29 3 31 42 31
4 15 18 30 28 37 46 7 18 21
54 52 13 42 10 35 47 60 55 42
34 47 45 4 43 55 7 2 43 42
59 36 22 55 45 2 60 18 12 61
55 38 31 10 35 35 36 28 39 51
29 22 38 6 53 45 11 35 15 35
55 4 50 61 10 10 46 46 53 59
39 27 28 39 21 61 58 27 12 47
46 5 6 54 21 6 22 10 37 19
30 10 53 19 14 14 43 59 46 23
54 28 3 36 46 59 27 43 4 34
51 59 7 36 58 22 53 43 60 19
42 7 21 26 42 19 21 6 10 36
60 3 4 6 42 62 15 61 19 39
2 7 27 61 52 34 29 19 28 55
29 10 15 22 46 13 60 11 18 47
42 11 5 31 19 50 59 21 20 2
58 5 43 50 39 63 45 61 30 42
5 62 19 6 4 38 10 34 35 62
4 28 54 29 7 3 54 10 53 60
13 38 37 6 23 6 27 5 60 27
15 35 18 31 42 47 6 37 38 28
2 10 47 11 19 28 53 15 42 14
2 11 28 18 29 37 28 6 63 54
7 62 22 39 61 12 60 59 30 59
59 51 50 63 5 15 10 22 37 11
61 15 21 44 60 58 59 18 27 55
45 15 38 59 44 36 2 35 37 31
39 42 5 30 38 34 11 54 60 10
54 2 29 61 37 7 36 42 3 2
43 27 31 43 46 52 61 38 31 34
59 47 52 2 50 39 5 4 42 47
59 62 21 51 51 10 62 62 54 62
61 54 27 60 15 29 47 29 38 37
38 34 11 10 5 36 62 58 23 27
30 52 30 21 54 47 4 6 45 26
15 34 12 28 51 30 62 27 58 22
55 58 3 21 14 11 51 6 15 42
58 12 26 20 35 12 6 7 6 20
53 28 59 31 47 42 47 34 47 38
31 53 11 31 28 63 31 54 63 53
59 39 23 29 20 39 12 46 4 6
39 10 34 28 47 22 12 29 50 58
50 37 55 10 23 19 63 39 23 27
14 52 4 20 6 62 21 27 61 55
12 47 29 39 52 21 6 12 36 31
11 46 23 21 21 29 60 22 3 31
46 28 59 12 60 21 34 2 55 38
34 54 59 3 60 10 61 44 60 20
18 7 38 59 19 53 18 21 63 14
34 22 11 30 27 58 51 43 59 47
55 35 58 62 13 12 3 2 63 43
15 54 23 31 31 50 4 62 27 60
39 35 20 38 58 37 13 53 21 58
22 58 30 62 34 15 27 46 31 59
26 54 19 50 3 13 15 43 23 60
3 21 27 21 29 5 11 30 29 42
44 53 29 27 4 14 4 50 60 30
15 11 59 19 50 52 51 28 15 21
26 47 60 36 11 61 30 62 26 2
59 59 4 63 42 20 43 29 35 14
12 42 52 63 11 38 15 12 51 55
50 26 53 12 61 22 28 47 29 58
26 22 4 21 4 46 58 10 59 22
3 4 26 5 38 63 36 26 59 45
3 50 43 42 27 61 5 63 59 30
10 39 4 19 52 43 35 53 58 45
60 45 19 14 34 23 7 53 59 38
62 62 31 12 51 19 6 12 19 20
29 45 35 38 61 10 43 29 43 53
18 21 43 21 31 36 53 23 34 54
23 15 11 4 23 21 37 15 4 4
53 34 36 6 38 27 51 52 23 62
30 13 37 50 36 19 35 47 15 63
31 28 30 6 62 14 34 28 2 6
15 59 52 11 30 20 51 36 13 62
50 43 14 39 61 12 20 18 50 11
54 54 20 47 37 61 18 29 2 38
44 42 44 42 39 38 51 22 13 37
50 30 61 20 18 19 52 44 14 5
18 63 35 59 11 31 13 3 10 59
12 4 5 46 20 34 55 26 2 21
58 37 23 29 39 6 45 55 19 5
50 12 26 23 11 3 2 18 37 27
38 62 61 27 60 62 42 23 6 50
43 43 31 7 61 5 34 28 29 46
12 59 47 55 26 58 23 31 28 43
62 10 39 39 61 52 61 58 29 34
58 23 20 63 29 29 27 55 37 42
18 15 35 3 42 14 63 54 46 35
