3 3 0 4 4 6 2 6 2 7 3 4 1 7 5 2
5 3 4 5 5 4 7 7 0 0 1 1 3 3 4 5
3 7 6 7 7 3 2 2 4 4 6 5 0 7 2 4
7 3 5 7 6 3 4 2 6 1 2 5 0 0 7 1
7 0 0 4 2 3 5 6 2 6 5 3 3 2 1 3
1 7 2 6 3 2 3 0 2 3 6 5 3 4 5 1
6 0 7 0 4 7 7 3 3 6 6 1 4 2 1 6
6 7 4 0 0 5 1 6 5 2 2 7 3 1 7 4
4 3 1 0 6 7 6 3 1 2 1 4 4 0 1 4
0 7 2 3 6 2 0 1 0 7 3 0 0 7 6 6
7 6 1 4 7 1 2 7 3 7 1 3 5 0 5 5
6 4 1 3 2 7 6 2 1 2 2 4 1 4 0 1
0 3 2 0 2 7 6 4 0 7 1 5 0 2 2 1
2 4 7 3 1 4 2 0 0 7 0 6 4 2 5 7
2 6 5 7 1 5 7 4 7 6 5 1 2 0 0 0
6 7 5 3 7 7 3 0 5 3 7 7 0 7 6 4
27 28 6 35 36 51 23 55 23 58 31 38 14 58 44 18
46 27 37 42 44 39 63 62 4 4 10 15 30 27 36 45
29 61 52 59 60 29 21 19 39 36 54 43 6 58 21 39
58 28 43 59 50 27 34 21 50 11 22 46 4 7 59 11
63 5 3 38 19 27 44 55 21 51 42 28 30 20 10 27
12 58 23 52 31 18 29 5 18 30 50 42 29 37 44 12
51 6 63 2 35 61 59 28 29 52 50 13 36 19 10 50
53 61 37 6 6 46 14 53 43 21 23 61 27 12 59 37
36 28 12 6 51 61 52 26 12 22 13 39 35 6 11 35
4 59 21 30 54 23 7 14 3 62 29 3 4 63 50 54
63 51 13 38 59 13 19 61 30 60 12 30 47 3 46 45
52 38 11 28 20 61 55 22 10 19 18 36 13 34 4 11
6 27 20 6 20 63 51 35 5 63 10 46 2 18 23 12
19 39 58 26 12 37 21 5 6 62 7 50 36 18 42 58
18 53 46 59 15 42 63 38 62 55 45 10 23 3 4 4
52 61 44 29 61 62 30 4 43 29 63 58 2 59 53 37
