5 2 0 3 5 1 6 3 0 2
7 2 0 5 7 1 6 5 2 4
1 3 7 2 7 1 2 4 0 3
0 2 7 7 5 6 6 0 4 3
7 1 6 3 0 3 4 5 4 0
1 4 4 6 7 5 1 4 6 1
6 1 3 6 0 1 2 2 5 0
0 1 6 2 7 3 6 2 1 4
5 3 4 0 1 3 1 5 7 1
7 2 7 7 5 4 2 2 4 7
1 5 0 0 6 5 0 0 1 5
1 3 7 6 1 7 2 2 6 1
6 4 2 2 7 7 5 2 5 5
3 2 1 6 2 6 6 2 3 5
0 0 1 4 2 2 4 2 6 4
1 6 5 7 1 2 0 7 7 3
5 2 5 5 6 5 4 0 6 3
0 6 2 1 3 2 1 4 0 0
0 1 7 1 4 2 7 2 7 5
6 1 6 3 0 0 6 2 7 7
4 0 5 4 2 6 0 6 6 0
6 1 7 4 3 2 6 7 0 6
6 2 7 2 4 0 6 6 7 7
6 6 7 3 5 4 4 4 7 5
5 2 3 7 7 0 7 6 7 7
5 0 4 7 4 7 6 6 7 2
1 6 5 1 4 5 6 4 4 4
3 2 4 0 4 2 6 3 5 4
0 0 0 5 1 4 2 2 2 2
7 2 1 0 4 3 1 2 2 5
1 7 0 6 4 7 2 4 6 4
7 5 0 0 6 4 0 6 2 6
4 4 2 5 6 1 5 7 4 2
4 6 4 0 2 1 3 4 2 4
3 7 4 3 6 4 5 0 0 4
6 7 1 4 7 2 7 1 4 7
6 6 7 2 1 7 6 3 1 7
1 4 4 5 0 5 2 0 2 0
3 6 2 2 0 3 5 3 7 1
4 7 5 5 7 4 6 0 7 5
6 3 0 7 6 1 3 7 5 7
2 2 6 4 1 4 1 2 6 5
7 7 6 3 2 1 0 0 5 7
5 0 5 5 6 7 4 5 7 6
1 2 6 2 3 1 7 2 3 1
7 3 2 7 7 4 0 2 7 0
5 2 1 2 0 5 6 6 2 0
7 7 4 2 7 3 1 6 5 6
4 7 2 0 6 6 6 0 4 7
0 7 1 5 0 3 0 2 3 1
3 3 7 0 1 2 0 3 6 2
4 5 7 3 5 6 7 4 0 3
4 4 1 1 5 2 6 7 1 4
1 7 6 4 7 6 4 7 6 7
5 4 0 1 7 5 3 3 5 5
6 7 5 1 1 3 0 4 3 7
4 6 0 5 0 1 0 3 6 6
7 6 2 6 5 3 4 2 6 3
2 2 1 3 4 3 2 4 3 0
5 1 0 6 0 2 1 2 7 7
2 4 4 7 0 1 3 3 3 4
6 4 7 6 6 7 7 5 1 1
0 1 4 1 0 6 5 7 1 0
7 2 7 0 2 5 2 3 7 4
5 1 1 2 4 2 6 5 0 2
4 6 0 5 4 2 1 4 1 7
5 3 4 1 5 5 1 6 2 4
3 1 7 6 4 2 1 5 0 5
1 2 7 3 5 0 4 7 3 3
0 3 1 6 6 2 1 6 0 7
2 5 1 3 0 1 4 5 4 6
4 4 7 5 5 5 5 5 3 2
0 0 5 6 4 6 4 3 7 6
2 7 4 1 1 4 2 5 2 5
4 0 2 4 4 7 7 1 4 2
3 6 5 5 1 1 2 4 7 2
3 2 4 3 7 3 3 1 7 5
4 3 5 4 5 3 4 7 4 1
1 4 0 1 5 6 3 5 7 3
7 2 0 5 4 4 1 5 7 2
7 3 7 7 3 7 1 0 4 2
0 7 7 4 5 3 5 1 3 1
4 0 6 5 3 2 6 7 4 2
0 3 3 2 0 4 0 4 2 7
2 0 0 3 4 5 4 6 5 5
0 4 6 3 7 7 6 3 7 0
4 6 4 6 4 5 4 3 2 4
0 5 3 3 3 3 1 4 1 0
1 3 6 5 1 4 0 4 3 5
7 1 6 3 3 4 1 3 4 4
5 2 4 5 2 7 5 7 3 3
5 4 6 4 2 3 5 4 6 0
3 5 5 0 2 2 2 0 1 2
0 0 5 7 2 3 4 2 0 2
4 5 4 3 6 3 4 0 7 6
2 1 4 7 2 7 7 5 2 2
4 2 4 0 7 4 4 1 7 7
4 1 4 1 7 3 6 0 7 7
2 0 6 1 7 2 2 4 2 6
5 6 5 3 7 7 5 0 7 4
44 20 7 26 44 10 50 27 6 22
61 23 2 46 63 10 55 43 19 39
11 28 58 20 63 12 22 37 4 30
3 21 63 63 42 52 54 2 35 31
61 14 52 30 5 30 34 47 39 2
14 39 36 50 63 44 15 34 53 14
50 12 29 54 4 15 21 18 46 3
4 14 53 19 59 30 54 21 15 36
44 26 37 7 14 29 12 44 63 13
61 19 61 62 45 34 23 23 35 58
10 46 6 6 52 46 2 6 13 42
10 26 58 54 11 61 22 19 52 11
51 34 20 20 60 62 46 22 42 46
29 22 11 51 23 50 51 21 26 45
3 6 13 37 21 20 37 20 55 34
12 55 43 63 14 21 4 59 58 29
45 18 47 44 50 46 34 6 55 28
5 52 19 12 31 20 13 37 6 6
6 11 60 11 34 18 62 23 62 45
53 10 55 30 6 4 51 19 60 59
37 3 45 34 19 50 5 52 52 7
51 13 61 35 27 20 52 58 7 50
55 19 63 20 35 4 55 51 59 59
51 55 60 27 44 38 35 35 58 42
44 23 26 60 61 6 58 55 63 58
42 3 36 62 37 58 52 51 59 23
14 55 46 15 39 42 52 35 36 35
26 19 37 2 37 20 51 27 45 35
2 5 4 45 14 34 20 18 22 22
61 19 14 3 36 27 13 22 20 42
10 62 4 54 37 61 20 37 50 34
62 42 5 3 51 36 5 55 18 52
35 35 20 43 51 13 43 58 38 23
34 55 36 5 19 13 31 35 22 38
27 60 36 27 55 37 47 3 2 38
52 60 10 37 58 20 58 15 39 60
53 50 62 19 10 61 52 29 10 60
15 35 39 42 5 44 19 5 23 6
28 53 22 22 2 30 42 30 60 12
38 59 46 44 61 34 50 4 62 45
53 28 7 62 50 15 26 63 47 61
23 22 50 36 12 34 11 18 53 44
62 58 55 27 19 11 4 7 47 62
47 5 46 45 55 63 37 47 61 53
10 19 50 21 28 14 58 22 30 15
59 31 21 61 58 34 3 23 60 2
46 19 14 18 2 42 54 50 23 6
58 63 37 21 60 27 15 52 45 50
35 60 22 3 53 53 51 6 39 63
4 63 10 45 7 29 2 23 26 12
31 29 59 3 12 21 7 28 52 22
36 43 63 29 47 50 61 35 7 26
36 34 14 12 46 20 51 62 13 38
10 59 50 36 61 53 37 59 52 63
44 35 3 10 58 44 30 27 45 42
54 63 43 12 12 28 6 38 26 58
35 53 7 42 7 13 6 28 55 53
60 51 20 52 43 28 38 20 50 29
21 20 12 30 34 31 18 39 31 7
44 13 3 53 5 19 14 18 58 58
19 39 36 60 5 10 31 27 31 35
53 35 60 55 50 62 59 42 10 11
4 10 39 14 3 53 42 61 15 4
63 20 61 6 20 42 23 26 58 36
43 15 13 19 37 23 54 42 7 22
37 55 4 42 38 22 13 38 15 58
43 31 37 12 43 46 11 50 22 38
26 10 60 54 38 18 11 42 5 42
13 21 60 29 47 4 38 60 28 27
5 27 14 55 54 20 11 54 6 63
21 46 14 30 6 14 37 45 39 51
36 35 58 47 43 45 46 44 28 19
6 2 45 53 35 54 39 27 60 55
21 60 38 15 13 39 21 43 18 42
37 5 22 35 37 63 58 14 38 20
31 54 45 46 10 14 23 36 58 21
26 21 38 27 61 28 27 12 58 42
37 26 46 39 43 29 35 62 37 15
11 39 3 10 46 53 29 45 61 27
59 22 7 43 34 34 13 42 61 23
58 26 63 61 29 63 12 6 37 22
6 60 63 38 46 31 47 12 28 10
35 3 50 42 30 23 50 63 38 23
2 28 26 19 5 39 4 35 21 62
20 3 2 28 37 42 35 53 46 45
5 39 53 28 63 58 54 27 59 6
36 53 37 55 35 45 37 29 22 37
7 46 26 26 29 29 14 39 11 5
14 26 51 45 11 36 2 37 29 42
60 12 55 31 29 38 14 31 37 37
47 23 34 43 23 59 46 60 28 26
42 34 51 38 18 30 43 35 54 5
28 47 42 3 23 20 21 3 11 20
6 4 45 62 20 29 36 19 3 22
37 45 37 28 51 29 38 4 62 50
21 12 37 58 20 62 59 47 19 20
38 21 36 4 62 35 39 13 60 58
38 15 38 14 62 26 52 3 61 59
20 4 52 14 63 22 18 37 21 50
47 52 44 31 60 61 46 7 58 38
