5 1 7 4 5 1 2 5 7 2
7 3 5 0 4 3 7 4 6 6
5 3 3 1 5 3 6 5 4 5
3 1 4 5 2 7 0 7 3 4
6 7 5 0 6 6 6 4 4 5
5 3 1 3 2 7 5 1 0 4
6 1 1 4 1 1 5 7 1 2
1 7 2 2 3 4 7 7 5 0
2 4 3 7 3 6 5 6 7 4
5 1 6 6 0 0 5 7 4 3
5 0 5 5 2 5 3 3 4 2
5 6 3 4 4 3 0 6 1 7
7 3 0 4 6 3 6 7 5 3
4 5 2 4 4 4 0 4 5 5
7 2 4 4 7 1 0 5 7 2
7 1 5 3 6 7 1 2 5 5
6 0 6 5 5 1 4 3 1 4
4 4 5 6 1 6 4 2 7 7
1 0 4 1 6 1 6 6 2 7
4 4 6 2 5 3 5 7 7 5
3 1 4 4 6 4 5 6 2 0
6 4 3 1 5 3 7 2 6 3
5 6 3 0 5 0 6 1 7 3
1 6 2 3 6 7 1 3 7 6
2 3 2 2 6 1 2 6 5 5
1 2 5 6 5 1 5 2 0 5
0 3 0 3 4 3 6 6 7 1
4 7 3 5 3 3 1 3 0 7
5 3 2 4 6 1 1 3 1 5
2 0 7 4 1 4 3 1 4 2
1 3 3 5 4 4 3 1 0 6
0 4 6 0 7 7 0 5 0 2
1 5 4 5 2 5 5 5 7 4
6 4 5 5 4 4 0 2 6 3
2 0 2 6 0 7 2 7 2 4
5 0 4 1 6 3 1 6 6 7
0 2 5 5 1 7 0 6 1 7
5 3 1 1 6 5 7 2 1 2
7 7 4 5 4 6 5 7 1 0
1 2 4 7 3 5 7 2 0 0
3 4 0 2 2 6 5 5 0 3
3 4 1 1 4 1 0 0 5 7
2 0 1 7 1 7 2 2 4 7
1 4 1 4 5 1 4 0 6 3
4 1 6 6 2 0 4 4 7 5
4 5 3 4 6 3 5 3 3 4
7 3 2 3 5 5 7 3 0 1
1 4 5 2 4 1 7 2 6 6
2 0 4 1 4 0 6 6 5 4
4 2 1 3 1 3 7 1 0 3
7 2 1 4 1 0 6 7 7 5
2 6 0 7 4 1 6 5 0 7
4 7 4 2 7 4 4 1 7 5
3 2 3 5 5 3 6 3 2 3
1 6 1 7 5 3 1 4 4 0
1 7 0 1 6 6 0 2 4 2
3 2 1 0 0 3 5 6 2 5
5 3 6 6 4 6 7 2 3 1
1 6 3 3 4 1 0 1 3 6
5 6 2 2 6 5 0 7 5 4
1 0 0 1 2 4 7 3 2 0
5 7 2 5 6 5 3 7 7 0
2 7 5 6 1 6 4 5 2 3
5 6 5 0 2 6 4 3 2 0
6 6 2 0 5 0 6 0 1 4
3 1 0 6 4 3 3 4 3 6
6 2 0 1 5 5 6 5 1 3
0 2 2 5 0 2 5 2 6 4
5 5 4 2 0 1 3 7 6 7
5 3 3 6 1 2 7 5 6 1
0 5 5 6 0 4 5 5 0 0
4 0 2 5 7 4 6 2 7 3
0 4 4 7 6 3 3 2 0 4
5 5 6 3 7 0 3 5 4 3
6 5 6 7 0 1 5 7 5 2
6 0 5 3 4 3 6 4 1 1
5 0 1 6 3 1 0 1 1 6
5 3 3 3 7 5 0 3 5 0
3 6 4 7 3 6 2 7 7 0
7 3 2 1 5 5 6 6 7 6
2 5 5 3 0 4 6 3 0 3
1 6 3 6 4 7 5 3 2 3
6 5 3 2 4 0 2 0 5 5
0 7 3 5 6 6 3 3 2 0
3 1 0 2 1 6 4 1 2 5
5 0 5 7 1 2 1 6 4 7
5 3 1 3 5 6 3 6 5 6
6 2 5 2 2 4 6 2 0 2
4 6 1 4 3 5 4 1 6 5
1 3 7 6 7 3 4 0 5 6
0 5 4 3 0 3 4 3 5 3
1 7 5 6 2 2 4 0 2 1
0 0 2 2 1 6 5 5 0 2
3 0 4 2 6 3 1 6 4 0
3 2 4 4 0 2 0 1 3 3
4 1 1 6 3 7 0 6 4 1
6 0 6 2 2 7 4 5 1 6
0 2 2 5 3 4 7 1 1 2
5 6 0 3 3 6 1 3 0 3
5 3 7 0 5 1 4 4 5 1
43 12 60 38 43 10 21 45 58 22
59 29 42 6 34 29 62 35 54 53
42 31 30 10 47 30 52 46 36 42
30 12 39 47 18 62 2 61 27 35
52 60 44 6 53 52 51 37 34 43
43 31 12 27 20 60 45 10 7 37
52 13 13 38 15 12 47 60 10 22
11 63 20 21 30 34 61 63 44 6
19 36 28 58 28 51 47 52 62 39
44 15 53 55 5 3 45 60 36 31
47 6 44 43 21 42 30 31 39 19
47 52 30 35 36 31 4 55 10 61
59 28 6 39 51 31 51 59 44 28
37 46 23 36 34 35 3 39 46 46
59 22 39 38 61 13 3 42 59 20
61 10 44 28 54 62 15 18 45 45
52 7 50 42 45 15 39 30 14 38
36 34 47 53 13 54 34 20 61 62
11 2 37 15 51 14 52 52 18 59
36 34 51 22 46 28 42 58 58 47
30 10 39 35 50 34 44 55 22 6
54 36 28 10 44 30 59 20 55 30
45 52 28 7 43 5 51 11 62 30
13 52 22 27 50 62 15 31 63 51
20 29 20 22 53 11 21 54 43 47
14 18 42 55 45 12 47 23 2 43
5 28 2 27 37 30 53 55 63 13
38 59 31 46 31 26 12 27 4 59
45 28 23 35 53 12 15 27 12 45
18 2 60 37 14 38 29 11 37 18
10 26 26 43 38 38 26 15 2 52
4 39 53 5 62 58 2 45 7 22
15 43 35 46 23 42 44 47 59 35
55 35 44 47 36 38 2 19 53 28
20 4 21 52 6 62 19 59 18 35
46 3 34 15 51 30 10 55 55 58
5 18 44 43 13 63 7 51 10 59
45 26 11 15 53 44 58 21 12 18
58 61 39 43 36 52 42 61 14 5
14 20 39 63 30 46 58 21 7 3
30 38 5 23 22 54 47 46 6 29
26 36 15 10 34 15 6 4 43 59
18 5 15 60 12 62 19 18 37 62
14 37 14 39 42 14 34 7 50 27
36 12 55 54 19 6 35 39 61 47
39 47 27 35 53 31 43 26 31 35
61 29 19 27 47 46 63 26 5 15
14 34 43 19 37 11 63 19 51 53
22 3 39 15 38 4 55 50 42 38
38 23 11 31 15 26 59 10 3 26
63 23 12 38 14 5 54 61 59 44
20 55 2 59 34 11 53 44 2 58
34 63 34 23 58 35 38 14 63 42
27 23 30 43 44 27 55 27 19 30
15 54 15 58 43 30 10 36 39 4
11 62 2 13 51 50 7 20 36 19
26 18 13 4 5 31 42 53 21 46
42 28 50 55 36 52 58 21 26 15
10 50 28 28 39 11 6 12 30 50
42 55 23 19 54 42 6 60 43 39
15 2 4 11 20 35 59 31 19 4
44 63 20 44 51 47 31 60 58 4
22 63 42 50 13 50 38 45 20 26
43 52 43 4 23 54 34 29 18 5
53 55 21 3 45 7 52 2 11 35
31 12 6 50 37 27 31 38 27 50
53 22 4 13 42 42 55 43 13 26
5 20 19 44 7 18 47 21 55 37
43 45 39 21 5 14 26 62 50 62
42 30 28 51 12 22 60 46 54 13
3 45 45 55 4 36 46 43 7 5
36 7 22 42 61 37 52 19 58 26
6 35 37 63 50 26 27 18 7 35
46 45 52 29 58 7 26 46 35 28
50 46 50 59 7 15 45 63 43 19
55 5 43 27 34 28 55 34 13 10
44 2 11 51 29 14 2 10 13 52
43 26 28 30 63 43 3 28 42 3
28 53 36 61 26 50 20 59 62 5
61 31 21 13 43 45 55 51 59 55
23 46 43 27 5 39 50 28 6 27
12 52 31 51 35 60 47 30 22 29
53 45 30 19 34 2 23 6 47 47
2 62 27 47 53 55 26 30 21 5
30 10 3 23 11 51 36 12 20 44
42 2 42 61 15 18 11 50 37 60
44 26 14 30 47 54 29 50 43 53
50 22 44 22 20 37 55 23 5 18
34 55 14 34 27 43 37 14 51 43
13 27 62 50 60 29 35 4 43 54
3 46 35 29 3 29 36 31 42 27
14 62 46 51 22 21 36 2 22 14
7 7 20 22 10 54 42 42 4 20
28 6 35 21 52 26 11 55 37 7
27 18 35 37 5 21 6 10 29 31
34 10 14 51 31 60 7 54 36 14
52 4 53 18 22 63 39 42 14 51
5 19 23 47 28 39 59 12 13 20
45 50 4 31 28 54 15 27 2 31
46 29 58 3 46 15 35 37 46 15
