4 5 7 2 7 4 4 1 6 2 0 0 3 2 5 6
7 1 5 4 1 1 2 2 2 5 2 3 2 7 2 4
6 7 1 3 1 2 2 7 5 4 4 7 0 2 2 5
3 0 3 4 5 3 7 3 0 0 5 4 3 2 1 3
2 3 6 3 1 0 5 2 7 1 1 2 3 2 6 1
0 0 4 1 7 0 2 2 1 6 2 4 4 7 2 3
3 3 6 3 6 1 7 0 4 3 4 4 6 0 1 4
0 6 1 6 3 5 1 4 1 0 7 7 2 2 6 2
3 3 0 7 1 4 3 6 7 3 1 4 1 5 2 5
3 7 0 7 7 5 2 0 6 7 0 3 3 6 5 7
4 3 6 0 1 0 0 3 1 1 5 7 5 6 1 2
6 6 6 2 3 3 2 1 7 7 3 3 4 1 7 4
5 3 6 4 0 5 2 1 4 7 7 7 7 1 6 7
2 1 4 7 6 1 0 2 0 3 3 7 3 0 2 5
6 1 7 4 3 0 0 2 4 0 7 5 3 3 3 0
3 6 6 4 2 1 1 1 6 4 6 4 2 4 7 7
35 43 62 23 61 39 34 13 50 23 6 4 30 22 47 51
60 12 46 39 10 13 21 21 20 46 18 28 23 63 23 36
53 59 14 28 13 23 21 60 44 39 37 63 3 18 21 42
26 4 26 35 47 27 62 31 2 6 45 36 30 20 15 29
19 30 50 30 11 7 45 23 59 10 14 21 31 19 55 11
6 5 36 15 60 3 20 22 10 52 22 34 36 60 18 26
30 27 55 26 53 12 59 3 39 27 37 38 53 5 15 36
6 55 10 50 30 47 14 34 13 7 60 59 18 20 54 21
26 28 6 61 12 34 28 51 58 27 12 38 10 47 18 44
30 59 7 59 63 46 20 4 51 61 5 29 26 51 42 60
38 26 51 2 12 7 4 28 14 12 45 60 46 54 15 21
50 52 52 22 29 27 19 11 60 62 31 26 35 15 59 34
45 27 50 35 6 44 18 13 37 62 61 58 63 12 51 58
20 13 37 61 51 12 4 18 6 29 28 58 27 2 19 42
55 14 63 36 29 6 7 22 35 7 60 46 31 30 29 6
28 53 53 36 21 14 11 10 54 39 54 38 18 34 60 58
