4 3 2 3 7 3 4 4 7 1
7 3 3 0 5 5 5 7 6 0
7 7 5 2 6 4 2 4 3 7
6 4 4 1 6 6 5 4 2 5
1 1 3 1 0 0 2 1 4 3
0 2 1 0 2 2 1 3 5 2
6 5 1 1 7 4 2 3 1 1
1 1 0 6 4 2 5 6 3 2
0 3 7 7 3 0 2 2 3 2
6 2 2 5 7 1 6 0 4 3
4 4 0 7 6 5 0 1 5 3
5 3 2 3 7 1 3 6 4 2
3 0 0 4 7 5 1 0 2 2
1 6 3 7 1 3 2 5 1 1
0 2 6 0 7 2 7 5 6 6
2 5 4 6 2 3 5 0 1 2
6 0 2 1 2 3 1 6 3 6
6 4 1 4 1 1 5 7 0 5
7 3 4 4 2 2 6 7 2 6
7 6 7 5 0 3 7 3 5 7
5 1 3 6 3 7 4 7 7 4
1 2 2 2 2 0 3 7 0 6
4 3 4 7 6 0 3 4 6 6
7 3 0 6 5 1 6 5 1 1
6 1 0 6 5 3 0 3 1 2
7 7 5 5 2 2 2 1 3 2
0 3 3 7 4 6 4 7 1 6
0 2 0 1 5 4 5 3 5 4
5 5 6 3 1 3 1 6 1 0
3 6 3 4 0 4 4 7 5 2
1 7 3 3 4 5 2 5 7 5
7 0 0 3 1 1 2 4 6 6
2 1 5 7 0 4 6 6 1 1
1 6 3 1 6 7 3 0 5 3
4 1 7 2 0 1 3 6 2 2
5 5 7 0 2 0 5 2 6 2
6 4 2 0 4 2 3 6 1 7
4 7 6 5 4 3 7 1 5 2
6 6 3 5 6 0 4 2 5 4
0 3 7 2 3 5 4 0 1 0
5 7 7 7 7 4 6 5 6 7
6 4 5 4 1 7 0 4 7 4
7 6 7 3 6 0 3 4 6 7
6 1 6 7 2 0 1 6 6 7
7 7 6 5 0 0 6 6 6 4
1 2 6 2 3 6 1 6 1 6
5 1 0 4 5 5 2 3 3 5
0 2 2 7 2 4 0 6 2 5
4 0 4 6 0 2 0 4 0 1
4 6 1 3 4 2 0 7 0 2
1 0 1 5 6 3 6 0 1 0
4 6 2 6 3 1 1 6 1 5
5 2 4 0 7 0 7 1 1 2
2 7 7 4 2 4 2 0 4 7
1 2 6 3 4 6 5 2 2 4
1 7 7 2 0 3 6 1 1 1
1 0 4 4 6 5 5 4 6 7
1 4 5 2 7 6 1 0 7 0
4 6 3 5 7 6 5 1 1 0
5 7 6 7 7 0 3 6 2 3
5 0 7 3 7 3 4 7 2 4
2 4 7 0 3 0 7 2 0 1
6 5 6 1 6 1 6 7 3 6
2 3 7 1 4 6 4 0 4 5
4 0 1 7 5 7 2 5 3 5
1 4 2 6 5 7 5 2 6 6
1 2 2 7 7 5 2 3 5 1
2 3 1 6 3 3 4 5 5 5
2 2 5 4 2 0 2 0 1 1
4 7 1 3 2 3 7 5 1 2
6 1 2 5 2 5 2 3 1 2
7 7 3 4 7 6 4 4 4 4
4 3 7 5 2 1 4 0 0 1
0 5 7 1 1 4 0 2 7 4
1 2 2 5 6 1 6 7 6 7
2 1 6 3 0 4 4 6 6 2
4 4 2 2 3 4 4 1 6 2
5 0 5 2 4 7 4 2 4 4
2 4 6 0 1 1 2 3 3 7
5 6 0 5 3 1 7 5 6 4
5 4 4 1 5 0 3 4 5 5
4 6 3 7 4 4 3 6 5 6
1 0 0 0 5 0 6 5 3 2
3 1 4 7 3 0 5 6 1 4
0 7 2 4 6 2 1 6 0 2
4 0 5 0 3 4 0 5 0 6
5 3 4 6 5 0 4 5 7 5
5 2 4 0 5 4 7 7 6 6
7 0 6 7 3 2 5 7 7 4
4 1 2 5 4 7 1 5 3 3
2 3 2 2 6 4 6 2 7 7
2 7 3 3 0 5 0 7 7 5
4 5 2 7 1 0 1 7 1 7
7 6 0 7 4 3 7 3 2 0
2 4 4 1 6 6 7 1 3 0
3 7 1 3 6 0 2 1 5 3
7 3 5 0 7 2 0 4 0 5
5 4 5 7 1 6 7 6 3 2
4 3 3 5 0 3 7 5 0 7
5 4 5 3 3 0 0 4 1 5
37 29 21 30 63 30 37 34 58 15
58 29 31 5 45 45 47 60 55 5
61 61 43 22 52 37 19 38 29 58
53 39 38 14 55 51 47 35 23 44
15 11 29 15 3 6 21 13 34 28
7 22 14 2 21 19 12 26 46 21
52 43 15 13 63 36 19 26 13 10
15 14 6 51 34 18 43 54 31 18
6 26 62 63 28 6 18 23 30 21
51 20 23 46 61 15 51 6 39 31
34 34 6 63 55 46 6 14 46 31
46 26 18 27 61 12 30 52 35 19
31 2 3 38 61 42 13 2 23 20
12 54 27 58 15 26 20 42 15 13
5 18 53 6 62 23 62 47 50 50
19 42 37 50 20 27 46 6 12 19
52 4 23 11 19 27 13 52 29 51
53 34 13 35 13 11 45 62 4 45
58 26 37 39 19 23 52 62 23 53
63 55 63 45 3 29 58 29 42 62
42 14 29 53 31 62 39 60 58 36
15 18 23 20 18 7 28 58 4 55
35 27 38 58 55 5 28 37 50 50
58 29 3 54 42 14 52 43 11 11
53 11 7 54 42 31 4 27 15 22
59 59 43 43 20 18 18 15 28 20
4 27 30 59 35 55 38 59 13 54
7 19 2 12 47 38 44 27 42 38
46 43 53 29 15 29 10 51 14 2
27 52 27 36 6 36 37 63 47 18
15 60 29 27 35 42 19 47 62 44
59 3 3 31 12 15 20 35 55 53
20 12 44 59 2 37 53 54 10 11
13 50 30 10 54 60 29 4 45 27
36 14 58 21 5 14 30 53 21 21
42 42 61 7 23 7 42 18 53 20
55 39 19 7 36 19 31 53 13 58
34 63 55 43 37 27 63 12 44 23
52 52 29 45 52 2 38 21 45 38
2 31 63 19 26 45 39 2 10 3
43 62 60 59 63 39 50 44 53 58
54 38 44 39 13 61 4 37 59 34
61 51 62 29 55 2 27 37 52 63
50 12 53 61 20 3 11 53 50 62
61 59 53 44 5 2 50 50 50 34
12 22 53 23 31 50 11 50 10 55
44 14 7 35 46 46 21 30 29 45
4 21 19 63 18 37 5 52 20 45
38 4 38 55 2 18 3 37 2 10
34 50 11 26 35 21 3 60 4 19
12 6 10 43 55 28 53 7 10 5
39 52 23 55 26 11 15 51 10 44
44 19 37 5 59 7 61 12 10 20
18 59 60 38 21 34 23 3 39 61
15 19 54 28 37 55 43 23 18 37
13 61 60 20 5 28 53 12 12 14
13 2 39 35 51 43 44 39 52 62
13 39 46 23 59 50 12 6 61 5
36 54 26 47 60 51 44 13 14 2
44 62 51 61 59 4 28 52 18 28
42 3 61 26 58 29 38 63 19 38
23 38 58 3 31 3 59 18 3 12
54 45 50 10 53 10 51 62 29 53
21 30 62 11 35 55 37 7 35 44
35 3 11 62 43 59 21 45 29 47
10 37 20 54 43 61 46 19 53 55
14 22 22 60 63 43 18 26 47 14
20 31 14 51 26 29 37 43 47 47
18 20 42 35 19 7 19 7 15 13
35 60 13 29 20 29 62 45 11 22
55 13 19 42 20 45 22 30 10 22
60 61 28 34 62 55 37 39 39 34
38 29 61 45 19 13 37 2 2 11
6 45 62 12 12 37 3 23 58 37
12 19 22 43 50 15 54 58 55 59
23 12 50 26 6 38 36 54 55 23
38 39 19 22 26 35 39 15 55 23
42 5 44 21 38 60 38 21 35 34
19 35 55 6 14 11 20 29 26 59
45 55 3 47 30 12 63 43 52 38
43 34 37 15 47 2 30 34 46 47
39 54 28 61 39 36 30 55 47 55
14 7 3 7 43 4 50 42 29 18
31 15 34 61 29 2 43 51 10 35
6 59 20 37 51 22 10 54 5 18
35 6 44 7 31 37 2 47 7 50
45 27 36 51 47 5 35 43 58 43
47 18 39 3 44 34 63 58 52 52
61 4 54 59 28 22 46 63 60 37
37 14 22 47 36 59 10 42 31 31
23 31 21 20 55 34 52 18 58 58
18 60 28 28 5 44 7 62 61 45
39 47 20 61 14 3 14 60 12 62
59 51 4 63 36 31 58 27 20 7
23 37 34 15 52 53 59 11 28 5
30 60 12 26 50 7 23 11 44 31
62 31 46 7 62 20 6 36 7 45
46 39 44 62 12 51 58 50 30 19
36 27 30 44 3 31 59 44 7 58
42 34 44 27 31 7 2 37 11 45
