5 7 2 3 4 0 0 6 6 5
5 0 0 1 6 7 0 0 6 1
4 3 4 1 2 7 3 3 3 2
1 0 6 1 6 2 2 4 1 3
3 0 2 3 4 7 2 3 0 4
5 4 0 0 6 2 1 3 3 0
3 3 1 6 3 2 4 6 6 4
6 2 0 2 7 4 4 6 6 6
5 2 6 2 2 2 1 1 4 2
5 0 1 1 7 5 4 5 2 0
1 4 2 4 3 3 3 5 0 3
7 3 1 1 4 4 1 0 0 6
7 2 2 6 7 2 0 2 7 7
0 0 7 1 5 1 5 4 7 2
1 4 3 0 6 6 3 7 4 0
0 0 2 4 6 7 3 3 4 1
4 7 7 3 2 5 4 6 5 5
1 7 7 4 4 6 2 6 6 0
2 6 4 2 5 5 1 1 1 1
2 4 5 5 7 1 0 6 0 6
5 0 6 4 2 2 4 3 4 3
5 5 4 7 5 2 2 1 5 1
3 6 4 4 0 7 3 5 0 4
4 2 6 1 7 1 0 2 1 4
3 4 7 5 1 5 0 3 1 4
6 3 0 3 0 0 5 3 0 0
7 1 6 6 1 2 1 1 0 5
1 6 5 2 6 7 0 6 5 6
2 5 7 0 1 1 0 1 0 6
2 6 3 2 0 4 5 4 4 1
5 5 0 7 5 7 4 2 7 4
6 0 0 6 2 2 3 5 2 6
6 0 2 2 6 4 5 4 1 6
4 5 2 2 2 2 5 0 3 6
6 5 3 3 1 4 3 1 2 1
5 3 3 5 3 0 7 4 7 4
1 0 3 1 2 1 5 4 1 1
7 0 5 6 5 6 1 6 1 5
5 0 1 6 5 2 3 1 2 2
4 4 3 4 5 4 4 7 7 5
5 2 4 6 2 2 5 4 2 3
5 7 0 7 2 1 5 7 6 7
1 1 7 0 6 3 1 5 5 1
7 1 0 2 4 6 4 5 6 1
0 6 2 0 0 2 4 2 7 3
5 1 6 7 5 4 2 5 6 0
2 5 4 7 3 0 6 0 5 4
5 2 7 7 5 7 6 4 5 2
3 5 2 3 2 7 2 7 0 1
3 1 1 5 7 1 4 0 5 7
3 4 3 7 6 0 7 7 2 2
6 6 2 7 6 3 3 5 4 1
7 3 7 0 2 5 4 1 4 1
5 2 7 3 2 0 0 5 4 0
2 3 2 3 0 6 1 1 4 2
5 1 5 5 5 3 2 6 5 2
1 3 1 6 6 0 3 1 0 6
1 3 1 4 0 5 5 7 4 6
6 2 1 4 4 5 5 2 0 4
0 0 5 5 1 1 7 4 6 3
3 4 6 0 5 4 6 2 4 5
2 4 5 4 3 4 4 0 1 1
3 6 6 4 3 6 0 7 7 1
0 6 6 1 0 6 0 2 3 6
1 1 4 1 6 3 6 2 4 7
1 6 5 5 6 6 6 6 4 0
3 5 4 1 6 5 6 2 1 7
0 1 3 2 7 4 3 5 2 0
1 6 0 7 5 5 0 1 5 7
6 6 5 0 3 2 7 4 7 4
2 6 3 5 2 4 4 5 3 3
2 1 4 5 7 4 7 4 2 4
3 1 1 0 4 7 0 4 5 4
0 1 6 1 6 5 0 7 1 6
6 4 7 4 5 1 6 7 5 0
7 6 7 4 1 1 1 1 3 6
3 6 6 6 6 5 3 3 4 5
5 1 1 0 4 6 5 1 2 7
2 2 5 6 2 7 7 2 0 7
4 6 6 0 5 2 7 0 0 2
5 4 7 2 1 0 1 1 4 4
0 5 3 3 2 5 4 7 4 1
3 2 2 0 1 4 5 1 4 0
3 0 0 7 6 5 1 0 0 5
1 6 6 4 0 6 4 7 2 3
5 6 2 1 2 4 3 1 4 6
1 2 1 3 3 3 3 3 0 6
1 2 2 4 3 6 5 5 7 6
4 6 5 4 2 1 2 7 4 1
6 1 1 0 4 6 2 7 2 0
4 4 7 0 4 5 0 3 7 0
6 1 0 5 5 0 5 1 4 3
2 6 6 1 6 1 1 3 5 3
2 7 4 1 5 5 0 6 3 2
1 1 6 2 0 2 1 2 3 4
3 7 1 1 5 0 2 4 2 2
0 7 6 7 0 6 1 7 1 4
6 3 4 7 1 4 4 1 1 5
5 4 6 7 6 2 4 5 7 4
0 7 1 4 6 6 5 1 4 2
44 59 20 30 39 5 7 53 51 44
44 6 5 11 52 59 2 2 50 14
35 30 39 14 23 62 26 30 29 20
13 4 52 13 51 22 20 39 12 26
31 3 20 29 37 62 18 31 4 38
44 38 5 5 52 18 14 29 29 2
30 31 14 55 31 18 39 55 55 36
50 20 3 23 58 37 34 52 53 54
44 20 54 21 20 21 11 10 35 22
43 7 12 15 61 45 38 42 19 7
13 35 21 37 29 30 28 42 6 30
59 26 10 13 34 39 11 7 4 50
62 20 19 53 63 20 2 21 58 61
7 5 59 14 47 10 42 36 62 23
13 38 31 5 50 51 31 60 34 4
7 3 19 39 53 63 28 31 38 11
39 58 62 28 22 42 34 51 43 44
10 60 58 37 34 54 21 55 50 6
20 51 37 23 43 46 12 14 14 14
23 36 44 46 63 12 2 53 3 54
47 3 55 37 18 21 38 30 39 30
42 42 38 58 45 22 23 11 42 12
30 54 35 38 3 58 29 44 3 36
38 23 55 15 58 10 2 22 12 34
30 39 62 46 13 43 5 29 14 34
53 26 3 27 2 2 42 30 6 5
63 15 51 52 15 18 15 14 6 45
14 50 45 20 54 59 5 52 43 51
19 46 61 6 14 12 3 12 2 50
20 52 26 21 2 35 45 34 38 13
43 45 4 61 42 63 37 22 63 34
53 7 7 53 20 19 26 42 23 51
55 7 21 21 53 38 44 34 12 50
39 42 19 23 20 20 45 3 31 51
53 42 30 29 15 38 29 13 21 12
43 31 30 45 27 5 59 38 61 39
13 5 28 11 23 15 45 39 14 11
62 5 46 51 46 54 11 55 15 46
47 4 11 54 43 23 29 15 23 23
39 35 29 37 44 37 35 62 61 46
47 18 36 52 22 21 43 34 23 27
43 63 2 62 19 12 46 63 54 62
11 11 58 3 50 27 13 45 42 11
60 12 6 21 38 55 34 44 53 14
6 52 19 3 2 22 39 20 60 29
45 12 55 63 46 34 22 47 53 5
19 44 35 61 27 7 53 5 44 34
42 20 59 61 45 58 54 34 42 21
27 44 20 31 19 58 22 61 2 12
29 11 11 43 58 13 35 7 47 59
27 35 26 62 53 2 63 60 21 19
51 51 21 61 55 30 26 46 34 15
61 30 62 7 21 46 37 15 37 11
47 21 59 30 22 7 6 43 37 5
20 26 18 31 6 51 13 12 37 23
46 15 43 47 43 29 20 55 46 18
15 26 14 54 55 6 28 11 5 54
15 26 10 37 7 47 45 61 34 54
54 23 11 34 37 44 42 20 4 34
4 2 46 42 10 12 60 39 54 26
29 38 55 6 43 35 55 19 36 46
21 34 43 37 30 38 36 5 15 15
29 55 52 35 27 54 3 63 63 13
2 54 55 12 5 55 5 22 31 51
13 10 34 13 50 27 52 19 39 62
11 50 45 42 52 55 54 51 35 2
27 43 39 13 54 44 52 22 13 62
2 14 28 22 58 34 30 45 23 5
14 52 5 60 47 43 2 12 42 60
53 55 46 4 27 21 61 38 58 34
23 50 28 42 19 34 35 42 27 27
19 15 37 45 60 34 61 35 23 39
29 12 11 3 34 59 4 37 44 37
2 11 52 15 55 46 6 59 12 54
50 34 60 34 44 15 55 59 44 4
58 50 61 35 14 14 10 13 29 52
31 53 54 51 53 43 29 27 37 42
47 14 10 7 38 55 45 12 18 60
22 18 42 55 20 63 58 20 5 60
37 52 52 4 42 20 63 4 2 20
47 34 59 21 11 4 11 15 36 39
2 45 29 27 22 45 38 59 39 15
27 19 20 5 11 38 45 15 37 3
31 2 5 63 51 45 13 6 3 42
11 53 52 35 7 50 34 61 22 26
45 51 20 10 19 37 27 14 34 50
11 22 15 26 28 31 31 27 6 51
13 21 22 38 30 54 42 47 59 55
34 51 46 37 22 14 23 58 35 13
54 12 13 7 34 52 19 58 18 5
37 38 58 6 39 43 6 27 63 5
51 11 7 44 45 7 47 10 34 26
21 50 55 15 55 13 12 26 42 29
19 60 35 14 43 44 2 54 27 18
11 13 55 19 2 18 11 22 28 35
30 60 10 13 44 5 18 34 18 22
3 62 53 59 6 52 14 60 15 36
52 27 34 58 14 39 39 14 15 43
47 35 51 58 50 22 34 45 60 39
4 61 10 34 53 52 44 12 34 21
