6 5 4 4 5 6 0 5 2 5 2 7 7 1 5 7
5 0 4 0 4 7 5 5 5 6 0 3 3 1 1 7
3 6 0 2 1 0 5 7 1 2 2 1 0 2 2 5
3 2 3 7 4 5 2 2 4 2 1 6 1 0 5 5
7 1 3 5 6 5 2 3 6 4 1 2 4 4 0 6
0 6 6 0 4 7 0 5 1 5 3 4 7 6 7 3
3 1 5 1 1 6 7 4 5 5 2 4 5 2 4 7
6 3 4 0 1 1 7 4 1 2 0 2 7 2 2 1
4 3 0 3 7 6 7 0 4 3 5 0 7 1 2 6
5 7 0 6 7 0 0 3 7 2 5 5 3 5 0 5
0 7 4 7 5 2 5 3 2 4 1 3 2 5 7 1
6 4 1 3 0 3 2 2 2 0 4 2 6 5 6 4
0 4 4 1 7 7 6 0 0 4 5 5 0 5 7 2
4 2 3 2 7 7 2 4 0 2 5 1 0 2 6 2
6 5 2 1 0 5 7 3 4 3 1 1 2 3 3 4
2 4 5 4 3 4 5 3 5 1 1 7 7 5 7 1
51 44 37 34 43 55 7 44 19 42 21 60 59 15 44 61
46 7 38 2 38 61 46 42 45 50 3 29 26 15 14 58
27 50 3 20 12 6 44 62 11 23 22 10 6 23 18 45
28 19 26 61 39 42 20 23 35 23 13 54 12 4 46 42
61 13 31 45 51 42 18 26 51 37 14 18 35 39 3 55
2 52 55 3 38 59 3 45 11 43 26 38 62 51 60 30
29 10 43 12 13 53 63 39 47 44 23 39 43 19 39 62
50 31 35 7 15 15 60 39 11 18 2 18 61 19 21 13
37 26 7 28 61 50 60 4 38 31 46 4 60 13 20 53
45 59 2 53 63 3 7 27 58 18 45 45 28 47 7 44
2 62 34 60 42 22 46 26 20 37 15 28 20 42 60 13
53 39 15 27 2 31 21 19 21 7 35 18 51 47 54 35
3 35 38 11 62 63 51 5 6 34 46 46 5 46 59 21
37 18 31 18 61 62 20 34 5 20 42 11 3 20 52 20
54 45 21 15 7 42 60 28 38 28 15 11 23 27 30 37
20 38 45 39 30 36 43 28 47 11 11 59 59 42 62 10
