3 2 1 0 4 5 6 3 5 7
7 0 1 1 6 5 4 3 5 2
0 4 6 3 7 2 0 2 2 2
1 7 1 3 0 2 4 6 6 6
7 2 5 0 3 7 5 2 5 7
0 1 3 7 4 6 5 0 7 1
5 1 0 3 1 5 7 0 6 2
3 7 2 4 6 1 5 0 1 7
4 3 5 6 2 3 7 7 6 3
6 2 3 2 0 5 5 1 0 2
7 5 4 5 4 7 7 7 6 1
7 4 4 6 1 5 3 1 0 3
7 5 6 5 6 3 6 4 5 2
2 2 5 1 5 3 2 4 2 0
0 6 4 5 4 7 3 4 1 2
6 2 1 2 4 4 3 0 1 6
4 0 2 6 3 6 0 6 1 0
3 3 2 0 5 2 1 2 4 3
0 7 5 3 3 2 2 5 5 0
7 1 3 3 0 3 3 0 6 5
3 5 3 6 6 7 0 6 6 7
4 2 3 5 5 4 1 1 0 0
6 2 1 7 6 7 6 2 7 4
6 6 0 2 6 1 0 4 1 0
7 1 3 2 4 3 2 1 2 1
3 6 1 1 0 2 7 5 2 0
4 7 7 2 4 1 5 4 2 1
4 0 1 4 7 5 7 6 0 1
3 2 6 2 2 5 1 7 6 2
7 7 0 6 0 1 6 5 5 5
6 2 3 0 5 2 1 2 6 6
2 1 1 5 5 2 4 1 1 0
2 6 1 6 2 6 2 4 0 1
2 7 1 1 0 6 5 3 1 1
1 4 0 6 7 0 3 3 3 1
3 3 6 0 1 6 0 3 6 0
7 7 4 5 7 6 2 1 5 0
7 4 2 2 0 4 5 0 2 1
0 0 6 4 2 1 1 4 6 7
6 2 4 4 1 0 6 2 3 6
3 0 5 3 2 3 0 3 6 4
2 3 2 6 1 4 0 1 7 7
2 2 5 4 3 0 4 7 4 2
7 0 6 6 5 1 2 1 4 1
4 2 0 2 3 5 0 5 0 5
1 4 2 0 2 5 4 3 5 3
3 2 5 2 0 7 5 2 6 0
4 4 3 5 1 5 3 2 5 7
5 5 2 5 5 0 2 1 7 6
4 3 6 3 6 3 5 3 6 1
0 2 7 4 4 6 6 1 1 4
0 2 3 5 5 4 3 5 2 7
5 4 0 6 1 3 1 1 5 2
7 7 6 6 5 5 7 1 3 0
1 0 0 3 7 6 3 6 6 0
6 1 3 1 6 5 2 3 6 0
4 4 0 7 1 7 0 2 7 3
1 4 7 0 1 0 1 2 4 1
1 6 2 4 0 5 3 5 1 6
4 1 6 2 2 7 3 1 2 0
4 4 2 1 5 0 1 7 5 1
5 4 4 0 2 6 4 5 4 6
2 3 4 1 6 7 3 7 2 2
4 2 4 7 5 3 0 0 0 4
3 0 4 1 3 1 7 4 3 4
7 7 6 2 0 6 1 1 3 4
5 2 7 4 1 7 6 5 0 2
1 2 1 3 7 1 4 0 0 5
1 2 4 6 4 1 6 1 2 0
1 2 4 4 1 0 2 5 0 0
5 6 5 0 3 4 6 6 1 5
4 1 3 5 4 3 3 4 3 0
7 4 0 5 1 4 7 0 1 4
5 4 7 2 2 0 7 4 3 1
7 0 5 7 4 6 6 7 3 7
5 6 3 5 7 0 6 1 1 1
0 3 4 6 6 4 6 4 3 7
1 5 3 5 3 6 7 7 5 2
1 5 0 5 7 3 5 0 7 3
6 6 2 2 2 1 3 1 5 2
4 4 4 5 5 7 2 1 4 5
5 6 4 7 5 6 4 4 2 4
6 6 6 7 3 6 2 4 4 3
6 5 3 1 2 0 6 6 0 2
7 3 4 2 6 7 7 7 1 1
2 7 0 3 7 0 6 6 4 0
0 7 5 7 3 4 3 0 2 7
6 2 4 5 5 3 5 5 6 0
3 2 2 2 7 6 1 6 6 3
2 5 5 4 1 1 3 6 7 1
7 2 4 0 3 5 7 6 7 2
7 7 7 6 2 1 3 1 6 6
3 0 2 7 4 3 0 3 0 5
6 3 7 2 0 2 4 5 7 1
2 3 0 0 7 0 5 7 4 0
0 0 3 7 0 5 7 3 1 2
1 0 1 0 5 5 0 7 6 2
0 5 7 5 1 1 5 3 5 4
0 4 5 0 4 1 4 2 2 7
5 1 3 2 7 4 2 2 2 5
29 20 11 5 39 44 51 29 46 63
63 2 13 10 55 46 37 26 44 20
7 35 54 26 60 19 4 18 19 19
15 61 12 29 4 23 36 51 55 52
61 23 45 6 26 61 43 21 47 63
4 11 31 63 34 54 45 4 60 12
42 15 3 30 15 43 59 2 55 22
29 60 22 39 53 14 47 4 15 61
35 31 44 51 21 30 62 60 52 29
51 22 29 23 6 42 46 11 3 19
61 44 37 44 36 63 61 61 51 12
61 36 38 51 14 44 27 12 3 28
60 46 52 45 53 28 53 36 46 19
21 23 42 13 44 30 20 39 22 2
2 51 35 47 35 63 26 37 12 19
50 22 10 19 34 38 28 7 13 50
38 2 20 55 27 53 7 54 14 2
30 31 20 7 47 19 14 21 39 29
6 60 45 27 31 22 23 43 46 2
62 14 27 31 7 28 30 7 50 42
30 47 28 55 52 59 6 54 53 61
38 20 29 47 46 37 12 13 3 5
53 18 12 62 54 58 51 19 60 38
55 55 2 20 50 10 7 37 15 5
59 12 26 18 36 26 22 13 18 15
29 55 15 15 7 22 61 46 18 4
37 62 59 21 37 14 47 38 21 15
37 6 12 38 61 44 60 53 3 10
26 21 53 21 18 44 12 63 55 19
63 59 7 52 2 15 55 43 42 46
51 18 29 4 43 19 12 19 55 53
18 12 14 42 47 20 38 11 12 6
23 52 15 55 21 55 20 36 7 15
19 60 13 13 3 51 47 29 11 13
11 34 5 53 63 5 31 26 31 14
27 29 52 6 10 54 2 26 55 6
62 61 36 45 59 52 23 12 47 5
62 39 18 18 3 39 44 7 23 12
4 4 53 39 20 15 15 37 53 61
50 20 37 38 11 3 53 18 28 55
26 6 44 30 23 27 7 28 54 34
19 26 19 51 10 38 7 10 61 62
23 23 42 34 31 5 35 61 36 20
58 2 54 51 44 15 23 13 37 12
37 19 2 19 26 43 3 42 3 43
11 35 18 6 22 43 37 28 47 29
31 19 46 21 6 60 46 21 53 3
38 38 26 42 10 42 28 21 42 62
45 42 19 45 47 3 20 11 61 51
34 27 51 27 51 27 46 26 55 12
3 20 61 36 37 53 54 14 15 36
5 20 30 46 45 38 27 44 22 61
44 39 7 51 10 31 14 12 42 23
58 58 55 50 44 45 59 12 26 4
11 7 4 26 63 54 29 52 54 2
50 14 28 13 50 47 22 27 55 6
34 35 7 63 10 61 6 18 61 29
11 35 58 7 15 7 12 21 35 12
13 51 18 34 5 44 28 44 11 51
37 10 54 21 21 61 27 12 21 5
36 38 21 15 43 3 10 63 43 12
43 39 35 2 23 55 36 44 37 51
18 29 37 13 53 58 26 60 18 22
34 21 35 61 47 31 7 4 2 36
31 3 39 10 31 15 61 34 27 36
59 58 50 18 7 54 13 10 29 39
45 21 61 39 10 60 51 45 2 21
13 19 15 29 61 14 36 4 6 42
13 23 35 53 35 15 52 11 19 7
12 23 34 35 14 7 23 43 4 5
42 50 45 3 29 36 51 52 14 43
37 11 26 44 37 28 31 37 28 4
60 39 7 47 12 34 59 4 14 36
47 37 59 22 22 7 58 38 27 14
60 4 44 59 38 52 54 61 28 61
43 52 28 44 60 2 52 15 14 14
7 28 38 53 50 35 54 37 26 61
14 42 30 47 29 54 63 62 43 22
10 43 7 46 63 29 47 2 60 31
53 50 22 20 20 13 26 12 43 20
38 35 37 47 47 61 21 11 38 44
46 54 34 61 44 50 37 34 18 36
50 52 52 58 28 54 22 38 35 26
53 42 31 13 20 7 51 53 4 18
62 29 35 21 55 60 59 63 15 15
21 63 4 29 58 5 52 53 37 6
2 61 44 63 30 35 26 2 21 59
50 23 39 42 42 26 46 44 54 7
31 20 23 22 59 52 14 52 54 31
18 47 45 35 12 13 26 54 59 11
58 23 36 4 29 44 62 51 62 18
60 59 62 54 18 10 29 10 51 53
31 5 22 59 37 28 2 28 5 43
54 29 58 22 6 23 36 47 62 11
22 28 4 4 59 6 44 59 36 4
6 7 30 60 2 42 63 27 11 21
14 2 15 6 43 42 3 60 53 18
6 42 58 47 13 10 46 28 44 34
4 34 47 2 38 10 35 19 19 58
46 15 27 19 63 38 20 23 21 43
