6 3 0 5 4 5 3 0 5 1 7 1 5 6 0 0
1 4 0 6 4 3 2 5 2 7 3 7 2 2 7 6
4 5 3 7 4 7 7 5 0 2 6 1 6 2 7 7
2 2 4 4 5 6 2 1 2 5 6 1 5 1 1 3
3 4 7 3 6 7 6 2 5 5 6 7 2 4 4 3
1 7 4 1 5 4 7 0 5 0 0 3 3 5 6 2
4 4 1 1 1 4 2 7 1 6 1 6 4 2 2 7
5 0 7 0 3 6 5 3 6 2 7 0 0 0 0 5
2 5 3 4 2 1 2 1 4 7 4 5 7 2 5 5
7 0 1 1 3 4 2 1 3 5 7 2 5 3 3 3
0 4 0 2 0 6 2 0 7 6 7 7 3 7 7 2
0 2 4 4 0 6 0 7 4 2 5 0 4 4 3 3
6 4 0 0 5 5 2 4 4 0 1 6 6 1 5 4
5 1 1 6 6 5 3 3 3 4 1 7 2 4 7 0
2 3 6 4 0 3 4 3 0 0 1 7 6 7 5 5
2 1 1 1 4 1 2 4 6 0 3 2 6 7 6 7
54 29 4 42 37 42 28 3 43 10 63 15 45 51 4 6
14 36 7 54 39 27 20 45 22 60 30 58 23 23 61 54
34 43 28 61 36 60 59 42 7 20 54 11 55 23 59 60
20 20 39 35 42 52 23 12 22 44 53 15 44 12 14 30
29 39 59 26 53 61 50 19 45 43 54 59 19 35 38 29
14 59 39 14 44 34 59 4 45 7 7 31 28 47 51 18
39 39 10 13 10 39 18 59 13 51 15 54 35 18 20 60
45 5 59 5 26 53 43 26 51 18 60 6 7 4 7 46
19 42 28 35 18 10 22 12 36 59 36 45 60 22 46 46
59 4 14 14 31 38 23 14 29 46 63 20 47 26 26 28
5 34 2 20 4 50 20 2 63 52 58 60 30 62 60 20
5 22 34 39 6 52 5 61 39 19 43 2 36 35 28 27
53 39 2 5 45 46 18 34 35 6 13 54 50 14 46 35
45 12 13 53 51 46 29 29 30 38 12 60 21 38 63 3
22 27 50 38 7 30 36 27 6 5 13 62 55 58 42 47
20 12 13 11 39 14 19 34 53 5 30 22 51 61 50 59
