6 7 0 5 6 1 0 4 5 2
2 2 5 7 2 5 7 1 1 6
5 3 1 4 4 2 4 6 6 5
0 5 5 0 1 5 4 7 5 7
3 0 2 3 7 1 3 1 6 6
0 6 2 3 0 2 1 7 5 4
5 1 2 0 2 7 4 3 5 5
0 7 7 0 0 6 6 2 7 5
2 2 6 7 4 4 2 6 3 6
5 7 3 7 7 1 2 7 3 4
1 1 1 2 7 0 6 5 3 2
4 1 1 5 2 6 1 0 3 3
7 7 1 0 7 0 7 5 5 7
1 6 4 3 6 2 1 5 5 5
4 1 6 5 2 1 7 4 1 0
6 4 5 7 1 6 5 5 1 5
7 2 0 4 7 1 0 2 7 2
6 2 6 0 0 1 1 2 1 7
3 1 4 5 6 0 1 2 6 0
0 0 0 6 6 3 1 1 7 7
1 3 2 6 6 4 4 2 7 4
1 2 5 1 6 7 3 4 4 7
3 5 5 0 4 6 2 4 5 3
1 5 4 2 4 3 6 7 0 6
0 7 3 1 0 0 3 7 5 7
1 0 6 0 2 7 6 5 1 6
6 2 7 2 4 0 4 7 3 2
5 3 3 4 4 1 7 1 1 1
0 3 6 2 6 1 5 4 0 3
5 3 3 4 0 6 1 2 2 3
6 0 1 2 7 4 0 2 0 5
1 3 5 7 2 7 0 1 3 5
2 7 1 6 3 4 7 4 3 0
5 0 6 3 0 6 3 2 1 7
7 3 4 0 0 6 2 1 2 0
0 0 1 7 2 3 6 2 1 0
7 4 1 7 1 2 5 4 0 1
5 2 5 7 1 2 2 2 5 7
3 7 5 6 0 7 3 0 3 7
4 5 4 3 5 6 6 6 2 0
3 1 4 6 1 0 4 0 2 2
4 1 6 6 3 3 6 5 7 5
7 7 2 6 0 5 1 3 1 1
5 4 6 4 7 3 2 1 0 6
4 7 6 6 4 2 6 3 3 7
7 6 0 7 2 7 1 1 2 5
7 4 6 4 4 7 0 2 7 2
1 3 7 7 1 4 4 6 4 5
2 3 6 1 3 3 0 5 2 0
3 5 5 3 3 6 7 0 1 7
3 6 1 6 0 2 5 1 7 7
2 4 2 6 7 4 3 2 0 3
0 4 7 3 3 1 0 4 7 6
7 0 6 4 0 6 3 7 6 4
2 3 1 6 7 4 5 3 3 7
2 2 2 7 1 7 5 2 4 6
4 1 3 4 2 6 3 2 1 6
3 5 6 2 0 5 1 3 0 5
2 5 7 4 0 3 1 1 1 1
6 7 5 2 3 1 2 3 2 1
3 6 1 0 4 2 1 0 3 2
6 1 2 1 1 1 0 6 1 3
7 1 7 7 5 7 1 1 6 4
7 6 7 0 2 7 2 5 3 0
7 1 5 6 2 3 1 7 1 3
5 1 1 7 2 4 5 6 4 2
2 0 7 1 1 2 0 7 2 1
1 2 6 5 6 1 0 7 1 5
2 1 6 0 5 0 4 2 4 1
1 3 6 4 4 3 5 4 2 5
7 6 4 1 0 1 2 5 4 5
1 7 0 4 6 3 0 3 3 5
1 7 6 2 1 2 6 2 4 7
1 1 3 5 6 3 5 4 3 5
5 2 1 4 6 5 1 3 2 1
3 4 6 7 2 4 1 7 0 2
7 7 3 5 2 0 6 7 5 6
2 1 2 7 2 4 5 7 0 0
7 5 7 1 2 4 2 1 0 5
6 7 2 3 1 6 7 6 5 4
1 3 6 4 4 5 1 1 7 6
1 5 2 2 5 7 5 6 5 1
5 1 7 7 6 0 5 2 1 7
1 1 5 0 5 3 0 2 7 6
6 5 1 4 1 0 1 6 2 5
4 3 4 1 4 2 5 7 4 7
7 0 6 0 2 5 4 1 4 7
1 6 5 6 0 6 6 4 0 3
4 5 6 1 2 5 0 2 3 5
4 5 6 1 6 6 7 4 1 2
5 5 0 5 3 5 0 1 6 3
3 4 0 4 2 2 4 5 6 6
7 7 7 7 0 4 3 3 1 5
3 6 2 4 0 7 1 4 3 1
3 1 7 1 4 1 1 5 5 5
0 0 4 4 7 7 4 4 1 0
7 7 0 2 4 3 4 4 2 7
3 4 1 1 6 3 1 2 4 5
0 4 4 3 6 5 4 0 4 2
4 2 6 0 7 1 3 4 2 4
50 58 6 47 50 11 4 37 46 23
22 22 46 63 21 42 58 10 11 55
47 31 12 34 39 23 36 51 54 46
6 44 45 3 15 44 35 62 45 59
29 3 21 27 60 12 30 13 51 53
2 53 19 26 5 20 14 62 43 38
47 10 20 4 18 61 38 31 44 43
4 62 58 7 4 51 55 21 58 42
21 20 53 59 39 36 23 50 27 51
44 62 28 61 62 10 22 58 29 35
11 11 10 23 63 3 50 47 31 21
39 12 10 45 20 50 14 2 31 30
58 59 15 7 62 3 61 42 47 59
14 55 35 30 50 18 12 45 42 45
38 11 53 47 23 10 58 35 10 5
52 36 45 61 10 51 43 46 13 46
61 20 5 37 62 15 5 18 59 21
52 22 51 5 3 14 15 22 12 59
29 14 39 46 51 2 10 20 51 3
3 2 2 51 53 28 10 15 58 61
14 26 22 50 55 35 35 22 60 36
11 19 47 14 51 60 29 35 38 61
30 46 42 2 37 53 19 34 44 30
11 42 35 19 35 26 53 61 4 53
6 59 28 13 7 2 27 62 44 60
12 3 51 2 23 63 50 46 14 53
55 22 62 22 37 4 34 61 29 20
47 28 26 34 37 14 63 11 14 13
7 28 52 20 55 15 46 38 4 26
44 29 31 37 7 55 10 18 20 30
55 2 13 23 60 35 5 22 2 44
14 27 47 58 22 63 6 15 30 44
18 61 13 51 30 36 61 38 30 2
43 4 54 30 7 55 26 19 14 60
60 27 36 5 4 52 19 10 20 2
7 7 13 60 21 31 52 22 10 5
60 34 11 63 11 18 43 35 3 15
44 19 42 60 13 21 19 23 43 58
31 58 44 50 3 60 31 6 26 59
35 45 35 31 45 53 50 51 19 7
26 13 37 50 15 3 34 7 21 18
39 12 52 53 26 27 54 43 63 44
59 63 21 53 4 46 15 29 14 13
46 35 52 37 62 28 22 10 2 52
36 62 52 51 35 21 55 29 29 62
59 53 2 61 20 59 10 12 20 47
63 36 52 36 39 63 2 23 60 18
12 31 61 58 15 36 36 55 36 42
20 31 53 13 28 31 2 47 19 6
28 46 45 28 26 51 61 3 11 61
28 53 13 53 5 21 46 10 61 61
18 36 21 53 63 35 29 21 6 27
4 39 58 27 27 12 2 38 63 55
63 6 53 34 6 55 29 62 54 34
23 27 13 54 62 35 43 27 31 59
22 22 22 61 12 62 44 22 36 51
37 13 26 35 21 50 28 23 11 50
31 43 55 19 7 43 14 26 5 47
23 45 61 35 3 26 10 10 10 15
53 61 45 20 29 11 19 26 23 12
29 55 15 6 38 18 14 2 27 22
55 11 22 11 12 13 6 51 11 30
61 13 58 58 42 59 11 13 51 39
59 52 62 7 22 60 22 43 29 3
62 13 42 50 21 26 15 61 11 29
43 15 11 62 22 35 42 54 39 23
19 2 58 12 12 22 5 60 23 13
11 18 50 46 53 15 4 59 11 44
22 11 54 3 44 6 34 22 34 13
11 29 54 37 34 30 47 39 23 46
62 52 39 14 4 10 18 46 37 46
10 61 2 37 54 29 7 31 31 46
14 60 54 22 12 20 50 18 39 62
10 10 27 42 51 29 42 34 26 47
42 23 14 35 50 46 10 30 20 12
28 35 55 60 22 39 10 62 7 21
59 63 30 43 19 4 54 60 47 55
18 11 19 60 19 37 43 62 6 3
60 43 60 10 20 35 20 14 5 46
55 60 20 27 13 53 62 55 47 39
10 26 54 38 34 45 12 13 63 53
11 46 21 20 44 61 44 53 44 10
45 13 58 59 50 5 43 19 11 62
10 13 43 5 44 27 5 20 63 53
53 47 14 35 14 5 12 55 22 42
34 28 39 14 39 22 43 63 35 59
63 2 53 4 18 45 38 10 37 63
10 50 47 50 2 50 52 36 7 31
34 45 52 15 22 42 5 18 27 45
35 44 53 12 54 51 58 35 13 18
45 46 5 45 31 46 6 15 54 26
29 39 2 36 18 18 34 46 53 50
59 58 63 58 2 36 30 29 10 45
28 54 19 34 7 60 12 39 26 15
31 15 62 10 39 12 14 47 42 43
4 3 37 34 59 62 37 37 10 3
63 61 3 18 34 28 35 37 18 63
31 34 10 15 51 31 13 19 38 42
5 34 37 31 50 46 39 4 37 20
39 23 55 3 58 15 26 37 18 36
