5 0 4 1 0 0 6 0 1 4 5 7 2 4 2 5
0 6 6 3 0 6 7 3 1 0 0 6 5 4 4 2
1 1 6 1 2 1 5 2 6 3 3 3 5 2 7 7
1 4 2 2 7 0 7 2 3 1 1 0 2 5 7 5
3 7 2 7 2 3 0 4 6 2 2 5 7 7 7 2
7 7 3 0 6 4 6 3 1 6 3 2 5 5 0 5
5 6 4 1 5 1 6 7 2 2 0 6 7 2 3 2
0 7 2 1 7 7 6 6 1 5 3 0 2 6 3 2
2 7 2 4 3 0 0 1 4 6 4 4 0 4 3 6
2 1 5 5 4 7 7 5 0 2 7 5 7 0 2 5
1 3 0 0 6 7 5 6 6 2 6 3 2 7 1 0
4 6 5 6 7 3 0 5 6 2 6 2 6 3 4 4
5 2 6 4 6 2 0 7 6 0 6 6 3 3 1 6
0 4 0 0 4 2 5 4 3 5 4 3 7 7 5 2
4 6 5 2 7 0 5 3 0 4 2 5 7 6 0 4
4 5 0 0 7 7 5 1 1 4 3 3 5 0 2 3
44 5 34 11 4 3 54 3 12 39 45 63 18 34 18 44
2 54 53 26 5 52 58 31 10 3 3 54 43 39 37 20
12 12 50 11 23 13 44 23 50 31 26 30 42 18 60 58
11 38 19 22 60 4 62 19 26 13 13 2 21 46 60 43
26 62 19 62 22 31 2 37 52 20 21 46 63 62 61 18
63 61 29 4 50 37 51 30 11 52 28 21 42 47 6 45
46 50 34 13 44 15 51 61 22 19 6 50 58 19 27 20
4 61 18 12 60 63 51 54 13 45 29 6 23 55 31 22
22 58 18 36 29 5 6 13 35 53 35 38 7 36 28 55
22 10 47 42 34 58 60 47 4 20 62 45 60 6 19 43
15 30 7 4 54 62 43 51 54 20 53 27 23 58 14 7
34 54 43 53 59 28 5 47 55 19 55 20 51 31 35 36
42 21 55 36 55 21 2 61 55 2 54 51 29 29 14 50
5 39 3 4 39 19 44 37 27 45 36 29 59 58 45 23
35 50 45 19 63 5 44 26 5 38 22 42 60 55 6 34
34 44 3 4 61 61 44 13 11 37 30 27 44 2 22 29
