1 0 6 4 2 7 6 5 0 2
4 0 7 2 5 3 5 2 2 3
1 6 0 7 6 2 2 7 0 3
2 4 2 1 7 0 3 6 0 2
1 2 7 3 3 6 2 7 3 0
2 0 7 1 3 4 3 1 2 0
4 1 3 2 4 2 3 1 5 0
1 0 3 3 2 0 5 5 3 1
6 7 1 0 0 5 1 7 1 7
6 0 7 2 7 1 4 4 2 6
0 1 3 7 2 4 3 4 0 4
0 0 6 7 4 5 0 3 7 7
0 2 5 7 5 3 1 2 5 4
7 5 0 0 2 0 2 3 1 3
1 0 2 2 3 5 7 6 6 7
0 7 5 2 7 0 3 6 0 1
3 7 5 5 5 3 5 7 6 5
0 1 5 1 5 2 0 6 4 5
6 1 7 4 0 7 7 2 4 3
0 4 7 0 7 4 0 0 0 6
5 0 5 2 1 3 3 5 6 4
2 5 3 1 6 6 6 4 3 4
1 2 0 1 3 4 4 0 3 2
7 0 1 1 3 6 5 2 5 1
1 3 6 6 4 0 5 1 1 7
1 0 0 7 1 4 3 1 6 6
2 4 4 5 0 2 2 7 6 7
3 5 4 5 7 5 4 0 5 7
0 4 2 2 5 3 5 4 0 1
2 6 2 7 4 3 0 6 1 1
1 4 2 7 6 6 5 1 3 1
7 6 6 3 4 4 5 0 2 2
6 2 7 6 5 5 0 2 0 5
6 3 1 6 4 5 4 3 2 2
4 7 3 2 0 2 1 0 0 1
5 5 1 1 0 3 3 6 5 0
0 0 3 1 4 0 7 2 5 4
7 5 6 5 5 3 2 2 5 5
0 2 2 0 7 6 7 2 5 7
3 2 6 4 6 7 7 4 4 7
4 0 7 4 5 7 5 0 4 1
4 0 1 1 2 6 1 6 2 6
7 7 6 0 6 5 6 3 7 7
1 5 0 1 4 2 3 0 2 6
7 3 2 4 2 7 3 2 2 6
2 5 1 1 0 0 3 1 6 5
3 4 1 2 0 1 7 7 7 6
5 3 5 5 0 7 0 0 5 7
6 2 7 6 6 7 2 6 5 2
2 5 0 1 4 7 1 5 5 7
0 4 2 0 4 4 5 0 2 2
2 1 2 4 3 0 6 4 2 6
7 1 3 3 1 3 6 0 5 1
7 5 7 7 4 4 6 5 0 6
4 2 1 4 2 6 2 0 1 2
0 4 7 5 1 3 6 3 0 7
0 5 5 7 0 2 1 3 1 0
2 1 2 5 0 7 1 2 4 4
0 6 0 1 5 3 0 1 2 6
1 6 0 4 1 1 0 0 6 3
2 0 6 0 3 5 3 5 7 6
1 5 3 4 3 2 3 2 7 4
1 5 1 5 5 5 1 7 3 3
4 0 0 6 6 3 5 7 4 3
6 4 6 4 6 0 0 7 3 6
4 7 2 7 4 3 4 7 2 5
4 1 3 1 2 3 7 7 3 4
7 7 7 3 0 5 4 0 7 2
6 3 3 7 4 2 3 2 3 2
0 6 4 5 3 2 3 2 0 1
5 7 0 2 5 0 7 2 1 4
7 4 3 5 3 5 0 2 0 6
0 2 1 4 1 3 3 1 6 6
2 5 4 3 5 5 7 5 0 6
0 5 5 7 4 1 0 1 1 7
1 7 0 7 5 0 1 2 5 1
4 0 2 3 6 7 3 4 6 4
6 3 4 0 1 6 5 5 1 3
5 1 2 7 1 0 2 5 1 2
1 5 4 3 0 6 5 1 7 2
7 4 4 6 0 7 6 3 1 7
3 6 2 3 3 4 0 0 1 7
0 2 3 0 3 7 6 5 0 7
6 0 6 6 0 0 4 5 4 3
3 6 4 2 5 5 7 6 3 6
1 5 7 5 1 4 7 3 4 0
2 1 2 2 3 5 5 6 7 7
5 5 1 0 6 4 3 5 4 5
7 0 0 4 7 6 1 1 5 6
5 1 6 4 0 4 5 7 0 7
2 6 0 5 3 2 4 4 4 4
7 4 0 6 3 1 1 6 2 1
3 2 6 0 5 6 0 6 7 6
1 1 7 2 0 0 7 4 4 2
3 7 3 2 2 1 2 5 6 7
7 4 0 3 0 1 5 2 3 2
3 7 7 4 3 2 0 7 0 7
1 4 5 1 1 3 6 5 7 2
4 2 7 3 0 4 4 5 6 4
0 2 4 1 4 7 7 4 0 6
10 5 52 37 20 61 50 43 4 19
35 7 60 18 47 31 42 21 20 26
13 50 3 63 54 19 19 62 6 30
19 34 19 15 58 2 30 52 4 20
10 19 58 28 31 54 23 59 29 6
21 7 59 14 27 38 28 14 20 3
36 14 27 18 34 20 31 14 46 5
15 6 31 30 23 5 47 47 26 14
53 58 11 6 2 44 12 60 12 61
54 7 63 18 62 14 38 39 19 55
2 15 30 60 21 38 31 36 4 37
6 2 55 63 37 47 5 27 61 58
6 23 44 60 45 27 10 21 43 37
61 46 7 5 22 3 21 29 12 31
12 2 22 21 26 47 62 53 53 60
7 58 43 18 60 3 31 52 4 13
30 58 43 44 42 30 46 58 51 45
3 13 46 14 43 19 2 54 39 45
55 13 62 38 4 63 60 23 34 28
3 38 59 4 60 39 7 7 7 52
42 4 47 19 12 29 31 46 53 38
19 43 30 11 51 54 50 39 29 37
15 19 5 11 28 39 39 6 30 20
59 7 10 10 27 54 44 21 43 10
12 30 53 52 35 5 47 12 12 59
14 7 3 62 13 34 28 14 54 54
21 38 37 44 7 19 22 59 54 60
30 47 39 43 62 43 36 5 43 60
5 37 23 20 43 30 44 39 6 12
18 53 21 60 35 28 5 53 13 13
10 35 21 60 50 51 46 10 31 14
62 51 51 29 34 37 43 3 22 23
55 21 63 55 46 43 5 23 2 43
52 26 10 50 35 45 35 29 23 21
36 59 31 23 7 20 13 4 3 15
43 47 11 13 6 31 26 51 43 6
5 6 27 15 37 5 63 20 46 36
61 42 55 46 42 28 19 21 46 44
5 20 21 3 59 50 61 22 45 60
27 19 52 36 51 63 59 36 34 61
39 3 59 37 44 58 42 7 34 15
35 4 12 15 19 50 15 50 18 53
63 63 55 6 55 46 50 28 58 63
14 43 2 12 39 18 31 4 19 50
60 30 19 35 20 61 27 19 19 52
19 46 10 10 2 6 31 13 53 42
30 36 11 19 7 12 60 59 59 51
44 30 44 47 2 61 2 7 45 63
52 19 63 50 55 59 22 50 47 21
21 45 2 11 38 59 14 45 44 58
7 36 20 6 39 39 46 4 22 23
18 13 19 38 30 4 55 38 18 54
58 13 30 28 14 27 51 7 45 11
63 43 62 59 34 37 53 42 4 54
39 23 10 38 22 55 19 7 14 20
7 39 60 44 14 30 55 29 6 61
5 43 44 59 6 23 11 28 10 6
23 11 21 42 6 63 13 18 37 36
7 53 4 11 43 31 4 15 22 55
12 52 6 39 12 12 7 7 54 30
19 6 53 3 29 44 30 42 62 52
12 43 28 39 30 23 29 22 63 36
14 43 12 47 43 46 13 60 31 27
37 3 7 55 51 27 43 61 37 26
50 39 55 35 51 7 7 62 28 55
36 63 18 62 39 31 34 58 22 42
39 11 29 10 18 27 63 59 30 39
59 62 61 28 2 44 35 2 61 18
52 31 28 58 34 19 31 20 28 19
7 55 38 47 29 23 31 21 6 13
42 62 2 18 45 6 63 19 11 34
58 39 29 43 27 42 2 22 3 51
3 20 11 36 13 29 31 11 51 51
20 46 35 26 47 47 62 44 4 54
6 46 45 63 38 15 7 15 15 59
15 58 4 60 47 4 12 23 42 15
34 2 21 27 53 62 27 38 54 36
51 30 39 6 13 50 44 44 12 30
44 14 22 61 11 4 22 44 13 19
11 47 34 27 7 53 43 14 61 23
61 37 36 55 3 61 51 28 14 63
27 54 22 29 28 39 4 4 15 61
7 18 29 7 30 59 50 42 6 62
53 4 52 55 7 2 36 42 36 26
30 52 35 23 45 46 63 52 30 53
13 44 62 42 10 37 59 28 36 7
19 10 23 20 30 46 46 51 60 63
43 45 12 4 52 38 26 45 34 44
62 5 6 37 61 55 11 13 43 55
45 11 54 34 7 39 47 62 2 63
23 52 4 45 29 20 37 34 37 34
62 37 3 52 30 15 10 54 20 12
28 21 55 2 47 51 3 54 62 55
11 12 61 19 2 6 63 36 36 23
26 62 27 23 19 10 23 43 54 59
59 38 5 30 5 15 47 23 26 18
29 62 58 38 27 20 7 59 6 63
11 35 42 11 15 27 53 46 60 18
34 23 62 26 6 34 38 46 51 38
7 23 34 13 36 59 60 36 4 51
