1 1 5 7 0 6 6 5 4 5
1 5 5 5 2 3 4 2 3 5
7 5 2 5 1 6 4 2 2 4
6 2 2 2 6 0 2 1 7 3
3 0 4 4 6 5 5 0 2 7
7 0 0 4 1 1 4 2 3 1
6 6 2 7 4 3 2 7 3 2
6 1 2 7 4 4 4 0 1 1
2 0 4 2 3 5 1 7 4 7
3 2 6 5 2 2 6 1 3 0
5 4 6 6 7 1 4 0 1 0
6 1 6 3 0 6 5 3 3 6
2 3 7 6 6 1 3 3 0 2
2 5 7 0 2 1 6 4 2 2
5 6 6 4 1 6 3 1 4 7
3 2 5 6 2 6 0 2 2 6
7 7 2 0 4 5 7 2 3 6
7 7 3 1 5 6 3 4 6 3
6 5 6 4 2 7 7 5 2 3
1 4 1 6 3 4 5 5 0 5
4 1 2 5 4 3 3 7 4 2
6 5 3 2 1 3 6 6 1 7
2 0 2 1 7 7 5 3 7 0
5 7 6 7 1 2 6 3 5 4
5 4 2 6 4 4 3 3 5 1
0 3 7 2 2 3 5 4 7 4
2 3 4 1 1 0 0 1 4 5
7 7 5 6 7 0 3 6 0 5
2 7 5 0 4 6 7 7 2 6
0 1 4 6 7 3 2 4 4 4
2 3 7 4 6 5 7 0 3 5
1 0 7 0 1 2 2 0 0 2
1 5 2 3 7 4 2 4 3 5
3 0 1 1 0 5 6 1 3 2
5 2 3 2 0 7 3 3 6 4
5 2 5 4 5 0 6 4 4 3
5 4 1 4 3 0 4 1 6 7
4 5 3 3 5 7 3 2 3 7
7 7 5 7 6 0 7 4 4 6
3 4 3 0 4 6 1 3 0 5
0 6 2 7 3 4 3 4 2 2
5 0 7 4 0 7 4 4 5 6
4 7 2 0 4 6 5 5 4 3
5 4 6 4 3 6 2 3 5 4
6 3 1 6 3 6 7 7 1 2
4 6 4 6 4 3 5 3 3 0
3 7 7 2 1 1 5 7 3 5
4 4 2 2 3 5 0 7 2 1
1 5 6 1 5 4 4 7 4 5
3 4 2 7 6 1 0 3 5 1
1 3 2 6 5 2 0 7 5 6
1 3 1 4 1 4 6 7 3 5
7 5 4 4 2 6 2 4 7 2
2 2 3 3 0 0 3 3 4 6
2 7 4 2 3 3 3 2 4 0
3 4 1 7 7 1 0 4 1 5
6 6 7 3 4 1 2 7 2 4
0 7 3 4 0 0 2 2 3 5
7 0 6 3 3 1 6 4 6 2
5 6 6 7 6 5 7 2 7 6
0 6 4 3 5 0 0 5 0 5
3 6 5 3 7 4 7 4 2 7
3 0 1 0 7 3 4 0 3 5
6 6 0 0 7 3 4 1 2 7
1 0 3 0 7 2 7 5 0 4
1 7 0 2 4 4 2 7 1 1
1 3 7 7 7 6 7 2 5 3
6 3 2 0 0 7 0 4 1 1
5 5 6 0 1 6 1 6 3 5
6 0 6 2 7 6 3 6 6 5
2 2 4 7 3 6 2 4 0 1
7 1 2 7 5 7 2 5 1 7
5 3 6 2 4 2 7 2 2 6
0 0 2 5 1 3 1 5 7 7
6 4 3 7 7 4 5 6 4 5
2 1 0 0 1 4 2 4 7 5
7 6 3 3 5 4 0 5 0 7
6 6 6 5 5 7 6 2 3 7
7 7 6 7 4 1 0 0 7 2
4 1 3 1 6 0 4 2 6 0
1 6 3 5 3 2 7 1 6 3
2 5 4 4 1 4 6 5 5 0
2 0 2 4 6 1 2 3 1 1
7 4 2 5 4 1 1 0 4 0
2 6 7 3 7 4 1 2 3 5
1 7 7 7 5 5 5 2 4 5
6 4 0 6 7 4 6 1 0 7
0 5 7 2 2 4 6 7 7 3
2 1 3 0 7 2 5 2 5 7
0 7 2 6 1 7 5 0 6 7
2 2 4 1 6 1 1 1 0 1
6 7 5 4 6 2 7 6 1 5
5 1 5 4 6 1 6 2 3 4
5 6 5 0 4 1 4 0 4 7
1 6 4 2 3 2 2 5 1 0
6 4 2 0 0 3 6 1 4 1
5 6 1 0 7 7 1 1 7 0
4 7 6 7 5 7 5 7 1 6
5 6 3 2 2 5 1 1 2 5
7 1 6 2 2 5 1 4 1 4
14 12 42 63 5 54 51 47 35 45
10 47 44 46 20 26 34 18 27 42
60 42 22 42 13 55 34 22 22 34
54 21 22 22 54 5 18 10 62 28
26 3 39 35 53 45 45 7 21 58
60 7 4 34 13 13 34 20 30 14
54 53 21 58 39 29 22 62 26 22
52 11 21 63 34 38 35 4 14 11
19 2 34 20 26 42 13 59 37 63
29 23 53 43 23 19 54 11 26 6
42 37 55 54 61 14 36 3 13 6
51 15 51 28 7 51 45 29 27 54
23 29 58 52 51 13 28 26 5 21
20 46 62 3 18 11 54 38 20 20
44 52 55 36 12 51 31 14 39 62
28 21 46 52 20 55 4 23 18 51
61 63 21 3 35 43 60 23 30 55
62 62 26 10 47 52 31 38 50 27
51 43 53 36 18 58 63 47 19 31
15 35 11 50 28 36 47 45 2 43
39 15 20 43 39 28 27 62 37 19
52 47 31 19 15 26 50 52 12 63
23 2 19 11 60 61 45 28 58 4
42 63 55 60 13 21 52 31 47 35
44 37 22 53 38 39 29 26 44 11
3 28 63 23 18 29 44 36 63 38
22 27 34 14 14 3 4 13 39 44
62 61 43 53 60 5 29 51 2 45
19 61 43 6 34 54 60 60 18 51
5 12 34 54 62 30 23 36 34 39
22 28 58 37 53 42 58 2 26 43
13 7 60 5 15 19 21 6 4 23
14 46 18 30 60 36 22 38 29 45
31 2 10 12 6 42 50 12 31 22
45 19 27 21 2 63 27 30 52 37
47 18 42 34 46 2 51 35 39 27
46 36 14 36 31 2 39 14 55 63
37 42 29 29 46 63 29 23 29 63
60 62 46 62 54 6 63 39 39 54
28 35 26 7 39 53 15 27 7 44
3 53 22 58 30 38 29 38 23 19
42 5 63 34 2 58 37 39 46 52
36 61 23 3 35 52 42 47 37 26
46 35 54 34 28 51 22 28 43 35
50 29 15 55 30 50 63 62 10 18
35 51 34 50 37 29 42 30 29 6
28 63 63 20 10 11 42 59 29 43
37 39 21 19 29 42 6 60 18 15
14 44 53 13 45 37 39 63 34 42
28 39 23 58 55 11 6 31 47 10
12 27 20 52 47 22 4 59 43 51
14 31 11 38 12 36 50 58 29 42
62 47 35 38 20 50 21 37 59 21
19 18 28 30 2 4 29 29 34 54
20 62 34 23 30 27 27 20 36 3
27 39 15 63 60 15 5 35 15 46
52 55 59 28 37 12 23 61 22 37
5 63 31 34 5 3 23 23 27 45
61 7 50 27 29 15 51 34 54 21
47 51 54 61 53 42 58 22 59 52
2 55 35 26 45 7 6 43 4 43
27 54 45 29 60 36 58 37 22 62
28 5 12 7 61 29 36 4 29 42
53 54 7 7 62 28 38 11 21 60
13 3 26 6 60 20 58 44 5 37
13 63 4 21 36 34 20 61 12 14
10 31 60 60 59 51 60 20 47 28
54 30 19 6 4 62 7 34 14 15
44 43 51 4 15 50 15 50 29 42
55 3 53 20 59 50 31 50 53 46
19 23 36 61 30 55 19 38 2 14
63 11 18 60 45 58 23 46 10 59
42 28 52 23 35 21 61 18 18 51
7 5 21 47 13 30 11 44 59 58
53 36 30 59 59 38 45 55 37 43
18 11 5 3 15 34 23 37 58 43
58 53 26 31 45 38 5 43 5 61
50 54 50 46 45 59 52 22 28 63
62 61 55 63 34 15 2 3 60 18
39 15 31 11 55 6 37 19 51 5
14 53 29 44 27 18 58 13 50 27
20 42 37 39 15 34 53 43 46 2
20 4 23 38 51 15 20 31 12 15
63 38 18 43 36 12 14 7 37 7
23 50 59 31 62 36 11 21 29 47
11 62 58 63 42 43 42 19 39 45
51 34 6 51 62 37 55 14 7 62
2 47 63 23 18 35 55 62 60 30
19 15 29 4 60 21 44 22 44 62
3 61 21 53 14 63 47 4 54 61
23 18 37 15 53 15 12 10 2 15
55 61 43 38 52 21 58 53 12 46
47 11 47 39 52 13 52 20 30 35
43 54 47 4 38 11 38 4 36 58
12 54 35 23 29 22 21 47 13 5
54 35 18 7 6 29 55 15 36 14
42 52 10 4 61 58 11 12 63 2
36 63 54 63 42 62 45 60 10 55
46 54 28 22 22 44 10 13 20 43
62 10 51 20 20 45 11 36 11 38
