7 3 7 1 6 0 4 3 4 6
5 6 2 7 2 4 3 1 1 2
5 0 0 4 2 1 2 3 5 3
7 1 4 6 0 0 1 1 2 3
6 5 6 2 3 4 1 3 5 2
3 0 4 1 7 4 2 0 3 3
7 6 5 3 4 6 5 4 1 6
1 2 5 6 6 5 1 5 7 0
0 5 6 5 7 1 5 0 2 0
2 3 2 4 7 6 5 6 3 5
6 3 4 7 3 2 2 0 0 5
0 7 4 0 3 0 5 3 0 2
4 0 2 6 2 6 7 6 5 6
0 4 5 5 7 3 1 3 1 4
5 6 3 2 3 0 4 4 4 1
6 4 0 4 0 6 3 1 2 4
5 0 4 3 2 4 6 4 6 2
2 0 3 2 0 2 2 6 2 6
4 1 2 5 2 0 7 6 1 3
6 1 4 7 2 6 5 7 2 1
3 4 7 1 5 4 1 5 0 2
3 3 7 7 3 0 7 2 1 1
3 7 3 7 0 3 7 7 1 2
6 2 5 1 1 4 4 1 3 0
3 6 5 4 2 2 7 5 7 7
0 7 6 7 7 7 7 3 0 6
4 4 5 3 1 5 7 5 4 5
7 4 1 3 2 5 5 6 0 5
0 3 6 5 4 7 4 3 1 5
5 4 2 5 2 4 0 3 2 6
1 1 7 1 2 2 5 5 0 7
6 0 5 0 3 5 4 1 0 3
6 4 4 2 1 7 1 4 7 5
5 5 4 2 2 6 6 0 6 6
0 4 1 6 6 5 2 1 2 7
0 2 5 7 7 6 7 3 1 6
4 5 3 3 3 0 4 1 7 6
3 1 3 1 0 3 5 0 3 6
6 1 0 3 4 6 3 3 6 2
7 1 1 1 6 5 7 1 4 0
3 1 0 3 6 5 3 5 0 1
1 0 6 4 3 3 0 2 0 7
0 7 0 3 3 5 3 6 7 0
5 1 5 2 2 3 4 1 2 1
1 1 5 5 6 7 0 6 4 0
3 1 2 5 0 0 0 5 7 4
4 2 0 2 3 7 2 1 6 4
4 0 2 3 1 1 7 2 1 5
1 3 7 1 4 6 7 1 0 1
1 6 0 7 6 2 0 4 0 3
1 1 4 3 0 3 7 2 3 5
6 4 0 7 7 0 2 3 7 6
7 0 4 7 0 5 5 2 7 5
1 2 6 0 3 2 5 3 0 5
4 7 6 1 5 0 1 6 2 4
5 0 5 7 3 3 0 0 3 1
3 0 2 0 1 7 7 7 2 4
3 2 5 5 2 3 6 2 4 5
5 2 0 1 3 6 2 5 3 6
1 7 4 4 3 5 3 4 1 3
4 6 1 2 2 5 6 0 2 4
7 3 0 5 1 3 6 0 0 4
4 3 0 4 7 1 5 4 4 1
4 2 0 3 2 0 7 6 4 3
7 4 7 6 4 1 0 1 7 2
2 7 6 7 3 5 7 4 0 1
7 6 5 5 2 5 2 1 0 1
2 4 7 4 3 7 5 2 6 2
0 1 4 0 3 5 4 4 4 2
3 3 6 6 5 1 2 2 4 7
0 1 5 1 4 6 5 3 1 7
5 2 1 1 0 2 5 0 1 2
2 1 5 4 5 2 1 0 3 4
3 2 6 6 3 0 7 1 7 6
7 1 5 4 0 2 2 1 4 2
0 4 0 7 3 5 2 7 3 3
5 1 3 1 3 3 7 7 1 2
0 4 5 2 1 2 1 7 0 6
0 5 0 0 6 5 4 6 1 3
4 7 6 5 5 2 7 3 6 7
6 1 5 6 4 3 4 1 5 0
4 4 2 3 1 6 4 4 3 4
2 2 4 5 7 7 4 4 4 3
4 5 7 1 5 3 5 2 4 0
4 2 1 7 1 2 0 6 0 3
7 0 2 2 3 1 4 0 7 6
3 1 6 2 5 4 0 2 3 6
5 0 0 2 6 1 6 6 3 2
3 6 6 2 5 7 2 3 4 0
2 6 7 5 4 7 2 7 7 2
7 3 2 7 6 4 4 7 6 2
5 5 4 7 3 7 7 2 2 7
1 6 0 5 4 0 4 1 3 0
1 0 3 4 0 7 1 5 7 2
7 1 3 0 7 7 2 5 4 2
2 4 4 1 0 1 6 2 6 6
0 7 7 0 5 4 4 5 3 1
0 1 2 0 4 2 1 6 4 1
3 3 3 1 4 4 1 0 4 7
5 0 2 5 2 6 0 5 1 2
58 30 61 15 50 7 37 28 37 52
47 51 21 63 20 38 30 14 10 22
43 3 2 38 19 15 21 28 46 26
59 15 34 51 4 6 13 10 20 26
52 46 51 20 26 39 11 26 44 22
28 3 38 15 61 38 19 2 27 27
63 55 46 29 38 50 45 38 13 55
14 21 43 55 50 42 14 45 62 7
6 42 50 43 59 12 45 6 18 7
20 30 22 34 58 54 44 50 31 46
52 28 37 59 29 21 22 2 7 43
6 63 39 4 26 5 42 27 3 23
39 7 22 51 20 51 58 51 47 51
7 39 46 43 62 30 14 29 10 39
45 51 31 22 29 4 39 39 37 12
52 39 7 39 3 52 31 12 20 39
46 5 36 30 18 36 54 34 52 20
18 2 28 19 2 21 22 50 22 54
36 12 21 47 19 3 63 51 11 28
51 10 39 61 18 53 42 58 19 14
28 34 61 14 44 34 11 46 6 21
29 29 60 60 27 4 62 22 10 15
26 62 31 58 4 29 61 61 14 23
55 20 47 15 11 37 34 14 28 2
30 52 46 38 19 20 61 42 62 59
4 62 53 61 59 62 60 28 3 53
36 34 45 26 12 44 60 47 35 47
58 39 10 29 18 46 47 53 5 47
3 26 55 43 39 58 38 30 15 47
47 38 20 47 20 35 6 27 22 51
15 11 63 11 22 22 42 46 6 61
51 7 45 3 31 42 38 10 4 27
51 35 39 21 13 62 13 36 63 43
43 47 35 20 19 50 55 2 55 51
5 36 10 55 52 47 18 15 19 63
3 21 46 63 59 50 63 29 10 54
39 45 27 26 29 4 34 15 59 55
27 15 27 11 5 29 46 4 31 50
50 12 4 26 39 52 26 30 55 22
58 10 10 15 54 45 62 13 37 2
27 15 5 30 50 43 27 47 7 11
13 7 52 38 31 31 7 22 2 60
3 58 6 26 30 47 29 53 61 5
42 10 43 20 22 30 38 14 18 10
11 11 43 45 55 63 6 51 38 3
28 10 19 47 5 4 6 47 58 35
37 20 3 22 26 62 20 15 52 37
35 5 20 30 15 15 62 21 13 46
12 30 61 15 35 52 60 15 3 14
15 54 5 62 53 18 2 39 2 29
10 13 37 29 4 30 58 23 28 45
54 38 7 60 61 6 19 28 62 50
59 5 39 58 6 45 42 22 58 44
12 19 53 5 26 22 45 29 3 47
36 59 55 11 43 5 15 53 18 39
45 6 44 60 31 30 5 3 28 10
29 3 19 6 11 60 62 58 22 36
31 19 43 46 18 29 52 20 36 47
46 23 3 12 26 51 22 45 27 55
14 61 39 35 28 43 29 39 13 31
36 55 10 23 19 45 52 4 23 37
61 30 7 47 15 31 51 4 6 35
37 28 3 37 58 14 46 34 34 10
39 23 5 26 18 4 62 51 35 31
58 38 59 53 35 12 7 11 63 20
21 61 54 59 29 43 63 34 3 11
60 55 45 46 22 45 23 13 5 11
23 36 60 36 30 63 44 22 51 22
2 13 38 6 27 47 36 34 39 18
30 28 52 52 43 13 23 22 36 60
7 14 46 11 34 53 44 29 12 63
42 20 10 13 2 23 45 2 14 22
23 11 45 37 45 23 11 6 26 35
28 22 54 51 28 6 60 13 60 54
61 13 47 35 4 19 20 10 39 20
7 38 2 59 27 45 22 59 26 26
42 13 28 15 27 31 58 61 12 20
3 34 42 21 12 19 10 63 2 50
5 44 5 7 51 45 39 51 14 31
34 63 55 46 42 21 62 26 54 60
54 12 44 54 38 29 39 15 46 7
36 36 19 28 12 52 36 37 29 39
19 18 38 45 61 61 39 36 36 29
35 42 62 15 43 31 44 20 37 2
39 21 14 61 11 18 3 51 3 29
58 7 18 21 26 14 37 7 61 53
28 13 52 22 42 35 3 20 27 54
44 5 5 18 55 15 51 53 28 23
28 50 51 20 42 63 19 26 36 6
20 50 61 45 38 62 23 59 58 22
60 30 21 62 51 36 34 61 55 20
46 42 39 62 30 59 59 18 22 62
14 50 7 43 35 3 35 12 30 3
15 6 29 34 3 63 12 46 62 22
59 11 29 5 60 59 19 47 34 18
22 36 35 13 3 11 51 21 55 50
4 63 61 7 44 38 35 44 26 15
3 11 23 4 38 18 14 54 36 11
27 30 28 15 38 37 11 3 38 60
45 6 18 43 23 51 6 43 10 19
