7 2 5 0 4 5 4 4 2 3 5 3 4 4 5 5
6 0 6 6 4 5 5 0 4 2 0 3 1 7 3 5
5 2 5 6 0 2 3 2 5 4 2 3 5 4 3 3
4 7 7 3 7 5 6 6 5 5 0 5 6 6 3 0
3 0 4 4 1 6 5 0 3 7 4 7 2 2 2 2
3 3 6 4 0 0 3 7 6 5 1 5 4 3 7 4
4 7 6 5 7 1 7 4 5 0 0 0 3 2 0 2
6 5 7 2 5 4 4 4 2 2 0 2 1 6 2 0
6 4 0 3 6 4 0 2 2 5 4 5 0 6 4 0
6 5 6 5 2 5 7 2 3 1 0 0 2 2 5 1
1 3 4 2 6 3 2 6 1 4 6 4 4 0 2 0
6 5 2 7 0 6 6 2 4 0 4 2 7 5 0 7
6 5 6 7 6 0 0 2 7 5 2 7 0 2 0 0
5 1 7 2 1 1 3 5 4 2 5 5 1 5 7 2
1 5 4 4 7 7 3 1 4 1 1 4 4 7 2 5
1 3 4 0 4 5 0 4 4 0 7 0 6 7 7 5
63 18 45 6 39 43 38 34 20 30 45 31 37 38 43 44
51 7 52 52 36 43 47 7 39 23 6 29 10 60 31 44
47 18 44 51 4 18 27 19 43 39 23 30 47 37 28 30
36 60 60 27 60 46 53 53 46 45 6 42 53 50 31 5
30 6 36 34 12 53 42 2 28 58 38 61 19 20 22 21
29 31 52 37 2 4 26 59 54 42 11 46 35 26 59 35
39 58 51 44 60 12 59 36 47 2 3 4 31 19 2 18
52 43 61 20 45 38 34 38 23 21 4 19 14 51 20 6
52 39 7 28 55 34 2 19 21 42 39 42 3 51 39 6
51 45 55 45 22 44 62 22 28 10 3 3 23 18 47 15
13 27 36 23 53 30 20 53 12 39 51 35 36 3 23 7
53 47 22 60 7 53 53 23 38 7 35 23 60 45 4 63
52 42 51 61 50 3 6 23 58 45 23 62 2 19 4 4
44 13 60 19 11 11 29 45 36 18 42 45 12 44 59 19
12 44 38 34 60 62 29 14 37 12 13 34 38 60 22 42
10 28 38 5 36 43 3 34 37 3 63 7 51 63 60 45
