5 1 7 4 0 6 0 6 2 6
2 5 0 4 6 1 0 3 7 3
3 1 2 5 7 2 1 4 0 3
3 2 7 6 7 1 3 7 1 6
3 3 1 1 7 3 2 3 1 3
2 7 2 1 4 4 0 4 5 1
3 0 2 2 7 2 2 4 3 5
3 4 5 6 5 7 6 6 6 7
3 1 3 4 5 3 5 6 1 6
4 7 3 3 0 4 5 7 1 7
2 5 6 6 3 0 3 5 0 3
6 2 4 7 6 7 3 7 4 0
6 5 6 5 3 5 3 1 7 1
1 3 7 5 1 5 1 3 5 6
2 7 7 3 0 0 5 2 0 5
2 2 1 1 1 7 4 7 3 3
6 5 5 2 1 4 1 0 4 4
2 0 5 3 5 3 0 0 3 7
2 2 4 4 2 3 4 1 3 5
7 1 7 4 1 3 2 6 7 0
2 7 0 6 3 6 1 1 5 6
3 7 2 7 3 0 6 0 3 3
7 2 6 6 4 5 7 3 3 6
7 0 5 1 0 6 3 1 7 7
3 1 5 3 1 5 1 3 7 3
6 2 2 0 3 6 7 6 1 6
2 4 1 2 7 2 4 3 6 2
4 2 4 2 1 6 7 4 7 3
3 2 0 0 4 7 5 6 1 6
5 0 2 4 1 4 0 1 7 5
0 7 3 6 5 3 4 6 7 5
7 3 2 0 4 3 3 2 4 2
3 1 6 6 3 3 3 7 2 7
6 1 7 6 4 7 1 4 5 0
4 7 0 5 1 3 3 2 4 1
2 7 0 2 1 0 6 4 3 6
0 4 0 6 4 0 3 2 5 7
2 1 2 7 4 4 5 1 7 3
1 0 5 7 1 4 5 4 3 4
2 4 2 0 0 2 7 5 3 1
3 4 1 4 2 5 0 7 7 5
5 4 3 4 5 4 4 4 5 4
0 4 0 1 0 7 3 5 7 2
5 0 3 6 6 3 6 0 0 1
1 7 3 1 5 5 1 5 4 3
6 0 0 3 0 6 3 1 1 5
7 4 3 5 3 5 5 2 1 6
5 5 6 1 4 5 6 1 1 6
7 2 1 2 2 1 3 7 0 1
2 7 7 0 0 4 7 0 0 3
2 1 6 7 1 7 5 3 2 0
6 2 7 7 1 4 6 3 7 7
4 6 2 4 3 6 7 1 7 7
7 5 6 1 6 5 1 5 7 2
1 3 1 6 5 2 2 2 4 3
0 1 4 1 5 3 5 4 1 2
1 6 2 0 3 6 3 7 0 2
2 7 4 6 3 2 3 6 1 6
5 7 2 1 3 0 5 6 3 5
5 4 4 1 0 7 0 0 6 7
1 1 7 2 5 5 6 1 6 7
7 5 0 2 5 0 6 6 5 2
3 5 2 2 3 1 3 2 4 6
1 4 2 7 1 3 4 4 1 3
5 1 1 2 6 6 6 5 2 6
4 7 6 0 0 6 0 7 0 4
7 0 6 0 7 0 0 7 0 7
2 7 0 2 3 2 3 7 5 6
4 5 0 0 1 6 7 6 3 0
1 4 2 7 1 3 1 4 5 2
6 1 5 6 4 7 6 0 0 0
2 4 1 0 6 2 1 0 6 0
0 4 6 1 1 1 5 4 7 2
5 7 6 0 1 4 6 4 3 6
3 1 6 7 5 4 2 0 4 5
4 6 1 2 4 3 1 3 3 6
5 6 6 7 4 4 6 7 5 2
3 6 1 1 7 6 3 7 6 0
3 4 0 2 1 4 3 6 5 1
3 1 2 5 1 6 4 4 6 0
2 2 1 7 7 0 3 4 2 2
6 1 4 6 3 5 6 2 3 2
6 0 7 1 6 1 5 6 7 5
6 3 2 0 6 6 6 4 4 2
5 1 6 6 3 1 5 5 5 3
5 5 7 0 4 5 4 3 5 1
0 0 1 3 5 4 5 7 4 1
6 0 3 3 7 4 1 0 5 2
1 6 3 6 0 6 1 2 7 5
0 2 7 6 0 0 6 6 1 6
2 3 7 4 1 3 2 6 3 1
1 0 6 5 6 4 4 6 4 4
5 4 0 7 3 3 5 3 6 1
0 7 7 2 1 6 3 2 7 1
6 5 7 3 4 0 4 1 2 1
3 1 0 7 3 0 3 7 1 5
1 4 3 7 1 0 4 3 1 6
5 0 1 6 0 4 7 2 7 3
5 5 2 4 6 4 0 3 6 0
5 7 5 4 6 2 6 1 1 7
46 12 61 38 6 50 2 54 23 51
21 42 5 37 54 15 4 27 61 31
26 14 19 47 58 22 15 36 4 29
27 22 61 53 61 14 27 62 13 53
29 26 10 11 62 29 22 29 12 30
21 63 22 14 34 35 4 35 46 11
27 5 19 22 59 21 22 37 29 42
29 36 44 53 46 59 54 53 52 62
31 11 27 38 47 31 43 53 15 51
37 61 27 31 3 34 42 61 12 59
21 43 53 53 31 3 26 45 6 31
53 20 34 63 53 61 30 59 34 3
55 47 53 42 26 47 29 13 63 10
10 31 60 46 13 45 10 30 46 55
22 59 61 26 7 7 42 18 2 42
23 20 14 14 10 63 39 58 27 29
53 47 47 20 11 37 10 7 38 36
20 3 47 31 43 28 2 6 26 58
22 21 39 39 21 27 35 13 27 44
59 12 58 37 13 26 21 51 61 2
23 60 6 53 27 54 12 12 43 50
31 62 20 61 31 3 52 7 30 27
59 21 53 54 34 44 61 28 31 55
61 3 45 10 2 54 31 13 61 59
28 11 46 27 12 47 15 28 59 27
52 23 21 4 31 50 59 55 11 54
23 38 14 22 59 23 34 30 50 19
34 20 34 18 15 51 61 34 61 26
29 20 4 5 34 62 44 52 13 55
42 7 19 38 12 34 3 15 61 47
5 60 26 55 47 27 36 55 63 45
62 26 20 3 37 29 31 22 36 19
27 12 54 55 28 28 29 62 23 61
55 14 62 50 38 63 12 37 42 5
37 61 6 45 10 28 28 18 36 11
19 63 5 21 11 2 53 34 30 53
3 39 3 51 38 2 27 21 47 60
20 14 18 59 36 34 46 10 60 28
12 7 43 63 15 35 47 38 31 37
22 37 20 4 4 22 63 43 30 14
28 36 15 35 20 47 6 63 62 47
46 39 29 34 43 36 36 39 45 38
6 35 7 15 2 63 30 42 62 19
44 2 30 51 52 30 54 6 6 10
13 58 27 11 43 47 13 47 38 29
50 6 7 26 5 51 29 13 13 44
59 35 31 45 30 46 42 18 11 50
46 47 55 11 36 42 55 15 14 52
58 19 11 22 18 14 26 62 5 10
19 58 61 2 7 34 60 2 7 28
20 10 55 63 12 59 43 26 23 2
53 18 61 60 15 35 51 29 60 60
39 51 19 36 26 53 59 11 59 61
60 42 53 14 55 47 11 44 58 23
11 30 11 55 42 22 18 19 38 26
4 12 34 15 42 27 47 35 13 21
15 51 19 5 28 52 30 62 5 20
19 60 39 53 27 20 29 54 14 52
47 62 18 10 26 3 46 53 31 47
45 39 36 10 4 61 4 4 51 63
10 10 58 20 44 42 52 14 53 60
58 44 7 20 47 2 54 54 44 20
27 43 22 18 30 15 27 19 37 52
14 37 21 59 14 30 37 35 11 27
43 12 15 18 52 50 51 46 19 50
36 58 51 5 6 51 4 58 6 34
60 4 52 2 61 2 5 59 7 62
21 61 7 22 29 20 27 58 46 55
36 45 2 2 14 55 62 55 30 3
12 38 20 61 10 28 11 38 46 19
50 15 44 53 38 61 51 2 5 7
20 35 15 2 50 23 10 5 52 4
4 35 53 12 15 10 43 38 60 22
45 58 55 3 10 35 53 34 26 52
29 11 55 60 44 37 20 6 38 46
36 55 12 18 39 30 11 30 31 55
44 53 50 61 35 36 52 59 45 20
31 54 11 15 60 53 27 61 52 2
31 39 4 22 15 39 27 50 44 15
26 11 19 46 15 51 35 36 51 3
23 20 15 59 62 4 27 34 23 22
53 11 37 51 27 46 52 22 29 18
52 3 59 11 51 13 44 51 58 45
53 31 23 4 51 51 52 35 36 21
47 15 53 51 28 13 43 45 47 30
43 42 62 7 38 47 34 29 47 10
4 6 14 26 42 35 43 59 34 10
54 7 27 31 61 34 10 6 43 19
11 54 26 51 5 51 13 23 61 46
6 18 62 53 2 3 55 55 13 53
19 26 58 38 14 27 22 51 28 13
10 5 50 47 53 34 39 54 36 39
45 35 4 60 31 28 47 28 50 11
4 60 63 19 13 53 26 22 62 15
54 43 61 30 39 5 36 14 18 11
28 15 2 62 29 5 28 59 10 44
10 37 26 60 12 7 36 29 11 55
42 7 12 54 7 39 63 23 63 29
47 47 22 39 54 38 2 31 52 5
44 62 46 34 54 20 54 13 11 61
