4 4 5 0 5 2 0 5 5 5
2 5 3 4 6 3 5 6 3 1
4 7 5 2 1 1 2 7 1 5
5 0 7 7 7 4 6 0 2 2
5 6 1 6 0 4 2 1 0 0
1 6 3 2 4 3 3 1 3 1
0 6 1 7 3 5 2 1 3 6
2 7 5 6 3 1 5 2 0 6
0 2 2 6 0 1 1 1 7 1
6 5 3 6 5 2 3 6 0 5
6 2 6 7 1 2 7 7 5 1
6 3 4 1 0 5 4 3 3 7
7 2 1 4 3 1 1 7 4 0
1 0 2 7 6 1 5 1 7 2
7 0 1 2 6 0 2 3 6 5
7 7 1 0 3 7 5 2 1 5
7 4 1 1 7 7 1 4 0 7
0 4 4 4 7 2 6 3 4 1
1 3 3 4 4 2 4 7 5 5
7 3 4 1 6 5 4 5 5 1
6 0 7 0 5 6 0 3 3 5
4 1 7 6 6 0 2 0 7 4
7 0 0 0 4 6 2 1 4 3
2 4 3 7 7 1 6 1 2 4
6 3 5 1 3 0 1 2 3 1
2 5 7 1 2 7 5 4 1 5
0 4 0 1 6 2 3 0 4 2
1 0 7 5 3 4 0 7 3 6
3 7 0 2 0 4 5 1 0 3
2 0 1 4 2 4 0 5 5 0
6 3 2 1 2 7 0 6 4 7
2 3 3 6 0 2 1 4 7 6
7 3 1 5 1 6 0 6 4 2
4 3 3 0 1 5 0 3 6 0
3 2 4 2 1 4 5 0 7 6
0 7 5 3 4 0 7 5 2 5
7 0 6 4 7 1 6 6 1 6
2 1 0 2 5 1 7 4 3 6
7 1 3 4 7 4 1 0 6 1
5 2 7 4 0 1 7 2 5 6
6 6 5 4 2 0 5 3 2 3
0 2 7 4 4 3 5 7 4 1
0 2 3 7 2 4 7 1 4 1
5 2 2 6 1 5 0 2 5 1
7 5 2 5 0 0 2 1 5 3
5 4 3 1 7 0 6 4 5 3
5 7 5 0 7 7 3 3 2 0
3 1 5 1 0 0 7 7 0 0
5 3 1 7 3 1 4 7 3 4
4 7 3 2 7 2 6 3 2 2
5 5 6 7 2 1 6 4 1 4
2 2 3 2 5 5 4 2 3 1
6 0 3 4 7 1 2 6 4 5
5 5 0 4 3 1 7 5 7 7
0 7 5 2 0 0 6 2 5 7
2 4 5 4 2 3 7 0 0 4
2 4 7 3 4 2 3 6 3 0
6 6 5 7 4 1 0 3 0 2
2 7 2 0 2 4 6 6 0 3
2 5 3 5 1 6 1 2 7 4
2 7 3 5 7 2 4 7 0 5
5 2 4 7 4 0 3 0 5 2
6 5 3 5 1 0 7 0 2 4
1 0 0 1 7 2 2 3 6 3
0 3 0 4 6 1 3 4 4 3
3 4 0 4 6 0 0 5 3 4
0 0 0 3 1 7 4 0 3 0
2 6 0 6 2 0 4 3 3 5
3 3 6 4 0 2 4 7 2 5
1 6 4 6 0 5 4 5 3 2
2 6 1 2 1 7 1 1 6 6
5 6 6 2 1 6 0 5 6 6
7 6 0 7 2 0 3 4 3 5
5 7 3 2 6 6 6 6 3 6
1 4 7 3 2 4 1 5 7 1
2 1 6 2 1 2 4 0 1 4
2 0 4 1 0 0 5 2 7 6
1 4 2 5 4 0 3 3 0 3
4 0 2 7 3 7 0 7 2 0
1 5 7 2 0 4 0 6 5 2
4 1 2 1 7 3 5 2 2 2
0 1 7 7 7 2 2 1 5 2
4 1 6 0 1 6 5 2 1 0
6 0 1 0 3 7 6 5 2 7
4 2 7 0 7 4 3 0 6 3
7 2 2 0 0 7 1 1 7 4
6 4 6 5 0 2 2 3 4 5
5 6 4 5 5 0 3 6 3 4
7 3 0 0 3 0 0 0 3 6
6 7 4 7 6 7 7 6 4 6
2 1 5 7 7 3 1 1 0 5
7 4 4 4 5 3 5 7 7 2
4 7 1 1 0 7 6 3 7 1
5 6 4 1 6 6 5 2 1 7
7 6 7 5 4 6 3 0 5 5
7 1 2 1 6 4 7 5 1 7
1 1 4 5 5 3 4 1 5 7
1 0 4 5 6 7 3 2 3 0
4 5 5 4 7 5 4 1 5 0
3 5 0 1 3 0 3 5 3 4
35 39 42 7 43 22 6 44 43 44
21 42 26 38 55 27 46 51 31 13
38 63 44 20 12 11 20 62 14 43
42 2 61 62 62 34 51 3 20 19
44 53 13 53 6 34 21 10 6 4
11 50 29 21 36 27 29 11 28 13
5 51 12 59 29 43 18 12 30 54
18 62 43 54 26 11 47 21 2 53
7 20 18 54 7 11 11 15 58 14
51 47 27 50 43 22 26 50 4 47
52 23 54 58 10 21 59 58 42 13
51 26 36 13 7 42 37 27 29 58
60 18 15 35 27 12 11 58 38 6
15 7 22 62 55 10 44 11 58 21
61 3 15 19 55 6 22 27 51 43
62 61 15 3 29 60 45 19 12 46
60 35 13 11 58 63 10 38 2 62
2 35 36 36 62 20 50 26 36 15
13 26 28 39 37 21 35 62 44 46
58 27 34 13 52 44 39 45 46 15
50 7 58 3 44 54 7 28 26 42
34 10 61 54 52 6 18 5 60 37
59 4 7 5 37 50 23 14 35 30
19 35 26 61 60 11 51 13 23 39
55 27 45 10 29 7 10 22 26 13
22 46 61 15 19 60 44 35 13 44
6 38 4 10 50 20 30 2 37 23
13 4 63 47 28 34 6 63 26 51
28 61 5 19 4 36 43 10 2 30
21 4 11 38 20 34 6 46 45 7
52 31 23 13 22 60 2 52 39 61
20 30 30 53 4 23 14 36 62 53
58 30 10 44 10 53 5 55 36 20
39 29 30 6 11 47 4 26 51 7
30 21 34 21 12 39 46 4 58 53
5 58 47 27 35 7 62 45 21 42
60 3 53 36 59 11 53 50 11 52
20 14 4 23 45 13 59 37 30 51
59 10 28 38 59 35 15 2 54 11
45 22 60 35 5 10 61 18 44 53
52 53 47 37 23 5 46 27 23 31
5 21 59 34 38 27 42 63 38 13
5 21 29 63 22 38 59 11 39 13
45 23 18 55 10 42 3 23 46 13
58 43 22 45 6 7 18 14 44 31
45 36 31 13 61 2 52 38 43 31
42 60 47 7 58 59 26 26 20 6
28 12 46 15 3 2 58 62 5 7
44 31 13 61 28 12 38 63 28 37
34 58 29 21 62 20 53 26 18 20
42 45 55 61 18 10 53 35 13 36
19 22 27 23 42 47 37 19 28 11
51 6 28 38 59 13 20 53 38 42
43 44 5 38 26 12 58 44 62 63
5 58 46 20 3 7 54 21 47 62
18 38 42 39 18 31 63 5 3 35
18 36 63 28 35 22 29 52 26 2
54 54 42 63 39 13 6 29 2 19
21 60 22 4 19 35 53 53 5 26
23 42 28 43 10 52 10 18 62 39
22 61 30 44 63 20 34 63 7 47
44 22 37 59 35 5 30 5 47 18
50 47 30 46 12 6 59 7 18 35
10 3 7 12 59 19 20 30 53 29
3 29 7 34 52 13 28 34 39 31
29 34 2 38 54 3 6 46 31 35
4 4 2 28 10 58 36 7 30 7
23 50 5 50 18 2 38 31 28 42
27 26 55 34 3 18 35 62 20 44
13 53 36 55 7 45 38 42 28 18
19 55 14 19 15 58 10 13 55 54
44 50 52 21 14 52 7 42 51 52
62 50 2 63 23 3 26 36 28 46
46 61 28 21 54 52 55 52 29 53
14 39 60 29 23 34 12 43 62 14
23 15 55 18 15 20 36 5 13 38
21 2 36 13 7 2 44 19 58 55
15 35 18 43 38 3 31 28 5 27
34 3 23 58 31 59 4 61 18 3
11 42 58 19 3 39 5 53 45 19
37 13 22 11 60 31 43 23 23 21
2 10 63 58 59 23 20 14 42 22
39 13 50 3 10 51 44 21 14 3
55 6 15 2 27 63 55 46 20 63
36 18 59 3 62 35 31 2 52 31
63 19 21 7 6 61 11 12 61 39
53 35 54 42 5 22 20 30 35 43
46 52 37 45 42 7 26 52 30 39
61 27 5 2 31 2 5 4 26 52
50 58 36 62 55 62 62 51 35 53
19 10 45 59 61 30 14 14 3 43
60 35 35 39 47 29 47 60 58 23
39 60 13 14 3 59 52 30 59 11
42 50 37 14 52 55 42 21 15 63
59 55 58 46 36 55 28 4 42 47
62 13 18 12 54 37 63 44 14 63
11 14 36 43 45 27 38 11 44 58
10 6 36 45 50 63 28 20 26 5
39 45 44 34 62 43 35 14 47 3
27 42 3 12 27 4 27 45 26 38
