7 4 2 7 7 5 2 5 7 2
0 5 2 5 3 0 6 6 2 2
4 6 5 3 6 3 5 2 3 6
6 1 5 5 1 0 6 0 1 7
6 1 7 7 0 5 7 4 6 3
4 5 3 6 6 5 6 7 3 0
7 1 2 2 7 7 0 6 4 3
7 3 5 1 1 2 4 0 5 4
5 7 1 1 7 4 1 1 0 2
3 0 2 6 2 5 0 4 3 1
1 7 4 6 4 0 2 2 2 0
7 1 2 2 2 0 4 6 2 0
0 5 4 6 4 1 1 2 7 0
7 6 2 5 5 2 5 6 4 2
0 3 6 4 5 2 7 7 1 4
1 4 5 1 5 0 2 0 5 2
5 1 5 4 6 4 4 5 6 1
4 3 7 2 3 0 2 3 3 6
0 5 5 4 1 5 5 4 0 7
7 3 4 0 1 6 3 1 7 4
7 6 3 0 7 0 4 4 5 0
2 0 7 5 2 6 4 7 0 7
4 2 5 0 1 6 3 4 1 1
2 2 6 7 1 7 1 4 5 2
2 1 2 2 5 4 2 3 5 0
1 3 2 5 2 3 3 2 0 5
4 2 2 1 5 3 5 7 0 6
4 6 3 4 5 4 3 6 0 5
1 1 3 7 0 2 7 0 3 4
2 7 5 6 4 6 2 5 7 3
7 6 7 2 5 7 6 6 3 1
2 6 7 2 1 1 2 6 6 0
6 1 6 7 3 0 6 6 7 5
7 4 5 4 7 1 4 1 0 3
2 0 3 2 2 6 2 1 4 7
4 0 7 0 1 1 2 6 3 5
4 6 1 3 6 7 2 5 2 7
3 0 4 5 3 5 6 6 0 7
1 5 2 7 1 2 7 7 0 0
4 6 7 7 4 6 3 4 0 4
7 0 2 4 6 2 0 2 5 0
1 6 1 1 2 2 6 5 1 5
5 7 1 5 2 1 4 1 2 1
1 3 5 3 0 3 0 5 7 3
6 7 5 2 7 7 5 2 6 6
4 5 1 7 2 4 1 2 0 1
2 0 2 1 3 3 7 3 4 2
1 4 1 4 6 5 6 7 5 2
7 3 5 4 5 6 4 5 5 1
7 7 3 4 3 3 4 5 2 0
1 5 4 7 5 6 1 6 6 5
5 7 1 0 2 1 1 3 0 7
0 5 6 3 6 3 7 5 6 3
4 2 1 2 3 2 1 2 1 1
7 2 3 4 4 7 7 4 6 2
7 0 7 7 2 6 7 4 0 1
7 0 5 0 4 3 3 6 1 6
1 3 6 2 1 4 0 4 7 3
2 0 0 6 2 0 5 0 5 2
0 1 2 6 2 6 0 1 2 7
1 2 7 5 5 2 7 3 2 0
1 4 4 2 6 6 7 6 4 5
7 6 0 6 1 0 7 1 7 0
5 0 3 1 7 1 7 4 6 4
4 2 2 3 7 3 0 0 5 3
5 7 5 5 7 4 5 1 4 1
6 6 4 5 5 2 0 1 0 6
0 1 4 7 6 5 5 1 3 1
6 4 0 5 6 3 0 7 3 2
7 7 3 5 2 6 7 2 0 5
0 7 1 3 6 4 7 5 4 3
6 6 5 2 6 5 2 2 2 7
1 0 1 7 6 4 7 7 1 6
2 1 4 2 0 4 0 1 3 3
4 1 5 6 3 6 6 5 1 1
4 6 3 0 1 0 1 3 0 2
2 4 3 0 3 1 6 5 7 5
1 1 1 3 0 5 3 0 0 4
5 2 4 6 6 4 7 0 0 0
4 3 2 7 4 6 1 4 5 3
1 0 0 1 6 4 3 3 5 5
6 4 4 2 1 7 4 1 2 6
3 1 4 3 4 7 4 2 7 3
6 5 2 7 3 1 6 1 7 2
4 4 5 2 6 0 6 3 4 2
1 0 6 2 5 4 3 2 2 2
1 7 4 4 1 6 6 1 0 3
6 5 6 6 2 2 0 6 2 6
2 2 4 3 6 5 1 1 3 5
0 4 5 2 4 6 1 0 3 2
0 4 0 3 6 0 6 2 1 4
1 4 7 1 5 6 2 5 0 6
5 3 5 1 3 1 5 5 2 2
4 6 7 7 2 2 6 3 6 7
3 7 3 0 6 4 6 5 3 4
7 0 6 7 6 5 6 4 7 1
1 1 0 1 5 4 5 5 2 5
2 1 2 1 7 2 2 7 0 1
5 3 7 5 3 4 2 7 1 0
7 5 4 1 6 3 4 2 5 1
60 35 18 59 59 46 18 46 59 21
2 43 21 46 29 6 55 50 18 19
35 53 44 28 50 30 45 22 26 51
53 15 45 46 14 4 55 5 14 60
53 14 60 60 3 43 59 34 54 31
34 43 29 53 50 45 55 58 28 3
60 10 21 19 61 63 4 50 37 31
61 26 47 11 13 20 35 4 47 35
46 63 13 14 62 35 10 13 3 23
31 7 22 51 23 42 7 38 31 14
12 62 37 52 34 5 21 21 18 7
63 11 22 23 21 7 37 54 19 2
5 45 37 53 38 10 13 23 63 7
58 54 18 42 45 18 42 51 34 20
3 31 52 38 42 20 62 62 10 34
10 34 45 14 46 3 21 7 45 23
46 10 46 35 55 35 39 44 52 12
35 27 58 20 28 6 22 31 30 55
4 46 46 34 10 42 47 34 3 62
62 30 36 2 10 51 29 12 58 36
63 53 26 5 62 4 38 36 45 3
18 4 59 43 18 52 39 63 2 59
36 20 44 5 11 52 31 34 11 15
18 20 53 58 14 60 14 36 47 19
22 13 21 23 43 39 19 31 42 5
15 26 19 45 21 30 26 19 5 42
38 23 22 11 45 28 45 61 4 51
39 50 30 38 43 37 26 50 2 43
14 12 31 61 4 19 63 5 27 36
20 62 42 51 37 52 19 47 61 28
63 53 58 22 46 63 53 52 27 12
20 51 58 19 11 13 20 55 53 6
52 13 53 58 28 7 55 51 58 46
62 36 47 39 59 12 38 11 6 30
19 7 29 18 18 52 20 13 36 62
37 4 58 2 14 12 22 52 29 45
37 52 15 27 51 59 21 43 18 58
31 2 36 44 29 46 50 54 5 60
15 43 19 63 13 19 58 62 2 5
38 52 58 63 38 51 27 37 3 39
58 2 18 38 50 20 7 20 44 6
14 54 10 10 22 22 53 46 10 43
43 63 12 45 21 14 34 11 19 11
15 27 43 27 5 27 3 44 60 28
50 58 44 21 59 60 46 22 50 50
38 44 15 63 21 35 10 23 3 14
22 2 22 13 29 28 59 30 35 20
10 37 12 37 54 47 51 63 46 18
59 29 46 39 45 53 36 46 42 14
58 59 26 37 29 30 37 47 18 5
13 46 36 59 45 50 10 51 52 43
44 59 15 5 23 12 10 29 7 61
7 45 53 30 55 31 59 44 52 26
34 23 11 21 29 21 14 20 11 14
59 22 26 38 38 63 63 36 50 21
63 7 63 59 21 55 62 35 2 12
59 3 43 6 37 27 29 55 13 55
11 29 51 22 13 39 4 36 63 26
18 5 5 55 19 7 43 2 46 21
4 15 21 50 20 52 4 11 18 61
14 23 63 43 46 19 61 26 23 3
15 37 39 23 52 55 62 50 36 44
60 54 7 50 10 2 61 14 62 6
47 4 26 12 63 14 63 35 54 37
35 18 18 29 60 28 5 7 47 31
47 62 45 43 63 39 43 11 36 15
52 52 34 42 45 18 7 14 5 54
4 10 37 60 54 43 46 11 29 10
53 37 3 46 52 28 7 58 28 20
60 58 29 46 19 50 60 19 5 43
3 61 12 26 51 39 58 42 37 27
52 55 46 23 50 47 23 23 22 61
11 7 11 58 51 38 61 62 14 50
18 12 38 19 4 39 2 14 29 30
38 15 47 53 31 52 51 47 13 15
35 50 29 5 13 2 11 31 4 18
19 39 31 4 28 13 50 46 63 46
11 15 10 29 7 44 27 7 7 38
47 22 39 52 52 35 58 4 6 5
37 28 18 62 36 54 14 36 45 31
11 2 5 14 52 35 26 26 46 42
52 38 39 18 10 62 39 13 22 50
30 12 34 27 39 60 39 21 62 31
54 46 23 58 27 10 52 10 60 21
35 36 45 18 51 5 54 28 38 19
13 5 51 23 42 37 28 19 18 23
15 59 36 35 14 51 55 10 2 30
53 42 51 50 22 18 3 53 22 50
22 19 39 27 52 42 10 12 26 44
5 38 47 18 34 53 15 5 27 20
7 39 2 31 55 2 50 21 10 36
13 39 60 15 44 50 21 42 6 50
43 31 46 11 26 11 44 47 18 20
38 54 63 59 18 23 50 29 51 58
31 59 29 5 53 34 51 47 27 36
62 3 55 60 50 45 55 35 60 11
11 15 3 15 46 37 47 42 21 43
19 13 19 14 58 22 20 60 5 11
43 31 61 44 27 36 20 63 10 7
60 44 34 10 55 26 37 18 43 15
