3 5 2 0 1 5 5 3 0 6 1 4 0 6 5 0
5 0 5 3 1 5 2 4 5 4 7 5 2 6 3 1
3 3 2 6 1 4 6 6 0 3 7 4 2 4 2 0
1 3 5 1 3 3 7 0 7 1 7 3 6 5 2 4
4 4 1 0 0 2 6 5 6 3 1 4 5 5 1 2
6 4 2 7 1 7 4 7 0 1 0 3 4 7 1 0
0 7 6 7 2 7 3 7 7 5 1 0 1 1 7 5
2 7 6 3 0 3 2 5 0 3 3 7 4 0 5 3
5 5 1 1 6 3 5 0 2 0 7 0 0 5 7 7
3 2 6 4 4 0 7 5 2 2 6 1 4 4 7 4
4 4 2 5 3 0 0 1 7 4 4 0 1 5 3 2
0 6 0 0 2 4 2 2 6 5 0 1 1 3 0 0
5 2 1 6 5 7 1 2 2 1 2 1 1 7 0 5
5 0 5 3 1 2 1 7 2 7 2 4 4 3 2 2
4 7 2 2 1 1 0 1 7 6 6 7 7 3 5 5
1 4 4 3 0 0 7 7 6 0 1 6 2 0 1 7
26 43 21 2 12 43 46 27 6 54 13 39 6 53 44 7
44 3 47 30 11 44 18 37 47 39 61 43 18 52 28 10
30 26 21 52 13 35 50 53 5 28 63 35 23 38 21 2
13 26 42 12 27 31 60 3 58 14 61 26 51 47 19 34
36 38 15 3 6 20 54 43 52 26 10 35 44 45 10 21
53 35 19 59 12 58 38 59 4 11 3 27 35 60 13 7
2 59 52 58 19 59 30 60 60 43 11 2 13 11 61 42
21 63 50 30 7 30 23 44 7 31 31 59 37 6 45 31
43 42 13 12 55 30 44 6 19 5 60 7 2 46 59 60
31 22 50 38 36 7 59 43 21 20 50 14 38 37 58 35
34 38 23 43 31 3 4 11 61 38 39 3 13 42 29 20
5 54 6 5 20 35 18 21 51 43 6 14 15 29 2 6
47 23 15 54 42 63 15 22 18 10 22 10 11 63 7 46
43 4 47 26 11 18 14 58 20 62 22 36 34 29 22 21
39 62 23 21 15 11 4 15 61 52 50 58 62 29 44 42
11 38 38 29 3 2 62 61 54 4 14 54 22 7 12 58
