6 0 3 4 4 5 1 3 6 5
3 0 6 4 4 3 4 6 7 1
1 2 5 7 3 3 5 4 4 7
4 5 5 1 2 6 3 7 2 2
1 7 3 6 4 1 1 0 6 1
3 4 1 7 5 4 4 2 2 5
0 0 0 1 4 5 3 5 7 0
6 0 2 4 0 7 0 5 1 5
7 3 4 2 4 7 2 0 7 7
2 7 4 3 1 6 7 6 0 4
0 0 0 3 1 1 7 5 3 0
1 0 2 6 5 7 3 6 7 0
7 6 7 6 0 2 2 4 1 3
1 1 7 5 5 5 3 3 6 5
1 5 5 0 4 2 5 6 7 1
1 7 1 5 2 7 7 0 6 7
2 4 1 7 5 6 1 1 4 2
6 5 0 0 0 4 0 7 5 1
0 3 7 1 1 2 4 4 2 4
6 1 6 5 4 5 3 7 5 3
0 1 7 4 5 7 1 4 3 4
7 4 5 1 3 4 0 3 0 5
4 1 1 5 3 6 3 3 5 3
7 1 5 3 1 5 4 7 5 4
6 1 5 2 4 6 5 0 7 5
2 4 1 7 6 7 7 7 2 0
5 1 1 5 5 3 4 3 0 4
0 2 6 6 0 0 4 5 2 3
5 4 4 0 3 6 5 2 5 1
7 1 3 5 3 5 5 4 0 7
2 0 2 6 3 0 1 2 7 4
3 7 4 3 1 2 3 6 2 6
4 4 5 0 2 0 6 4 7 3
0 7 0 0 2 0 7 4 0 6
7 7 7 7 2 1 4 5 4 3
2 1 3 2 3 7 3 7 7 4
0 1 2 0 6 3 6 3 4 7
3 2 7 0 3 3 0 6 5 0
5 5 5 1 5 6 7 6 0 4
2 7 2 5 1 0 3 4 7 1
3 1 4 6 6 2 4 5 7 6
6 6 5 1 5 6 7 4 7 3
2 7 3 3 5 0 1 4 1 0
1 2 3 2 3 5 1 0 7 4
5 2 6 4 7 1 7 6 1 7
0 5 1 4 7 1 1 5 4 5
4 3 3 2 7 7 5 5 3 0
4 3 0 0 1 4 3 7 1 3
2 0 4 7 5 1 3 5 5 6
7 4 6 6 5 3 6 2 7 3
3 5 2 5 7 2 7 4 4 1
5 3 1 7 6 3 2 4 4 4
0 6 7 3 5 6 5 2 6 3
0 6 3 7 2 2 3 2 6 0
7 7 7 6 4 6 4 2 4 5
6 2 1 3 6 7 5 0 1 3
6 7 2 6 7 7 2 1 2 0
2 2 2 5 0 4 0 2 3 4
0 6 2 0 4 7 2 5 1 3
5 1 5 5 1 6 4 6 1 7
1 2 3 6 6 6 1 3 1 1
2 3 7 4 7 7 2 0 0 5
2 5 7 7 3 2 2 4 0 7
2 0 4 1 7 2 3 2 5 5
3 3 6 3 2 5 6 6 0 2
6 5 5 4 6 4 4 7 2 2
6 3 5 4 1 7 1 6 0 3
0 6 3 6 2 3 1 5 1 1
3 2 2 7 2 5 6 2 4 2
4 6 2 1 2 3 0 5 6 0
7 1 2 4 1 4 5 3 0 4
6 0 1 3 5 3 6 5 6 4
3 7 0 0 7 6 7 7 4 5
6 6 7 5 7 1 0 5 2 3
4 2 5 4 2 3 0 4 0 5
5 4 7 7 2 5 6 3 5 5
1 5 2 1 2 3 6 7 2 6
4 5 2 5 4 7 7 3 4 3
5 3 4 1 0 1 3 6 6 4
7 0 5 0 2 5 4 6 4 2
7 4 1 2 7 4 0 0 7 5
3 1 0 7 2 0 3 3 5 6
0 6 1 1 4 1 5 2 2 3
7 7 4 6 5 2 0 7 7 2
7 7 4 4 0 7 3 6 5 5
2 3 6 2 0 5 2 1 1 5
3 2 0 1 0 4 1 5 0 0
1 5 0 7 2 6 3 2 2 5
3 6 7 6 0 4 0 0 0 2
5 4 7 0 7 5 0 3 7 3
2 7 2 6 0 5 2 1 7 5
2 1 2 0 4 2 3 0 4 6
2 2 2 0 4 0 4 3 1 1
4 6 4 7 3 2 1 7 2 5
2 7 7 7 1 2 5 6 5 0
6 4 0 5 0 3 6 1 2 3
6 7 6 7 7 6 1 4 5 0
6 6 3 1 5 2 4 5 1 3
6 7 2 0 7 3 5 0 5 0
1 4 1 3 5 3 2 0 3 1
51 4 29 37 37 45 12 27 55 42
31 7 54 38 39 29 34 52 58 10
12 20 47 62 28 31 44 38 35 61
39 44 45 15 22 51 29 60 18 19
10 61 31 51 38 13 12 6 53 15
27 34 14 62 45 38 34 18 23 45
4 3 2 10 36 42 30 47 63 3
53 6 18 36 4 62 5 44 12 42
63 31 39 19 37 60 19 3 63 62
23 60 36 26 12 53 60 52 4 38
7 3 4 30 15 15 61 47 26 5
15 3 21 51 46 61 29 50 58 3
63 54 62 53 4 23 23 37 15 28
13 11 59 43 42 46 30 29 51 43
15 42 43 6 39 22 45 55 60 14
13 61 12 46 23 58 60 3 50 59
22 35 13 58 42 51 11 15 39 21
53 44 4 7 6 37 6 63 47 10
4 30 63 11 15 23 37 34 20 37
51 12 52 42 35 44 30 61 47 26
6 11 60 37 46 58 10 34 28 34
61 37 47 12 30 36 5 28 5 42
34 12 10 45 26 53 30 29 43 26
59 15 46 26 11 47 35 60 47 37
52 10 44 22 39 53 42 3 61 47
22 35 10 60 51 60 58 59 19 5
44 10 11 44 42 26 37 27 7 34
4 21 50 53 4 7 36 44 22 30
45 36 35 6 28 54 45 23 42 12
62 10 26 45 30 43 47 36 2 58
18 6 20 55 27 4 15 18 60 35
29 60 34 31 11 18 28 51 21 53
35 34 42 2 20 5 53 34 59 29
6 60 6 7 21 3 63 39 2 51
59 58 62 61 22 14 37 43 34 28
20 12 28 22 30 62 27 59 63 38
2 12 21 6 54 27 55 28 38 58
29 23 62 3 29 28 3 53 44 5
47 47 46 15 42 53 60 54 2 38
20 61 19 46 12 5 28 35 60 10
30 10 36 52 50 18 38 42 62 54
51 55 43 15 44 52 60 38 60 29
18 58 26 27 43 4 10 39 10 6
13 20 27 18 27 47 10 3 63 39
47 20 54 39 62 12 59 51 12 62
4 47 12 39 61 11 12 42 38 44
36 30 27 20 61 60 45 43 27 2
36 28 3 3 10 36 29 60 14 29
23 5 36 60 46 15 27 45 46 55
58 35 51 50 43 31 55 23 59 28
28 47 23 42 61 18 63 38 39 11
42 26 15 61 52 28 21 38 36 35
3 53 63 28 43 52 43 18 50 26
7 52 26 62 20 19 30 18 51 3
59 63 63 55 37 51 34 22 38 45
51 23 13 28 52 63 43 4 13 30
53 61 22 50 59 62 19 11 21 2
21 23 19 45 7 34 7 23 29 35
6 55 23 2 38 63 22 45 11 29
45 13 47 44 10 53 34 54 10 62
14 23 31 54 50 53 14 31 11 11
23 30 61 34 63 63 22 6 4 43
20 44 63 61 30 19 20 35 4 62
23 2 35 11 60 21 27 22 46 47
28 26 52 28 19 46 53 50 6 18
54 42 47 35 51 37 36 58 18 18
54 30 46 37 11 60 10 52 2 28
7 53 27 50 21 29 11 46 12 14
29 18 18 60 21 45 54 23 38 20
38 51 18 11 21 29 2 45 54 3
59 14 18 38 13 38 42 29 7 36
50 2 15 26 46 29 53 47 51 34
31 59 3 3 58 51 61 59 37 47
52 50 63 42 60 10 3 46 19 26
37 22 42 37 21 26 5 36 2 42
42 34 62 63 21 45 52 29 43 43
11 42 20 13 19 27 51 61 22 51
35 45 22 43 37 63 59 31 35 27
47 29 35 11 4 12 27 50 54 38
59 2 43 3 19 44 37 52 35 19
62 34 12 18 62 34 3 7 59 44
28 13 5 61 20 5 31 27 46 54
7 51 15 12 35 11 46 18 19 26
59 59 36 52 44 20 7 60 62 21
63 62 36 39 7 62 27 53 42 46
22 30 55 23 3 44 23 13 14 46
28 20 2 14 6 35 13 42 7 2
13 44 5 62 20 55 31 22 23 44
26 54 58 52 4 34 7 3 2 22
42 39 63 2 63 45 3 30 61 28
22 58 20 55 5 44 22 12 62 47
18 13 21 2 34 20 29 3 35 52
19 18 21 6 38 6 35 26 12 11
34 53 37 63 28 23 13 63 19 47
19 59 63 60 11 22 46 53 43 3
51 35 3 46 4 29 50 11 23 31
53 58 55 63 62 51 14 36 43 3
54 51 31 10 47 19 36 45 12 28
52 61 18 5 59 29 45 6 44 4
15 39 12 27 45 31 19 4 31 13
