6 2 3 5 2 2 2 0 6 6 5 1 7 0 0 4
0 7 1 2 3 2 2 3 4 1 3 4 1 4 1 1
7 3 3 2 6 7 4 0 5 3 5 2 0 5 3 0
2 0 6 7 7 1 5 5 3 6 4 3 7 3 7 7
2 2 5 7 3 0 6 2 0 2 2 7 0 7 2 7
0 6 3 5 5 3 0 5 0 7 1 3 4 6 1 4
4 4 5 6 0 7 6 7 3 3 7 0 2 3 4 3
0 7 3 5 6 0 7 2 7 1 3 4 3 4 2 7
0 3 5 2 0 7 7 2 0 1 7 6 6 2 7 6
4 3 7 7 2 3 6 7 4 3 2 4 5 1 7 0
7 4 6 1 7 3 5 0 2 4 3 4 7 4 4 4
2 0 5 1 6 3 6 5 7 6 6 4 5 5 6 0
0 0 5 1 2 4 4 2 7 3 5 6 4 6 7 7
7 7 5 7 0 0 3 6 4 0 4 2 7 3 0 1
5 6 4 3 1 5 4 1 2 3 6 5 0 6 7 1
6 7 0 2 1 1 5 6 2 2 3 2 6 4 5 1
50 22 28 44 20 19 23 7 50 53 45 14 60 2 5 38
6 60 10 18 26 22 20 26 39 12 26 36 13 36 11 11
63 27 31 21 51 63 36 5 46 30 45 23 3 46 29 2
23 6 50 58 63 12 44 44 30 53 34 28 59 30 63 58
22 22 45 61 28 3 53 20 3 19 19 61 4 59 19 62
4 50 27 42 46 31 4 45 2 59 13 26 34 55 12 34
35 38 42 54 5 61 51 59 31 26 58 7 18 31 34 26
5 63 28 46 55 7 62 20 58 13 31 38 31 39 20 62
3 28 46 18 3 61 61 21 7 11 60 55 51 23 61 53
34 26 59 63 21 26 55 63 39 28 20 34 42 11 60 3
62 36 54 15 60 30 42 5 21 34 29 38 59 39 35 34
21 7 43 13 52 29 54 46 58 53 50 38 43 44 54 4
7 2 46 10 19 37 37 23 61 26 43 51 38 54 63 61
63 63 47 59 6 3 30 51 34 6 36 21 59 26 2 11
42 54 35 29 14 42 39 12 21 29 54 42 2 50 58 12
55 62 6 21 15 11 46 51 23 20 31 18 54 36 45 11
