1 4 7 3 1 2 4 2 2 7
0 6 5 2 4 7 7 1 2 0
4 0 2 3 5 3 0 5 4 6
6 3 1 2 1 0 4 1 2 5
7 7 1 0 6 2 2 4 0 0
2 4 3 0 5 3 3 2 7 3
4 3 5 4 6 5 2 1 4 6
0 3 5 0 6 7 4 5 1 7
3 3 1 4 0 2 7 3 5 4
3 4 7 2 2 0 5 5 7 7
6 1 5 7 0 7 4 0 3 4
4 0 0 3 1 2 3 1 1 1
0 6 0 3 3 5 5 6 2 5
3 6 3 7 3 3 1 5 0 5
3 2 1 2 3 4 2 6 4 1
0 2 4 2 7 2 1 1 7 2
5 0 5 2 4 0 4 6 4 5
4 0 0 1 7 6 5 0 4 4
4 6 4 6 0 7 6 4 2 3
6 1 3 4 6 7 7 1 2 2
2 3 7 1 3 2 1 2 7 7
6 2 7 4 7 7 0 3 0 3
3 4 4 5 7 4 1 3 1 6
0 6 1 3 3 1 1 1 7 3
2 4 3 3 5 3 3 7 3 7
6 2 6 0 0 7 2 5 6 4
4 4 7 6 6 6 6 7 6 4
0 2 4 3 0 4 4 0 2 0
1 7 6 6 7 2 5 5 3 4
6 0 1 2 7 5 2 5 3 4
0 4 4 6 2 2 1 5 7 1
7 1 1 6 3 1 7 7 4 7
2 7 7 3 3 3 3 1 1 4
3 5 5 3 4 1 1 1 1 1
2 0 5 2 5 0 4 4 3 5
7 7 5 5 3 2 7 1 0 0
3 3 5 2 4 6 7 3 5 1
5 1 0 2 1 2 5 3 4 4
3 4 5 7 6 4 2 1 7 3
0 3 3 5 2 1 4 4 3 0
6 0 2 4 1 7 4 7 7 5
7 6 3 0 4 7 5 6 0 3
4 2 0 7 6 2 1 3 7 3
7 6 2 0 0 5 7 5 4 3
3 3 5 0 5 7 6 5 4 0
5 6 5 1 6 6 0 3 0 4
0 4 3 5 6 6 2 1 2 1
2 7 7 6 2 2 2 2 0 6
1 6 6 3 3 4 6 2 7 0
5 2 1 2 6 1 1 4 5 0
2 6 4 0 1 4 3 1 0 7
7 1 0 4 4 2 5 6 6 6
1 3 0 6 0 2 5 3 7 3
5 7 5 5 3 6 3 1 6 6
4 6 6 1 4 6 1 5 6 7
2 5 5 6 4 1 3 2 1 1
7 3 0 3 2 2 7 6 1 7
7 0 3 6 2 6 7 0 5 6
0 1 1 1 4 5 5 7 7 5
7 5 7 3 6 1 2 6 0 4
0 0 0 1 0 4 3 6 3 0
7 0 2 0 3 1 7 0 0 4
0 7 2 1 3 7 0 5 4 6
7 5 6 0 1 5 5 7 7 3
3 1 6 0 7 1 1 3 4 4
5 4 6 3 5 0 5 5 5 5
5 6 4 2 3 0 0 0 2 7
6 3 0 7 7 6 3 0 2 6
1 4 6 3 6 3 5 2 2 2
2 7 6 7 4 0 7 5 3 2
5 3 1 4 0 2 0 7 5 2
2 6 2 1 6 0 1 0 7 1
5 7 0 3 0 3 0 1 0 5
0 6 5 6 1 6 7 4 1 0
2 7 6 0 2 6 1 1 5 1
3 4 5 3 5 0 5 2 7 3
7 7 6 4 0 3 1 5 4 1
4 7 2 4 3 2 5 0 0 1
1 5 5 6 5 3 7 3 5 6
3 5 1 4 0 1 5 7 2 1
6 5 4 3 5 5 5 6 6 6
2 6 4 7 3 2 1 1 7 1
6 7 2 5 3 4 1 1 7 3
6 0 2 3 4 6 7 3 4 6
7 4 1 1 1 0 7 1 6 4
4 1 1 4 1 7 5 3 6 6
3 7 4 1 2 3 6 0 4 4
5 2 4 6 2 6 2 5 3 4
7 4 7 6 2 6 7 2 6 7
1 4 7 0 3 5 4 1 6 4
3 1 4 7 6 6 3 4 7 5
7 0 7 4 4 2 1 7 4 4
0 4 3 7 3 3 6 7 5 6
1 1 5 5 1 4 2 6 6 4
5 2 6 2 1 1 2 7 4 5
4 0 1 1 6 4 1 5 3 7
5 0 5 4 4 1 1 6 2 7
6 0 6 0 7 4 2 2 6 1
0 2 5 4 7 0 5 0 0 6
3 0 2 5 6 4 6 1 3 7
14 35 60 26 14 22 35 20 18 60
7 51 44 22 39 58 62 12 21 4
34 2 18 26 45 31 5 47 37 55
53 27 11 18 14 3 37 11 20 45
62 58 10 5 51 19 22 37 7 7
22 37 26 2 42 29 27 21 63 30
37 31 44 35 50 43 18 12 35 52
3 31 44 2 54 58 35 42 15 62
26 30 15 37 4 19 59 28 45 35
26 39 60 20 22 4 44 43 60 60
55 10 42 61 4 60 37 7 28 37
37 3 7 31 10 23 27 11 11 11
5 55 6 29 28 43 47 55 23 47
27 55 31 60 30 30 11 47 4 43
30 23 10 21 27 37 18 55 36 13
7 22 36 18 58 19 11 11 59 19
47 3 47 21 37 7 38 53 34 47
39 7 3 11 60 55 45 4 36 37
38 54 37 51 5 58 53 36 20 29
53 11 30 39 54 63 61 11 18 22
23 27 61 13 27 23 15 20 58 63
55 21 59 34 62 58 6 31 6 29
27 36 35 43 62 38 11 27 11 51
7 53 12 27 30 14 11 15 61 30
19 39 28 26 43 27 30 58 30 63
53 23 54 4 6 62 22 43 54 34
38 35 60 51 51 55 52 61 55 37
2 21 39 30 4 38 34 6 22 4
14 62 54 51 62 21 44 46 31 36
54 5 10 21 59 46 21 47 28 36
7 34 37 53 22 22 13 46 63 15
63 12 11 50 31 13 63 62 37 58
23 62 59 27 30 27 28 14 10 35
30 47 47 30 35 13 11 10 15 12
19 7 43 18 46 5 35 35 28 47
61 58 43 45 30 22 62 13 3 2
27 30 46 22 34 55 62 30 47 12
44 13 6 21 14 22 44 30 38 39
31 39 45 60 52 38 22 10 61 30
4 28 30 43 18 14 38 37 28 7
50 5 22 36 12 61 34 59 58 44
63 54 27 5 39 59 43 53 2 31
34 18 5 60 51 23 10 27 60 26
62 55 19 6 6 44 61 46 39 26
29 31 43 5 44 61 50 43 36 2
42 53 47 10 54 50 4 29 6 35
6 34 31 45 50 51 19 11 19 10
21 62 60 53 18 19 20 19 6 55
13 50 51 28 28 38 53 18 63 4
43 22 15 19 54 11 10 37 43 5
20 53 39 5 15 39 31 14 3 59
61 14 6 38 37 21 47 50 51 54
14 26 4 54 5 18 45 27 58 31
46 59 42 46 30 54 31 12 53 51
35 54 54 14 37 54 15 46 52 63
20 43 44 52 39 15 28 23 11 13
58 30 2 30 20 22 60 52 15 62
59 2 30 52 21 54 59 6 42 50
7 15 11 12 35 47 45 60 59 44
60 47 58 27 53 11 23 50 5 34
4 6 2 12 3 37 30 53 31 2
61 3 18 5 26 10 58 5 6 37
6 62 22 15 30 61 4 47 38 51
59 46 53 6 11 42 47 63 62 26
31 15 55 5 58 13 12 26 37 36
44 38 53 26 44 2 47 44 42 46
43 52 37 21 29 2 6 5 18 63
55 26 2 60 60 50 30 4 18 50
10 36 54 30 53 31 46 23 19 23
21 59 52 59 39 6 63 44 31 22
45 31 12 34 7 19 2 58 47 20
22 50 18 15 52 6 13 6 60 10
45 62 7 31 6 31 3 13 4 43
7 52 43 50 10 50 59 38 11 5
20 62 51 5 22 53 13 15 47 11
28 35 44 27 42 3 46 22 59 31
63 60 51 38 2 26 14 42 34 13
35 58 23 34 29 22 45 4 4 14
15 43 45 51 43 30 63 31 47 51
31 46 11 34 2 15 45 59 19 10
50 45 38 29 47 43 46 53 54 53
22 52 35 59 26 21 14 15 59 13
51 63 20 44 29 38 10 12 60 28
55 5 21 31 36 50 61 27 35 51
63 38 12 11 11 3 61 15 54 34
34 10 11 34 12 62 43 30 53 54
31 59 38 14 20 27 55 3 39 38
45 19 39 54 22 52 20 44 31 35
59 36 63 53 18 50 60 21 54 61
10 39 58 6 28 43 38 10 51 39
28 13 38 60 52 53 27 39 60 42
62 7 58 36 35 21 12 59 39 37
7 34 30 63 28 28 54 58 42 52
11 13 44 43 13 39 19 51 53 38
46 23 53 18 12 14 22 60 34 47
39 7 11 13 53 38 12 43 28 62
43 6 47 36 37 11 13 51 21 61
55 7 50 7 62 39 21 18 54 10
7 22 44 35 61 5 47 5 7 55
28 3 19 46 54 36 50 12 27 62
