6 2 0 7 6 2 5 4 7 3 0 3 5 2 2 7
6 0 2 0 3 4 7 3 6 3 3 6 0 6 5 2
2 0 2 3 2 4 2 3 7 4 1 3 2 1 1 1
1 5 3 4 7 4 6 0 6 5 7 7 5 5 2 6
3 4 4 3 6 5 5 7 5 7 3 2 1 6 6 3
5 4 7 5 2 6 5 6 4 0 6 6 7 0 7 0
3 3 4 3 0 3 6 2 2 1 5 1 1 1 0 3
5 2 0 4 5 2 4 0 3 2 4 4 5 2 2 0
7 1 3 6 1 3 1 7 5 7 3 3 5 4 2 4
5 0 0 0 7 6 7 1 3 7 7 0 0 2 5 6
2 0 4 2 1 0 2 1 6 6 2 2 6 1 3 3
5 6 5 5 0 6 2 7 3 6 6 5 4 2 2 2
5 2 0 7 3 0 5 0 1 2 5 1 1 3 0 7
0 0 6 7 0 2 6 4 1 1 1 1 7 4 0 1
2 7 0 3 6 4 6 2 2 2 3 7 7 6 6 7
0 3 3 2 4 6 1 0 3 3 4 7 2 4 3 7
51 23 5 61 54 19 44 34 59 27 2 31 47 18 18 59
54 4 19 6 29 35 63 26 55 27 28 53 2 51 46 18
22 2 23 28 20 37 18 26 61 36 15 31 19 15 15 13
13 42 26 39 58 38 50 7 53 44 63 59 46 42 20 51
29 35 38 30 55 45 43 62 43 63 28 22 15 51 51 29
47 36 60 42 19 52 44 52 36 6 54 51 58 4 59 3
26 26 39 31 6 31 54 18 22 15 46 14 10 10 7 29
42 22 2 39 46 19 39 2 29 23 34 35 44 19 18 2
58 15 27 51 11 29 13 60 43 58 26 28 46 34 22 36
42 2 4 7 62 55 63 14 29 59 60 7 2 21 46 55
20 4 38 21 10 2 22 13 55 51 19 22 51 11 28 31
47 53 47 42 4 54 20 59 31 52 55 46 38 19 22 18
45 22 5 63 29 2 46 7 14 23 43 14 10 29 6 63
5 5 53 60 3 23 52 35 11 15 15 10 62 35 4 12
19 63 2 26 55 36 54 23 22 18 27 62 62 55 54 59
4 28 28 18 35 50 13 2 30 31 39 59 19 34 27 60
