7 0 0 2 4 7 1 0 5 7
7 2 2 3 6 6 5 6 0 6
2 2 5 3 3 7 0 4 3 3
6 1 7 7 1 6 0 3 1 3
0 7 4 5 0 6 3 5 2 7
2 7 4 6 1 6 0 3 2 1
5 2 1 3 5 3 1 5 3 4
6 5 1 5 7 0 7 7 7 6
5 5 1 7 3 0 3 0 5 2
0 4 6 1 4 1 0 1 5 6
0 0 5 3 0 5 4 7 1 4
6 4 5 3 2 3 4 4 7 1
5 7 2 3 4 7 3 3 4 5
1 6 2 3 5 1 7 7 2 6
4 3 3 3 2 3 2 3 2 3
1 6 5 1 4 2 7 5 3 0
6 6 3 0 6 3 7 2 6 0
7 2 2 7 5 4 3 7 5 1
2 6 1 2 1 4 0 1 2 5
6 5 0 1 7 7 3 2 2 5
6 1 2 4 5 6 2 5 1 2
7 0 4 2 3 6 2 2 2 4
1 0 5 7 1 0 0 4 7 7
7 7 7 0 4 1 1 0 5 4
3 0 7 2 1 5 6 2 4 0
3 0 2 6 0 1 4 6 6 3
2 4 6 7 2 0 2 7 5 0
4 0 1 4 5 5 4 6 7 0
3 2 3 2 3 0 1 4 3 0
1 3 7 4 1 4 3 7 7 6
5 3 0 7 4 6 6 6 1 3
4 0 1 7 3 0 1 7 6 6
4 2 0 5 1 0 4 6 0 0
0 6 0 6 6 3 0 1 0 5
1 4 0 7 2 5 7 1 2 1
4 7 3 6 1 5 1 1 7 6
5 4 3 2 4 1 7 6 5 7
4 2 0 7 7 7 5 5 3 0
1 7 0 1 2 4 1 2 7 6
0 7 5 0 6 5 7 0 2 2
1 6 3 3 6 1 1 1 2 2
4 6 1 2 5 7 1 6 5 3
2 5 0 4 0 0 4 5 2 7
5 6 7 0 2 4 6 7 3 5
7 2 4 0 1 1 3 4 4 6
6 5 3 7 3 5 0 3 4 1
6 6 2 4 4 4 4 4 2 6
3 2 1 7 3 6 6 6 4 5
4 3 2 0 4 1 0 6 1 2
2 5 7 6 6 0 0 7 6 6
1 1 2 3 4 4 6 4 1 3
3 1 7 2 1 0 7 4 2 1
7 4 7 4 3 2 2 7 4 6
7 4 4 5 4 5 0 6 7 1
2 2 3 1 5 1 5 3 4 1
5 7 5 7 7 0 4 5 7 3
1 4 3 6 7 0 7 3 3 6
2 2 5 5 7 1 5 1 0 0
5 6 1 2 5 5 0 7 2 1
2 2 3 6 7 6 6 2 2 3
3 4 4 5 2 7 5 7 1 1
6 6 0 4 5 1 3 5 3 0
1 3 2 7 3 6 1 7 1 2
4 3 7 2 0 7 3 7 2 4
6 1 7 3 7 4 0 6 6 1
3 6 4 0 1 7 7 1 6 1
6 7 2 3 3 0 1 0 5 4
2 0 2 2 2 3 7 1 5 5
2 1 0 3 3 6 5 5 0 3
3 6 0 1 1 2 2 6 4 7
3 6 6 1 3 4 7 0 1 3
0 1 5 2 4 0 3 3 2 1
1 1 2 7 0 0 7 2 7 6
7 1 4 3 5 7 4 7 3 4
7 2 2 5 0 0 7 4 7 5
7 1 0 5 2 1 1 0 4 3
3 5 7 0 3 2 2 6 0 6
3 7 3 2 0 6 7 5 5 6
4 5 7 5 0 3 6 5 0 3
0 4 1 2 3 2 4 6 7 1
6 7 7 3 7 4 7 0 0 1
6 4 0 2 1 0 0 0 1 2
4 7 3 4 4 6 1 6 4 2
5 1 1 7 5 0 3 0 2 0
3 4 0 6 5 3 5 4 7 1
5 3 2 1 1 4 1 6 7 3
0 6 5 5 2 7 6 3 5 4
3 0 4 2 2 2 2 0 2 6
2 4 7 6 3 6 7 4 6 2
6 6 2 6 4 1 3 1 5 7
1 1 0 2 0 4 2 2 2 2
1 3 3 0 3 2 6 7 0 3
6 7 1 6 5 1 1 0 5 5
0 7 7 6 4 0 0 4 3 7
2 5 7 1 2 4 3 1 2 5
4 2 6 3 5 2 7 6 4 6
1 3 2 4 5 0 4 4 7 4
6 2 2 7 0 1 0 7 0 4
1 3 2 2 5 1 3 0 7 7
6 6 5 0 5 4 5 1 6 7
63 5 7 23 39 58 14 2 47 60
61 23 21 29 55 52 45 51 3 54
19 20 42 28 27 61 4 34 29 31
51 15 60 60 11 52 7 27 12 26
3 62 35 44 2 50 26 46 23 62
19 61 35 55 15 55 6 31 22 15
46 21 11 29 45 28 14 47 30 38
50 44 13 45 61 2 59 60 61 52
45 44 13 58 26 5 30 4 42 19
6 34 51 13 38 12 4 10 46 52
5 3 47 26 3 43 34 58 11 39
52 39 44 29 23 28 34 39 62 10
44 60 20 27 35 59 28 26 34 46
12 54 23 29 44 11 59 62 18 50
38 30 26 31 22 28 23 28 21 26
12 52 46 10 35 18 62 47 31 3
50 54 30 3 51 31 58 23 54 5
58 22 21 61 42 37 30 59 44 12
19 53 15 23 15 35 6 13 19 45
54 44 3 13 58 59 31 23 19 42
54 10 23 35 43 54 19 42 10 23
63 3 36 18 30 51 23 18 22 36
13 4 47 59 12 2 2 36 61 59
61 59 59 2 36 13 10 3 47 35
26 3 59 21 14 47 50 19 37 3
29 3 23 54 5 10 37 50 50 30
18 34 52 61 22 3 23 62 46 6
38 5 15 36 46 45 37 54 63 6
27 23 30 23 30 6 14 35 26 5
13 26 59 36 10 36 27 61 63 55
45 30 5 63 37 52 50 51 11 27
37 5 12 63 26 6 15 61 53 55
39 23 6 44 12 6 38 54 5 6
6 53 3 55 53 28 4 11 5 43
10 36 4 60 18 44 61 11 19 14
36 59 31 55 10 46 12 12 62 50
45 34 31 23 38 14 62 51 47 60
34 22 5 59 58 63 47 45 26 3
15 62 4 14 20 38 14 18 59 50
5 63 44 6 54 47 63 4 21 21
13 55 26 27 50 10 11 10 22 21
35 50 12 19 43 59 15 53 43 29
21 43 2 35 4 7 35 45 18 58
43 52 61 6 23 39 50 58 30 46
62 20 38 3 14 12 26 35 35 51
53 42 26 60 27 43 6 27 34 11
50 51 19 37 37 34 37 38 23 55
27 21 13 63 27 55 53 55 36 45
36 26 19 3 38 11 3 54 15 23
18 47 60 54 54 7 7 62 53 52
14 14 18 31 38 38 50 34 11 26
27 15 58 23 15 6 58 38 21 10
62 34 63 36 27 18 20 61 37 52
61 38 37 42 38 45 2 55 58 11
23 19 27 15 45 13 46 28 39 15
43 61 42 61 58 2 34 42 62 26
14 39 29 55 63 7 59 29 31 53
21 19 44 47 63 14 44 12 7 2
43 52 13 19 42 43 2 58 20 14
23 23 26 55 62 52 54 18 19 27
26 36 37 47 18 59 46 62 12 14
54 51 5 39 44 12 29 47 31 2
10 29 21 62 30 52 15 61 14 18
36 31 61 19 2 58 31 58 22 37
51 10 60 29 59 39 7 50 50 10
31 51 34 6 14 58 60 11 52 11
55 59 18 27 26 7 10 3 43 37
19 4 23 22 19 27 60 13 43 47
19 15 6 29 31 53 43 45 7 31
27 51 5 11 10 20 20 51 38 62
26 51 54 10 26 39 63 7 12 29
6 14 46 21 38 5 29 26 20 10
13 12 21 58 5 2 60 23 63 55
62 13 36 29 42 63 38 59 27 39
61 18 20 44 4 5 58 39 61 46
58 10 2 46 19 15 12 6 38 31
26 44 63 2 29 20 23 50 6 51
31 59 26 22 4 51 61 46 47 51
35 43 59 45 4 26 51 43 2 27
4 37 11 21 28 20 39 54 58 12
54 58 60 29 60 35 60 7 6 10
51 34 2 18 11 6 7 5 11 22
36 58 30 37 37 52 12 50 35 22
44 13 12 60 45 7 29 4 18 6
27 39 5 52 44 28 43 38 59 13
42 31 22 11 15 35 15 54 63 30
7 53 47 44 20 63 52 29 42 35
29 5 37 20 19 21 22 6 19 53
20 39 60 54 27 52 60 36 53 19
52 53 18 50 35 14 31 10 44 62
13 12 6 21 4 35 19 21 21 20
14 31 27 5 26 23 55 62 7 29
52 63 13 53 45 14 10 2 45 42
3 60 63 54 38 6 4 36 27 59
21 45 61 11 22 35 30 13 22 46
36 19 55 29 47 18 62 50 39 55
11 26 23 36 43 7 39 36 59 36
51 22 23 62 7 15 5 61 2 37
13 29 19 21 45 15 26 3 58 62
55 53 46 7 47 35 43 13 54 61
