4 1 4 1 7 0 3 5 0 6 4 7 1 4 7 0
6 3 5 2 0 3 0 3 5 4 2 0 1 2 6 7
5 5 5 3 5 4 6 1 0 1 0 3 4 2 4 7
2 7 6 7 5 5 0 2 1 6 6 5 7 7 4 7
3 0 3 6 7 5 0 1 6 7 6 4 7 4 4 2
1 2 1 5 7 3 6 6 2 2 3 0 2 2 4 0
2 6 2 0 5 6 5 6 7 6 0 2 6 3 5 3
0 5 3 7 5 3 1 2 1 3 2 4 3 2 3 5
7 6 7 7 0 4 7 2 0 1 7 4 7 4 2 3
3 7 1 0 3 2 6 2 2 4 0 2 4 1 6 0
1 5 2 1 4 3 5 1 2 0 6 2 1 2 7 3
1 7 0 2 1 2 6 7 0 3 6 4 4 6 1 6
6 5 6 2 1 2 7 6 1 7 7 7 5 0 6 7
0 5 6 2 6 3 1 1 3 7 0 0 1 3 6 7
5 5 6 1 0 7 7 3 1 4 1 3 5 4 0 2
3 0 7 3 3 7 4 7 5 7 2 4 6 3 6 7
35 14 38 12 62 4 26 44 4 53 38 61 14 37 61 2
51 26 45 22 2 28 5 26 43 36 20 6 12 22 52 62
46 46 47 30 45 38 51 12 4 15 4 27 35 20 37 61
22 58 51 60 46 47 7 22 14 51 55 47 58 60 35 61
26 7 27 52 58 47 5 14 55 58 51 34 59 39 37 19
15 19 14 42 61 29 52 54 23 20 26 3 23 19 36 3
20 54 18 6 46 54 43 52 60 53 2 22 52 27 42 28
3 47 29 62 47 26 11 18 10 31 18 34 31 23 28 44
59 53 63 60 5 35 59 20 5 11 60 34 63 39 21 28
31 63 15 5 28 23 51 20 21 36 7 20 34 12 54 3
14 44 18 14 36 28 44 15 20 4 50 21 12 23 58 31
10 60 2 19 11 21 50 60 5 28 51 35 35 52 12 54
53 47 55 23 14 19 58 50 15 62 63 60 45 4 55 63
4 43 50 18 52 29 12 10 30 60 7 3 12 29 53 60
42 42 53 15 7 59 62 31 10 35 14 30 47 36 7 20
29 2 58 28 28 62 39 58 47 59 18 38 55 30 51 62
