5 4 0 2 5 0 4 6 5 5
4 4 5 2 6 6 1 4 4 6
7 7 2 7 6 0 4 7 2 4
1 7 6 3 5 1 3 2 2 5
7 4 5 6 7 2 3 5 2 7
4 5 7 6 0 2 6 4 2 5
3 0 7 5 6 3 0 6 1 0
7 5 6 3 2 3 1 1 2 3
1 1 3 1 0 6 3 6 4 4
7 2 5 7 4 2 0 6 3 0
1 6 1 4 2 5 5 5 7 7
0 1 6 2 4 0 3 2 5 6
4 3 4 3 1 2 6 7 5 0
1 1 3 5 4 6 2 5 6 0
2 4 6 4 1 6 0 1 5 2
7 4 0 7 7 2 1 2 3 2
2 3 0 7 3 5 2 1 1 2
7 5 1 1 7 6 3 3 3 2
7 1 5 2 2 1 2 7 4 6
2 6 4 1 3 4 4 0 2 5
5 1 3 6 1 4 3 2 4 6
5 7 6 4 0 0 4 5 0 4
0 1 4 4 7 1 5 5 3 5
2 6 6 2 4 0 4 7 1 5
6 7 6 3 5 4 6 6 0 5
5 0 5 2 3 5 0 4 2 7
3 0 0 2 2 0 6 6 2 2
1 4 4 3 3 4 4 4 5 2
4 1 7 2 4 4 5 5 7 2
2 2 5 1 5 4 7 4 2 3
2 3 3 5 4 5 6 0 4 2
5 1 1 0 5 2 7 1 1 2
5 2 7 4 0 3 1 1 5 5
6 0 0 2 6 4 1 5 1 6
3 6 4 2 5 3 1 7 2 1
0 5 5 4 3 2 3 0 2 2
3 7 3 3 4 2 3 1 4 4
2 4 6 5 1 2 4 4 7 4
1 6 1 7 7 7 1 5 5 4
1 5 4 6 4 6 3 0 1 4
2 3 1 4 6 2 2 2 4 1
6 2 1 7 2 1 0 3 2 0
0 0 4 7 6 7 4 2 0 3
3 5 2 0 7 5 3 5 5 1
3 3 3 7 1 6 6 2 0 2
7 2 5 0 7 5 7 5 6 7
6 7 2 6 6 0 6 6 1 6
1 7 0 1 3 5 5 3 0 2
2 2 5 6 7 6 5 6 1 3
3 5 4 3 6 0 7 2 4 5
5 3 0 0 5 4 5 4 0 4
2 3 7 0 7 0 1 6 7 2
3 3 0 6 3 3 1 3 7 5
1 1 5 7 5 5 2 2 7 1
6 5 7 6 7 4 6 4 1 6
0 6 3 4 2 6 2 3 4 4
0 7 0 1 5 6 2 4 4 1
2 6 4 4 7 5 6 1 1 5
5 5 3 6 5 1 0 3 3 1
3 3 6 5 1 4 2 4 1 5
5 5 3 0 3 2 7 0 3 1
7 1 7 1 0 5 7 7 4 4
1 1 1 3 3 2 3 5 6 3
4 2 0 6 2 5 3 3 3 1
5 5 6 3 3 0 3 4 1 0
0 5 2 4 0 3 6 5 6 1
1 4 5 6 2 7 6 2 0 6
7 5 4 3 3 3 4 2 5 7
5 0 4 6 5 1 3 2 5 5
1 0 6 1 6 0 3 5 4 4
7 1 5 0 5 7 0 3 7 1
1 0 2 0 4 0 4 2 1 6
6 4 7 6 6 5 7 0 1 1
1 5 4 6 3 4 2 5 6 5
1 6 4 7 4 1 0 2 3 3
4 7 6 3 5 2 2 7 7 6
4 4 6 0 7 1 2 2 0 7
2 1 2 7 1 3 2 3 6 5
2 3 5 1 1 7 4 2 1 0
1 5 3 1 2 2 6 3 1 0
3 4 7 7 0 7 7 1 0 5
4 6 1 4 6 2 0 7 1 4
2 5 0 3 5 0 2 3 4 2
1 4 3 3 4 1 0 4 7 4
4 1 4 3 3 4 0 5 7 4
3 3 2 3 4 6 7 2 4 5
4 7 4 6 7 6 7 3 3 7
4 6 1 5 4 5 2 3 3 5
0 3 3 5 2 4 0 6 7 0
2 6 6 7 6 5 6 7 2 5
4 2 6 2 7 7 3 2 3 7
3 6 6 2 5 1 3 2 0 6
4 1 3 5 2 6 6 1 3 6
6 4 0 2 4 5 7 4 6 3
4 6 5 0 4 1 2 5 0 2
1 5 2 4 3 0 3 6 7 6
3 5 5 6 5 4 7 2 4 6
0 6 1 1 2 1 0 4 5 3
0 5 3 6 2 2 4 7 6 2
1 7 3 3 3 1 2 2 2 2
43 35 6 18 46 7 36 54 43 43
35 35 43 21 50 50 12 35 38 54
61 62 18 63 55 4 38 61 19 37
11 62 51 29 44 12 26 23 23 45
61 34 43 50 59 23 27 42 23 58
39 47 62 50 3 22 51 35 23 43
27 4 59 43 50 30 7 51 11 5
62 45 50 27 19 26 13 11 19 28
15 13 30 14 5 55 27 53 34 36
61 18 47 61 36 18 7 54 26 7
14 50 13 34 22 44 45 45 61 61
6 11 51 20 34 6 28 20 44 55
35 27 36 28 15 23 51 62 44 2
13 15 29 42 37 54 20 42 50 5
20 37 52 36 15 51 3 14 45 22
60 36 3 59 58 23 13 18 29 23
18 29 2 62 28 45 22 12 14 19
62 42 10 14 58 55 29 30 26 18
63 12 47 18 19 13 19 58 35 55
20 52 35 10 31 35 37 7 18 47
43 15 30 55 13 39 31 20 39 51
44 59 52 37 7 6 35 43 7 34
2 12 36 37 60 10 43 42 30 47
20 55 50 23 38 6 36 61 12 44
50 60 51 26 46 37 55 53 3 43
45 3 46 19 27 46 4 39 21 62
27 7 7 19 22 4 52 53 18 23
11 37 39 28 27 34 36 34 44 23
35 15 58 21 38 35 44 46 59 20
22 20 46 12 47 39 61 35 21 26
21 28 27 46 39 44 54 2 37 18
45 11 14 5 45 18 59 10 13 22
44 21 60 34 4 31 13 13 44 43
50 4 7 21 50 35 15 44 12 52
30 51 38 20 46 30 12 60 20 13
7 45 44 36 28 20 27 6 23 23
30 63 29 30 39 20 30 11 37 36
21 36 52 44 10 22 35 36 59 35
13 52 15 63 62 63 14 44 47 37
10 42 35 55 36 52 31 6 10 35
18 29 15 34 55 22 20 19 39 15
54 20 10 63 22 15 2 31 19 2
7 4 36 58 51 63 35 20 3 31
26 46 21 6 58 46 31 43 45 12
26 31 26 60 10 51 50 23 6 21
60 21 46 5 61 43 62 43 55 63
52 60 18 55 52 4 52 50 11 53
13 62 2 13 29 46 47 27 4 20
23 18 47 52 62 53 47 52 15 29
31 42 34 29 53 5 62 18 37 44
42 26 6 7 47 39 43 37 4 34
18 30 63 4 61 7 15 50 62 19
28 30 4 55 31 27 14 29 61 47
14 13 46 62 45 43 21 21 62 14
52 43 58 53 58 38 54 38 13 55
7 52 29 36 19 50 23 27 35 37
2 60 3 10 45 52 18 37 38 12
22 52 36 36 59 44 53 10 15 43
47 47 30 52 45 12 7 27 30 12
29 31 54 43 13 36 20 37 15 45
46 43 27 2 29 22 61 7 28 12
60 10 59 10 5 46 62 63 37 37
11 10 11 26 26 20 26 44 53 28
38 18 4 50 21 47 29 28 27 13
45 44 52 29 28 3 28 39 12 2
3 44 18 36 3 30 53 43 54 15
14 39 47 54 21 58 54 20 2 54
60 46 36 31 29 27 34 22 45 59
44 3 37 55 47 14 27 19 42 46
14 4 51 13 52 3 27 46 36 34
59 14 42 6 44 63 2 31 58 14
13 5 22 7 39 5 38 21 10 51
54 35 61 54 55 45 59 7 15 15
15 43 37 55 29 37 19 45 55 44
14 50 39 59 35 10 4 18 27 30
38 60 50 31 46 22 18 58 63 53
36 39 54 4 62 12 23 22 3 58
20 11 22 59 10 26 19 27 50 45
22 29 45 12 11 61 34 18 12 2
12 45 27 15 19 19 51 26 14 4
29 37 59 60 7 62 58 15 2 43
34 51 11 38 52 20 2 63 14 39
20 47 4 30 43 5 22 29 38 18
10 34 28 28 37 13 6 35 62 35
34 12 39 31 27 39 5 42 63 35
31 30 21 30 39 53 58 20 37 45
34 61 35 53 58 51 63 27 31 63
38 54 10 43 37 47 19 29 28 46
3 27 31 43 20 38 7 53 62 3
23 52 50 62 50 44 55 61 23 44
38 19 52 22 58 58 30 21 28 60
26 50 54 18 44 13 26 23 7 52
37 15 28 46 19 52 51 15 26 51
54 36 7 19 37 42 58 39 51 28
34 52 45 6 39 14 18 43 6 23
15 47 22 36 29 2 27 51 58 51
28 42 44 55 47 37 58 22 36 51
7 55 14 10 21 14 7 34 43 29
3 44 31 50 20 18 36 61 55 21
13 59 27 29 31 11 23 22 20 19
