7 1 4 6 7 3 2 6 0 7
6 6 1 7 5 5 7 6 7 7
5 4 1 2 2 6 2 4 1 7
3 3 6 1 5 3 7 1 1 0
6 7 5 5 5 2 2 0 1 3
3 3 6 5 0 0 5 5 1 7
4 6 0 7 5 6 7 4 0 3
6 4 5 3 0 0 3 1 3 3
6 0 1 0 2 6 2 7 7 0
6 5 5 5 0 3 4 6 0 7
4 4 6 5 7 0 6 3 1 3
3 6 6 1 2 4 5 7 2 4
2 0 7 3 6 0 0 2 2 0
6 6 6 7 3 3 6 0 7 2
0 7 5 5 5 3 7 7 2 1
4 3 1 7 0 2 1 6 4 6
6 3 6 0 3 7 5 6 7 3
4 4 2 3 1 0 6 6 0 2
1 1 2 3 1 7 2 0 7 2
2 6 0 5 5 0 7 1 6 3
7 5 2 4 1 2 1 6 1 5
6 5 1 0 3 0 6 1 6 6
4 5 2 2 2 6 7 2 3 3
3 5 3 7 5 6 2 5 2 6
7 4 4 0 6 3 2 0 1 0
5 7 6 6 3 4 3 4 0 4
3 2 6 6 0 2 6 7 7 5
2 0 7 1 1 6 1 7 5 3
2 0 4 2 5 4 2 6 3 3
2 1 7 0 6 4 0 3 4 6
0 4 0 1 5 5 3 5 5 5
4 6 7 5 4 1 7 0 3 0
5 0 1 4 7 1 5 6 6 6
4 1 7 0 1 2 3 7 0 6
6 1 1 2 3 1 1 0 7 3
1 2 6 4 5 4 6 7 7 1
7 3 2 6 1 1 4 2 7 6
7 0 1 3 3 7 1 2 3 5
2 1 0 7 1 4 5 6 4 1
1 6 4 5 2 6 0 6 3 3
1 0 3 7 3 2 3 5 6 0
2 0 5 6 3 4 0 2 7 6
5 0 4 7 3 3 6 2 5 5
5 6 3 5 4 5 3 5 5 1
4 4 6 6 5 5 0 6 7 3
1 7 4 5 2 5 7 6 0 2
5 7 1 0 7 6 6 5 7 2
0 2 0 0 0 5 7 3 5 7
0 3 4 1 1 0 2 0 7 2
7 1 5 4 1 2 1 3 0 3
6 4 5 6 7 2 2 5 4 4
2 2 0 5 7 4 7 1 3 6
7 3 3 7 5 7 4 3 3 6
3 7 5 3 1 0 5 5 1 6
3 0 3 2 6 2 1 6 0 2
4 1 7 6 4 1 2 7 1 2
7 1 6 1 4 0 7 2 6 4
1 1 0 5 4 6 3 5 3 3
7 0 2 4 0 5 3 1 7 0
6 3 6 6 7 3 6 5 4 6
6 1 2 5 7 5 6 1 6 4
0 5 2 1 7 4 6 5 3 5
2 1 2 4 1 4 4 6 2 3
7 5 5 2 5 7 3 3 4 4
2 4 0 4 1 2 4 7 3 5
3 5 0 1 5 4 0 6 1 0
0 3 7 4 2 2 5 4 1 6
7 4 4 0 5 1 2 4 1 7
3 7 6 2 1 2 7 3 1 1
6 6 2 7 0 2 4 0 5 2
7 6 7 0 3 4 4 4 7 7
6 2 5 2 3 7 6 0 1 1
4 4 6 0 6 4 3 3 5 1
7 2 5 6 1 2 2 5 0 4
4 4 1 1 4 1 4 3 1 3
1 2 1 7 1 2 6 7 2 2
7 7 2 1 4 1 2 1 0 1
5 6 6 5 6 5 2 7 5 4
1 3 2 2 2 6 2 3 3 3
2 1 0 6 6 5 1 2 5 4
2 0 0 2 3 5 3 6 1 4
7 6 6 1 1 6 6 1 2 2
1 7 3 7 4 7 5 1 6 5
2 3 6 6 2 4 7 3 0 1
3 7 5 2 3 6 4 1 7 6
2 0 3 5 2 4 6 1 6 6
0 1 5 6 1 1 6 2 1 1
3 0 7 6 6 3 7 6 3 2
2 1 7 1 0 0 6 0 7 3
5 0 4 2 1 2 1 5 5 2
7 3 3 7 1 2 3 5 1 3
4 0 3 1 7 0 6 5 4 3
5 2 0 6 4 6 0 5 6 2
3 5 0 3 5 5 6 7 3 2
6 1 4 3 7 6 5 7 4 0
6 5 4 6 5 3 7 4 1 7
0 1 0 5 3 6 5 7 3 4
5 6 3 3 1 2 5 3 4 7
5 4 6 7 3 5 2 7 1 3
3 5 6 7 2 6 5 4 5 1
61 12 39 50 62 29 22 55 6 63
51 51 15 61 46 44 61 55 62 62
46 38 11 20 22 54 19 38 14 63
29 30 51 14 44 28 60 11 14 6
55 59 42 46 42 20 19 3 10 28
29 31 53 42 5 2 42 45 12 63
37 52 6 60 47 54 60 35 5 29
50 34 47 31 6 4 31 12 29 26
52 4 10 3 23 54 21 60 60 7
52 43 47 47 6 30 39 53 3 58
37 37 54 42 59 6 54 26 12 27
28 50 55 11 20 37 45 62 21 35
21 7 59 27 50 7 4 20 23 5
51 50 50 59 29 29 52 2 63 20
3 58 44 45 44 27 61 60 20 10
37 28 11 59 2 23 15 50 34 52
52 27 55 4 28 60 43 50 62 29
35 39 19 26 14 4 54 54 3 23
12 11 18 30 14 62 19 5 59 19
22 52 6 44 42 5 59 10 50 31
63 47 21 34 14 22 10 51 14 46
51 42 13 6 26 6 53 15 55 53
36 44 22 23 22 50 62 22 28 31
29 47 28 62 44 53 20 45 22 55
58 38 34 6 53 31 21 3 13 6
46 58 50 51 29 36 31 38 6 36
30 18 55 51 2 19 52 61 58 44
18 5 60 13 14 54 14 58 43 29
20 3 36 21 45 37 20 53 31 26
20 11 62 3 51 34 5 26 34 51
3 34 5 12 42 43 27 46 47 47
34 53 62 44 35 15 62 7 29 3
42 3 10 39 60 13 46 53 55 55
36 11 61 3 15 22 29 60 6 54
53 15 14 23 30 10 10 5 60 31
15 19 54 36 43 34 54 61 58 12
59 30 20 55 11 15 36 20 60 52
61 4 15 28 28 61 14 21 29 44
23 10 4 58 12 37 47 53 38 15
13 52 38 45 20 55 6 55 30 28
11 4 26 59 26 23 28 45 53 2
18 3 47 53 26 35 6 23 59 51
43 2 38 61 30 28 52 18 44 45
46 53 27 47 34 46 28 47 47 11
39 36 55 53 46 45 3 53 63 26
12 58 35 47 18 43 62 53 2 19
47 63 15 3 60 51 50 43 59 23
6 21 6 6 2 46 63 28 45 61
2 31 35 15 13 7 23 2 58 19
60 12 44 37 13 21 12 26 6 26
55 34 43 54 58 23 20 47 35 39
20 18 5 42 61 35 59 15 30 50
62 31 28 62 45 63 39 26 31 54
28 59 47 28 10 3 43 43 15 55
29 2 27 19 52 18 15 50 5 22
39 14 62 51 39 12 23 58 13 23
60 11 51 10 39 6 58 22 51 39
10 15 3 46 34 55 30 45 27 30
58 3 19 38 2 46 27 15 59 3
50 28 50 54 61 26 50 47 36 54
51 15 19 46 59 42 54 13 50 34
5 42 22 14 60 38 52 42 31 43
22 12 22 38 15 39 39 52 18 27
62 43 44 18 45 61 31 29 37 36
19 37 2 37 15 21 35 63 30 42
29 45 5 13 47 39 4 51 13 7
7 31 63 35 23 20 46 38 14 55
59 39 34 3 46 14 20 35 15 61
27 59 55 18 15 23 58 30 10 14
54 54 20 63 5 20 38 5 43 23
60 51 60 4 28 37 34 35 59 58
50 18 44 23 26 61 53 3 15 11
38 38 54 6 55 36 26 26 46 10
58 23 44 51 11 23 21 42 5 36
39 38 13 10 39 12 37 31 15 27
12 22 15 62 11 22 52 58 22 22
63 59 23 13 39 10 23 13 3 11
43 52 50 43 52 45 19 62 46 35
12 31 22 23 19 50 19 30 30 26
20 15 7 50 53 44 11 19 47 39
23 2 2 22 29 42 28 55 12 36
62 50 55 11 14 54 50 10 18 20
13 61 26 59 35 60 44 14 52 42
21 31 50 53 21 37 63 29 3 11
31 59 47 21 28 50 35 11 63 53
23 7 26 44 20 37 55 13 54 53
7 14 44 50 14 10 55 19 14 12
28 7 61 54 51 31 60 50 29 22
23 15 62 12 2 2 53 7 58 31
46 3 37 22 15 18 11 42 47 22
59 28 28 63 13 18 26 47 12 28
35 5 31 15 63 7 51 45 34 27
43 21 5 52 35 54 4 47 52 20
29 42 3 31 44 46 50 59 27 20
50 13 37 27 60 51 46 60 35 4
55 45 34 50 47 29 61 37 15 62
3 10 3 44 29 52 43 59 31 39
44 54 27 26 14 19 43 26 39 63
47 37 54 60 29 43 21 59 14 30
29 46 54 60 18 51 45 34 42 12
