4 0 1 7 7 0 4 5 4 0 6 1 5 0 5 1
5 4 3 6 6 7 7 7 7 6 1 5 5 7 4 2
5 3 3 1 3 5 2 7 5 1 3 4 2 7 0 4
0 7 5 1 2 6 2 6 0 0 6 1 3 5 4 5
6 4 6 3 6 0 3 0 7 6 5 2 4 1 4 3
1 1 6 3 7 3 1 0 0 6 1 5 5 7 7 0
1 7 6 4 4 7 3 5 3 5 7 2 4 4 4 2
1 5 2 1 3 0 1 7 5 6 1 0 1 2 7 5
4 3 3 1 6 6 2 1 1 0 7 5 5 7 3 5
7 5 2 2 4 4 6 4 1 2 0 1 4 4 6 6
5 2 4 2 7 0 7 6 2 7 0 2 1 6 0 6
5 1 6 3 6 0 0 7 2 3 0 1 3 5 7 6
2 0 1 6 4 3 5 7 1 4 3 3 7 6 7 4
1 0 6 1 6 3 3 1 6 7 5 1 2 5 3 1
2 2 6 5 4 4 3 6 2 0 1 0 3 1 7 7
5 0 0 5 1 3 1 5 3 7 7 7 3 0 3 0
34 7 15 59 63 5 39 43 37 2 55 10 46 2 43 15
44 38 31 54 52 62 58 58 61 54 10 46 46 60 36 20
42 26 31 15 30 44 18 58 45 12 28 37 18 58 5 36
7 61 45 13 23 51 19 54 2 3 53 10 31 46 36 43
54 34 55 31 50 2 26 3 58 50 44 20 39 13 34 26
10 13 51 29 59 29 14 7 7 50 12 45 45 61 60 5
13 58 54 39 36 60 27 45 30 47 61 18 37 38 34 18
11 46 21 14 30 3 15 60 47 53 10 3 13 18 60 45
39 26 31 11 55 51 23 12 13 4 58 43 45 59 27 44
59 44 19 18 34 38 53 34 14 18 6 13 39 35 51 55
42 18 39 20 58 6 59 50 18 59 4 21 12 52 4 52
47 15 53 30 55 4 6 63 20 26 7 13 29 45 59 50
22 7 10 55 39 30 44 60 12 38 27 27 60 51 63 39
13 2 52 14 51 29 27 12 51 58 43 14 22 46 28 13
19 20 51 46 36 35 26 54 23 4 12 4 29 13 61 61
46 6 2 46 11 27 11 43 27 59 59 61 27 2 26 6
