4 4 4 2 0 0 7 7 7 1
5 5 6 2 4 7 0 6 7 6
6 3 2 2 0 7 5 3 4 3
2 6 6 7 6 7 4 4 2 3
5 7 4 4 4 5 6 5 0 5
6 7 5 7 3 7 2 6 2 3
4 5 1 6 7 7 7 1 7 0
7 6 6 3 6 7 2 2 7 2
0 1 1 3 4 7 3 5 2 1
7 2 2 1 4 5 6 6 5 5
4 1 4 3 4 0 3 7 6 7
6 2 0 7 2 1 3 7 0 2
0 5 0 0 6 2 2 7 7 6
0 2 3 4 6 2 2 5 7 7
6 5 7 7 2 7 5 4 4 3
2 6 5 3 5 3 0 1 2 1
1 2 3 0 0 4 6 3 1 5
5 1 2 5 2 6 1 3 0 1
1 4 7 5 1 4 6 5 3 7
7 3 0 4 7 1 7 0 3 2
7 2 2 7 3 2 5 1 0 5
5 2 7 1 2 6 5 6 6 0
7 0 3 2 5 2 7 6 2 5
7 1 1 7 6 0 4 3 2 3
0 6 1 1 4 5 7 6 6 1
7 2 1 1 3 7 3 3 0 7
1 3 0 4 0 4 3 4 3 4
6 4 4 2 3 3 4 6 4 3
5 2 6 2 1 3 1 3 6 2
1 4 0 0 3 6 3 2 0 6
1 1 5 5 4 0 5 0 5 3
3 6 0 3 5 4 0 7 2 3
2 4 4 0 2 5 6 5 4 4
3 5 7 7 7 6 2 1 2 7
7 6 1 0 4 6 6 5 1 5
7 3 1 6 1 5 7 5 6 4
3 1 1 4 2 5 0 5 7 1
3 3 4 4 6 2 0 0 1 0
3 6 4 2 5 7 2 0 5 0
4 3 7 0 1 4 1 2 2 5
0 0 1 1 5 0 6 2 7 3
2 0 4 5 5 0 3 4 6 6
7 5 1 7 6 6 3 5 0 2
3 3 1 0 3 6 0 2 2 5
5 7 3 5 4 4 6 0 4 5
4 0 3 3 2 1 5 4 6 3
7 0 3 2 6 2 5 6 0 3
2 5 4 3 0 2 6 3 2 4
6 1 3 2 2 7 7 3 5 5
1 1 7 0 7 1 4 1 7 0
2 0 5 0 3 7 3 3 5 7
6 7 7 3 3 1 5 1 1 2
0 4 2 7 1 0 1 6 3 5
1 6 3 2 7 2 4 7 1 3
5 1 6 1 7 3 1 2 2 6
4 2 0 7 2 6 2 3 2 6
7 2 7 1 6 4 1 4 6 3
2 6 6 1 3 4 3 3 0 5
1 5 3 5 4 6 7 5 3 6
2 1 0 2 6 6 3 3 5 3
4 6 7 4 2 7 0 1 1 1
5 5 6 5 3 1 5 7 6 5
6 2 5 3 5 2 6 2 7 7
1 3 1 7 0 1 7 1 0 1
0 2 4 0 3 0 4 1 5 6
5 1 3 1 1 7 1 1 0 2
7 7 6 4 4 3 6 2 7 7
2 3 3 0 0 0 7 2 0 0
1 5 6 5 6 3 6 5 5 0
1 2 3 5 7 2 2 0 7 3
4 6 6 2 7 5 1 7 5 3
4 5 5 0 4 6 5 0 1 1
1 2 7 4 6 0 4 1 0 7
4 5 7 6 7 3 4 1 6 5
2 6 4 5 0 7 5 2 7 4
2 5 7 3 3 6 6 0 7 2
3 0 3 4 1 3 2 1 2 6
0 1 0 7 1 7 4 5 7 1
6 2 1 2 6 3 3 1 2 5
3 7 7 2 6 5 6 7 6 4
6 6 2 2 5 0 3 4 0 6
3 2 5 3 6 0 7 5 5 4
2 3 6 3 0 3 2 0 3 3
5 1 2 4 6 5 2 6 3 0
6 2 2 5 7 1 6 3 2 5
3 5 4 1 5 2 2 5 7 7
0 1 2 4 5 6 2 6 0 6
6 5 7 5 0 2 2 3 7 6
1 6 0 2 2 6 3 3 4 6
3 0 7 1 5 7 2 0 7 4
0 6 6 5 3 6 5 7 7 1
0 1 4 5 3 2 3 7 1 4
0 5 7 7 2 2 3 4 6 6
7 2 0 5 4 4 1 0 5 4
7 0 4 4 6 7 1 2 3 5
1 0 6 2 5 5 3 6 6 0
1 4 0 6 7 5 4 5 6 6
4 2 2 6 1 1 6 1 6 0
2 3 3 5 5 2 3 4 4 0
0 3 4 5 0 3 4 6 2 3
38 35 35 18 6 7 63 63 60 10
46 44 52 21 36 63 7 53 58 52
54 26 22 18 2 61 47 31 37 30
21 54 55 61 51 63 38 38 21 29
45 61 37 35 38 47 51 43 7 46
53 63 47 58 30 61 20 53 23 26
36 43 13 51 59 60 60 12 58 6
62 52 54 30 51 63 21 20 61 20
7 14 15 30 38 61 26 46 20 14
61 21 21 10 37 45 53 53 44 45
35 15 37 26 37 2 28 63 50 62
52 23 5 59 20 11 27 62 5 20
7 47 2 3 55 21 21 58 58 51
3 21 30 39 51 19 18 46 62 58
52 45 63 58 22 60 47 35 38 31
22 55 42 26 47 29 5 12 19 11
10 21 27 6 3 37 50 30 11 47
43 14 19 43 20 52 10 30 5 11
13 38 62 47 12 34 52 46 31 62
58 31 3 39 62 10 60 3 28 19
58 18 21 60 27 23 42 15 4 47
45 20 60 15 20 53 42 51 53 7
63 6 27 18 44 18 62 54 20 45
61 10 10 60 55 6 38 31 22 29
3 53 13 11 36 42 63 54 53 13
58 23 12 10 30 60 26 27 3 58
14 26 5 36 5 37 27 35 27 37
51 34 35 19 27 29 37 54 38 29
44 18 54 23 13 28 15 27 50 20
11 36 6 7 29 51 30 21 6 53
15 11 45 45 38 7 42 3 47 27
29 51 7 30 45 38 4 60 20 28
23 39 39 7 19 46 50 44 39 38
29 45 60 59 60 55 23 15 22 60
58 52 12 3 35 53 50 46 15 45
62 29 15 55 13 46 62 45 53 36
27 10 12 36 22 45 7 45 60 14
26 30 37 35 54 22 2 5 13 4
28 50 36 22 44 58 18 4 47 4
35 27 60 2 11 35 12 21 19 47
5 4 13 12 45 4 55 23 58 29
18 2 39 45 46 7 28 34 55 51
62 45 10 58 53 53 31 45 7 21
30 31 15 7 27 51 5 23 23 47
47 59 26 42 36 35 50 7 38 43
34 6 30 30 18 13 43 39 50 26
58 5 29 21 52 22 43 50 4 29
18 45 38 29 7 23 53 29 19 39
54 10 30 19 23 60 58 28 42 42
14 15 61 5 62 14 34 11 58 4
19 6 47 3 31 59 27 27 43 63
52 62 60 26 28 14 47 11 12 23
5 38 21 60 15 7 11 52 29 45
11 53 30 19 62 21 36 61 10 26
46 10 52 10 59 30 11 20 20 53
34 21 7 62 21 55 22 31 23 55
61 23 58 12 50 38 12 38 54 26
20 50 54 11 31 34 29 27 3 44
11 43 30 45 34 53 61 43 31 54
18 10 3 21 51 53 31 31 44 26
36 55 58 35 19 61 5 12 11 11
43 44 54 45 31 11 45 61 55 43
51 20 45 27 44 22 52 22 58 58
11 27 10 58 2 14 58 11 6 10
6 23 34 6 27 6 35 10 47 51
45 14 31 11 10 63 10 12 7 23
63 58 50 35 39 29 51 18 63 62
23 27 26 5 6 4 58 21 5 6
13 42 53 46 52 28 51 43 44 6
13 23 30 42 62 21 23 2 59 28
36 55 55 18 59 47 10 60 45 31
36 44 44 4 38 54 42 5 15 10
15 21 60 38 51 6 34 11 6 62
36 44 62 51 60 29 36 12 55 45
22 50 35 43 4 59 43 18 61 36
23 44 61 26 29 50 50 2 61 18
31 3 28 37 13 30 20 14 23 50
3 10 4 62 13 60 37 45 61 11
53 20 13 22 50 27 30 13 21 47
26 61 59 21 54 47 54 60 55 38
50 50 20 19 47 4 29 38 2 52
29 21 47 27 52 4 61 44 47 34
19 31 53 30 2 30 22 6 26 28
42 13 21 38 53 43 20 50 28 5
55 19 18 44 60 10 50 31 19 44
30 43 35 10 43 22 19 43 61 59
4 11 20 36 43 51 18 53 3 51
53 42 58 46 2 23 22 27 63 50
13 53 5 18 19 50 27 27 35 53
31 5 61 15 47 62 20 6 61 39
5 55 54 43 27 55 44 63 63 11
7 11 38 45 29 21 31 61 13 37
2 44 58 58 19 22 30 38 50 50
59 19 5 47 37 38 12 3 47 36
58 7 36 39 52 63 13 19 26 43
11 6 54 21 46 42 27 51 52 4
12 35 2 50 60 45 37 47 54 55
35 20 18 53 12 14 53 15 52 7
23 29 29 44 44 23 28 37 39 6
3 28 39 45 7 30 39 55 23 26
