1 7 6 6 7 3 3 1 5 4 0 4 4 2 5 0
0 0 1 4 7 7 5 3 2 7 0 3 5 4 7 6
1 4 1 2 6 1 3 6 0 3 0 3 6 6 4 2
3 5 7 2 7 6 3 6 4 4 5 5 5 0 1 1
4 3 3 4 3 1 1 1 4 2 0 7 5 1 0 7
3 5 2 4 3 0 2 5 2 0 0 7 4 1 4 6
2 3 1 6 7 3 2 0 7 2 1 3 7 6 7 5
6 4 3 5 7 4 6 2 7 2 4 1 3 2 7 2
2 4 2 5 1 6 2 2 4 5 0 2 2 1 2 1
0 4 3 5 7 0 4 3 0 5 5 5 2 7 4 4
5 7 3 4 6 1 5 4 5 7 5 1 1 6 4 1
6 2 6 0 3 6 7 3 6 0 5 1 4 5 6 1
4 3 0 3 6 0 2 5 3 1 5 5 4 6 7 6
2 7 0 7 6 0 2 2 5 7 5 5 1 7 7 6
3 3 4 0 2 3 6 1 1 4 0 7 4 4 2 2
4 7 4 1 7 2 0 7 6 6 2 6 1 2 2 5
10 61 54 51 63 30 28 12 45 37 5 39 38 22 47 3
5 6 10 37 58 58 45 31 23 59 5 31 44 34 61 50
11 36 10 19 51 12 26 54 3 29 6 28 53 54 36 22
29 44 63 20 62 50 26 55 39 36 47 45 45 5 10 14
38 31 26 37 31 11 10 10 36 23 6 59 44 14 6 61
27 46 18 38 31 2 21 45 20 4 3 58 36 15 39 54
22 31 10 54 63 28 23 6 62 22 12 29 59 50 61 47
52 36 27 47 62 39 55 22 58 19 39 13 28 21 62 20
19 39 23 43 10 52 23 23 38 42 7 23 23 15 23 14
5 36 31 44 61 6 35 28 5 45 46 45 19 59 37 37
44 58 29 36 52 12 47 38 47 59 47 12 11 51 36 15
53 18 51 3 28 55 63 31 50 7 43 15 37 47 53 14
35 29 4 30 52 3 22 44 27 11 47 44 34 53 60 54
21 59 6 61 54 3 18 23 45 58 44 46 14 58 58 54
28 27 36 5 22 27 53 14 15 34 7 58 34 39 23 21
34 62 37 14 59 21 3 62 52 54 22 55 12 19 18 44
