3 0 2 4 2 1 2 0 1 7
1 1 2 2 4 0 4 7 7 4
4 1 2 3 6 3 5 5 5 3
4 4 2 5 4 3 2 1 1 1
6 7 0 7 0 2 7 3 2 4
7 6 1 7 0 6 7 3 2 5
7 4 0 1 2 2 4 5 7 0
5 7 2 4 7 3 2 3 5 3
4 5 4 1 1 6 1 7 1 2
3 2 5 6 4 2 3 2 3 6
1 0 0 7 6 0 5 3 4 5
0 2 4 3 3 2 0 3 7 5
4 1 1 1 0 1 5 6 3 6
1 1 0 6 4 1 0 4 3 4
5 1 2 3 2 1 6 7 3 4
4 2 5 7 5 2 4 3 1 3
0 7 3 4 7 6 2 7 4 7
1 1 2 3 2 7 1 1 2 5
2 3 4 6 1 4 5 0 1 5
1 7 6 2 4 1 6 1 6 6
2 7 7 0 0 1 6 5 1 7
4 6 7 1 0 0 4 6 1 6
1 7 1 6 5 4 3 3 7 6
1 4 3 7 6 7 5 5 6 5
5 2 4 1 3 7 3 7 3 4
5 4 3 7 1 5 6 2 0 5
4 5 6 3 7 5 0 2 1 5
0 7 6 1 6 7 3 6 2 5
2 6 4 5 0 7 4 0 3 5
2 1 7 2 7 1 0 2 5 0
2 1 3 6 0 0 6 1 6 0
6 0 4 1 7 0 4 0 1 4
6 2 2 1 3 2 6 5 1 3
2 5 4 1 5 3 4 1 1 0
0 4 4 4 4 4 1 3 4 2
7 2 3 7 5 0 5 6 3 3
3 7 6 1 3 3 0 4 7 0
5 1 5 5 3 0 5 0 4 2
0 7 0 2 5 0 2 1 6 2
3 5 0 6 4 4 3 2 1 7
1 5 7 6 6 3 0 1 0 5
7 6 3 4 0 1 2 2 2 2
2 2 6 0 6 1 5 5 0 6
4 3 7 3 5 3 5 1 3 6
1 0 1 0 3 2 2 4 1 4
3 0 4 7 5 3 3 6 6 1
7 3 2 4 3 4 7 2 4 7
6 1 1 0 1 5 7 0 6 5
3 4 6 5 3 6 4 6 6 1
7 6 2 4 4 4 2 1 5 0
7 1 7 0 6 4 1 4 4 4
5 4 2 2 6 2 4 0 4 6
6 7 6 4 6 3 7 1 3 6
4 6 3 5 6 1 7 1 4 2
7 5 6 1 7 7 3 6 4 6
2 1 6 6 0 7 3 0 5 2
5 4 1 2 7 5 7 1 5 1
7 2 7 1 6 6 6 4 0 4
2 3 5 5 0 0 6 6 4 1
6 5 4 4 1 7 7 1 1 0
3 0 4 0 5 1 7 0 1 4
5 0 7 1 0 7 3 0 6 0
5 7 5 1 7 7 1 5 3 0
3 4 0 5 0 2 6 6 6 2
1 2 1 0 3 2 5 1 2 1
6 4 1 3 0 2 4 7 4 7
1 3 2 0 2 0 0 1 2 1
7 5 4 7 2 4 1 4 2 3
0 6 6 6 4 6 1 2 6 6
4 6 1 3 5 7 0 6 2 0
3 0 1 0 4 4 1 1 1 3
7 6 0 6 2 7 1 7 4 4
3 5 2 3 5 7 7 4 1 6
7 7 4 7 5 5 5 1 0 0
2 5 2 7 2 0 3 1 0 6
4 4 5 0 0 4 2 1 1 2
1 5 6 1 4 4 2 7 7 5
3 2 3 3 0 1 1 0 5 7
0 3 2 2 4 6 3 2 4 7
6 7 1 4 0 3 4 3 7 6
0 1 4 4 4 4 4 7 3 7
3 3 0 7 7 4 6 5 6 7
0 4 0 6 1 1 1 4 0 4
7 3 5 7 0 7 0 2 2 3
7 6 4 7 4 0 3 4 6 0
7 6 2 5 0 1 0 7 5 0
5 5 7 5 5 2 0 3 6 3
2 6 5 1 6 7 0 4 5 4
6 6 0 4 5 1 7 1 5 5
1 4 6 6 4 2 1 1 3 5
1 3 2 3 0 1 0 6 7 5
3 0 4 6 1 1 0 6 2 0
4 0 2 2 7 0 4 1 1 7
6 0 5 6 5 0 5 4 7 0
4 2 4 2 5 1 7 4 2 0
2 3 4 6 4 6 1 5 7 2
0 2 3 3 2 4 4 5 5 7
0 7 5 6 3 7 4 7 4 4
6 0 1 5 5 2 2 4 4 5
6 1 0 2 0 6 4 2 7 5
27 3 18 36 21 14 22 7 13 58
10 15 20 21 37 4 38 62 60 38
38 15 20 27 54 30 47 46 43 28
34 36 20 46 34 27 22 15 15 14
52 61 3 60 5 19 62 27 18 38
63 50 11 62 6 52 60 31 19 46
62 36 5 10 19 21 34 44 60 4
43 59 18 37 60 30 23 30 42 27
39 42 38 11 15 54 15 61 10 20
29 23 46 50 37 19 27 19 30 52
14 3 7 60 50 5 46 28 36 45
3 18 38 31 30 23 6 29 62 45
39 15 11 15 5 12 43 52 28 52
11 11 5 50 38 14 7 37 27 38
44 11 20 27 18 13 54 62 26 36
39 21 44 63 43 18 35 27 14 26
5 60 28 35 58 54 21 63 35 59
12 10 18 28 18 63 14 14 23 42
23 31 39 52 13 35 42 2 12 43
14 63 52 19 37 15 52 11 51 55
22 59 59 5 7 11 53 43 15 61
39 50 61 12 2 4 38 51 12 51
10 60 12 52 43 35 26 31 59 51
10 38 29 58 50 58 45 47 53 46
44 23 37 15 27 62 28 63 30 36
45 36 26 62 15 42 55 20 3 44
38 46 50 30 58 42 3 20 15 43
3 63 51 15 51 61 29 52 21 44
19 51 39 42 4 61 38 3 28 44
18 13 63 18 59 14 7 18 44 4
23 15 27 51 5 5 50 14 51 6
53 2 38 10 61 5 36 3 13 34
52 23 20 11 27 20 55 44 13 29
19 44 35 12 42 26 34 13 11 5
5 34 37 39 36 36 12 30 36 21
63 20 29 63 44 5 45 51 26 29
28 59 55 11 27 28 3 34 58 7
46 11 46 42 27 5 42 4 35 18
5 59 6 21 42 4 20 11 51 23
31 46 3 55 37 35 31 18 10 58
11 47 59 55 53 26 5 14 2 44
63 51 27 38 6 14 18 22 21 23
23 21 52 5 54 13 47 45 7 52
35 26 63 26 42 29 45 14 28 52
12 4 10 2 31 22 18 39 15 36
31 4 37 61 43 28 28 53 53 13
58 28 21 34 27 35 59 18 35 63
53 14 11 5 11 44 60 4 55 45
28 39 53 46 29 50 38 52 50 12
62 54 18 36 38 39 23 12 44 4
58 13 62 5 52 34 10 34 36 38
47 39 21 18 52 23 36 4 38 51
52 61 51 39 50 29 59 15 26 50
35 53 27 46 53 12 61 10 34 23
62 43 53 10 58 60 26 52 38 52
18 11 55 55 5 63 30 3 46 22
47 37 11 20 60 42 58 11 42 14
58 23 58 14 55 50 55 37 2 39
21 27 46 42 6 2 54 52 39 14
55 46 35 37 12 62 59 13 13 5
31 6 37 3 42 15 62 6 14 35
43 3 63 14 6 60 27 6 54 7
45 61 43 11 59 60 13 46 27 4
28 39 3 47 3 22 51 54 53 22
10 19 15 5 30 21 42 13 18 11
51 39 10 28 2 23 34 61 36 63
10 31 23 6 21 7 6 13 23 13
63 46 34 60 23 34 15 34 19 31
4 50 51 51 34 50 14 19 50 50
37 55 14 26 43 59 4 54 19 3
27 3 10 5 37 34 14 11 15 31
63 51 2 53 23 62 12 62 37 38
30 46 18 29 43 63 63 38 11 52
59 58 39 61 47 46 43 15 2 6
19 47 21 61 21 7 28 15 2 50
36 38 45 6 4 34 21 12 13 21
15 47 55 10 34 37 22 58 63 43
27 18 28 28 2 12 11 3 42 63
7 26 23 22 34 54 30 18 36 61
52 58 14 38 6 26 36 31 60 51
2 10 36 36 34 35 37 60 29 61
30 30 4 60 60 34 53 44 51 60
7 37 2 54 12 13 10 36 7 36
58 26 45 61 2 61 5 20 18 29
63 50 39 63 38 2 31 39 52 6
62 54 19 47 5 11 6 59 46 7
45 46 62 43 43 23 3 31 51 28
18 54 45 10 50 60 4 37 45 35
51 53 4 34 46 13 63 11 42 42
15 36 52 53 39 19 14 14 31 43
11 29 20 31 5 13 3 52 59 45
31 5 37 50 13 10 4 55 18 6
35 4 19 18 58 5 35 13 14 60
53 7 45 53 43 3 42 39 60 4
39 21 37 18 45 14 63 35 20 7
19 30 36 55 36 51 15 42 61 19
6 22 30 26 23 38 37 47 42 61
7 63 47 52 31 63 37 62 35 39
52 3 14 44 44 22 18 36 37 46
51 15 6 21 5 55 36 23 59 43
