3 5 5 5 4 0 0 4 7 7
7 1 7 0 3 3 6 1 0 5
2 4 6 7 3 2 4 0 2 2
4 4 5 7 1 2 2 6 5 5
1 0 2 6 0 2 3 2 6 0
4 4 3 4 7 0 6 5 7 6
0 1 4 5 4 3 1 7 7 5
1 2 3 5 4 5 6 5 5 2
2 2 2 6 7 4 2 4 6 3
5 2 4 4 0 4 3 7 5 6
5 0 6 3 2 0 2 7 1 4
6 4 6 2 5 3 6 4 0 5
2 1 0 0 6 3 5 1 3 4
4 1 2 5 0 4 5 3 2 7
7 4 3 7 2 5 7 6 0 0
7 6 1 7 5 6 4 3 3 3
0 0 6 3 2 0 5 1 5 0
2 5 2 2 0 6 1 2 7 1
3 0 2 0 2 1 1 0 0 7
1 6 7 7 1 0 0 2 5 7
5 7 4 6 2 1 7 4 6 2
3 6 6 4 7 4 2 3 2 7
6 5 6 5 3 3 0 3 7 3
4 3 5 2 5 3 6 2 0 3
4 2 1 1 1 3 5 4 7 6
7 5 4 3 6 4 6 1 4 4
2 1 6 1 7 1 2 3 3 1
4 2 2 0 5 6 1 0 0 7
3 4 3 0 1 0 5 3 0 1
3 6 0 2 3 4 5 7 0 7
1 4 2 2 7 6 7 0 6 2
0 4 1 1 6 5 4 5 4 7
4 0 4 4 6 3 4 5 1 4
0 1 3 1 6 3 2 2 3 2
7 6 7 7 6 7 5 2 6 0
0 7 0 1 7 4 4 5 7 0
7 7 2 5 7 6 6 3 2 3
5 3 4 4 6 1 1 4 2 2
2 4 3 2 1 2 5 0 5 6
5 0 2 6 7 7 5 4 2 6
0 2 6 6 0 3 5 1 2 1
4 4 7 3 6 6 3 0 4 7
1 2 6 2 0 3 0 5 7 6
3 3 6 0 3 7 7 4 3 5
4 6 1 0 1 7 1 6 3 6
4 1 7 7 3 5 5 5 4 3
0 2 4 4 2 0 1 5 7 0
5 5 6 4 1 0 6 6 1 7
4 0 5 2 7 6 3 1 6 5
4 6 7 4 6 6 3 4 3 3
4 5 0 4 7 6 0 2 1 5
1 6 5 1 5 4 6 4 2 5
4 4 0 2 0 4 7 5 7 5
4 6 0 4 0 6 2 5 1 1
7 7 7 2 6 4 5 2 1 7
1 4 6 7 5 2 2 2 5 2
4 0 7 0 1 7 1 7 3 2
4 5 2 2 6 7 6 3 3 7
5 5 6 4 3 3 5 0 4 2
0 1 4 6 5 3 3 5 4 4
2 1 3 0 5 3 7 6 1 0
5 4 0 6 4 3 1 6 1 6
7 4 1 6 6 5 3 0 3 2
6 4 2 7 4 5 6 2 3 0
7 0 7 0 1 3 0 5 1 5
6 6 5 2 7 7 2 2 1 3
3 5 1 5 7 7 7 5 6 7
5 1 7 3 1 3 7 2 1 2
4 4 6 3 6 2 7 7 2 2
0 3 7 5 0 5 0 5 0 6
7 1 4 6 7 4 3 4 2 4
6 0 6 0 5 0 7 2 4 3
6 0 1 6 6 7 3 0 7 5
2 4 3 3 5 4 4 6 6 4
0 6 2 3 5 1 2 6 6 2
2 7 0 5 3 7 2 0 7 2
5 5 6 7 7 2 2 1 4 6
7 4 6 0 2 3 2 6 7 1
2 4 3 1 7 1 0 5 2 0
5 1 7 0 4 6 5 3 2 1
3 2 3 1 4 2 7 0 0 3
7 3 3 4 3 3 0 0 0 0
0 3 1 7 3 0 6 2 5 2
1 3 0 0 1 4 6 1 1 3
0 7 7 2 2 2 1 6 1 5
6 2 5 7 1 7 5 2 3 7
7 1 2 2 2 4 0 3 0 4
3 1 4 0 3 1 3 6 5 0
2 0 7 5 6 0 7 3 6 6
2 4 2 6 2 4 3 0 5 6
4 5 7 4 3 5 6 4 7 4
3 2 7 4 5 7 2 1 3 5
1 6 4 1 6 6 4 4 6 7
1 6 5 4 6 4 4 6 3 5
6 3 7 2 7 7 2 4 4 3
0 7 4 5 6 5 0 1 4 5
2 2 5 4 0 3 6 4 0 3
7 3 7 0 1 1 5 5 0 7
7 3 7 6 0 2 3 0 4 4
5 4 6 7 7 5 3 1 3 4
26 43 45 42 36 2 4 34 58 61
58 15 58 3 26 28 54 12 4 45
22 38 51 60 30 18 37 6 18 18
35 39 45 61 13 19 18 52 47 43
10 2 21 53 2 18 27 23 54 7
38 34 30 35 58 5 51 42 60 54
4 15 38 46 35 26 14 58 61 45
12 23 30 42 36 43 50 43 46 18
19 21 20 53 59 37 23 38 50 26
44 20 38 37 2 36 30 60 47 53
46 6 51 27 19 5 18 62 10 36
54 36 54 22 42 29 53 37 2 45
21 15 6 4 53 28 43 11 29 39
35 12 18 47 6 35 46 27 20 62
61 34 26 61 23 43 60 51 6 6
59 50 11 59 44 54 35 31 30 27
3 6 54 26 19 4 42 15 43 7
20 43 20 21 5 52 10 22 60 13
28 3 19 5 19 13 11 6 6 60
14 53 62 59 13 5 2 19 47 61
42 62 37 50 22 11 59 38 50 19
26 55 50 38 58 38 21 26 23 58
55 44 54 45 28 27 5 29 63 28
36 26 43 18 44 31 55 18 7 28
38 22 14 15 10 28 44 37 62 55
61 47 38 27 52 36 55 13 39 36
21 11 52 15 58 15 18 27 26 15
37 20 19 5 43 54 13 6 6 58
27 37 30 2 14 3 42 29 2 12
28 54 6 22 29 37 45 58 4 59
15 36 20 21 60 52 62 2 52 22
2 36 12 13 55 46 34 44 34 59
38 6 38 36 54 27 36 46 10 38
5 12 26 10 51 27 20 20 26 23
59 51 60 62 55 61 44 18 53 2
7 63 5 12 60 34 37 42 60 4
59 60 19 42 61 55 52 27 18 30
45 27 38 34 55 10 12 36 21 19
20 38 28 21 14 22 47 3 47 51
45 6 21 54 60 60 43 39 21 50
3 21 53 54 7 29 42 14 22 13
36 37 61 27 55 52 29 4 36 58
10 21 54 19 6 29 4 42 60 55
31 27 52 2 30 62 63 35 31 44
35 51 12 2 13 61 10 52 30 54
38 13 59 63 30 46 44 43 37 26
4 18 37 35 19 2 13 47 59 6
47 44 54 37 10 4 53 50 15 63
35 3 43 21 58 50 29 15 53 45
37 55 63 38 50 52 31 34 26 31
38 43 5 36 59 54 3 19 13 44
10 51 44 14 43 34 52 36 23 43
38 35 4 18 7 39 63 42 60 43
39 55 2 39 2 55 18 44 15 11
63 61 58 22 51 39 46 22 10 63
11 35 55 58 45 22 23 23 45 22
35 6 63 5 10 62 14 58 31 21
37 47 18 19 50 60 50 27 26 60
44 47 50 34 26 30 45 3 34 21
6 13 34 55 46 26 31 44 38 38
20 10 29 4 47 30 59 52 14 3
47 38 7 50 35 28 15 52 12 54
58 38 10 55 53 43 28 2 30 22
51 36 18 61 39 47 51 21 31 2
60 7 60 5 14 28 5 45 14 47
55 55 45 19 59 63 23 18 13 26
26 42 11 43 59 63 58 45 55 60
44 14 59 27 12 26 63 22 12 19
39 39 50 27 53 18 63 62 21 20
2 29 58 44 5 44 4 47 2 53
63 14 38 51 59 36 26 35 20 34
54 3 52 6 42 5 62 22 34 29
51 5 12 54 52 59 30 2 58 42
19 39 28 26 43 39 38 51 53 35
2 54 22 28 42 14 20 52 54 18
21 62 7 46 26 62 20 6 62 22
44 46 50 62 62 22 19 14 37 55
59 36 53 4 20 28 21 50 58 14
21 37 29 13 63 11 7 44 19 7
46 13 59 6 34 53 43 26 21 13
30 22 27 11 34 22 59 4 3 26
63 28 31 39 27 31 7 7 5 7
5 31 11 60 30 7 52 18 45 18
13 29 5 3 11 37 51 12 12 29
2 58 62 21 20 23 15 55 11 46
52 20 45 60 10 60 47 19 26 58
58 11 20 23 19 38 7 29 2 39
29 14 36 5 31 14 27 54 44 6
19 3 58 43 55 5 62 26 50 51
20 37 20 53 21 37 26 3 45 51
36 46 61 39 27 42 54 37 61 38
28 20 60 38 45 61 23 14 26 43
13 53 35 11 53 54 34 39 53 61
14 50 46 38 52 35 35 54 27 46
54 31 58 22 63 60 18 38 39 27
7 61 37 42 54 42 6 13 34 46
22 22 43 37 4 26 52 38 4 31
60 31 62 3 11 15 43 46 2 61
63 27 63 54 3 22 27 3 35 37
43 35 51 59 60 42 28 12 28 38
