0 0 0 0 0 0 0 0 0 0
0 0 0 0 0 0 0 0 0 0
0 0 0 0 0 0 0 0 0 0
0 0 0 0 0 0 0 0 0 0
0 0 0 0 0 0 0 0 0 0
0 0 0 0 0 0 0 0 0 0
0 0 0 0 0 0 0 0 0 0
0 0 0 0 0 0 0 0 0 0
0 0 0 0 0 0 0 0 0 0
0 0 0 0 0 0 0 0 0 0
0 0 0 0 0 0 0 0 0 0
0 0 0 0 0 0 0 0 0 0
0 0 0 0 0 1 1 1 1 1
1 1 1 1 1 1 1 1 1 1
1 1 1 1 1 1 1 1 1 1
1 1 1 1 1 1 1 1 1 1
1 1 1 1 1 1 1 1 1 1
1 1 1 1 1 1 1 1 1 1
1 1 1 1 1 1 1 1 1 1
1 1 1 1 1 1 1 1 1 1
1 1 1 1 1 1 1 1 1 1
1 1 1 1 1 1 1 1 1 1
1 1 1 1 1 1 1 1 1 1
1 1 1 1 1 1 1 1 1 1
1 1 1 1 1 1 1 1 1 1
2 2 2 2 2 2 2 2 2 2
2 2 2 2 2 2 2 2 2 2
2 2 2 2 2 2 2 2 2 2
2 2 2 2 2 2 2 2 2 2
2 2 2 2 2 2 2 2 2 2
2 2 2 2 2 2 2 2 2 2
2 2 2 2 2 2 2 2 2 2
2 2 2 2 2 2 2 2 2 2
2 2 2 2 2 2 2 2 2 2
2 2 2 2 2 2 2 2 2 2
2 2 2 2 2 2 2 2 2 2
2 2 2 2 2 2 2 2 2 2
2 2 2 2 2 3 3 3 3 3
3 3 3 3 3 3 3 3 3 3
3 3 3 3 3 3 3 3 3 3
3 3 3 3 3 3 3 3 3 3
3 3 3 3 3 3 3 3 3 3
3 3 3 3 3 3 3 3 3 3
3 3 3 3 3 3 3 3 3 3
3 3 3 3 3 3 3 3 3 3
3 3 3 3 3 3 3 3 3 3
3 3 3 3 3 3 3 3 3 3
3 3 3 3 3 3 3 3 3 3
3 3 3 3 3 3 3 3 3 3
3 3 3 3 3 3 3 3 3 3
4 4 4 4 4 4 4 4 4 4
4 4 4 4 4 4 4 4 4 4
4 4 4 4 4 4 4 4 4 4
4 4 4 4 4 4 4 4 4 4
4 4 4 4 4 4 4 4 4 4
4 4 4 4 4 4 4 4 4 4
4 4 4 4 4 4 4 4 4 4
4 4 4 4 4 4 4 4 4 4
4 4 4 4 4 4 4 4 4 4
4 4 4 4 4 4 4 4 4 4
4 4 4 4 4 4 4 4 4 4
4 4 4 4 4 4 4 4 4 4
4 4 4 4 4 5 5 5 5 5
5 5 5 5 5 5 5 5 5 5
5 5 5 5 5 5 5 5 5 5
5 5 5 5 5 5 5 5 5 5
5 5 5 5 5 5 5 5 5 5
5 5 5 5 5 5 5 5 5 5
5 5 5 5 5 5 5 5 5 5
5 5 5 5 5 5 5 5 5 5
5 5 5 5 5 5 5 5 5 5
5 5 5 5 5 5 5 5 5 5
5 5 5 5 5 5 5 5 5 5
5 5 5 5 5 5 5 5 5 5
5 5 5 5 5 5 5 5 5 5
6 6 6 6 6 6 6 6 6 6
6 6 6 6 6 6 6 6 6 6
6 6 6 6 6 6 6 6 6 6
6 6 6 6 6 6 6 6 6 6
6 6 6 6 6 6 6 6 6 6
6 6 6 6 6 6 6 6 6 6
6 6 6 6 6 6 6 6 6 6
6 6 6 6 6 6 6 6 6 6
6 6 6 6 6 6 6 6 6 6
6 6 6 6 6 6 6 6 6 6
6 6 6 6 6 6 6 6 6 6
6 6 6 6 6 6 6 6 6 6
6 6 6 6 6 7 7 7 7 7
7 7 7 7 7 7 7 7 7 7
7 7 7 7 7 7 7 7 7 7
7 7 7 7 7 7 7 7 7 7
7 7 7 7 7 7 7 7 7 7
7 7 7 7 7 7 7 7 7 7
7 7 7 7 7 7 7 7 7 7
7 7 7 7 7 7 7 7 7 7
7 7 7 7 7 7 7 7 7 7
7 7 7 7 7 7 7 7 7 7
7 7 7 7 7 7 7 7 7 7
7 7 7 7 7 7 7 7 7 7
7 7 7 7 7 7 7 7 7 7
2 2 7 3 7 7 7 7 7 3
4 4 7 4 3 2 4 4 3 6
3 5 3 5 3 3 5 2 6 5
7 4 4 2 7 4 3 3 3 5
5 7 6 3 2 3 4 2 2 2
4 3 5 4 3 4 6 4 6 2
6 6 4 3 4 4 3 2 4 4
6 3 3 6 7 7 7 5 5 7
4 7 5 6 2 2 5 6 2 3
7 5 4 2 4 2 4 3 2 6
4 6 5 7 5 3 3 7 2 2
4 5 5 7 2 7 4 3 6 7
2 7 3 3 7 13 11 12 15 10
11 10 10 13 12 11 13 14 14 10
14 14 14 11 13 13 14 11 14 14
13 10 11 14 15 11 11 14 12 15
13 10 15 11 14 14 15 10 12 15
11 13 15 10 14 15 13 14 11 11
14 13 10 15 15 11 11 15 13 14
12 14 15 13 15 13 14 12 15 14
12 13 14 13 15 12 14 12 13 15
15 10 13 10 11 15 14 12 13 10
11 15 10 14 13 12 10 14 14 13
15 12 15 13 15 13 10 11 10 15
11 15 10 14 12 15 12 13 14 11
19 20 23 20 21 19 20 19 18 20
23 23 21 18 23 19 20 21 18 19
20 20 22 19 23 21 20 20 23 19
19 18 20 23 18 19 21 23 21 21
18 22 20 21 23 23 18 23 21 18
23 18 22 21 23 23 22 23 20 22
23 19 21 22 19 21 23 21 18 20
19 20 23 23 18 19 21 22 21 22
21 23 22 19 22 18 18 18 23 23
19 20 18 18 19 19 23 18 18 18
22 22 23 23 19 23 22 23 23 21
20 19 19 19 23 22 19 20 20 21
18 22 23 20 20 26 27 26 30 27
30 26 26 31 26 30 29 30 28 31
29 27 30 30 28 28 27 30 31 27
26 28 30 29 29 29 27 31 28 31
28 30 28 28 31 30 27 29 31 31
26 26 28 27 27 29 27 28 28 29
29 31 29 30 31 30 29 30 26 27
27 29 29 28 29 26 28 27 31 26
31 29 29 29 26 27 29 29 26 31
28 29 31 29 31 28 31 26 29 27
30 29 27 28 29 29 28 30 28 27
28 28 30 30 30 28 29 29 28 29
31 28 28 28 26 31 28 31 26 29
36 39 39 37 36 39 36 36 35 34
37 34 39 38 35 39 39 35 38 36
37 39 38 35 37 38 36 39 35 36
35 38 36 38 36 38 37 35 34 35
37 38 36 37 35 36 38 38 37 37
37 34 34 36 35 36 39 36 35 39
34 34 36 34 36 39 34 38 34 36
38 36 36 35 38 38 34 34 36 36
35 37 36 38 36 34 34 39 35 34
38 37 39 34 39 34 38 38 39 39
36 38 39 38 34 38 38 35 39 34
35 35 37 35 36 38 34 36 39 35
38 35 39 37 35 47 43 42 47 47
46 43 47 43 44 43 46 47 43 46
45 42 45 42 43 46 42 44 46 47
43 42 43 46 47 47 44 44 45 43
43 44 44 45 43 46 43 42 45 46
46 44 43 45 47 45 46 45 45 47
47 45 44 42 44 42 44 44 44 47
46 43 45 47 44 45 43 46 47 47
42 44 44 42 47 43 46 43 47 44
45 45 45 46 42 47 43 42 45 43
44 42 47 42 43 45 46 47 42 46
47 42 42 45 45 44 43 43 44 45
43 47 44 44 46 47 45 43 43 47
52 52 55 54 51 50 52 51 51 55
50 51 51 51 52 50 55 55 53 53
53 51 55 54 54 54 54 50 54 51
55 51 51 54 51 50 55 50 55 52
54 52 51 54 53 55 52 52 54 53
55 54 53 50 53 50 55 52 54 50
55 55 55 50 55 53 53 55 54 52
52 53 54 53 53 53 54 55 50 52
52 55 54 54 53 52 53 50 50 53
54 51 50 53 53 53 54 52 51 55
53 53 55 51 55 54 53 51 51 50
55 50 54 52 50 55 52 53 54 55
50 52 53 51 50 58 58 59 62 58
59 61 63 59 63 62 59 58 62 60
60 63 59 58 63 60 59 59 58 60
62 58 58 58 60 59 59 61 59 63
63 60 61 63 63 62 63 63 62 63
58 63 62 63 60 58 62 59 63 58
62 63 61 60 63 62 63 58 61 59
58 58 58 60 60 61 62 59 58 62
60 63 61 59 60 59 63 58 62 63
59 62 58 62 59 61 63 59 62 60
59 58 60 62 63 61 60 58 60 61
59 61 61 60 62 62 63 59 59 62
63 60 60 62 61 62 63 62 63 62
