0 0 0 0 0 0 0 0 0 0 0 0 0 0 0 0
0 0 0 0 0 0 0 0 0 0 0 0 0 0 0 0
1 1 1 1 1 1 1 1 1 1 1 1 1 1 1 1
1 1 1 1 1 1 1 1 1 1 1 1 1 1 1 1
2 2 2 2 2 2 2 2 2 2 2 2 2 2 2 2
2 2 2 2 2 2 2 2 2 2 2 2 2 2 2 2
3 3 3 3 3 3 3 3 3 3 3 3 3 3 3 3
3 3 3 3 3 3 3 3 3 3 3 3 3 3 3 3
4 4 4 4 4 4 4 4 4 4 4 4 4 4 4 4
4 4 4 4 4 4 4 4 4 4 4 4 4 4 4 4
5 5 5 5 5 5 5 5 5 5 5 5 5 5 5 5
5 5 5 5 5 5 5 5 5 5 5 5 5 5 5 5
6 6 6 6 6 6 6 6 6 6 6 6 6 6 6 6
6 6 6 6 6 6 6 6 6 6 6 6 6 6 6 6
7 7 7 7 7 7 7 7 7 7 7 7 7 7 7 7
7 7 7 7 7 7 7 7 7 7 7 7 7 7 7 7
3 5 2 3 2 7 5 3 3 5 2 3 7 3 6 6
6 7 7 4 7 6 3 6 3 7 4 7 3 3 7 6
12 12 11 14 13 13 12 11 14 13 10 15 12 15 10 11
10 13 14 14 12 13 11 15 14 11 10 10 11 12 11 11
21 19 21 21 20 19 18 22 20 23 21 23 21 22 22 21
18 19 23 20 23 22 20 21 20 19 23 20 19 22 19 18
29 27 26 30 30 30 26 26 27 29 27 31 29 27 31 30
31 31 31 28 30 29 31 30 26 30 27 29 29 30 30 30
38 35 38 38 36 35 36 37 38 36 35 36 35 34 34 36
36 35 34 38 36 36 36 36 37 39 34 38 39 38 38 35
42 43 45 46 42 42 47 45 47 46 44 45 43 47 43 43
43 46 44 44 42 45 42 44 44 44 45 44 45 44 47 42
53 54 53 55 55 54 54 52 50 52 51 50 50 50 52 53
54 54 52 52 50 50 53 55 50 54 55 52 54 55 50 55
62 63 63 58 62 63 61 63 61 60 62 61 63 59 59 63
60 61 60 58 62 59 61 58 63 61 63 60 62 63 60 59
