0 0 0 0 0 0 0 0 0 0
0 0 0 0 0 0 0 0 0 0
0 0 0 0 0 0 0 0 0 0
0 0 0 0 0 0 0 0 0 0
0 0 0 0 0 0 0 0 0 0
0 0 0 0 0 0 0 0 0 0
0 0 0 0 0 0 0 0 0 0
0 0 0 0 0 0 0 0 0 0
0 0 0 0 0 0 0 0 0 0
0 0 0 0 0 0 0 0 0 0
0 0 0 0 0 0 0 0 0 0
0 0 0 0 0 0 0 0 0 0
0 0 0 0 0 1 1 1 1 1
1 1 1 1 1 1 1 1 1 1
1 1 1 1 1 1 1 1 1 1
1 1 1 1 1 1 1 1 1 1
1 1 1 1 1 1 1 1 1 1
1 1 1 1 1 1 1 1 1 1
1 1 1 1 1 1 1 1 1 1
1 1 1 1 1 1 1 1 1 1
1 1 1 1 1 1 1 1 1 1
1 1 1 1 1 1 1 1 1 1
1 1 1 1 1 1 1 1 1 1
1 1 1 1 1 1 1 1 1 1
1 1 1 1 1 1 1 1 1 1
2 2 2 2 2 2 2 2 2 2
2 2 2 2 2 2 2 2 2 2
2 2 2 2 2 2 2 2 2 2
2 2 2 2 2 2 2 2 2 2
2 2 2 2 2 2 2 2 2 2
2 2 2 2 2 2 2 2 2 2
2 2 2 2 2 2 2 2 2 2
2 2 2 2 2 2 2 2 2 2
2 2 2 2 2 2 2 2 2 2
2 2 2 2 2 2 2 2 2 2
2 2 2 2 2 2 2 2 2 2
2 2 2 2 2 2 2 2 2 2
2 2 2 2 2 3 3 3 3 3
3 3 3 3 3 3 3 3 3 3
3 3 3 3 3 3 3 3 3 3
3 3 3 3 3 3 3 3 3 3
3 3 3 3 3 3 3 3 3 3
3 3 3 3 3 3 3 3 3 3
3 3 3 3 3 3 3 3 3 3
3 3 3 3 3 3 3 3 3 3
3 3 3 3 3 3 3 3 3 3
3 3 3 3 3 3 3 3 3 3
3 3 3 3 3 3 3 3 3 3
3 3 3 3 3 3 3 3 3 3
3 3 3 3 3 3 3 3 3 3
4 4 4 4 4 4 4 4 4 4
4 4 4 4 4 4 4 4 4 4
4 4 4 4 4 4 4 4 4 4
4 4 4 4 4 4 4 4 4 4
4 4 4 4 4 4 4 4 4 4
4 4 4 4 4 4 4 4 4 4
4 4 4 4 4 4 4 4 4 4
4 4 4 4 4 4 4 4 4 4
4 4 4 4 4 4 4 4 4 4
4 4 4 4 4 4 4 4 4 4
4 4 4 4 4 4 4 4 4 4
4 4 4 4 4 4 4 4 4 4
4 4 4 4 4 5 5 5 5 5
5 5 5 5 5 5 5 5 5 5
5 5 5 5 5 5 5 5 5 5
5 5 5 5 5 5 5 5 5 5
5 5 5 5 5 5 5 5 5 5
5 5 5 5 5 5 5 5 5 5
5 5 5 5 5 5 5 5 5 5
5 5 5 5 5 5 5 5 5 5
5 5 5 5 5 5 5 5 5 5
5 5 5 5 5 5 5 5 5 5
5 5 5 5 5 5 5 5 5 5
5 5 5 5 5 5 5 5 5 5
5 5 5 5 5 5 5 5 5 5
6 6 6 6 6 6 6 6 6 6
6 6 6 6 6 6 6 6 6 6
6 6 6 6 6 6 6 6 6 6
6 6 6 6 6 6 6 6 6 6
6 6 6 6 6 6 6 6 6 6
6 6 6 6 6 6 6 6 6 6
6 6 6 6 6 6 6 6 6 6
6 6 6 6 6 6 6 6 6 6
6 6 6 6 6 6 6 6 6 6
6 6 6 6 6 6 6 6 6 6
6 6 6 6 6 6 6 6 6 6
6 6 6 6 6 6 6 6 6 6
6 6 6 6 6 7 7 7 7 7
7 7 7 7 7 7 7 7 7 7
7 7 7 7 7 7 7 7 7 7
7 7 7 7 7 7 7 7 7 7
7 7 7 7 7 7 7 7 7 7
7 7 7 7 7 7 7 7 7 7
7 7 7 7 7 7 7 7 7 7
7 7 7 7 7 7 7 7 7 7
7 7 7 7 7 7 7 7 7 7
7 7 7 7 7 7 7 7 7 7
7 7 7 7 7 7 7 7 7 7
7 7 7 7 7 7 7 7 7 7
7 7 7 7 7 7 7 7 7 7
6 3 3 3 5 4 4 5 5 3
6 7 5 7 3 2 2 7 2 4
4 7 4 3 6 7 2 4 7 3
4 6 7 2 2 7 5 6 3 3
4 4 5 2 3 2 5 5 2 4
3 5 2 5 6 3 2 7 4 6
7 4 7 7 2 3 2 5 2 5
7 7 3 2 6 6 6 5 3 3
7 5 3 3 2 2 5 3 3 4
3 6 3 6 7 3 6 4 3 7
4 5 3 7 2 3 5 2 3 3
3 5 5 6 7 4 5 5 7 2
7 2 3 2 7 13 15 10 12 15
15 13 13 15 10 10 10 12 15 13
13 13 11 15 15 14 13 11 12 12
10 10 13 14 12 10 14 11 13 13
15 14 14 10 14 14 10 10 13 13
11 12 13 10 12 12 14 14 12 11
10 14 12 13 13 11 10 10 13 11
12 11 10 14 14 11 15 13 11 12
11 13 12 15 14 12 11 12 15 12
10 10 12 13 12 15 12 15 10 12
13 15 10 10 15 10 11 10 14 10
11 14 13 15 11 11 10 12 15 15
13 10 10 10 10 13 14 15 13 11
22 20 18 20 23 20 20 18 22 23
22 20 19 21 23 19 19 22 19 19
22 23 21 20 18 21 19 23 21 18
21 20 20 19 18 18 18 21 20 22
23 22 20 20 18 21 22 22 20 19
19 18 21 23 22 20 21 19 19 19
23 22 19 18 23 20 22 20 23 22
23 18 19 21 20 23 22 20 22 23
19 18 22 22 22 22 20 18 19 21
20 20 18 21 21 18 18 19 20 18
22 20 21 18 21 22 19 18 19 23
18 23 20 18 19 21 23 20 23 22
19 19 21 21 22 29 27 30 28 29
28 26 30 28 28 29 27 30 31 31
31 30 30 27 26 30 26 31 31 30
28 29 27 29 26 27 26 27 31 31
26 27 26 27 30 27 26 28 27 31
27 28 26 29 30 28 29 27 26 30
26 30 31 26 27 27 30 26 31 29
26 29 28 28 29 26 28 27 31 28
29 26 31 30 28 30 26 27 30 31
31 28 31 31 28 28 28 29 27 29
30 31 29 31 28 29 29 26 30 29
30 27 29 31 26 31 28 31 28 29
29 27 27 30 29 29 28 27 29 30
37 35 39 35 39 39 34 38 38 39
36 34 36 37 36 37 38 36 34 35
34 37 35 34 34 36 37 34 36 38
34 34 37 39 38 34 39 35 35 38
39 35 39 34 34 39 39 39 38 35
36 35 34 39 39 38 36 34 34 37
38 38 38 39 38 34 39 39 34 39
36 37 38 39 39 39 39 35 39 39
38 37 37 37 34 36 37 38 38 37
39 35 34 34 39 39 34 37 34 38
36 37 38 34 38 34 34 34 39 37
34 39 34 37 34 37 35 34 37 37
34 37 38 39 36 44 43 47 45 47
47 44 46 42 46 42 47 47 44 45
42 47 45 46 46 46 47 45 44 45
47 46 44 45 44 44 43 47 43 43
43 42 43 42 46 44 44 43 43 46
44 46 43 42 43 43 42 47 42 42
42 45 43 44 46 42 42 44 44 42
46 44 43 43 43 44 42 45 45 47
42 46 47 44 47 42 47 47 42 47
46 44 43 43 46 44 44 42 45 46
47 45 44 46 47 43 42 44 47 42
47 46 45 43 42 46 43 43 45 45
46 46 43 42 45 44 46 44 42 44
51 51 54 53 52 54 51 51 52 53
50 52 53 53 55 51 51 52 51 52
53 51 53 51 51 51 54 54 53 55
52 52 51 52 52 51 54 50 54 51
55 52 55 55 53 50 52 52 54 55
53 50 51 51 52 54 50 54 52 52
54 51 51 55 50 51 55 50 54 54
55 52 52 52 52 55 50 52 55 51
51 54 51 52 53 51 52 50 52 52
55 50 55 51 52 52 53 53 55 51
52 55 51 55 52 53 52 51 55 53
51 52 51 53 52 50 51 53 51 53
52 55 55 54 54 62 63 61 58 62
62 59 61 60 59 62 60 63 59 61
59 62 62 59 59 62 58 60 63 59
61 61 60 59 63 61 59 58 61 62
63 62 59 61 58 63 59 63 62 63
59 62 59 58 62 58 59 60 60 59
61 63 63 58 58 60 59 59 63 61
62 62 61 62 62 60 63 59 58 61
62 60 58 58 62 60 61 62 63 62
59 59 60 58 59 58 59 60 59 61
63 60 62 61 58 59 63 61 60 61
60 58 62 62 59 58 61 59 62 63
59 58 59 62 63 61 61 60 59 62
