0 0 0 0 0 0 0 0 0 0 0 0 0 0 0 0
0 0 0 0 0 0 0 0 0 0 0 0 0 0 0 0
1 1 1 1 1 1 1 1 1 1 1 1 1 1 1 1
1 1 1 1 1 1 1 1 1 1 1 1 1 1 1 1
2 2 2 2 2 2 2 2 2 2 2 2 2 2 2 2
2 2 2 2 2 2 2 2 2 2 2 2 2 2 2 2
3 3 3 3 3 3 3 3 3 3 3 3 3 3 3 3
3 3 3 3 3 3 3 3 3 3 3 3 3 3 3 3
4 4 4 4 4 4 4 4 4 4 4 4 4 4 4 4
4 4 4 4 4 4 4 4 4 4 4 4 4 4 4 4
5 5 5 5 5 5 5 5 5 5 5 5 5 5 5 5
5 5 5 5 5 5 5 5 5 5 5 5 5 5 5 5
6 6 6 6 6 6 6 6 6 6 6 6 6 6 6 6
6 6 6 6 6 6 6 6 6 6 6 6 6 6 6 6
7 7 7 7 7 7 7 7 7 7 7 7 7 7 7 7
7 7 7 7 7 7 7 7 7 7 7 7 7 7 7 7
3 4 2 5 4 7 2 6 2 6 5 4 2 4 6 3
6 3 5 3 2 5 7 2 2 2 4 7 2 7 6 2
14 12 12 10 12 15 10 13 10 12 14 12 15 13 10 11
15 14 13 12 15 15 13 12 10 11 10 13 10 11 15 11
18 18 22 22 18 22 20 22 19 18 19 23 23 20 18 21
19 22 23 18 23 21 20 22 20 19 18 20 18 21 18 19
26 31 30 30 30 28 27 26 31 27 27 26 27 27 29 26
31 29 30 27 31 26 30 29 27 26 26 31 31 30 30 27
36 37 39 39 35 34 34 36 34 35 38 34 35 34 38 35
36 39 37 37 34 39 36 35 39 39 36 37 38 39 36 35
47 42 47 47 43 42 44 44 46 42 46 47 42 43 44 46
44 46 45 42 44 46 43 43 46 42 46 46 44 47 46 44
54 50 53 52 55 53 52 55 50 50 53 53 51 53 50 55
53 52 51 52 55 50 55 50 55 51 50 54 55 54 50 55
62 60 58 62 61 59 59 62 61 58 62 59 61 60 59 63
63 59 61 61 60 62 59 59 61 63 62 63 62 58 61 59
