0 0 0 0 0 0 0 0 0 0
0 0 0 0 0 0 0 0 0 0
0 0 0 0 0 0 0 0 0 0
0 0 0 0 0 0 0 0 0 0
0 0 0 0 0 0 0 0 0 0
0 0 0 0 0 0 0 0 0 0
0 0 0 0 0 0 0 0 0 0
0 0 0 0 0 0 0 0 0 0
0 0 0 0 0 0 0 0 0 0
0 0 0 0 0 0 0 0 0 0
0 0 0 0 0 0 0 0 0 0
0 0 0 0 0 0 0 0 0 0
0 0 0 0 0 1 1 1 1 1
1 1 1 1 1 1 1 1 1 1
1 1 1 1 1 1 1 1 1 1
1 1 1 1 1 1 1 1 1 1
1 1 1 1 1 1 1 1 1 1
1 1 1 1 1 1 1 1 1 1
1 1 1 1 1 1 1 1 1 1
1 1 1 1 1 1 1 1 1 1
1 1 1 1 1 1 1 1 1 1
1 1 1 1 1 1 1 1 1 1
1 1 1 1 1 1 1 1 1 1
1 1 1 1 1 1 1 1 1 1
1 1 1 1 1 1 1 1 1 1
2 2 2 2 2 2 2 2 2 2
2 2 2 2 2 2 2 2 2 2
2 2 2 2 2 2 2 2 2 2
2 2 2 2 2 2 2 2 2 2
2 2 2 2 2 2 2 2 2 2
2 2 2 2 2 2 2 2 2 2
2 2 2 2 2 2 2 2 2 2
2 2 2 2 2 2 2 2 2 2
2 2 2 2 2 2 2 2 2 2
2 2 2 2 2 2 2 2 2 2
2 2 2 2 2 2 2 2 2 2
2 2 2 2 2 2 2 2 2 2
2 2 2 2 2 3 3 3 3 3
3 3 3 3 3 3 3 3 3 3
3 3 3 3 3 3 3 3 3 3
3 3 3 3 3 3 3 3 3 3
3 3 3 3 3 3 3 3 3 3
3 3 3 3 3 3 3 3 3 3
3 3 3 3 3 3 3 3 3 3
3 3 3 3 3 3 3 3 3 3
3 3 3 3 3 3 3 3 3 3
3 3 3 3 3 3 3 3 3 3
3 3 3 3 3 3 3 3 3 3
3 3 3 3 3 3 3 3 3 3
3 3 3 3 3 3 3 3 3 3
4 4 4 4 4 4 4 4 4 4
4 4 4 4 4 4 4 4 4 4
4 4 4 4 4 4 4 4 4 4
4 4 4 4 4 4 4 4 4 4
4 4 4 4 4 4 4 4 4 4
4 4 4 4 4 4 4 4 4 4
4 4 4 4 4 4 4 4 4 4
4 4 4 4 4 4 4 4 4 4
4 4 4 4 4 4 4 4 4 4
4 4 4 4 4 4 4 4 4 4
4 4 4 4 4 4 4 4 4 4
4 4 4 4 4 4 4 4 4 4
4 4 4 4 4 5 5 5 5 5
5 5 5 5 5 5 5 5 5 5
5 5 5 5 5 5 5 5 5 5
5 5 5 5 5 5 5 5 5 5
5 5 5 5 5 5 5 5 5 5
5 5 5 5 5 5 5 5 5 5
5 5 5 5 5 5 5 5 5 5
5 5 5 5 5 5 5 5 5 5
5 5 5 5 5 5 5 5 5 5
5 5 5 5 5 5 5 5 5 5
5 5 5 5 5 5 5 5 5 5
5 5 5 5 5 5 5 5 5 5
5 5 5 5 5 5 5 5 5 5
6 6 6 6 6 6 6 6 6 6
6 6 6 6 6 6 6 6 6 6
6 6 6 6 6 6 6 6 6 6
6 6 6 6 6 6 6 6 6 6
6 6 6 6 6 6 6 6 6 6
6 6 6 6 6 6 6 6 6 6
6 6 6 6 6 6 6 6 6 6
6 6 6 6 6 6 6 6 6 6
6 6 6 6 6 6 6 6 6 6
6 6 6 6 6 6 6 6 6 6
6 6 6 6 6 6 6 6 6 6
6 6 6 6 6 6 6 6 6 6
6 6 6 6 6 7 7 7 7 7
7 7 7 7 7 7 7 7 7 7
7 7 7 7 7 7 7 7 7 7
7 7 7 7 7 7 7 7 7 7
7 7 7 7 7 7 7 7 7 7
7 7 7 7 7 7 7 7 7 7
7 7 7 7 7 7 7 7 7 7
7 7 7 7 7 7 7 7 7 7
7 7 7 7 7 7 7 7 7 7
7 7 7 7 7 7 7 7 7 7
7 7 7 7 7 7 7 7 7 7
7 7 7 7 7 7 7 7 7 7
7 7 7 7 7 7 7 7 7 7
7 5 7 4 6 6 5 4 2 3
6 6 4 5 7 2 7 6 7 5
5 3 4 6 7 6 4 4 2 6
6 4 2 3 5 7 7 5 2 2
4 6 2 3 3 5 7 2 3 6
6 4 2 3 7 6 2 2 7 7
7 7 4 2 7 3 5 3 7 5
6 7 4 2 3 4 3 4 3 6
6 6 7 4 2 7 6 2 6 3
6 2 5 4 4 5 4 4 4 4
7 4 6 6 7 5 7 5 7 4
7 5 6 7 7 4 3 6 4 3
3 7 2 2 3 11 13 11 10 13
10 13 14 11 10 11 10 13 13 11
13 13 14 12 14 13 14 12 10 12
13 15 14 14 11 15 15 11 13 15
13 10 14 14 13 13 12 11 11 10
12 15 11 14 11 13 13 10 12 13
15 15 14 11 15 11 10 14 15 12
12 11 13 10 11 13 15 11 14 13
13 10 10 14 15 11 14 15 15 12
14 15 14 11 13 11 11 10 11 13
11 10 13 10 10 14 15 12 14 15
12 13 15 14 14 12 13 15 14 13
14 11 10 13 10 13 14 15 11 14
22 20 21 20 22 20 22 23 22 19
21 21 22 21 23 20 23 20 22 21
20 21 22 23 20 23 21 19 23 23
22 21 19 20 20 18 22 18 23 18
20 18 18 21 23 18 20 19 21 21
20 20 21 21 20 20 19 18 19 22
20 19 20 21 21 21 22 22 18 18
19 21 23 21 18 19 22 20 20 18
18 19 22 22 19 22 22 22 21 22
18 22 23 18 19 20 22 21 19 19
20 23 20 22 23 20 22 19 18 18
19 21 18 18 23 23 20 20 18 18
23 18 21 18 21 30 29 27 30 26
31 27 31 30 30 28 29 31 27 30
29 30 30 29 27 28 26 28 28 27
31 29 28 29 30 29 27 29 31 28
31 30 29 29 31 30 31 30 31 31
26 27 31 26 26 27 29 26 30 30
26 28 29 27 30 26 26 28 29 29
30 31 31 31 31 31 26 26 31 31
26 27 31 30 30 27 30 26 29 30
27 29 30 26 26 31 31 27 31 27
27 27 29 26 29 28 31 30 29 27
30 28 28 27 27 26 30 26 28 28
27 29 31 27 29 26 26 28 29 30
35 34 35 35 34 35 37 35 35 39
35 36 38 36 34 35 37 36 34 34
34 36 36 35 34 39 36 38 34 37
36 38 36 38 38 35 36 36 39 36
38 39 35 36 39 38 37 36 34 36
37 34 34 39 34 38 38 34 35 38
34 35 34 37 36 35 38 37 37 35
37 39 36 38 35 35 34 39 39 34
38 38 35 39 38 37 34 38 36 37
38 35 36 38 36 39 36 36 35 34
34 37 39 36 34 34 36 36 38 34
35 39 36 34 39 35 39 37 34 34
34 34 39 39 36 47 42 44 44 45
43 42 43 46 44 47 42 42 47 45
47 44 47 45 46 42 47 47 46 44
45 46 43 42 44 45 42 43 44 45
47 43 44 45 44 46 46 45 43 43
46 43 45 47 43 44 43 42 47 43
46 47 47 45 45 42 42 42 47 46
42 47 44 42 45 46 46 47 46 42
47 46 47 46 42 43 45 45 47 47
44 45 42 42 45 46 42 46 45 43
45 46 46 45 46 42 44 47 42 47
47 42 44 43 42 42 42 42 47 44
46 45 43 47 47 42 43 47 42 46
52 53 50 53 55 50 54 51 50 50
52 55 55 52 50 53 53 54 52 54
54 54 53 51 51 54 54 50 50 50
51 54 55 50 52 53 50 51 55 50
55 53 52 50 52 51 55 55 52 53
53 50 54 50 53 55 53 53 55 54
55 53 55 52 53 52 53 52 52 54
51 55 53 51 53 52 52 53 50 50
51 53 52 52 55 54 50 55 52 54
52 51 51 53 51 55 51 53 55 51
50 50 51 50 51 52 53 55 51 50
52 51 55 51 50 53 54 54 55 51
55 50 54 51 55 59 59 60 60 60
61 58 58 61 59 59 58 63 60 62
60 62 58 58 61 62 61 60 58 60
59 63 61 60 63 60 61 60 58 59
59 63 59 63 60 59 59 62 59 61
60 59 62 59 61 62 60 58 62 62
63 58 60 61 59 58 62 61 63 58
60 62 63 62 62 60 63 58 61 62
61 63 60 61 62 61 59 62 61 59
59 59 59 59 62 63 62 58 58 60
61 59 62 59 62 59 58 59 59 58
63 58 61 58 61 59 58 60 59 61
62 62 58 62 61 62 60 60 61 61
