0 0 0 0 0 0 0 0 0 0 0 0 0 0 0 0
0 0 0 0 0 0 0 0 0 0 0 0 0 0 0 0
1 1 1 1 1 1 1 1 1 1 1 1 1 1 1 1
1 1 1 1 1 1 1 1 1 1 1 1 1 1 1 1
2 2 2 2 2 2 2 2 2 2 2 2 2 2 2 2
2 2 2 2 2 2 2 2 2 2 2 2 2 2 2 2
3 3 3 3 3 3 3 3 3 3 3 3 3 3 3 3
3 3 3 3 3 3 3 3 3 3 3 3 3 3 3 3
4 4 4 4 4 4 4 4 4 4 4 4 4 4 4 4
4 4 4 4 4 4 4 4 4 4 4 4 4 4 4 4
5 5 5 5 5 5 5 5 5 5 5 5 5 5 5 5
5 5 5 5 5 5 5 5 5 5 5 5 5 5 5 5
6 6 6 6 6 6 6 6 6 6 6 6 6 6 6 6
6 6 6 6 6 6 6 6 6 6 6 6 6 6 6 6
7 7 7 7 7 7 7 7 7 7 7 7 7 7 7 7
7 7 7 7 7 7 7 7 7 7 7 7 7 7 7 7
4 7 2 6 5 2 4 4 6 3 5 7 7 4 3 5
6 4 3 5 2 6 5 4 5 3 5 5 5 6 4 5
12 15 11 15 10 11 11 15 15 10 10 13 14 10 10 10
14 14 13 12 13 14 15 15 12 15 15 11 13 13 11 10
20 23 19 19 18 23 23 20 20 18 19 20 22 19 18 22
22 21 23 23 20 21 19 19 23 23 23 22 21 18 23 23
29 28 30 29 30 28 28 27 29 27 31 30 26 31 31 28
31 29 30 31 29 31 31 31 26 28 26 26 26 28 29 28
35 38 34 39 36 39 37 35 36 34 34 36 37 38 39 39
35 38 37 34 36 37 35 38 35 37 37 34 38 37 37 35
42 42 46 46 43 43 44 43 47 43 47 47 47 44 45 42
43 47 45 46 46 46 45 47 47 43 45 43 46 42 45 46
54 54 51 55 53 51 53 51 52 51 54 53 52 55 55 50
51 52 54 53 51 52 54 53 54 54 53 52 54 55 52 52
62 59 60 59 62 63 63 62 59 63 58 61 60 62 63 63
60 58 63 59 62 59 60 60 63 63 63 58 62 62 59 58
