0 0 0 0 0 0 0 0 0 0
0 0 0 0 0 0 0 0 0 0
0 0 0 0 0 0 0 0 0 0
0 0 0 0 0 0 0 0 0 0
0 0 0 0 0 0 0 0 0 0
0 0 0 0 0 0 0 0 0 0
0 0 0 0 0 0 0 0 0 0
0 0 0 0 0 0 0 0 0 0
0 0 0 0 0 0 0 0 0 0
0 0 0 0 0 0 0 0 0 0
0 0 0 0 0 0 0 0 0 0
0 0 0 0 0 0 0 0 0 0
0 0 0 0 0 1 1 1 1 1
1 1 1 1 1 1 1 1 1 1
1 1 1 1 1 1 1 1 1 1
1 1 1 1 1 1 1 1 1 1
1 1 1 1 1 1 1 1 1 1
1 1 1 1 1 1 1 1 1 1
1 1 1 1 1 1 1 1 1 1
1 1 1 1 1 1 1 1 1 1
1 1 1 1 1 1 1 1 1 1
1 1 1 1 1 1 1 1 1 1
1 1 1 1 1 1 1 1 1 1
1 1 1 1 1 1 1 1 1 1
1 1 1 1 1 1 1 1 1 1
2 2 2 2 2 2 2 2 2 2
2 2 2 2 2 2 2 2 2 2
2 2 2 2 2 2 2 2 2 2
2 2 2 2 2 2 2 2 2 2
2 2 2 2 2 2 2 2 2 2
2 2 2 2 2 2 2 2 2 2
2 2 2 2 2 2 2 2 2 2
2 2 2 2 2 2 2 2 2 2
2 2 2 2 2 2 2 2 2 2
2 2 2 2 2 2 2 2 2 2
2 2 2 2 2 2 2 2 2 2
2 2 2 2 2 2 2 2 2 2
2 2 2 2 2 3 3 3 3 3
3 3 3 3 3 3 3 3 3 3
3 3 3 3 3 3 3 3 3 3
3 3 3 3 3 3 3 3 3 3
3 3 3 3 3 3 3 3 3 3
3 3 3 3 3 3 3 3 3 3
3 3 3 3 3 3 3 3 3 3
3 3 3 3 3 3 3 3 3 3
3 3 3 3 3 3 3 3 3 3
3 3 3 3 3 3 3 3 3 3
3 3 3 3 3 3 3 3 3 3
3 3 3 3 3 3 3 3 3 3
3 3 3 3 3 3 3 3 3 3
4 4 4 4 4 4 4 4 4 4
4 4 4 4 4 4 4 4 4 4
4 4 4 4 4 4 4 4 4 4
4 4 4 4 4 4 4 4 4 4
4 4 4 4 4 4 4 4 4 4
4 4 4 4 4 4 4 4 4 4
4 4 4 4 4 4 4 4 4 4
4 4 4 4 4 4 4 4 4 4
4 4 4 4 4 4 4 4 4 4
4 4 4 4 4 4 4 4 4 4
4 4 4 4 4 4 4 4 4 4
4 4 4 4 4 4 4 4 4 4
4 4 4 4 4 5 5 5 5 5
5 5 5 5 5 5 5 5 5 5
5 5 5 5 5 5 5 5 5 5
5 5 5 5 5 5 5 5 5 5
5 5 5 5 5 5 5 5 5 5
5 5 5 5 5 5 5 5 5 5
5 5 5 5 5 5 5 5 5 5
5 5 5 5 5 5 5 5 5 5
5 5 5 5 5 5 5 5 5 5
5 5 5 5 5 5 5 5 5 5
5 5 5 5 5 5 5 5 5 5
5 5 5 5 5 5 5 5 5 5
5 5 5 5 5 5 5 5 5 5
6 6 6 6 6 6 6 6 6 6
6 6 6 6 6 6 6 6 6 6
6 6 6 6 6 6 6 6 6 6
6 6 6 6 6 6 6 6 6 6
6 6 6 6 6 6 6 6 6 6
6 6 6 6 6 6 6 6 6 6
6 6 6 6 6 6 6 6 6 6
6 6 6 6 6 6 6 6 6 6
6 6 6 6 6 6 6 6 6 6
6 6 6 6 6 6 6 6 6 6
6 6 6 6 6 6 6 6 6 6
6 6 6 6 6 6 6 6 6 6
6 6 6 6 6 7 7 7 7 7
7 7 7 7 7 7 7 7 7 7
7 7 7 7 7 7 7 7 7 7
7 7 7 7 7 7 7 7 7 7
7 7 7 7 7 7 7 7 7 7
7 7 7 7 7 7 7 7 7 7
7 7 7 7 7 7 7 7 7 7
7 7 7 7 7 7 7 7 7 7
7 7 7 7 7 7 7 7 7 7
7 7 7 7 7 7 7 7 7 7
7 7 7 7 7 7 7 7 7 7
7 7 7 7 7 7 7 7 7 7
7 7 7 7 7 7 7 7 7 7
6 3 6 2 6 6 7 7 3 5
3 4 3 5 4 7 7 6 7 4
5 4 4 5 6 6 7 7 2 6
2 3 6 6 5 4 6 6 4 5
2 5 5 2 2 5 2 7 7 6
7 6 3 4 2 5 4 7 5 6
7 7 3 2 3 2 6 5 2 5
5 7 4 6 5 5 3 5 5 6
2 3 6 6 5 4 2 3 3 5
2 6 3 2 3 6 6 6 5 3
6 5 5 7 3 4 2 6 6 4
3 5 3 6 4 4 3 3 3 7
3 5 2 3 5 15 13 11 13 11
10 14 11 15 13 11 11 15 15 10
11 10 14 14 11 15 11 13 11 11
13 13 11 14 11 14 11 15 11 10
12 11 10 11 13 12 12 15 15 12
13 13 14 12 15 15 11 10 12 15
14 12 11 14 15 10 11 15 14 10
14 15 13 12 10 11 13 13 12 10
14 12 11 12 10 13 13 15 10 14
14 11 15 14 14 10 10 14 10 15
15 15 10 14 10 10 15 15 12 15
10 13 15 12 12 10 10 15 10 14
10 12 15 15 15 11 10 14 11 12
22 19 19 20 21 21 20 18 22 19
18 22 18 21 21 20 18 23 22 22
20 23 22 22 22 19 21 22 22 23
23 23 19 23 21 20 18 22 23 22
18 20 19 19 21 18 23 19 19 22
22 19 20 21 19 22 19 19 20 21
20 21 19 19 19 22 20 20 23 20
19 18 20 21 21 20 18 19 19 22
20 19 20 19 21 18 20 19 20 18
18 20 22 23 23 20 21 23 18 19
23 21 20 21 22 22 21 18 19 18
19 22 19 19 18 20 20 21 23 21
21 23 18 20 21 26 28 26 29 28
28 29 29 28 30 26 28 31 31 28
29 30 28 30 26 27 29 26 26 31
29 29 28 27 30 26 26 30 30 26
31 29 28 27 28 29 30 26 27 27
30 26 26 29 27 28 28 27 31 28
29 30 28 26 26 28 26 27 29 29
30 30 27 27 27 31 28 26 29 26
30 27 26 30 31 31 30 26 29 26
28 26 29 26 31 27 26 31 30 29
28 26 27 26 30 29 31 28 30 27
29 27 30 26 28 26 27 31 27 27
31 28 29 27 30 27 31 27 29 27
35 35 39 39 34 37 36 39 36 35
35 38 38 36 35 38 37 36 36 35
38 35 36 36 37 34 37 36 37 36
39 39 35 36 37 37 38 37 38 36
36 37 37 38 34 39 37 39 34 35
36 35 39 35 38 38 35 35 37 37
39 38 38 38 34 36 36 36 38 39
35 39 39 38 37 37 35 38 37 38
39 38 35 35 37 34 36 38 35 38
35 35 37 38 36 36 38 36 34 39
34 35 38 39 34 34 38 36 37 35
34 34 38 38 35 39 35 39 35 37
37 37 37 36 37 45 46 46 43 44
47 44 42 44 47 42 45 47 45 45
42 42 42 47 46 43 43 43 42 45
44 47 44 46 45 44 45 44 44 42
44 44 45 44 44 43 42 45 42 47
42 47 46 45 47 44 46 45 44 43
46 44 44 42 42 45 45 42 43 42
47 47 47 47 43 46 43 43 47 46
45 46 47 44 43 47 45 46 45 43
43 47 45 42 45 44 46 42 47 45
45 47 45 42 47 47 46 46 42 47
47 42 45 42 45 47 46 42 45 42
45 42 46 43 46 46 46 44 44 46
52 50 51 51 52 53 50 53 50 52
53 53 55 51 55 53 55 51 53 54
54 52 54 51 52 51 53 54 55 54
54 52 55 53 52 51 55 53 53 53
54 52 51 55 53 51 53 54 53 55
54 51 52 54 53 52 50 54 53 52
54 53 50 55 53 52 51 52 53 55
50 52 51 54 50 51 52 54 51 54
53 51 50 55 51 53 53 53 54 52
55 50 52 50 54 53 54 54 54 51
52 52 53 55 52 55 50 54 52 50
50 54 50 51 53 54 51 51 54 54
53 55 51 55 54 62 63 63 62 59
59 58 58 60 60 61 59 63 62 59
60 59 60 62 61 61 62 63 59 59
58 59 60 61 62 62 60 60 63 60
59 63 60 58 58 62 61 59 61 58
60 60 58 62 59 61 62 61 59 62
59 62 63 60 62 59 60 62 61 59
62 58 63 61 58 61 60 63 58 61
61 62 58 58 62 63 62 58 63 62
58 59 63 60 63 59 61 59 59 63
62 58 63 58 59 63 60 58 63 63
58 62 61 63 61 59 60 60 59 59
59 59 59 62 63 62 58 61 60 58
