0 0 0 0 0 0 0 0 0 0
0 0 0 0 0 0 0 0 0 0
0 0 0 0 0 0 0 0 0 0
0 0 0 0 0 0 0 0 0 0
0 0 0 0 0 0 0 0 0 0
0 0 0 0 0 0 0 0 0 0
0 0 0 0 0 0 0 0 0 0
0 0 0 0 0 0 0 0 0 0
0 0 0 0 0 0 0 0 0 0
0 0 0 0 0 0 0 0 0 0
0 0 0 0 0 0 0 0 0 0
0 0 0 0 0 0 0 0 0 0
0 0 0 0 0 1 1 1 1 1
1 1 1 1 1 1 1 1 1 1
1 1 1 1 1 1 1 1 1 1
1 1 1 1 1 1 1 1 1 1
1 1 1 1 1 1 1 1 1 1
1 1 1 1 1 1 1 1 1 1
1 1 1 1 1 1 1 1 1 1
1 1 1 1 1 1 1 1 1 1
1 1 1 1 1 1 1 1 1 1
1 1 1 1 1 1 1 1 1 1
1 1 1 1 1 1 1 1 1 1
1 1 1 1 1 1 1 1 1 1
1 1 1 1 1 1 1 1 1 1
2 2 2 2 2 2 2 2 2 2
2 2 2 2 2 2 2 2 2 2
2 2 2 2 2 2 2 2 2 2
2 2 2 2 2 2 2 2 2 2
2 2 2 2 2 2 2 2 2 2
2 2 2 2 2 2 2 2 2 2
2 2 2 2 2 2 2 2 2 2
2 2 2 2 2 2 2 2 2 2
2 2 2 2 2 2 2 2 2 2
2 2 2 2 2 2 2 2 2 2
2 2 2 2 2 2 2 2 2 2
2 2 2 2 2 2 2 2 2 2
2 2 2 2 2 3 3 3 3 3
3 3 3 3 3 3 3 3 3 3
3 3 3 3 3 3 3 3 3 3
3 3 3 3 3 3 3 3 3 3
3 3 3 3 3 3 3 3 3 3
3 3 3 3 3 3 3 3 3 3
3 3 3 3 3 3 3 3 3 3
3 3 3 3 3 3 3 3 3 3
3 3 3 3 3 3 3 3 3 3
3 3 3 3 3 3 3 3 3 3
3 3 3 3 3 3 3 3 3 3
3 3 3 3 3 3 3 3 3 3
3 3 3 3 3 3 3 3 3 3
4 4 4 4 4 4 4 4 4 4
4 4 4 4 4 4 4 4 4 4
4 4 4 4 4 4 4 4 4 4
4 4 4 4 4 4 4 4 4 4
4 4 4 4 4 4 4 4 4 4
4 4 4 4 4 4 4 4 4 4
4 4 4 4 4 4 4 4 4 4
4 4 4 4 4 4 4 4 4 4
4 4 4 4 4 4 4 4 4 4
4 4 4 4 4 4 4 4 4 4
4 4 4 4 4 4 4 4 4 4
4 4 4 4 4 4 4 4 4 4
4 4 4 4 4 5 5 5 5 5
5 5 5 5 5 5 5 5 5 5
5 5 5 5 5 5 5 5 5 5
5 5 5 5 5 5 5 5 5 5
5 5 5 5 5 5 5 5 5 5
5 5 5 5 5 5 5 5 5 5
5 5 5 5 5 5 5 5 5 5
5 5 5 5 5 5 5 5 5 5
5 5 5 5 5 5 5 5 5 5
5 5 5 5 5 5 5 5 5 5
5 5 5 5 5 5 5 5 5 5
5 5 5 5 5 5 5 5 5 5
5 5 5 5 5 5 5 5 5 5
6 6 6 6 6 6 6 6 6 6
6 6 6 6 6 6 6 6 6 6
6 6 6 6 6 6 6 6 6 6
6 6 6 6 6 6 6 6 6 6
6 6 6 6 6 6 6 6 6 6
6 6 6 6 6 6 6 6 6 6
6 6 6 6 6 6 6 6 6 6
6 6 6 6 6 6 6 6 6 6
6 6 6 6 6 6 6 6 6 6
6 6 6 6 6 6 6 6 6 6
6 6 6 6 6 6 6 6 6 6
6 6 6 6 6 6 6 6 6 6
6 6 6 6 6 7 7 7 7 7
7 7 7 7 7 7 7 7 7 7
7 7 7 7 7 7 7 7 7 7
7 7 7 7 7 7 7 7 7 7
7 7 7 7 7 7 7 7 7 7
7 7 7 7 7 7 7 7 7 7
7 7 7 7 7 7 7 7 7 7
7 7 7 7 7 7 7 7 7 7
7 7 7 7 7 7 7 7 7 7
7 7 7 7 7 7 7 7 7 7
7 7 7 7 7 7 7 7 7 7
7 7 7 7 7 7 7 7 7 7
7 7 7 7 7 7 7 7 7 7
7 4 2 3 6 6 3 4 3 6
2 3 5 5 2 6 4 7 5 3
2 2 6 2 7 6 4 4 3 5
5 3 5 3 6 3 6 5 5 3
2 7 6 4 3 4 6 3 2 4
2 7 4 3 4 2 4 5 4 2
6 7 6 2 3 3 5 6 6 7
7 2 5 4 4 3 6 7 2 5
2 4 3 2 6 3 2 2 5 2
6 7 2 4 2 6 4 4 2 6
5 2 5 7 4 5 5 5 3 5
5 5 2 2 7 4 5 7 5 4
6 5 6 5 2 13 11 15 10 12
14 15 11 12 15 11 13 14 14 11
11 14 15 13 15 15 10 10 12 15
15 11 11 14 14 15 10 10 11 12
12 11 11 15 15 15 11 11 10 12
11 10 15 11 13 11 15 11 13 12
11 15 11 11 11 10 10 14 12 11
10 15 14 12 14 10 15 12 12 10
14 10 15 15 10 15 11 11 14 15
12 15 10 10 15 12 14 10 14 15
12 15 13 15 11 10 10 10 11 10
10 11 12 11 15 11 15 12 13 14
10 15 12 15 10 15 10 10 14 15
22 23 18 21 21 22 18 21 23 18
20 18 21 23 20 21 20 22 18 20
18 22 21 18 21 18 20 22 23 23
20 22 23 22 22 19 21 21 22 22
22 23 21 22 18 20 23 21 19 19
21 21 18 21 18 18 21 20 20 23
19 20 22 23 23 18 23 18 20 18
19 21 20 20 22 18 20 18 22 18
18 21 18 22 21 19 21 23 23 23
20 22 20 18 20 19 19 22 23 21
19 21 18 19 20 18 22 22 23 20
22 22 22 23 23 19 19 19 19 23
23 18 23 20 22 26 29 26 27 27
29 29 29 29 27 28 27 26 28 31
30 30 26 31 30 27 30 26 28 28
29 27 29 31 31 28 27 30 27 27
29 27 29 26 31 31 27 31 28 28
30 26 28 30 30 31 27 26 28 28
26 27 30 30 30 28 27 28 28 28
29 29 31 29 31 26 26 30 31 31
31 31 27 30 31 26 26 26 29 28
27 31 30 26 28 30 31 26 27 29
26 28 27 27 27 30 26 31 30 30
31 29 30 26 26 27 28 29 27 26
28 29 26 31 30 28 28 27 26 27
38 38 38 36 39 37 39 36 34 39
38 39 36 39 35 39 37 38 37 36
39 39 36 37 34 37 39 37 34 39
36 37 36 37 36 38 36 35 39 36
35 38 39 36 36 37 37 39 34 35
35 39 38 35 35 36 34 36 36 38
36 37 38 36 37 35 36 38 36 36
35 39 37 35 35 39 37 38 34 36
34 36 34 36 34 38 35 35 36 35
34 34 34 38 35 37 39 39 34 37
38 38 35 35 38 39 36 37 34 36
35 38 36 34 36 36 35 38 38 38
37 34 39 36 39 43 43 44 45 45
45 44 43 46 44 46 45 45 44 45
47 46 43 43 45 47 45 44 42 46
47 46 45 43 43 43 45 46 46 44
44 44 43 43 42 42 46 46 42 42
43 42 47 44 43 45 45 45 47 42
45 47 44 47 47 46 46 43 43 42
47 46 43 46 42 47 42 47 46 43
42 46 47 46 44 46 46 45 43 47
44 44 45 42 43 45 44 47 44 44
47 44 45 42 42 42 42 46 47 47
46 43 47 42 44 42 45 43 47 46
44 46 47 44 47 43 45 46 45 47
52 54 54 51 53 52 54 51 54 50
52 55 54 52 51 52 50 53 51 50
53 52 50 54 51 55 51 53 53 53
53 54 55 52 50 54 50 52 51 52
55 54 50 54 55 52 53 51 51 51
53 52 51 50 54 52 50 51 55 51
50 51 55 50 51 52 54 53 54 53
54 51 50 52 55 52 52 50 51 52
55 54 51 50 52 53 53 54 52 53
53 51 55 53 51 51 52 54 54 54
53 51 51 50 55 53 51 51 53 52
52 50 53 54 54 55 50 53 50 50
52 51 51 54 50 63 60 60 63 58
63 60 58 61 61 63 63 61 63 59
58 61 62 63 61 58 63 63 59 63
60 63 58 58 60 59 61 61 59 61
61 62 58 58 61 61 60 61 62 61
58 62 59 60 60 62 58 61 62 60
58 59 59 58 58 62 62 60 60 63
58 63 62 61 59 58 62 61 59 58
63 62 58 60 59 63 58 59 61 62
63 59 58 63 61 59 58 60 61 62
60 62 62 63 63 58 58 60 59 62
63 58 60 58 61 61 61 59 61 63
58 59 61 63 60 63 61 61 59 58
