0 0 0 0 0 0 0 0 0 0 0 0 0 0 0 0
0 0 0 0 0 0 0 0 0 0 0 0 0 0 0 0
1 1 1 1 1 1 1 1 1 1 1 1 1 1 1 1
1 1 1 1 1 1 1 1 1 1 1 1 1 1 1 1
2 2 2 2 2 2 2 2 2 2 2 2 2 2 2 2
2 2 2 2 2 2 2 2 2 2 2 2 2 2 2 2
3 3 3 3 3 3 3 3 3 3 3 3 3 3 3 3
3 3 3 3 3 3 3 3 3 3 3 3 3 3 3 3
4 4 4 4 4 4 4 4 4 4 4 4 4 4 4 4
4 4 4 4 4 4 4 4 4 4 4 4 4 4 4 4
5 5 5 5 5 5 5 5 5 5 5 5 5 5 5 5
5 5 5 5 5 5 5 5 5 5 5 5 5 5 5 5
6 6 6 6 6 6 6 6 6 6 6 6 6 6 6 6
6 6 6 6 6 6 6 6 6 6 6 6 6 6 6 6
7 7 7 7 7 7 7 7 7 7 7 7 7 7 7 7
7 7 7 7 7 7 7 7 7 7 7 7 7 7 7 7
6 7 6 3 7 6 6 6 3 7 3 4 3 5 3 2
7 6 3 5 4 3 4 3 2 2 3 5 6 3 6 4
14 10 13 14 15 11 12 10 13 15 10 14 11 14 15 14
15 10 11 12 12 14 15 10 15 11 13 11 15 13 15 13
20 19 20 21 22 21 21 19 22 22 20 18 23 20 22 18
18 20 20 23 22 18 19 20 22 23 23 23 18 22 18 22
26 28 31 30 26 28 28 30 28 31 27 26 27 27 31 29
26 30 29 26 29 30 27 31 31 27 31 31 26 27 28 29
37 34 38 35 37 37 37 39 38 38 38 37 36 37 34 35
38 39 38 36 35 35 38 34 37 37 38 39 35 35 35 34
46 42 44 47 47 46 45 44 44 45 42 46 42 45 45 43
46 43 47 46 42 46 45 44 46 45 45 44 43 46 46 44
50 51 52 55 55 52 50 50 55 50 52 53 53 52 53 50
53 50 54 54 54 53 52 50 55 53 53 55 55 51 54 52
60 62 58 60 58 60 62 59 62 63 61 63 61 58 62 61
60 62 60 58 63 59 63 62 58 62 62 59 61 61 62 60
