0 0 0 0 0 0 0 0 0 0
0 0 0 0 0 0 0 0 0 0
0 0 0 0 0 0 0 0 0 0
0 0 0 0 0 0 0 0 0 0
0 0 0 0 0 0 0 0 0 0
0 0 0 0 0 0 0 0 0 0
0 0 0 0 0 0 0 0 0 0
0 0 0 0 0 0 0 0 0 0
0 0 0 0 0 0 0 0 0 0
0 0 0 0 0 0 0 0 0 0
0 0 0 0 0 0 0 0 0 0
0 0 0 0 0 0 0 0 0 0
0 0 0 0 0 1 1 1 1 1
1 1 1 1 1 1 1 1 1 1
1 1 1 1 1 1 1 1 1 1
1 1 1 1 1 1 1 1 1 1
1 1 1 1 1 1 1 1 1 1
1 1 1 1 1 1 1 1 1 1
1 1 1 1 1 1 1 1 1 1
1 1 1 1 1 1 1 1 1 1
1 1 1 1 1 1 1 1 1 1
1 1 1 1 1 1 1 1 1 1
1 1 1 1 1 1 1 1 1 1
1 1 1 1 1 1 1 1 1 1
1 1 1 1 1 1 1 1 1 1
2 2 2 2 2 2 2 2 2 2
2 2 2 2 2 2 2 2 2 2
2 2 2 2 2 2 2 2 2 2
2 2 2 2 2 2 2 2 2 2
2 2 2 2 2 2 2 2 2 2
2 2 2 2 2 2 2 2 2 2
2 2 2 2 2 2 2 2 2 2
2 2 2 2 2 2 2 2 2 2
2 2 2 2 2 2 2 2 2 2
2 2 2 2 2 2 2 2 2 2
2 2 2 2 2 2 2 2 2 2
2 2 2 2 2 2 2 2 2 2
2 2 2 2 2 3 3 3 3 3
3 3 3 3 3 3 3 3 3 3
3 3 3 3 3 3 3 3 3 3
3 3 3 3 3 3 3 3 3 3
3 3 3 3 3 3 3 3 3 3
3 3 3 3 3 3 3 3 3 3
3 3 3 3 3 3 3 3 3 3
3 3 3 3 3 3 3 3 3 3
3 3 3 3 3 3 3 3 3 3
3 3 3 3 3 3 3 3 3 3
3 3 3 3 3 3 3 3 3 3
3 3 3 3 3 3 3 3 3 3
3 3 3 3 3 3 3 3 3 3
4 4 4 4 4 4 4 4 4 4
4 4 4 4 4 4 4 4 4 4
4 4 4 4 4 4 4 4 4 4
4 4 4 4 4 4 4 4 4 4
4 4 4 4 4 4 4 4 4 4
4 4 4 4 4 4 4 4 4 4
4 4 4 4 4 4 4 4 4 4
4 4 4 4 4 4 4 4 4 4
4 4 4 4 4 4 4 4 4 4
4 4 4 4 4 4 4 4 4 4
4 4 4 4 4 4 4 4 4 4
4 4 4 4 4 4 4 4 4 4
4 4 4 4 4 5 5 5 5 5
5 5 5 5 5 5 5 5 5 5
5 5 5 5 5 5 5 5 5 5
5 5 5 5 5 5 5 5 5 5
5 5 5 5 5 5 5 5 5 5
5 5 5 5 5 5 5 5 5 5
5 5 5 5 5 5 5 5 5 5
5 5 5 5 5 5 5 5 5 5
5 5 5 5 5 5 5 5 5 5
5 5 5 5 5 5 5 5 5 5
5 5 5 5 5 5 5 5 5 5
5 5 5 5 5 5 5 5 5 5
5 5 5 5 5 5 5 5 5 5
6 6 6 6 6 6 6 6 6 6
6 6 6 6 6 6 6 6 6 6
6 6 6 6 6 6 6 6 6 6
6 6 6 6 6 6 6 6 6 6
6 6 6 6 6 6 6 6 6 6
6 6 6 6 6 6 6 6 6 6
6 6 6 6 6 6 6 6 6 6
6 6 6 6 6 6 6 6 6 6
6 6 6 6 6 6 6 6 6 6
6 6 6 6 6 6 6 6 6 6
6 6 6 6 6 6 6 6 6 6
6 6 6 6 6 6 6 6 6 6
6 6 6 6 6 7 7 7 7 7
7 7 7 7 7 7 7 7 7 7
7 7 7 7 7 7 7 7 7 7
7 7 7 7 7 7 7 7 7 7
7 7 7 7 7 7 7 7 7 7
7 7 7 7 7 7 7 7 7 7
7 7 7 7 7 7 7 7 7 7
7 7 7 7 7 7 7 7 7 7
7 7 7 7 7 7 7 7 7 7
7 7 7 7 7 7 7 7 7 7
7 7 7 7 7 7 7 7 7 7
7 7 7 7 7 7 7 7 7 7
7 7 7 7 7 7 7 7 7 7
7 3 5 2 3 2 6 4 2 3
3 2 5 4 6 2 7 5 4 5
7 6 3 6 7 6 4 4 3 7
5 6 4 2 5 7 6 6 7 5
5 7 4 4 5 6 3 3 5 7
5 5 7 7 5 5 3 6 7 7
2 7 3 3 7 4 7 4 5 7
3 2 6 3 7 5 4 3 4 7
2 4 5 3 2 3 3 5 5 4
2 2 6 2 3 5 7 2 2 4
5 6 5 7 6 6 2 2 2 2
2 5 7 4 5 5 4 7 6 2
4 7 6 2 2 12 12 10 11 14
15 12 14 12 11 10 11 12 11 13
12 13 15 15 14 15 13 10 10 11
13 13 11 13 12 13 13 14 14 14
12 11 14 15 15 14 13 13 13 12
13 13 12 11 13 15 15 14 13 15
14 15 12 15 13 13 13 15 13 13
14 10 12 13 11 12 11 13 12 13
13 13 10 11 15 12 15 14 15 11
10 14 10 12 15 15 11 11 11 12
13 13 10 13 15 14 10 10 12 14
15 13 12 15 11 15 12 15 12 12
15 11 15 13 12 12 13 10 13 10
21 23 18 22 19 18 19 21 20 18
21 23 23 18 20 23 22 23 18 18
20 23 23 20 18 20 21 19 22 21
19 23 23 20 19 18 18 18 22 20
18 20 23 22 20 20 23 20 21 23
21 22 19 23 21 18 18 19 20 19
20 23 23 19 20 21 22 21 23 21
21 20 20 23 18 21 18 18 18 19
19 20 21 20 20 23 19 22 22 22
21 18 21 19 20 19 21 18 21 22
18 19 23 18 18 18 23 22 23 23
18 19 20 18 23 18 19 19 18 19
21 19 23 23 21 29 31 30 27 31
30 31 27 28 29 30 29 26 30 30
31 31 26 26 28 28 27 28 29 29
30 30 29 26 28 29 30 28 27 29
29 29 29 30 26 26 30 26 26 27
30 30 27 27 26 29 28 29 31 27
28 29 30 27 28 28 27 28 27 29
26 28 28 30 28 27 26 28 26 31
27 26 30 30 26 31 26 26 27 30
26 30 29 30 28 30 31 31 26 28
31 28 29 27 28 27 30 30 29 30
28 29 28 27 31 26 30 29 30 27
29 27 26 26 26 28 28 26 29 27
37 36 38 37 38 34 38 37 35 39
38 36 38 38 35 34 34 34 36 34
39 36 38 38 34 34 36 37 38 39
34 39 38 38 34 37 36 36 35 36
39 37 36 34 39 36 37 37 34 39
38 39 35 39 36 38 35 38 34 36
38 37 36 39 37 35 34 37 36 38
34 39 39 39 35 38 35 39 37 37
34 37 35 39 39 35 38 34 39 34
36 37 36 35 37 35 37 34 38 36
34 37 35 36 39 36 35 36 35 37
35 34 35 34 38 39 35 37 34 34
36 35 35 38 36 45 44 44 45 44
46 44 42 46 43 43 44 44 44 42
47 45 46 43 44 45 47 45 44 47
46 46 43 46 45 47 44 43 46 43
47 45 47 44 44 44 46 42 45 47
45 42 47 45 43 43 46 44 44 45
44 44 42 42 44 44 42 47 44 45
42 47 45 43 47 43 42 43 47 46
47 47 44 44 46 44 45 47 45 42
46 42 42 47 47 45 47 47 42 45
43 45 44 47 47 43 42 47 44 44
42 47 43 45 42 44 47 46 47 43
44 43 47 42 46 43 43 45 47 47
55 55 53 55 55 50 50 51 52 55
50 55 50 55 55 55 55 50 54 53
53 50 52 51 53 53 54 50 51 55
51 55 51 55 52 52 52 51 53 53
52 52 51 52 51 54 50 50 51 53
54 51 55 52 50 52 52 55 55 52
51 53 55 54 51 53 53 51 51 51
54 52 50 51 52 55 54 53 55 52
54 55 51 52 54 55 54 50 54 52
54 55 50 54 53 53 55 50 54 51
55 53 51 55 51 50 54 51 55 50
54 51 53 52 51 55 52 53 54 54
54 51 52 55 53 60 60 62 59 63
59 63 61 58 61 58 63 62 62 60
62 58 60 58 60 61 58 61 60 62
62 61 60 58 59 63 62 62 63 58
62 60 63 63 60 61 59 62 62 58
62 60 60 58 63 63 61 59 59 60
59 61 60 58 60 61 61 63 59 58
60 62 61 61 59 60 60 58 61 63
62 61 60 61 60 59 63 63 63 58
59 59 63 61 61 59 63 62 62 60
62 58 63 63 61 60 60 58 62 60
61 62 58 58 59 60 63 60 58 63
58 63 59 59 63 60 59 62 62 62
