0 0 0 0 0 0 0 0 0 0 0 0 0 0 0 0
0 0 0 0 0 0 0 0 0 0 0 0 0 0 0 0
1 1 1 1 1 1 1 1 1 1 1 1 1 1 1 1
1 1 1 1 1 1 1 1 1 1 1 1 1 1 1 1
2 2 2 2 2 2 2 2 2 2 2 2 2 2 2 2
2 2 2 2 2 2 2 2 2 2 2 2 2 2 2 2
3 3 3 3 3 3 3 3 3 3 3 3 3 3 3 3
3 3 3 3 3 3 3 3 3 3 3 3 3 3 3 3
4 4 4 4 4 4 4 4 4 4 4 4 4 4 4 4
4 4 4 4 4 4 4 4 4 4 4 4 4 4 4 4
5 5 5 5 5 5 5 5 5 5 5 5 5 5 5 5
5 5 5 5 5 5 5 5 5 5 5 5 5 5 5 5
6 6 6 6 6 6 6 6 6 6 6 6 6 6 6 6
6 6 6 6 6 6 6 6 6 6 6 6 6 6 6 6
7 7 7 7 7 7 7 7 7 7 7 7 7 7 7 7
7 7 7 7 7 7 7 7 7 7 7 7 7 7 7 7
2 3 6 7 5 3 7 5 6 6 7 3 6 6 3 5
5 3 2 7 7 4 6 3 4 6 3 3 6 4 2 6
11 11 13 11 12 14 14 11 12 11 14 14 13 11 10 12
11 15 15 11 10 11 12 13 13 11 11 14 14 13 12 12
22 19 20 19 18 23 20 21 19 21 19 21 22 22 18 20
22 22 19 18 23 21 19 20 18 22 19 22 22 19 19 23
31 26 28 28 27 29 28 27 30 28 30 29 27 28 28 29
26 29 26 26 27 28 26 29 29 28 31 28 30 26 31 28
38 36 34 37 37 39 39 34 38 36 38 37 35 34 39 34
36 35 38 34 38 34 34 37 36 38 36 34 34 37 35 37
45 43 46 47 47 46 46 43 42 42 44 43 46 43 46 46
47 42 45 42 42 45 42 46 46 45 45 45 47 45 42 42
50 50 52 55 53 52 54 52 54 52 50 54 51 53 52 55
54 55 54 54 54 52 54 53 51 51 52 53 50 54 53 52
61 60 61 61 58 60 62 58 59 62 60 58 63 60 60 60
62 62 63 61 63 61 60 58 61 63 62 59 61 62 59 59
