0 0 0 0 0 0 0 0 0 0
0 0 0 0 0 0 0 0 0 0
0 0 0 0 0 0 0 0 0 0
0 0 0 0 0 0 0 0 0 0
0 0 0 0 0 0 0 0 0 0
0 0 0 0 0 0 0 0 0 0
0 0 0 0 0 0 0 0 0 0
0 0 0 0 0 0 0 0 0 0
0 0 0 0 0 0 0 0 0 0
0 0 0 0 0 0 0 0 0 0
0 0 0 0 0 0 0 0 0 0
0 0 0 0 0 0 0 0 0 0
0 0 0 0 0 1 1 1 1 1
1 1 1 1 1 1 1 1 1 1
1 1 1 1 1 1 1 1 1 1
1 1 1 1 1 1 1 1 1 1
1 1 1 1 1 1 1 1 1 1
1 1 1 1 1 1 1 1 1 1
1 1 1 1 1 1 1 1 1 1
1 1 1 1 1 1 1 1 1 1
1 1 1 1 1 1 1 1 1 1
1 1 1 1 1 1 1 1 1 1
1 1 1 1 1 1 1 1 1 1
1 1 1 1 1 1 1 1 1 1
1 1 1 1 1 1 1 1 1 1
2 2 2 2 2 2 2 2 2 2
2 2 2 2 2 2 2 2 2 2
2 2 2 2 2 2 2 2 2 2
2 2 2 2 2 2 2 2 2 2
2 2 2 2 2 2 2 2 2 2
2 2 2 2 2 2 2 2 2 2
2 2 2 2 2 2 2 2 2 2
2 2 2 2 2 2 2 2 2 2
2 2 2 2 2 2 2 2 2 2
2 2 2 2 2 2 2 2 2 2
2 2 2 2 2 2 2 2 2 2
2 2 2 2 2 2 2 2 2 2
2 2 2 2 2 3 3 3 3 3
3 3 3 3 3 3 3 3 3 3
3 3 3 3 3 3 3 3 3 3
3 3 3 3 3 3 3 3 3 3
3 3 3 3 3 3 3 3 3 3
3 3 3 3 3 3 3 3 3 3
3 3 3 3 3 3 3 3 3 3
3 3 3 3 3 3 3 3 3 3
3 3 3 3 3 3 3 3 3 3
3 3 3 3 3 3 3 3 3 3
3 3 3 3 3 3 3 3 3 3
3 3 3 3 3 3 3 3 3 3
3 3 3 3 3 3 3 3 3 3
4 4 4 4 4 4 4 4 4 4
4 4 4 4 4 4 4 4 4 4
4 4 4 4 4 4 4 4 4 4
4 4 4 4 4 4 4 4 4 4
4 4 4 4 4 4 4 4 4 4
4 4 4 4 4 4 4 4 4 4
4 4 4 4 4 4 4 4 4 4
4 4 4 4 4 4 4 4 4 4
4 4 4 4 4 4 4 4 4 4
4 4 4 4 4 4 4 4 4 4
4 4 4 4 4 4 4 4 4 4
4 4 4 4 4 4 4 4 4 4
4 4 4 4 4 5 5 5 5 5
5 5 5 5 5 5 5 5 5 5
5 5 5 5 5 5 5 5 5 5
5 5 5 5 5 5 5 5 5 5
5 5 5 5 5 5 5 5 5 5
5 5 5 5 5 5 5 5 5 5
5 5 5 5 5 5 5 5 5 5
5 5 5 5 5 5 5 5 5 5
5 5 5 5 5 5 5 5 5 5
5 5 5 5 5 5 5 5 5 5
5 5 5 5 5 5 5 5 5 5
5 5 5 5 5 5 5 5 5 5
5 5 5 5 5 5 5 5 5 5
6 6 6 6 6 6 6 6 6 6
6 6 6 6 6 6 6 6 6 6
6 6 6 6 6 6 6 6 6 6
6 6 6 6 6 6 6 6 6 6
6 6 6 6 6 6 6 6 6 6
6 6 6 6 6 6 6 6 6 6
6 6 6 6 6 6 6 6 6 6
6 6 6 6 6 6 6 6 6 6
6 6 6 6 6 6 6 6 6 6
6 6 6 6 6 6 6 6 6 6
6 6 6 6 6 6 6 6 6 6
6 6 6 6 6 6 6 6 6 6
6 6 6 6 6 7 7 7 7 7
7 7 7 7 7 7 7 7 7 7
7 7 7 7 7 7 7 7 7 7
7 7 7 7 7 7 7 7 7 7
7 7 7 7 7 7 7 7 7 7
7 7 7 7 7 7 7 7 7 7
7 7 7 7 7 7 7 7 7 7
7 7 7 7 7 7 7 7 7 7
7 7 7 7 7 7 7 7 7 7
7 7 7 7 7 7 7 7 7 7
7 7 7 7 7 7 7 7 7 7
7 7 7 7 7 7 7 7 7 7
7 7 7 7 7 7 7 7 7 7
2 7 7 7 6 6 7 6 7 3
4 4 5 6 5 3 5 3 2 6
3 3 7 5 2 4 2 2 4 7
4 3 6 2 4 5 5 6 5 5
7 2 6 2 6 2 6 5 4 6
7 2 7 2 4 4 4 5 5 7
4 5 4 2 7 3 5 2 7 7
4 2 7 6 3 7 7 3 4 2
3 7 2 3 2 6 5 3 6 6
2 2 4 4 3 4 5 4 3 3
7 4 6 7 6 3 3 3 7 7
2 7 4 4 5 6 4 3 2 2
5 2 6 3 3 13 11 10 12 14
15 11 10 12 10 11 11 13 10 14
15 13 15 14 15 13 10 10 12 13
14 11 12 10 10 11 15 11 15 13
14 12 12 14 12 12 13 14 11 10
14 14 13 10 15 11 14 15 11 14
11 12 14 12 11 14 14 15 13 10
14 10 15 12 15 10 12 13 12 13
11 12 15 14 15 12 11 11 10 12
14 13 14 12 10 15 15 10 10 15
12 12 13 15 12 12 13 10 11 14
15 13 14 10 15 13 10 14 14 10
11 14 14 13 10 13 10 15 11 15
21 20 21 21 21 22 18 22 20 22
20 19 22 22 22 22 22 20 21 20
20 23 18 23 22 18 23 20 20 23
18 18 23 20 23 21 23 21 22 18
20 22 22 22 20 23 22 19 19 22
20 20 22 23 21 18 22 23 21 19
19 21 21 20 18 22 23 20 22 21
20 23 21 18 21 20 21 20 18 21
22 21 21 21 21 20 22 18 21 18
20 23 23 23 21 20 23 22 23 18
19 18 18 22 23 20 19 23 19 23
18 22 19 22 19 22 18 23 20 20
22 23 22 23 21 30 29 29 28 27
28 28 26 27 28 27 26 30 30 31
31 26 30 31 29 30 26 28 29 31
28 28 31 26 30 27 30 27 31 31
31 28 31 26 30 28 30 28 29 31
28 26 29 27 31 31 27 27 30 27
28 30 28 31 30 29 27 27 26 31
30 30 31 30 29 28 31 27 30 27
29 30 27 27 29 30 31 27 26 30
28 28 30 27 27 27 30 29 28 31
26 29 30 30 30 28 27 31 26 30
28 28 26 26 27 29 27 31 29 26
28 31 31 31 30 30 26 30 31 28
35 35 37 35 37 39 38 35 39 38
38 37 35 36 38 36 35 37 39 36
37 36 34 38 35 39 38 37 38 36
39 34 38 36 36 36 38 35 39 36
36 35 39 35 35 36 34 38 38 35
38 39 36 35 37 36 34 38 38 37
39 36 34 38 35 37 36 35 35 34
37 39 38 39 37 34 37 36 35 38
35 34 36 39 35 39 38 38 34 35
36 37 36 36 39 35 34 35 36 38
38 39 36 37 39 39 35 37 39 38
35 37 39 36 37 36 37 35 37 38
35 39 36 38 37 46 43 43 46 42
43 42 47 42 45 45 44 44 46 46
44 46 45 45 47 46 42 43 42 47
46 46 44 42 43 42 42 47 44 43
47 46 43 42 44 44 47 47 43 45
46 46 44 45 45 42 44 45 46 44
44 46 45 47 42 45 44 47 47 46
42 43 44 47 42 42 46 46 43 43
43 42 47 45 43 44 43 46 47 45
43 46 46 44 42 47 43 46 45 42
42 44 43 47 44 45 45 43 43 45
47 46 44 46 45 43 47 42 43 47
47 45 47 43 44 46 42 43 47 45
54 54 50 50 51 52 51 50 50 50
53 55 55 52 54 54 54 53 53 52
51 50 53 50 50 54 55 53 50 50
54 55 51 52 55 53 54 52 53 51
51 51 55 53 50 50 55 52 52 53
50 53 54 55 50 54 53 52 50 50
51 55 53 51 52 50 52 53 52 53
52 51 55 50 52 52 55 51 53 52
53 52 50 53 50 54 54 53 52 51
54 53 53 52 54 51 54 53 51 52
50 55 54 50 51 55 52 50 53 51
54 50 54 55 55 50 55 55 52 53
55 54 50 52 50 62 63 60 61 58
63 60 59 58 59 60 62 62 61 59
58 59 61 62 59 61 58 63 61 61
59 63 63 58 60 62 59 63 59 62
62 62 59 61 59 61 61 63 58 62
62 60 60 62 58 63 61 61 61 58
62 62 59 58 58 63 58 63 61 59
59 59 60 59 59 59 62 61 60 62
61 63 60 60 60 60 61 63 61 61
58 61 62 62 61 62 60 63 61 61
63 59 58 60 58 63 60 63 63 60
60 58 58 62 58 61 61 62 63 60
59 63 62 59 62 62 61 61 63 61
