0 0 0 0 0 0 0 0 0 0 0 0 0 0 0 0
0 0 0 0 0 0 0 0 0 0 0 0 0 0 0 0
1 1 1 1 1 1 1 1 1 1 1 1 1 1 1 1
1 1 1 1 1 1 1 1 1 1 1 1 1 1 1 1
2 2 2 2 2 2 2 2 2 2 2 2 2 2 2 2
2 2 2 2 2 2 2 2 2 2 2 2 2 2 2 2
3 3 3 3 3 3 3 3 3 3 3 3 3 3 3 3
3 3 3 3 3 3 3 3 3 3 3 3 3 3 3 3
4 4 4 4 4 4 4 4 4 4 4 4 4 4 4 4
4 4 4 4 4 4 4 4 4 4 4 4 4 4 4 4
5 5 5 5 5 5 5 5 5 5 5 5 5 5 5 5
5 5 5 5 5 5 5 5 5 5 5 5 5 5 5 5
6 6 6 6 6 6 6 6 6 6 6 6 6 6 6 6
6 6 6 6 6 6 6 6 6 6 6 6 6 6 6 6
7 7 7 7 7 7 7 7 7 7 7 7 7 7 7 7
7 7 7 7 7 7 7 7 7 7 7 7 7 7 7 7
3 3 3 2 2 2 7 3 2 2 6 4 3 4 6 7
2 7 3 4 6 3 3 4 6 4 7 5 2 2 2 5
10 10 15 12 11 13 14 10 10 15 13 13 13 11 15 15
12 15 11 15 15 11 12 14 13 11 12 15 14 14 11 11
21 21 22 22 21 21 22 20 21 21 22 18 22 21 18 19
19 18 23 20 22 20 18 22 19 18 19 20 19 18 22 22
27 27 27 30 31 26 26 29 28 29 28 30 26 27 29 29
26 26 31 30 27 26 27 26 26 26 28 27 30 30 27 26
35 36 38 37 38 35 38 34 39 37 37 36 37 38 34 39
34 39 34 36 34 34 35 38 38 34 37 38 37 38 34 34
42 45 47 47 43 42 43 44 42 47 47 45 46 43 47 42
42 45 43 46 42 47 46 47 46 44 47 46 43 43 45 42
51 53 55 50 53 50 55 51 52 50 55 50 53 50 52 50
51 50 54 54 51 54 54 52 51 54 51 50 50 54 51 50
59 63 61 61 59 60 59 58 62 60 60 59 61 58 58 59
58 60 59 62 60 60 60 59 60 60 60 60 62 58 62 59
