0 0 0 0 0 0 0 0 0 0
0 0 0 0 0 0 0 0 0 0
0 0 0 0 0 0 0 0 0 0
0 0 0 0 0 0 0 0 0 0
0 0 0 0 0 0 0 0 0 0
0 0 0 0 0 0 0 0 0 0
0 0 0 0 0 0 0 0 0 0
0 0 0 0 0 0 0 0 0 0
0 0 0 0 0 0 0 0 0 0
0 0 0 0 0 0 0 0 0 0
0 0 0 0 0 0 0 0 0 0
0 0 0 0 0 0 0 0 0 0
0 0 0 0 0 1 1 1 1 1
1 1 1 1 1 1 1 1 1 1
1 1 1 1 1 1 1 1 1 1
1 1 1 1 1 1 1 1 1 1
1 1 1 1 1 1 1 1 1 1
1 1 1 1 1 1 1 1 1 1
1 1 1 1 1 1 1 1 1 1
1 1 1 1 1 1 1 1 1 1
1 1 1 1 1 1 1 1 1 1
1 1 1 1 1 1 1 1 1 1
1 1 1 1 1 1 1 1 1 1
1 1 1 1 1 1 1 1 1 1
1 1 1 1 1 1 1 1 1 1
2 2 2 2 2 2 2 2 2 2
2 2 2 2 2 2 2 2 2 2
2 2 2 2 2 2 2 2 2 2
2 2 2 2 2 2 2 2 2 2
2 2 2 2 2 2 2 2 2 2
2 2 2 2 2 2 2 2 2 2
2 2 2 2 2 2 2 2 2 2
2 2 2 2 2 2 2 2 2 2
2 2 2 2 2 2 2 2 2 2
2 2 2 2 2 2 2 2 2 2
2 2 2 2 2 2 2 2 2 2
2 2 2 2 2 2 2 2 2 2
2 2 2 2 2 3 3 3 3 3
3 3 3 3 3 3 3 3 3 3
3 3 3 3 3 3 3 3 3 3
3 3 3 3 3 3 3 3 3 3
3 3 3 3 3 3 3 3 3 3
3 3 3 3 3 3 3 3 3 3
3 3 3 3 3 3 3 3 3 3
3 3 3 3 3 3 3 3 3 3
3 3 3 3 3 3 3 3 3 3
3 3 3 3 3 3 3 3 3 3
3 3 3 3 3 3 3 3 3 3
3 3 3 3 3 3 3 3 3 3
3 3 3 3 3 3 3 3 3 3
4 4 4 4 4 4 4 4 4 4
4 4 4 4 4 4 4 4 4 4
4 4 4 4 4 4 4 4 4 4
4 4 4 4 4 4 4 4 4 4
4 4 4 4 4 4 4 4 4 4
4 4 4 4 4 4 4 4 4 4
4 4 4 4 4 4 4 4 4 4
4 4 4 4 4 4 4 4 4 4
4 4 4 4 4 4 4 4 4 4
4 4 4 4 4 4 4 4 4 4
4 4 4 4 4 4 4 4 4 4
4 4 4 4 4 4 4 4 4 4
4 4 4 4 4 5 5 5 5 5
5 5 5 5 5 5 5 5 5 5
5 5 5 5 5 5 5 5 5 5
5 5 5 5 5 5 5 5 5 5
5 5 5 5 5 5 5 5 5 5
5 5 5 5 5 5 5 5 5 5
5 5 5 5 5 5 5 5 5 5
5 5 5 5 5 5 5 5 5 5
5 5 5 5 5 5 5 5 5 5
5 5 5 5 5 5 5 5 5 5
5 5 5 5 5 5 5 5 5 5
5 5 5 5 5 5 5 5 5 5
5 5 5 5 5 5 5 5 5 5
6 6 6 6 6 6 6 6 6 6
6 6 6 6 6 6 6 6 6 6
6 6 6 6 6 6 6 6 6 6
6 6 6 6 6 6 6 6 6 6
6 6 6 6 6 6 6 6 6 6
6 6 6 6 6 6 6 6 6 6
6 6 6 6 6 6 6 6 6 6
6 6 6 6 6 6 6 6 6 6
6 6 6 6 6 6 6 6 6 6
6 6 6 6 6 6 6 6 6 6
6 6 6 6 6 6 6 6 6 6
6 6 6 6 6 6 6 6 6 6
6 6 6 6 6 7 7 7 7 7
7 7 7 7 7 7 7 7 7 7
7 7 7 7 7 7 7 7 7 7
7 7 7 7 7 7 7 7 7 7
7 7 7 7 7 7 7 7 7 7
7 7 7 7 7 7 7 7 7 7
7 7 7 7 7 7 7 7 7 7
7 7 7 7 7 7 7 7 7 7
7 7 7 7 7 7 7 7 7 7
7 7 7 7 7 7 7 7 7 7
7 7 7 7 7 7 7 7 7 7
7 7 7 7 7 7 7 7 7 7
7 7 7 7 7 7 7 7 7 7
2 6 2 3 5 4 5 3 7 2
2 7 4 6 7 5 4 2 6 6
3 5 3 3 5 3 2 4 2 5
5 4 7 4 5 6 4 3 3 2
4 6 6 3 3 4 3 4 4 5
4 4 7 3 5 2 4 3 5 3
6 3 3 7 7 3 3 4 7 7
3 2 7 3 2 2 2 2 7 3
7 5 6 5 2 6 6 5 6 2
3 6 4 7 3 6 2 5 6 4
6 3 2 3 2 6 3 6 6 5
6 4 6 7 4 3 5 2 3 3
3 7 7 4 6 10 13 15 14 15
12 12 12 13 13 10 10 13 14 14
13 10 15 10 11 14 14 10 12 12
15 14 10 10 15 10 10 15 10 10
15 13 14 14 12 10 14 13 12 15
15 13 11 12 10 15 10 10 14 12
11 14 10 12 14 13 14 10 14 10
13 12 11 12 11 13 14 15 11 15
12 14 10 11 11 14 13 10 10 14
15 12 15 13 13 12 12 10 13 11
15 11 15 12 11 10 15 15 10 13
10 12 14 11 13 15 13 15 13 10
15 14 13 12 10 15 11 13 11 11
23 21 23 20 21 18 21 20 21 21
19 20 21 18 20 19 21 18 22 20
23 21 21 22 23 18 21 19 23 23
22 19 18 22 20 21 22 18 22 22
21 18 19 20 19 19 18 21 21 18
20 21 20 20 20 18 23 22 23 21
18 23 20 21 19 18 20 22 21 19
23 18 18 23 20 21 23 23 20 18
21 19 18 19 21 18 21 21 18 23
21 21 20 18 18 22 19 18 20 21
21 22 20 21 19 20 23 20 19 20
22 20 23 21 21 21 19 20 20 18
22 18 21 20 23 29 27 28 29 29
30 27 31 27 30 28 28 29 31 30
26 29 31 31 30 27 29 27 26 30
28 31 28 29 30 30 30 29 26 31
29 28 29 29 28 26 28 28 30 28
26 28 30 27 26 26 28 29 30 26
28 27 29 31 29 26 28 30 30 30
27 27 29 26 28 27 29 30 28 27
28 30 26 28 27 28 30 28 28 26
30 29 26 30 26 29 27 30 29 27
30 26 30 26 31 26 31 30 26 26
26 26 31 29 31 29 27 26 28 27
26 26 30 26 27 30 28 26 28 30
34 37 39 37 39 39 39 39 37 38
39 39 36 38 38 36 38 39 39 34
36 39 34 35 38 38 39 38 35 37
35 37 34 36 37 37 38 38 39 39
38 36 36 37 39 35 35 39 36 39
38 39 38 38 35 36 38 34 37 35
35 37 37 38 34 36 37 35 37 39
34 36 34 38 38 37 38 38 38 36
37 36 36 37 34 34 39 38 35 34
38 35 37 36 38 35 37 35 34 37
37 39 39 37 35 35 37 37 39 39
38 37 38 37 38 36 38 38 35 38
39 37 37 35 36 47 45 42 45 42
46 46 47 46 42 42 43 47 42 44
44 47 42 46 45 45 47 44 45 44
42 43 44 45 47 47 47 45 46 43
45 43 45 47 45 42 47 46 44 44
44 47 47 44 45 43 43 42 45 47
43 44 43 45 46 45 44 46 46 47
42 44 45 44 43 42 42 45 43 45
44 47 45 47 45 43 47 43 45 42
46 43 46 44 43 42 44 42 45 42
47 44 45 47 44 42 43 44 43 47
46 43 42 43 47 46 47 47 42 42
47 43 43 47 42 43 47 46 45 47
52 54 54 50 55 52 55 52 55 51
50 55 54 50 53 55 51 54 51 54
51 52 51 53 55 53 53 52 50 55
53 51 53 52 54 52 52 52 53 51
55 55 55 52 55 53 55 52 54 54
55 52 55 50 55 55 53 53 52 55
51 54 53 50 50 53 51 52 55 54
52 53 54 54 55 51 51 55 52 53
51 50 51 50 53 50 51 53 54 53
54 52 54 50 50 52 53 55 53 53
51 54 51 50 53 51 54 51 53 54
52 52 50 55 50 53 52 55 53 55
52 51 54 53 50 63 60 59 61 63
61 58 59 61 58 61 59 60 62 58
58 60 58 60 61 61 60 60 61 62
60 58 61 59 60 58 60 60 59 61
60 63 58 61 60 59 63 63 62 62
63 61 63 61 60 58 63 60 58 61
63 63 63 60 62 59 63 60 63 63
58 58 62 62 61 63 63 60 61 61
58 61 62 58 61 62 58 59 60 61
61 63 62 59 58 60 58 59 62 63
59 63 59 58 58 60 58 62 61 61
62 59 58 61 63 61 62 60 60 61
61 61 61 63 63 63 58 59 61 61
