0 0 0 0 0 0 0 0 0 0
0 0 0 0 0 0 0 0 0 0
0 0 0 0 0 0 0 0 0 0
0 0 0 0 0 0 0 0 0 0
0 0 0 0 0 0 0 0 0 0
0 0 0 0 0 0 0 0 0 0
0 0 0 0 0 0 0 0 0 0
0 0 0 0 0 0 0 0 0 0
0 0 0 0 0 0 0 0 0 0
0 0 0 0 0 0 0 0 0 0
0 0 0 0 0 0 0 0 0 0
0 0 0 0 0 0 0 0 0 0
0 0 0 0 0 1 1 1 1 1
1 1 1 1 1 1 1 1 1 1
1 1 1 1 1 1 1 1 1 1
1 1 1 1 1 1 1 1 1 1
1 1 1 1 1 1 1 1 1 1
1 1 1 1 1 1 1 1 1 1
1 1 1 1 1 1 1 1 1 1
1 1 1 1 1 1 1 1 1 1
1 1 1 1 1 1 1 1 1 1
1 1 1 1 1 1 1 1 1 1
1 1 1 1 1 1 1 1 1 1
1 1 1 1 1 1 1 1 1 1
1 1 1 1 1 1 1 1 1 1
2 2 2 2 2 2 2 2 2 2
2 2 2 2 2 2 2 2 2 2
2 2 2 2 2 2 2 2 2 2
2 2 2 2 2 2 2 2 2 2
2 2 2 2 2 2 2 2 2 2
2 2 2 2 2 2 2 2 2 2
2 2 2 2 2 2 2 2 2 2
2 2 2 2 2 2 2 2 2 2
2 2 2 2 2 2 2 2 2 2
2 2 2 2 2 2 2 2 2 2
2 2 2 2 2 2 2 2 2 2
2 2 2 2 2 2 2 2 2 2
2 2 2 2 2 3 3 3 3 3
3 3 3 3 3 3 3 3 3 3
3 3 3 3 3 3 3 3 3 3
3 3 3 3 3 3 3 3 3 3
3 3 3 3 3 3 3 3 3 3
3 3 3 3 3 3 3 3 3 3
3 3 3 3 3 3 3 3 3 3
3 3 3 3 3 3 3 3 3 3
3 3 3 3 3 3 3 3 3 3
3 3 3 3 3 3 3 3 3 3
3 3 3 3 3 3 3 3 3 3
3 3 3 3 3 3 3 3 3 3
3 3 3 3 3 3 3 3 3 3
4 4 4 4 4 4 4 4 4 4
4 4 4 4 4 4 4 4 4 4
4 4 4 4 4 4 4 4 4 4
4 4 4 4 4 4 4 4 4 4
4 4 4 4 4 4 4 4 4 4
4 4 4 4 4 4 4 4 4 4
4 4 4 4 4 4 4 4 4 4
4 4 4 4 4 4 4 4 4 4
4 4 4 4 4 4 4 4 4 4
4 4 4 4 4 4 4 4 4 4
4 4 4 4 4 4 4 4 4 4
4 4 4 4 4 4 4 4 4 4
4 4 4 4 4 5 5 5 5 5
5 5 5 5 5 5 5 5 5 5
5 5 5 5 5 5 5 5 5 5
5 5 5 5 5 5 5 5 5 5
5 5 5 5 5 5 5 5 5 5
5 5 5 5 5 5 5 5 5 5
5 5 5 5 5 5 5 5 5 5
5 5 5 5 5 5 5 5 5 5
5 5 5 5 5 5 5 5 5 5
5 5 5 5 5 5 5 5 5 5
5 5 5 5 5 5 5 5 5 5
5 5 5 5 5 5 5 5 5 5
5 5 5 5 5 5 5 5 5 5
6 6 6 6 6 6 6 6 6 6
6 6 6 6 6 6 6 6 6 6
6 6 6 6 6 6 6 6 6 6
6 6 6 6 6 6 6 6 6 6
6 6 6 6 6 6 6 6 6 6
6 6 6 6 6 6 6 6 6 6
6 6 6 6 6 6 6 6 6 6
6 6 6 6 6 6 6 6 6 6
6 6 6 6 6 6 6 6 6 6
6 6 6 6 6 6 6 6 6 6
6 6 6 6 6 6 6 6 6 6
6 6 6 6 6 6 6 6 6 6
6 6 6 6 6 7 7 7 7 7
7 7 7 7 7 7 7 7 7 7
7 7 7 7 7 7 7 7 7 7
7 7 7 7 7 7 7 7 7 7
7 7 7 7 7 7 7 7 7 7
7 7 7 7 7 7 7 7 7 7
7 7 7 7 7 7 7 7 7 7
7 7 7 7 7 7 7 7 7 7
7 7 7 7 7 7 7 7 7 7
7 7 7 7 7 7 7 7 7 7
7 7 7 7 7 7 7 7 7 7
7 7 7 7 7 7 7 7 7 7
7 7 7 7 7 7 7 7 7 7
5 6 2 5 2 2 7 2 3 7
4 3 6 6 4 3 4 2 2 7
7 2 7 2 3 3 6 5 3 3
3 6 7 7 6 4 7 2 4 4
2 4 6 4 6 3 2 3 6 7
3 6 6 3 7 7 5 5 5 5
5 4 4 2 2 5 5 7 3 2
6 7 6 4 3 2 6 5 5 3
4 5 6 6 5 6 5 2 7 5
5 6 7 3 6 5 3 7 7 5
6 4 5 6 5 2 7 5 4 4
5 3 6 7 5 4 2 6 5 6
2 2 2 2 6 14 11 12 10 14
14 11 13 15 12 15 11 14 15 14
12 15 11 13 14 14 14 10 11 14
12 12 13 15 12 12 10 13 12 11
12 13 15 15 11 11 10 10 14 11
14 11 13 11 10 11 10 10 12 12
10 11 11 12 12 15 10 15 13 12
15 12 13 13 14 11 10 12 13 15
13 10 10 14 10 13 15 15 12 14
11 13 14 13 13 11 12 12 14 14
12 10 11 15 10 14 14 12 11 12
13 11 11 14 10 12 13 10 15 10
10 11 10 14 11 12 15 12 13 10
18 19 22 19 23 21 18 18 23 20
18 18 19 21 19 18 21 20 18 23
23 22 20 22 20 22 20 21 23 18
21 22 20 20 21 22 22 22 20 20
23 21 23 18 22 19 22 21 21 23
22 18 18 18 20 21 20 20 19 19
18 23 22 21 20 19 18 21 19 21
19 20 18 23 21 22 20 19 19 19
21 18 23 23 18 21 22 22 20 21
22 18 18 23 19 21 21 18 22 19
19 20 20 19 20 23 18 20 21 23
20 23 22 22 22 19 18 21 18 22
23 22 22 21 18 29 29 29 27 31
28 30 31 29 30 31 28 27 27 26
31 31 27 28 29 27 30 30 27 29
31 27 28 28 31 27 28 31 26 29
31 27 29 26 27 26 31 30 31 30
31 31 31 31 28 27 28 31 26 28
29 31 27 30 29 31 26 27 27 26
30 31 31 31 30 29 30 27 31 27
28 26 27 28 26 27 29 28 29 29
27 30 27 27 30 28 27 31 26 26
30 29 26 28 26 28 29 31 31 28
26 31 27 28 26 29 27 31 28 28
30 31 31 26 29 26 28 30 27 31
39 36 39 37 39 34 35 37 36 37
35 38 35 35 39 35 38 34 36 34
35 38 34 39 38 39 35 38 38 37
36 35 34 37 35 35 37 39 38 35
39 37 35 35 38 35 35 35 34 35
37 36 36 36 39 36 36 35 35 39
35 39 35 38 34 39 37 39 39 35
36 37 39 38 35 35 36 37 36 35
38 34 38 36 34 35 34 35 39 36
36 38 36 34 34 34 39 35 36 35
35 35 34 37 35 38 37 35 36 36
38 35 39 39 37 36 37 34 34 35
34 39 38 37 39 47 44 46 45 44
46 47 44 44 43 42 45 44 47 43
44 43 47 47 43 42 44 47 47 46
45 45 44 44 42 44 45 44 43 42
45 43 42 44 44 42 44 45 46 44
44 47 46 42 44 43 47 46 45 43
42 42 43 47 43 44 42 45 42 45
46 42 45 43 47 43 42 46 47 46
45 47 44 45 45 44 45 43 47 46
43 47 43 45 42 46 44 46 47 45
47 42 44 47 45 44 45 47 46 43
45 46 46 46 43 42 42 45 47 45
42 46 46 45 47 44 47 45 43 47
55 50 54 51 53 52 51 50 55 53
52 52 53 54 50 54 52 53 51 55
53 53 53 54 55 50 55 54 54 51
51 52 52 52 51 50 50 51 50 53
52 53 53 50 53 50 50 53 54 55
54 54 55 54 52 53 55 51 54 55
51 54 50 50 53 55 51 52 53 51
51 52 50 54 55 51 53 50 52 54
55 52 54 51 55 52 54 55 54 55
54 52 55 53 50 52 52 50 51 51
52 52 52 50 54 50 55 54 52 53
54 54 51 52 50 52 52 55 51 50
54 53 52 51 52 59 62 60 62 60
58 62 59 61 61 63 60 61 63 62
59 58 60 62 61 60 60 59 61 59
59 59 59 61 62 63 62 59 58 61
59 58 59 59 58 59 58 62 58 61
63 62 61 60 63 59 63 63 62 60
58 61 59 63 60 59 62 63 61 63
60 63 62 63 62 58 59 60 60 61
59 60 59 62 59 61 63 62 63 58
59 62 59 58 62 59 58 60 61 60
63 60 62 60 60 62 61 61 62 62
60 62 63 60 58 63 62 60 59 62
62 61 60 59 58 63 59 60 58 58
