0 0 0 0 0 0 0 0 0 0 0 0 0 0 0 0
0 0 0 0 0 0 0 0 0 0 0 0 0 0 0 0
1 1 1 1 1 1 1 1 1 1 1 1 1 1 1 1
1 1 1 1 1 1 1 1 1 1 1 1 1 1 1 1
2 2 2 2 2 2 2 2 2 2 2 2 2 2 2 2
2 2 2 2 2 2 2 2 2 2 2 2 2 2 2 2
3 3 3 3 3 3 3 3 3 3 3 3 3 3 3 3
3 3 3 3 3 3 3 3 3 3 3 3 3 3 3 3
4 4 4 4 4 4 4 4 4 4 4 4 4 4 4 4
4 4 4 4 4 4 4 4 4 4 4 4 4 4 4 4
5 5 5 5 5 5 5 5 5 5 5 5 5 5 5 5
5 5 5 5 5 5 5 5 5 5 5 5 5 5 5 5
6 6 6 6 6 6 6 6 6 6 6 6 6 6 6 6
6 6 6 6 6 6 6 6 6 6 6 6 6 6 6 6
7 7 7 7 7 7 7 7 7 7 7 7 7 7 7 7
7 7 7 7 7 7 7 7 7 7 7 7 7 7 7 7
6 5 4 3 5 3 7 2 7 4 3 2 6 4 7 7
7 5 6 7 3 7 4 5 2 7 4 7 6 7 7 4
12 15 10 13 13 15 15 13 12 13 15 15 14 12 14 11
14 11 12 12 11 11 13 12 13 14 15 11 14 12 13 13
21 18 18 18 18 23 22 22 18 23 18 23 20 21 19 19
23 21 20 21 20 19 18 20 22 21 22 18 19 21 22 19
31 29 27 28 27 31 28 27 28 28 31 31 28 31 26 27
28 29 27 30 29 29 29 30 28 28 28 31 27 26 26 31
37 37 36 39 39 39 39 34 35 38 39 38 38 35 38 35
35 34 38 36 38 37 39 39 35 34 36 35 34 37 39 37
43 42 47 43 43 45 43 42 47 46 44 46 45 44 43 45
47 47 46 42 46 42 42 42 42 47 46 43 45 43 44 43
51 50 52 50 50 52 51 51 55 54 52 52 53 52 55 50
53 51 52 52 54 54 50 50 54 53 51 51 50 54 50 55
59 62 60 62 58 58 60 61 60 59 62 63 63 58 62 59
59 59 59 58 60 58 59 62 59 61 63 63 61 59 59 61
