0 0 0 0 0 0 0 0 0 0
0 0 0 0 0 0 0 0 0 0
0 0 0 0 0 0 0 0 0 0
0 0 0 0 0 0 0 0 0 0
0 0 0 0 0 0 0 0 0 0
0 0 0 0 0 0 0 0 0 0
0 0 0 0 0 0 0 0 0 0
0 0 0 0 0 0 0 0 0 0
0 0 0 0 0 0 0 0 0 0
0 0 0 0 0 0 0 0 0 0
0 0 0 0 0 0 0 0 0 0
0 0 0 0 0 0 0 0 0 0
0 0 0 0 0 1 1 1 1 1
1 1 1 1 1 1 1 1 1 1
1 1 1 1 1 1 1 1 1 1
1 1 1 1 1 1 1 1 1 1
1 1 1 1 1 1 1 1 1 1
1 1 1 1 1 1 1 1 1 1
1 1 1 1 1 1 1 1 1 1
1 1 1 1 1 1 1 1 1 1
1 1 1 1 1 1 1 1 1 1
1 1 1 1 1 1 1 1 1 1
1 1 1 1 1 1 1 1 1 1
1 1 1 1 1 1 1 1 1 1
1 1 1 1 1 1 1 1 1 1
2 2 2 2 2 2 2 2 2 2
2 2 2 2 2 2 2 2 2 2
2 2 2 2 2 2 2 2 2 2
2 2 2 2 2 2 2 2 2 2
2 2 2 2 2 2 2 2 2 2
2 2 2 2 2 2 2 2 2 2
2 2 2 2 2 2 2 2 2 2
2 2 2 2 2 2 2 2 2 2
2 2 2 2 2 2 2 2 2 2
2 2 2 2 2 2 2 2 2 2
2 2 2 2 2 2 2 2 2 2
2 2 2 2 2 2 2 2 2 2
2 2 2 2 2 3 3 3 3 3
3 3 3 3 3 3 3 3 3 3
3 3 3 3 3 3 3 3 3 3
3 3 3 3 3 3 3 3 3 3
3 3 3 3 3 3 3 3 3 3
3 3 3 3 3 3 3 3 3 3
3 3 3 3 3 3 3 3 3 3
3 3 3 3 3 3 3 3 3 3
3 3 3 3 3 3 3 3 3 3
3 3 3 3 3 3 3 3 3 3
3 3 3 3 3 3 3 3 3 3
3 3 3 3 3 3 3 3 3 3
3 3 3 3 3 3 3 3 3 3
4 4 4 4 4 4 4 4 4 4
4 4 4 4 4 4 4 4 4 4
4 4 4 4 4 4 4 4 4 4
4 4 4 4 4 4 4 4 4 4
4 4 4 4 4 4 4 4 4 4
4 4 4 4 4 4 4 4 4 4
4 4 4 4 4 4 4 4 4 4
4 4 4 4 4 4 4 4 4 4
4 4 4 4 4 4 4 4 4 4
4 4 4 4 4 4 4 4 4 4
4 4 4 4 4 4 4 4 4 4
4 4 4 4 4 4 4 4 4 4
4 4 4 4 4 5 5 5 5 5
5 5 5 5 5 5 5 5 5 5
5 5 5 5 5 5 5 5 5 5
5 5 5 5 5 5 5 5 5 5
5 5 5 5 5 5 5 5 5 5
5 5 5 5 5 5 5 5 5 5
5 5 5 5 5 5 5 5 5 5
5 5 5 5 5 5 5 5 5 5
5 5 5 5 5 5 5 5 5 5
5 5 5 5 5 5 5 5 5 5
5 5 5 5 5 5 5 5 5 5
5 5 5 5 5 5 5 5 5 5
5 5 5 5 5 5 5 5 5 5
6 6 6 6 6 6 6 6 6 6
6 6 6 6 6 6 6 6 6 6
6 6 6 6 6 6 6 6 6 6
6 6 6 6 6 6 6 6 6 6
6 6 6 6 6 6 6 6 6 6
6 6 6 6 6 6 6 6 6 6
6 6 6 6 6 6 6 6 6 6
6 6 6 6 6 6 6 6 6 6
6 6 6 6 6 6 6 6 6 6
6 6 6 6 6 6 6 6 6 6
6 6 6 6 6 6 6 6 6 6
6 6 6 6 6 6 6 6 6 6
6 6 6 6 6 7 7 7 7 7
7 7 7 7 7 7 7 7 7 7
7 7 7 7 7 7 7 7 7 7
7 7 7 7 7 7 7 7 7 7
7 7 7 7 7 7 7 7 7 7
7 7 7 7 7 7 7 7 7 7
7 7 7 7 7 7 7 7 7 7
7 7 7 7 7 7 7 7 7 7
7 7 7 7 7 7 7 7 7 7
7 7 7 7 7 7 7 7 7 7
7 7 7 7 7 7 7 7 7 7
7 7 7 7 7 7 7 7 7 7
7 7 7 7 7 7 7 7 7 7
3 5 3 7 5 6 4 2 7 4
5 2 7 5 7 4 3 4 4 2
6 7 7 6 6 2 5 4 6 2
6 2 5 7 5 4 5 6 2 6
5 7 6 3 3 3 7 6 6 2
6 7 5 4 5 3 3 5 7 6
2 6 3 7 7 4 4 4 6 2
3 7 7 2 7 7 3 4 6 2
6 6 2 5 2 6 6 2 5 5
7 6 3 4 7 5 7 2 4 2
4 6 3 2 5 3 7 6 5 7
4 2 3 6 5 4 3 4 4 7
4 3 7 3 6 12 14 12 15 11
13 15 14 11 14 13 14 12 11 10
11 10 11 15 11 12 11 10 13 12
14 15 10 11 13 12 13 11 14 15
13 10 11 13 15 13 13 10 11 13
11 12 11 14 15 15 11 14 14 13
13 13 13 15 11 15 13 15 10 12
14 14 11 10 12 10 15 12 14 14
15 15 12 15 13 13 14 13 13 14
12 13 11 13 14 12 15 13 10 15
15 15 11 14 12 11 12 12 12 10
11 10 10 14 15 10 15 11 15 10
14 12 11 12 14 13 12 14 10 14
18 19 19 22 22 21 22 18 19 23
19 20 18 20 18 18 21 21 22 22
23 21 19 23 18 22 19 19 22 23
18 18 23 21 22 19 22 22 20 22
23 19 18 23 19 19 23 21 22 18
18 18 20 19 19 21 19 19 23 21
19 18 23 20 18 22 18 21 23 23
22 23 19 22 23 22 21 23 18 19
22 21 18 20 18 19 20 22 18 22
19 21 19 23 19 20 19 21 18 18
21 23 22 21 22 23 19 23 18 19
19 20 18 22 19 21 20 23 19 23
19 20 22 20 22 29 27 29 28 29
28 28 30 26 29 30 30 27 30 28
28 28 27 30 27 27 26 28 29 31
29 29 26 29 29 31 28 28 27 26
27 29 26 30 28 28 31 30 26 29
31 26 31 26 26 30 30 27 27 31
29 31 26 27 27 31 26 30 26 26
28 30 30 27 26 28 30 26 31 26
28 28 31 27 30 26 29 26 27 29
31 30 28 26 30 28 26 30 31 29
27 26 29 27 30 28 30 28 28 29
27 26 30 26 26 29 30 26 28 28
31 27 30 27 27 31 26 27 28 26
35 34 39 34 35 39 37 38 39 37
39 35 39 35 36 35 38 37 37 38
37 37 37 34 35 39 39 38 37 36
35 34 34 37 37 36 39 36 36 37
36 34 36 38 37 36 34 34 34 35
36 38 34 35 35 38 35 39 34 34
36 37 38 35 35 34 37 39 39 34
37 37 39 39 37 36 38 35 34 36
34 38 35 35 35 36 34 38 39 38
38 35 37 34 35 34 37 34 34 37
35 38 36 37 38 36 34 37 39 34
35 39 37 36 36 39 34 34 38 34
38 36 36 38 34 47 45 45 46 44
45 45 42 43 43 47 42 47 46 45
47 44 47 45 47 45 46 43 42 44
46 45 45 43 43 47 43 42 42 44
42 45 46 43 42 43 47 44 46 42
47 42 47 45 44 42 43 43 45 46
46 45 42 47 42 44 42 46 42 42
46 44 46 46 45 44 42 47 45 44
46 42 42 44 46 45 44 47 44 43
46 42 47 46 46 47 47 46 43 47
47 47 44 44 44 42 43 44 46 46
42 43 42 47 44 43 47 44 47 46
43 47 43 46 42 44 45 45 46 45
51 55 55 53 50 53 52 54 53 54
53 54 54 54 54 54 55 51 55 50
54 51 50 50 50 52 50 54 51 51
55 52 51 52 51 50 50 52 55 52
54 51 54 55 55 54 54 51 52 53
53 51 52 53 55 54 54 50 52 51
51 54 51 54 51 50 50 52 55 50
51 55 51 51 51 53 51 54 51 51
51 50 55 51 50 55 50 52 54 52
52 52 55 50 53 51 51 54 54 54
53 51 51 50 53 51 50 54 55 53
51 50 53 55 55 50 50 51 50 52
55 51 51 54 54 62 61 63 63 59
59 61 63 59 62 63 61 59 58 60
63 58 62 63 62 60 62 59 59 58
63 62 63 63 63 58 59 60 63 58
61 63 61 58 62 58 58 61 58 59
62 58 59 62 58 59 59 61 63 61
63 62 61 62 63 58 58 58 58 58
63 59 61 61 60 58 62 59 58 61
62 63 58 61 60 58 61 58 59 59
61 62 62 59 58 61 59 61 59 59
63 62 61 60 58 58 61 62 62 63
58 62 60 62 60 62 61 62 59 58
61 61 58 62 59 58 63 63 59 61
