0 0 0 0 0 0 0 0 0 0 0 0 0 0 0 0
0 0 0 0 0 0 0 0 0 0 0 0 0 0 0 0
1 1 1 1 1 1 1 1 1 1 1 1 1 1 1 1
1 1 1 1 1 1 1 1 1 1 1 1 1 1 1 1
2 2 2 2 2 2 2 2 2 2 2 2 2 2 2 2
2 2 2 2 2 2 2 2 2 2 2 2 2 2 2 2
3 3 3 3 3 3 3 3 3 3 3 3 3 3 3 3
3 3 3 3 3 3 3 3 3 3 3 3 3 3 3 3
4 4 4 4 4 4 4 4 4 4 4 4 4 4 4 4
4 4 4 4 4 4 4 4 4 4 4 4 4 4 4 4
5 5 5 5 5 5 5 5 5 5 5 5 5 5 5 5
5 5 5 5 5 5 5 5 5 5 5 5 5 5 5 5
6 6 6 6 6 6 6 6 6 6 6 6 6 6 6 6
6 6 6 6 6 6 6 6 6 6 6 6 6 6 6 6
7 7 7 7 7 7 7 7 7 7 7 7 7 7 7 7
7 7 7 7 7 7 7 7 7 7 7 7 7 7 7 7
7 6 6 3 6 4 5 4 2 3 4 5 5 7 6 2
3 4 5 6 5 3 3 6 5 3 4 5 4 7 2 4
10 13 12 13 14 11 13 12 15 11 10 13 15 11 15 12
10 12 10 14 15 15 10 13 11 14 13 11 14 11 15 12
20 22 20 23 22 23 18 23 20 19 23 19 20 19 22 22
18 19 19 22 22 22 22 18 22 18 18 22 19 23 22 18
31 26 29 30 27 27 31 31 27 29 26 30 27 30 31 28
28 26 30 26 28 31 30 29 30 26 27 31 29 29 30 30
36 39 39 37 34 36 36 36 35 36 39 37 37 39 35 38
38 35 35 35 36 38 34 38 39 35 34 37 37 35 36 34
42 44 45 47 44 44 42 45 44 43 44 44 46 46 44 43
43 47 46 45 45 42 44 45 47 47 46 42 43 47 42 44
52 55 55 53 55 51 55 53 51 52 51 50 52 54 53 52
53 50 50 55 51 52 55 50 51 52 50 53 54 51 54 52
59 61 59 61 59 58 58 59 58 61 61 63 60 58 63 58
63 62 62 59 58 60 61 60 62 58 62 63 60 60 60 62
