1 6 1 1 4 1 3 3 5 0 6 6 2 0 4 3
7 0 3 0 1 0 3 4 5 6 5 3 5 0 5 5
2 1 3 5 0 6 7 7 0 1 7 5 1 1 3 0
4 6 7 7 7 1 3 4 1 0 0 7 2 7 6 3
5 3 7 7 0 6 0 4 1 7 5 6 1 7 2 5
7 2 3 7 5 5 3 0 6 6 3 3 7 0 4 0
3 0 5 2 1 5 7 0 2 5 2 7 4 6 6 0
7 4 1 2 7 1 5 5 2 2 6 0 2 4 0 5
0 7 0 3 3 5 5 4 6 2 3 1 5 1 1 2
3 1 7 6 4 2 5 6 3 2 6 2 5 3 0 0
4 5 5 0 3 3 1 4 6 4 7 7 4 1 5 0
5 0 5 4 5 7 7 4 2 2 7 3 6 4 0 5
2 2 1 5 3 2 0 3 5 1 2 4 4 5 2 0
4 0 7 4 4 2 4 0 2 2 3 0 0 4 0 2
6 2 5 7 2 3 2 2 4 4 7 1 6 3 6 4
5 0 4 7 6 7 5 0 1 0 4 1 1 6 2 0
12 53 14 13 35 14 26 28 47 3 50 51 22 3 37 30
60 4 26 7 12 6 28 36 46 51 46 30 44 7 47 47
20 15 31 42 3 55 59 60 2 11 58 42 12 11 31 4
37 50 58 60 58 14 28 35 11 4 3 62 22 61 54 30
46 27 58 59 5 52 4 36 10 60 45 53 13 62 22 43
58 22 31 63 42 43 29 7 52 51 31 26 59 6 35 3
26 5 43 23 12 46 58 7 20 43 18 62 38 51 55 4
63 34 13 21 62 15 45 47 22 20 51 5 19 35 6 43
3 59 2 27 30 42 47 34 51 19 28 10 44 11 12 21
29 12 63 53 38 18 46 55 27 19 52 20 42 30 6 3
36 42 42 6 26 31 10 39 54 39 61 62 35 10 45 7
44 3 42 34 42 60 60 37 18 23 59 26 50 38 5 42
22 20 12 47 30 19 4 30 42 12 22 39 35 43 23 3
35 4 61 36 35 21 37 7 21 23 26 6 6 38 6 21
52 22 46 58 19 31 21 20 37 37 62 12 50 30 55 37
42 4 37 63 55 61 46 5 11 4 34 13 10 52 21 5
