5 5 4 2 6 3 1 7 3 2
7 6 1 6 1 5 3 0 0 4
0 3 3 6 1 5 6 7 1 6
1 4 5 7 5 4 1 1 4 5
4 5 6 0 4 6 5 4 7 1
0 6 5 1 4 7 6 7 7 0
1 4 5 0 7 6 0 5 1 7
6 3 2 6 0 7 2 3 5 0
0 2 0 2 2 5 7 2 6 7
5 0 0 4 2 3 1 3 6 4
5 0 5 5 2 2 6 7 7 7
2 7 3 4 3 0 6 0 7 7
4 1 3 4 4 0 5 3 5 3
5 2 4 5 7 4 1 6 5 1
1 3 6 3 0 3 4 2 3 1
1 0 6 2 1 6 4 3 5 3
5 7 1 6 4 5 0 7 4 4
3 3 2 1 6 2 7 6 1 3
0 2 7 0 6 0 6 6 4 4
7 4 5 2 7 4 6 5 2 2
2 3 5 0 2 6 7 2 6 6
2 1 1 7 1 4 7 0 7 0
3 2 6 2 1 3 7 0 3 1
3 6 4 6 7 1 0 0 1 0
5 7 5 6 0 7 1 7 4 3
5 2 3 3 1 6 1 3 6 4
2 0 1 2 0 4 0 4 4 4
7 0 4 4 4 3 5 6 1 7
7 7 1 6 4 0 2 2 6 7
4 3 7 7 2 5 2 0 4 5
7 4 5 3 7 6 1 3 0 7
0 1 1 1 3 3 7 2 7 7
3 7 6 0 6 0 7 5 4 4
4 2 2 1 6 6 0 7 6 5
4 7 3 4 4 3 4 2 6 5
2 1 6 7 2 7 6 7 1 3
2 3 6 6 1 2 4 0 3 3
6 6 1 6 0 3 4 3 1 4
6 1 4 4 2 0 4 3 3 7
3 4 3 6 0 5 3 1 1 6
4 0 2 0 5 5 2 6 3 2
2 0 5 1 0 6 0 1 7 7
1 1 5 5 0 7 2 3 5 7
1 7 4 1 1 2 0 6 3 6
1 1 7 3 4 2 2 6 5 4
4 7 2 7 6 2 0 5 4 7
1 1 5 4 0 3 2 2 2 7
3 7 3 6 1 4 0 5 5 6
7 5 0 6 4 2 3 1 7 3
4 5 7 7 7 4 1 5 0 0
6 0 5 3 6 2 1 6 3 2
1 0 1 3 7 0 7 6 0 7
7 1 5 4 3 3 2 7 2 5
7 3 7 5 6 1 3 2 7 3
7 4 7 3 7 0 5 4 4 4
5 3 0 1 5 0 7 5 5 3
4 0 3 6 3 4 6 6 3 5
1 1 7 5 3 1 7 5 2 3
3 7 2 5 0 0 4 3 2 3
1 6 7 3 3 1 4 5 7 2
1 5 3 0 1 6 7 3 2 3
4 3 1 6 2 3 3 3 5 3
3 7 4 3 3 4 0 1 6 3
4 4 2 0 2 1 5 2 7 6
4 4 1 4 1 0 2 4 0 5
1 6 4 7 6 0 6 2 0 7
6 4 3 5 7 4 7 7 0 7
0 2 1 5 1 3 7 1 4 3
7 1 1 6 2 2 5 7 1 6
2 4 5 7 4 2 4 2 1 7
1 0 6 6 5 2 3 2 0 5
6 1 2 3 2 5 2 2 3 6
1 3 7 5 4 1 0 4 7 2
7 0 6 3 0 3 1 4 4 1
6 2 0 2 7 5 3 6 4 1
6 3 1 1 4 4 3 4 5 3
0 6 0 5 5 1 6 1 2 1
4 1 2 3 0 2 0 6 4 5
3 7 5 4 3 3 1 3 5 5
6 6 5 6 5 2 2 1 0 6
7 5 5 0 6 0 5 5 0 4
5 1 4 7 6 6 1 1 2 0
3 3 2 4 4 6 0 1 2 2
5 4 2 6 2 6 4 6 4 1
7 1 5 4 1 3 6 4 5 1
7 4 7 7 5 4 3 7 4 1
2 7 1 5 6 7 5 2 5 5
2 3 3 7 7 3 5 0 4 2
5 6 3 0 0 2 2 2 1 3
2 3 4 6 7 0 2 5 5 7
7 3 1 6 0 3 3 0 7 7
4 5 0 5 6 1 6 7 0 4
1 7 7 5 4 4 2 0 0 4
0 2 2 1 6 5 6 3 1 3
1 2 3 2 5 7 2 1 3 3
5 6 3 4 1 1 2 7 3 1
6 1 6 4 1 0 7 7 4 5
6 1 1 4 6 5 7 4 1 2
3 3 0 4 1 6 1 1 0 0
3 3 7 1 7 4 4 0 1 4
46 44 34 23 54 30 13 59 27 19
61 51 10 52 15 43 27 7 6 38
5 27 31 51 13 43 52 59 11 55
11 38 46 60 46 34 12 12 36 45
39 43 53 2 37 54 44 38 58 11
3 53 46 11 38 60 51 60 61 5
13 36 46 2 58 54 6 45 12 63
51 26 22 50 6 61 22 29 43 5
6 18 5 20 20 44 63 22 55 60
47 7 7 37 20 31 13 30 50 39
44 4 44 44 20 18 51 59 60 59
20 60 26 34 30 6 51 2 58 63
35 15 27 36 35 3 43 28 47 28
43 18 38 43 62 35 15 50 42 14
13 28 51 28 2 31 37 21 30 10
10 7 54 22 14 50 38 30 46 31
47 62 15 51 38 43 4 61 34 39
26 26 21 15 55 23 62 55 11 29
2 19 63 7 54 3 51 55 38 34
58 36 42 19 61 36 52 47 20 21
18 26 42 7 23 52 59 22 55 51
22 14 14 62 15 39 63 7 63 6
29 21 55 23 15 31 58 7 26 14
31 53 36 52 59 10 3 2 13 4
46 59 45 50 5 62 13 59 35 26
44 23 26 26 14 50 10 29 54 39
22 4 11 20 2 36 2 38 38 36
63 7 39 39 37 31 47 53 15 63
58 58 13 54 38 2 21 21 55 58
34 31 60 61 23 47 23 5 36 44
60 35 42 29 60 50 12 31 3 61
7 13 13 14 27 30 62 20 62 59
27 58 51 5 52 5 60 43 37 35
37 18 20 14 51 51 4 60 52 43
35 58 31 38 36 28 38 22 52 46
20 12 55 63 18 63 52 58 12 26
18 26 53 51 12 21 35 5 29 28
52 50 15 53 7 31 39 28 15 35
50 15 34 35 18 6 34 31 27 63
28 35 27 55 7 43 29 14 10 50
39 3 22 2 47 47 20 51 31 18
21 6 47 13 5 55 4 13 62 63
13 15 42 43 7 62 19 31 46 59
12 58 38 14 12 23 7 51 27 51
11 13 61 26 35 22 18 51 43 34
37 59 18 61 53 19 3 43 39 63
12 13 46 39 2 27 22 19 19 62
28 61 26 54 14 35 2 44 45 51
59 43 3 52 34 18 29 15 62 30
35 45 62 58 63 37 14 44 6 2
55 6 46 29 54 21 10 51 26 18
15 5 11 28 60 6 59 55 2 63
59 11 45 34 27 29 21 59 23 46
62 27 59 43 52 15 27 22 63 30
61 39 59 31 63 4 44 39 37 38
45 31 3 12 46 5 62 46 47 29
35 4 27 53 30 39 50 55 30 46
15 11 61 45 27 10 62 43 22 26
28 58 21 47 4 2 38 26 23 27
10 50 62 30 30 14 37 44 59 18
11 42 26 7 15 52 63 28 19 28
37 29 10 54 19 29 27 28 47 26
31 61 35 27 28 37 3 13 55 30
37 39 18 3 22 10 43 23 58 55
35 37 12 39 10 7 19 39 6 42
12 51 37 60 53 7 54 20 3 60
55 37 26 44 59 36 59 58 3 63
4 18 10 43 10 27 59 13 38 26
60 13 15 53 18 23 42 61 12 51
21 34 47 58 36 20 38 23 14 62
11 7 51 55 47 22 31 18 4 44
55 14 22 31 18 43 20 22 28 50
14 30 61 44 39 14 4 38 63 20
59 6 51 28 6 30 15 36 39 11
50 20 3 20 58 43 29 53 36 10
54 30 12 13 39 38 30 34 42 31
7 55 4 45 46 14 55 12 21 10
34 12 23 27 2 20 3 52 39 42
26 61 42 36 31 27 13 26 43 46
51 50 42 55 44 21 19 10 7 54
62 47 43 7 52 5 44 45 3 36
46 10 36 62 55 53 12 14 22 6
26 29 20 39 37 52 6 10 23 23
43 36 22 55 21 51 36 54 36 11
60 10 46 35 13 30 54 37 47 14
63 39 60 58 42 39 29 61 36 10
21 60 10 45 51 59 42 21 43 42
19 27 30 62 60 31 47 6 37 20
46 55 30 6 7 19 22 23 15 27
23 31 34 50 58 2 19 44 43 61
62 31 15 53 7 26 28 6 62 61
38 42 5 44 52 11 54 61 6 36
13 59 62 47 34 37 19 5 5 35
2 22 22 14 53 47 50 26 13 27
13 20 31 18 43 59 18 12 29 27
46 53 26 38 13 12 19 59 28 13
52 14 52 35 12 6 60 63 35 47
53 13 12 34 54 45 63 38 13 18
27 26 6 35 13 50 14 14 6 5
31 26 62 12 63 36 36 4 14 36
