0 0 0 0 0 0 0 0 0 0
1 1 1 1 1 1 1 1 1 1
2 2 2 2 2 2 2 2 2 2
3 3 3 3 3 3 3 3 3 3
4 4 4 4 4 4 4 4 4 4
5 5 5 5 5 5 5 5 5 5
6 6 6 6 6 6 6 6 6 6
7 7 7 7 7 7 7 7 7 7
0 0 0 0 0 0 0 0 0 0
1 1 1 1 1 1 1 1 1 1
2 2 2 2 2 2 2 2 2 2
3 3 3 3 3 3 3 3 3 3
4 4 4 4 4 4 4 4 4 4
5 5 5 5 5 5 5 5 5 5
6 6 6 6 6 6 6 6 6 6
7 7 7 7 7 7 7 7 7 7
0 0 0 0 0 0 0 0 0 0
1 1 1 1 1 1 1 1 1 1
2 2 2 2 2 2 2 2 2 2
3 3 3 3 3 3 3 3 3 3
4 4 4 4 4 4 4 4 4 4
5 5 5 5 5 5 5 5 5 5
6 6 6 6 6 6 6 6 6 6
7 7 7 7 7 7 7 7 7 7
0 0 0 0 0 0 0 0 0 0
1 1 1 1 1 1 1 1 1 1
2 2 2 2 2 2 2 2 2 2
3 3 3 3 3 3 3 3 3 3
4 4 4 4 4 4 4 4 4 4
5 5 5 5 5 5 5 5 5 5
6 6 6 6 6 6 6 6 6 6
7 7 7 7 7 7 7 7 7 7
0 0 0 0 0 0 0 0 0 0
1 1 1 1 1 1 1 1 1 1
2 2 2 2 2 2 2 2 2 2
3 3 3 3 3 3 3 3 3 3
4 4 4 4 4 4 4 4 4 4
5 5 5 5 5 5 5 5 5 5
6 6 6 6 6 6 6 6 6 6
7 7 7 7 7 7 7 7 7 7
0 0 0 0 0 0 0 0 0 0
1 1 1 1 1 1 1 1 1 1
2 2 2 2 2 2 2 2 2 2
3 3 3 3 3 3 3 3 3 3
4 4 4 4 4 4 4 4 4 4
5 5 5 5 5 5 5 5 5 5
6 6 6 6 6 6 6 6 6 6
7 7 7 7 7 7 7 7 7 7
0 0 0 0 0 0 0 0 0 0
1 1 1 1 1 1 1 1 1 1
2 2 2 2 2 2 2 2 2 2
3 3 3 3 3 3 3 3 3 3
4 4 4 4 4 4 4 4 4 4
5 5 5 5 5 5 5 5 5 5
6 6 6 6 6 6 6 6 6 6
7 7 7 7 7 7 7 7 7 7
0 0 0 0 0 0 0 0 0 0
1 1 1 1 1 1 1 1 1 1
2 2 2 2 2 2 2 2 2 2
3 3 3 3 3 3 3 3 3 3
4 4 4 4 4 4 4 4 4 4
5 5 5 5 5 5 5 5 5 5
6 6 6 6 6 6 6 6 6 6
7 7 7 7 7 7 7 7 7 7
0 0 0 0 0 0 0 0 0 0
1 1 1 1 1 1 1 1 1 1
2 2 2 2 2 2 2 2 2 2
3 3 3 3 3 3 3 3 3 3
4 4 4 4 4 4 4 4 4 4
5 5 5 5 5 5 5 5 5 5
6 6 6 6 6 6 6 6 6 6
7 7 7 7 7 7 7 7 7 7
0 0 0 0 0 0 0 0 0 0
1 1 1 1 1 1 1 1 1 1
2 2 2 2 2 2 2 2 2 2
3 3 3 3 3 3 3 3 3 3
4 4 4 4 4 4 4 4 4 4
5 5 5 5 5 5 5 5 5 5
6 6 6 6 6 6 6 6 6 6
7 7 7 7 7 7 7 7 7 7
0 0 0 0 0 0 0 0 0 0
1 1 1 1 1 1 1 1 1 1
2 2 2 2 2 2 2 2 2 2
3 3 3 3 3 3 3 3 3 3
4 4 4 4 4 4 4 4 4 4
5 5 5 5 5 5 5 5 5 5
6 6 6 6 6 6 6 6 6 6
7 7 7 7 7 7 7 7 7 7
0 0 0 0 0 0 0 0 0 0
1 1 1 1 1 1 1 1 1 1
2 2 2 2 2 2 2 2 2 2
3 3 3 3 3 3 3 3 3 3
4 4 4 4 4 4 4 4 4 4
5 5 5 5 5 5 5 5 5 5
6 6 6 6 6 6 6 6 6 6
7 7 7 7 7 7 7 7 7 7
0 0 0 0 0 0 0 0 0 0
1 1 1 1 1 1 1 1 1 1
2 2 2 2 2 2 2 2 2 2
3 3 3 3 3 3 3 3 3 3
5 3 2 7 3 3 6 4 7 5
12 13 12 15 11 14 14 15 15 14
18 19 20 18 19 20 19 19 22 21
28 28 27 30 29 27 28 29 27 30
39 35 38 34 35 35 39 36 34 37
47 43 44 43 43 45 46 46 42 44
53 55 54 55 54 55 53 50 53 52
63 61 58 60 63 61 61 63 59 58
4 2 2 5 4 5 2 3 4 3
12 10 14 14 15 11 15 13 10 15
19 21 23 23 18 21 23 22 22 21
27 31 27 31 30 28 29 30 29 29
35 36 37 38 39 39 34 36 35 39
46 42 43 46 42 42 44 43 45 43
50 53 53 53 55 50 54 51 51 51
60 62 63 63 63 60 58 58 62 63
5 3 5 7 3 6 2 4 2 7
10 15 12 11 15 13 12 10 12 11
18 20 23 19 20 23 19 19 19 19
29 26 29 29 31 30 29 26 28 30
36 35 36 34 37 39 34 34 34 36
43 47 42 47 43 47 47 44 47 42
50 52 53 52 52 51 51 50 53 51
62 60 59 62 63 59 59 59 63 58
7 5 7 6 2 4 7 6 3 2
11 12 14 10 11 15 11 11 11 15
23 19 23 19 20 21 19 23 21 19
29 30 31 26 27 29 27 30 29 28
37 38 37 39 39 38 38 38 35 39
46 44 44 43 47 44 45 45 42 44
51 53 50 50 54 55 50 52 54 54
63 62 63 58 60 63 58 59 60 61
7 4 4 4 4 4 2 3 4 6
10 11 10 11 10 15 10 11 13 13
18 18 20 21 20 22 22 19 20 23
28 28 26 30 26 26 31 27 27 31
37 36 37 36 39 36 35 35 39 39
42 46 44 42 44 46 45 47 44 46
50 51 50 53 51 55 54 53 51 51
59 60 62 63 59 63 60 58 63 62
7 7 5 6 2 3 6 5 5 2
12 12 13 15 10 12 11 15 10 12
19 18 19 20 20 23 22 22 21 22
26 27 30 26 31 26 31 29 30 27
36 34 36 38 37 36 37 39 39 39
43 42 47 46 47 44 47 45 44 44
51 50 51 54 52 55 52 50 52 55
63 62 59 61 62 59 63 63 60 61
3 7 2 6 4 2 6 6 5 4
10 12 13 10 11 11 14 14 12 10
19 23 22 22 23 23 18 21 19 21
26 30 28 30 29 27 30 28 29 27
34 39 34 34 36 39 34 39 36 34
47 43 42 42 43 44 45 42 45 46
51 55 55 50 54 52 53 55 53 54
59 60 62 61 63 62 62 58 60 63
4 2 5 4 5 7 4 4 4 2
10 12 12 10 11 14 14 13 15 10
23 19 23 20 19 22 21 22 18 18
30 30 31 27 27 27 26 30 27 27
34 34 38 34 36 39 38 36 39 37
46 43 44 44 47 43 44 45 43 46
52 50 52 51 52 54 53 52 52 53
62 63 60 58 62 62 62 61 62 59
6 3 6 2 7 7 4 4 6 6
12 11 12 13 15 15 14 12 12 12
19 23 18 18 22 18 18 22 21 19
29 26 30 29 30 28 27 27 30 27
39 36 35 38 37 35 36 35 34 36
46 45 45 42 47 47 45 44 46 47
51 54 51 50 50 52 54 50 51 50
63 60 60 63 61 58 58 63 58 60
2 5 3 5 7 2 4 3 2 4
13 12 13 15 10 15 14 15 11 11
19 20 18 20 20 18 23 18 21 18
30 28 30 29 31 29 28 31 30 28
38 38 38 36 35 35 37 38 37 37
44 45 47 47 46 44 47 47 43 46
55 54 52 54 53 51 51 55 52 54
61 58 62 62 58 63 61 62 61 58
2 2 2 2 5 4 7 6 5 2
13 10 13 11 12 13 10 14 12 10
23 19 22 23 23 19 18 22 23 20
31 30 27 26 26 27 29 27 28 27
34 34 34 39 38 37 34 36 36 39
42 45 42 42 43 47 46 45 46 47
55 50 50 54 54 51 55 52 53 51
62 58 62 58 59 58 60 61 60 62
3 6 4 2 2 2 2 7 6 7
11 12 15 11 12 11 13 10 10 10
18 19 23 23 19 23 22 21 18 19
29 26 26 31 30 28 27 31 29 30
35 34 34 37 38 39 35 34 38 34
46 43 42 45 43 44 44 47 47 43
51 51 54 54 51 52 54 51 52 50
59 59 61 62 60 59 59 62 59 58
7 7 6 3 4 3 7 6 2 5
15 12 13 15 10 15 15 12 12 11
22 20 23 18 21 21 18 18 22 22
28 26 30 26 29 29 29 27 29 27
