0 0 0 0 0 0 0 0 0 0 0 0 0 0 0 0
1 1 1 1 1 1 1 1 1 1 1 1 1 1 1 1
2 2 2 2 2 2 2 2 2 2 2 2 2 2 2 2
3 3 3 3 3 3 3 3 3 3 3 3 3 3 3 3
4 4 4 4 4 4 4 4 4 4 4 4 4 4 4 4
5 5 5 5 5 5 5 5 5 5 5 5 5 5 5 5
6 6 6 6 6 6 6 6 6 6 6 6 6 6 6 6
7 7 7 7 7 7 7 7 7 7 7 7 7 7 7 7
0 0 0 0 0 0 0 0 0 0 0 0 0 0 0 0
1 1 1 1 1 1 1 1 1 1 1 1 1 1 1 1
2 2 2 2 2 2 2 2 2 2 2 2 2 2 2 2
3 3 3 3 3 3 3 3 3 3 3 3 3 3 3 3
4 4 4 4 4 4 4 4 4 4 4 4 4 4 4 4
5 5 5 5 5 5 5 5 5 5 5 5 5 5 5 5
6 6 6 6 6 6 6 6 6 6 6 6 6 6 6 6
7 7 7 7 7 7 7 7 7 7 7 7 7 7 7 7
5 7 2 6 3 4 6 7 5 6 2 5 6 2 6 7
15 11 11 10 15 15 10 14 12 12 11 14 12 14 10 14
20 23 22 23 21 22 19 19 19 19 18 23 19 18 19 19
27 31 29 31 27 27 31 31 30 28 28 30 27 26 30 27
38 37 36 36 39 35 39 36 35 39 35 37 36 36 38 34
42 43 42 44 45 47 47 42 42 42 45 44 47 42 47 43
53 55 54 53 51 50 53 54 54 54 52 52 52 52 50 52
62 61 62 58 62 61 63 60 61 58 59 60 59 63 58 63
4 5 6 4 7 3 2 3 6 5 6 2 3 4 7 7
11 12 10 13 13 10 10 14 15 13 14 15 13 11 15 10
18 21 19 18 21 22 18 19 18 19 23 23 19 20 20 18
28 27 28 28 29 31 28 30 29 26 29 30 27 27 31 28
35 39 37 37 37 34 38 34 39 37 36 35 39 39 37 36
43 43 43 45 43 43 46 47 43 43 45 42 44 42 42 43
52 50 50 55 50 53 51 51 53 51 53 52 52 50 54 53
60 61 59 59 63 61 63 62 61 62 63 63 61 61 61 61
