0 0 0 0 0 0 0 0 0 0
1 1 1 1 1 1 1 1 1 1
2 2 2 2 2 2 2 2 2 2
3 3 3 3 3 3 3 3 3 3
4 4 4 4 4 4 4 4 4 4
5 5 5 5 5 5 5 5 5 5
6 6 6 6 6 6 6 6 6 6
7 7 7 7 7 7 7 7 7 7
0 0 0 0 0 0 0 0 0 0
1 1 1 1 1 1 1 1 1 1
2 2 2 2 2 2 2 2 2 2
3 3 3 3 3 3 3 3 3 3
4 4 4 4 4 4 4 4 4 4
5 5 5 5 5 5 5 5 5 5
6 6 6 6 6 6 6 6 6 6
7 7 7 7 7 7 7 7 7 7
0 0 0 0 0 0 0 0 0 0
1 1 1 1 1 1 1 1 1 1
2 2 2 2 2 2 2 2 2 2
3 3 3 3 3 3 3 3 3 3
4 4 4 4 4 4 4 4 4 4
5 5 5 5 5 5 5 5 5 5
6 6 6 6 6 6 6 6 6 6
7 7 7 7 7 7 7 7 7 7
0 0 0 0 0 0 0 0 0 0
1 1 1 1 1 1 1 1 1 1
2 2 2 2 2 2 2 2 2 2
3 3 3 3 3 3 3 3 3 3
4 4 4 4 4 4 4 4 4 4
5 5 5 5 5 5 5 5 5 5
6 6 6 6 6 6 6 6 6 6
7 7 7 7 7 7 7 7 7 7
0 0 0 0 0 0 0 0 0 0
1 1 1 1 1 1 1 1 1 1
2 2 2 2 2 2 2 2 2 2
3 3 3 3 3 3 3 3 3 3
4 4 4 4 4 4 4 4 4 4
5 5 5 5 5 5 5 5 5 5
6 6 6 6 6 6 6 6 6 6
7 7 7 7 7 7 7 7 7 7
0 0 0 0 0 0 0 0 0 0
1 1 1 1 1 1 1 1 1 1
2 2 2 2 2 2 2 2 2 2
3 3 3 3 3 3 3 3 3 3
4 4 4 4 4 4 4 4 4 4
5 5 5 5 5 5 5 5 5 5
6 6 6 6 6 6 6 6 6 6
7 7 7 7 7 7 7 7 7 7
0 0 0 0 0 0 0 0 0 0
1 1 1 1 1 1 1 1 1 1
2 2 2 2 2 2 2 2 2 2
3 3 3 3 3 3 3 3 3 3
4 4 4 4 4 4 4 4 4 4
5 5 5 5 5 5 5 5 5 5
6 6 6 6 6 6 6 6 6 6
7 7 7 7 7 7 7 7 7 7
0 0 0 0 0 0 0 0 0 0
1 1 1 1 1 1 1 1 1 1
2 2 2 2 2 2 2 2 2 2
3 3 3 3 3 3 3 3 3 3
4 4 4 4 4 4 4 4 4 4
5 5 5 5 5 5 5 5 5 5
6 6 6 6 6 6 6 6 6 6
7 7 7 7 7 7 7 7 7 7
0 0 0 0 0 0 0 0 0 0
1 1 1 1 1 1 1 1 1 1
2 2 2 2 2 2 2 2 2 2
3 3 3 3 3 3 3 3 3 3
4 4 4 4 4 4 4 4 4 4
5 5 5 5 5 5 5 5 5 5
6 6 6 6 6 6 6 6 6 6
7 7 7 7 7 7 7 7 7 7
0 0 0 0 0 0 0 0 0 0
1 1 1 1 1 1 1 1 1 1
2 2 2 2 2 2 2 2 2 2
3 3 3 3 3 3 3 3 3 3
4 4 4 4 4 4 4 4 4 4
5 5 5 5 5 5 5 5 5 5
6 6 6 6 6 6 6 6 6 6
7 7 7 7 7 7 7 7 7 7
0 0 0 0 0 0 0 0 0 0
1 1 1 1 1 1 1 1 1 1
2 2 2 2 2 2 2 2 2 2
3 3 3 3 3 3 3 3 3 3
4 4 4 4 4 4 4 4 4 4
5 5 5 5 5 5 5 5 5 5
6 6 6 6 6 6 6 6 6 6
7 7 7 7 7 7 7 7 7 7
0 0 0 0 0 0 0 0 0 0
1 1 1 1 1 1 1 1 1 1
2 2 2 2 2 2 2 2 2 2
3 3 3 3 3 3 3 3 3 3
4 4 4 4 4 4 4 4 4 4
5 5 5 5 5 5 5 5 5 5
6 6 6 6 6 6 6 6 6 6
7 7 7 7 7 7 7 7 7 7
0 0 0 0 0 0 0 0 0 0
1 1 1 1 1 1 1 1 1 1
2 2 2 2 2 2 2 2 2 2
3 3 3 3 3 3 3 3 3 3
7 2 4 6 7 5 5 2 4 3
15 12 15 15 14 10 15 10 13 11
18 19 18 18 23 19 21 20 23 22
28 27 29 28 28 31 27 27 30 31
34 37 39 39 35 37 39 34 34 36
44 42 47 42 42 42 42 43 43 43
55 53 52 51 52 51 51 50 53 50
59 61 63 60 59 60 59 58 58 63
6 7 4 3 6 4 5 7 5 7
13 10 13 10 15 10 14 11 15 15
20 19 20 19 21 19 20 22 20 21
27 28 30 28 29 27 31 26 28 29
34 37 34 35 37 35 38 36 36 35
43 44 45 44 45 44 45 44 43 44
52 55 52 54 54 52 50 52 52 51
59 59 58 63 60 63 63 59 62 63
6 5 2 4 5 7 5 5 3 5
13 11 14 15 13 12 13 14 12 14
19 20 23 22 20 19 19 18 21 19
31 28 31 31 27 28 30 30 28 28
38 34 38 38 35 38 37 38 36 34
43 45 46 43 44 45 47 46 43 44
51 52 52 51 55 53 50 50 51 53
60 58 61 63 62 59 62 60 59 61
5 3 7 7 2 5 2 4 3 5
13 12 11 15 15 14 12 10 13 15
22 21 22 21 22 20 22 19 18 20
30 31 31 27 30 28 31 27 28 28
36 36 37 39 34 35 39 35 38 36
42 47 44 44 46 45 45 42 43 46
54 52 50 53 53 50 52 54 54 53
62 58 59 60 63 59 63 63 63 59
7 2 5 2 5 4 7 3 4 4
13 14 13 14 10 13 10 10 10 11
22 23 21 22 20 21 22 23 21 19
28 29 27 29 31 29 31 29 28 30
34 37 35 34 36 36 35 36 34 37
44 42 47 43 47 46 47 45 44 44
52 55 54 54 54 50 54 54 50 54
59 62 63 62 60 58 58 63 58 60
5 6 2 5 6 7 2 2 7 4
15 13 14 13 12 15 12 13 11 13
21 18 23 18 19 22 18 21 20 23
27 28 26 26 28 26 31 29 27 27
34 38 37 34 38 37 39 36 34 38
45 46 45 45 42 45 43 42 45 46
53 52 51 54 53 54 51 50 54 50
61 61 58 61 62 63 60 60 61 61
5 5 6 2 3 5 2 2 4 3
11 13 13 13 13 14 11 11 15 15
23 21 20 23 18 23 18 18 22 19
27 28 31 31 28 27 30 29 26 28
38 35 38 37 36 39 38 39 38 37
45 47 45 42 45 42 47 46 47 45
50 52 52 53 52 50 54 52 54 51
60 61 61 62 59 60 62 62 63 62
2 6 7 4 3 2 5 5 3 6
10 12 15 10 13 11 11 10 14 13
20 21 21 19 21 19 22 20 22 23
27 27 31 31 28 31 26 27 26 26
34 38 35 38 34 37 38 38 38 36
45 46 45 45 47 45 45 47 44 43
55 52 54 55 51 54 55 51 52 54
60 61 61 61 62 62 60 63 62 63
5 7 7 5 7 4 3 2 7 4
14 10 14 15 12 14 14 11 13 15
22 18 20 21 19 22 20 18 18 23
28 26 26 26 27 30 26 27 26 31
38 37 36 35 36 39 36 35 37 39
46 42 42 45 42 47 44 45 47 47
52 51 50 50 55 53 53 53 53 51
63 61 60 61 63 60 62 59 63 58
2 2 2 5 5 6 5 4 2 6
14 13 12 13 13 12 11 14 11 10
21 20 23 19 19 20 22 22 21 22
28 27 27 30 26 28 27 26 27 28
35 36 38 35 37 36 35 37 39 38
44 46 44 44 45 43 46 44 47 45
54 52 52 50 51 50 54 54 54 55
60 62 62 63 61 62 60 58 59 62
5 5 2 4 2 3 7 2 3 3
10 10 14 13 10 13 14 10 14 15
19 21 19 22 21 18 21 20 21 18
31 28 29 30 30 30 29 30 26 26
35 35 38 39 34 34 34 35 37 38
44 47 47 47 42 45 43 44 42 46
51 52 55 51 52 53 52 55 55 54
59 62 58 60 59 62 62 62 62 61
7 4 4 5 2 6 2 4 7 6
15 15 10 14 11 12 15 15 11 12
21 19 22 22 23 22 21 23 18 23
26 30 29 30 30 26 26 28 31 29
39 37 37 34 35 34 35 37 37 36
44 42 46 46 47 45 42 42 45 42
55 54 55 53 50 51 51 54 51 55
61 58 62 62 61 62 58 60 61 61
7 7 2 4 3 2 2 6 2 7
12 10 15 11 10 14 13 12 13 10
23 21 21 22 20 21 21 21 21 23
31 27 28 27 27 30 29 28 26 31
