0 0 0 0 0 0 0 0 0 0 0 0 0 0 0 0
1 1 1 1 1 1 1 1 1 1 1 1 1 1 1 1
2 2 2 2 2 2 2 2 2 2 2 2 2 2 2 2
3 3 3 3 3 3 3 3 3 3 3 3 3 3 3 3
4 4 4 4 4 4 4 4 4 4 4 4 4 4 4 4
5 5 5 5 5 5 5 5 5 5 5 5 5 5 5 5
6 6 6 6 6 6 6 6 6 6 6 6 6 6 6 6
7 7 7 7 7 7 7 7 7 7 7 7 7 7 7 7
0 0 0 0 0 0 0 0 0 0 0 0 0 0 0 0
1 1 1 1 1 1 1 1 1 1 1 1 1 1 1 1
2 2 2 2 2 2 2 2 2 2 2 2 2 2 2 2
3 3 3 3 3 3 3 3 3 3 3 3 3 3 3 3
4 4 4 4 4 4 4 4 4 4 4 4 4 4 4 4
5 5 5 5 5 5 5 5 5 5 5 5 5 5 5 5
6 6 6 6 6 6 6 6 6 6 6 6 6 6 6 6
7 7 7 7 7 7 7 7 7 7 7 7 7 7 7 7
3 3 5 2 4 6 7 2 4 2 5 5 6 4 2 6
11 11 15 12 11 13 12 12 10 15 14 13 14 11 14 11
22 20 19 23 21 23 19 19 19 23 19 18 22 20 22 19
30 26 31 28 28 27 27 28 28 27 26 29 28 27 31 27
37 37 37 36 38 38 37 35 38 37 36 36 34 38 34 34
44 42 43 42 43 43 43 42 47 46 43 45 47 43 42 44
52 55 52 53 53 50 54 51 51 53 50 51 52 50 54 52
59 63 63 63 63 61 58 59 60 63 62 59 63 59 60 60
3 2 2 6 2 3 5 4 5 4 2 7 6 7 7 3
12 14 10 13 10 12 11 11 14 12 15 13 10 12 14 12
22 19 21 21 18 21 22 21 19 18 20 19 19 19 22 18
29 27 28 29 27 30 27 27 27 29 29 26 29 30 28 31
37 39 34 35 34 37 38 34 38 37 38 35 37 38 34 35
46 46 45 45 44 43 42 44 42 44 43 46 45 43 44 43
55 50 53 50 52 50 55 51 55 53 51 51 55 51 50 52
58 61 61 63 61 63 62 59 60 62 60 59 61 59 63 60
