0 0 0 0 0 0 0 0 0 0
1 1 1 1 1 1 1 1 1 1
2 2 2 2 2 2 2 2 2 2
3 3 3 3 3 3 3 3 3 3
4 4 4 4 4 4 4 4 4 4
5 5 5 5 5 5 5 5 5 5
6 6 6 6 6 6 6 6 6 6
7 7 7 7 7 7 7 7 7 7
0 0 0 0 0 0 0 0 0 0
1 1 1 1 1 1 1 1 1 1
2 2 2 2 2 2 2 2 2 2
3 3 3 3 3 3 3 3 3 3
4 4 4 4 4 4 4 4 4 4
5 5 5 5 5 5 5 5 5 5
6 6 6 6 6 6 6 6 6 6
7 7 7 7 7 7 7 7 7 7
0 0 0 0 0 0 0 0 0 0
1 1 1 1 1 1 1 1 1 1
2 2 2 2 2 2 2 2 2 2
3 3 3 3 3 3 3 3 3 3
4 4 4 4 4 4 4 4 4 4
5 5 5 5 5 5 5 5 5 5
6 6 6 6 6 6 6 6 6 6
7 7 7 7 7 7 7 7 7 7
0 0 0 0 0 0 0 0 0 0
1 1 1 1 1 1 1 1 1 1
2 2 2 2 2 2 2 2 2 2
3 3 3 3 3 3 3 3 3 3
4 4 4 4 4 4 4 4 4 4
5 5 5 5 5 5 5 5 5 5
6 6 6 6 6 6 6 6 6 6
7 7 7 7 7 7 7 7 7 7
0 0 0 0 0 0 0 0 0 0
1 1 1 1 1 1 1 1 1 1
2 2 2 2 2 2 2 2 2 2
3 3 3 3 3 3 3 3 3 3
4 4 4 4 4 4 4 4 4 4
5 5 5 5 5 5 5 5 5 5
6 6 6 6 6 6 6 6 6 6
7 7 7 7 7 7 7 7 7 7
0 0 0 0 0 0 0 0 0 0
1 1 1 1 1 1 1 1 1 1
2 2 2 2 2 2 2 2 2 2
3 3 3 3 3 3 3 3 3 3
4 4 4 4 4 4 4 4 4 4
5 5 5 5 5 5 5 5 5 5
6 6 6 6 6 6 6 6 6 6
7 7 7 7 7 7 7 7 7 7
0 0 0 0 0 0 0 0 0 0
1 1 1 1 1 1 1 1 1 1
2 2 2 2 2 2 2 2 2 2
3 3 3 3 3 3 3 3 3 3
4 4 4 4 4 4 4 4 4 4
5 5 5 5 5 5 5 5 5 5
6 6 6 6 6 6 6 6 6 6
7 7 7 7 7 7 7 7 7 7
0 0 0 0 0 0 0 0 0 0
1 1 1 1 1 1 1 1 1 1
2 2 2 2 2 2 2 2 2 2
3 3 3 3 3 3 3 3 3 3
4 4 4 4 4 4 4 4 4 4
5 5 5 5 5 5 5 5 5 5
6 6 6 6 6 6 6 6 6 6
7 7 7 7 7 7 7 7 7 7
0 0 0 0 0 0 0 0 0 0
1 1 1 1 1 1 1 1 1 1
2 2 2 2 2 2 2 2 2 2
3 3 3 3 3 3 3 3 3 3
4 4 4 4 4 4 4 4 4 4
5 5 5 5 5 5 5 5 5 5
6 6 6 6 6 6 6 6 6 6
7 7 7 7 7 7 7 7 7 7
0 0 0 0 0 0 0 0 0 0
1 1 1 1 1 1 1 1 1 1
2 2 2 2 2 2 2 2 2 2
3 3 3 3 3 3 3 3 3 3
4 4 4 4 4 4 4 4 4 4
5 5 5 5 5 5 5 5 5 5
6 6 6 6 6 6 6 6 6 6
7 7 7 7 7 7 7 7 7 7
0 0 0 0 0 0 0 0 0 0
1 1 1 1 1 1 1 1 1 1
2 2 2 2 2 2 2 2 2 2
3 3 3 3 3 3 3 3 3 3
4 4 4 4 4 4 4 4 4 4
5 5 5 5 5 5 5 5 5 5
6 6 6 6 6 6 6 6 6 6
7 7 7 7 7 7 7 7 7 7
0 0 0 0 0 0 0 0 0 0
1 1 1 1 1 1 1 1 1 1
2 2 2 2 2 2 2 2 2 2
3 3 3 3 3 3 3 3 3 3
4 4 4 4 4 4 4 4 4 4
5 5 5 5 5 5 5 5 5 5
6 6 6 6 6 6 6 6 6 6
7 7 7 7 7 7 7 7 7 7
0 0 0 0 0 0 0 0 0 0
1 1 1 1 1 1 1 1 1 1
2 2 2 2 2 2 2 2 2 2
3 3 3 3 3 3 3 3 3 3
3 4 6 7 4 7 5 7 3 3
14 14 12 15 14 12 14 12 13 12
21 20 21 19 21 21 20 20 22 20
30 30 27 28 30 28 30 26 26 31
37 35 38 36 36 38 39 37 36 39
43 44 46 45 46 44 45 47 46 42
55 50 51 55 54 55 51 54 54 54
58 63 61 62 59 60 58 61 63 62
6 3 6 7 6 4 5 5 2 3
13 13 12 10 10 12 12 13 14 14
21 20 22 21 18 18 19 20 19 19
31 27 26 31 30 30 30 29 30 26
37 34 39 36 38 39 38 34 39 38
45 43 45 45 47 42 47 44 45 43
51 55 54 51 55 50 51 50 52 50
61 60 59 62 61 60 60 60 59 62
7 5 4 2 4 4 4 7 4 5
10 12 12 14 13 10 10 14 12 14
18 20 22 19 22 23 18 22 21 19
26 29 30 29 31 29 31 30 28 30
35 37 34 35 35 36 38 36 35 37
43 47 44 43 43 44 45 45 43 46
55 51 53 51 53 54 53 54 52 52
62 58 61 61 60 61 59 59 60 60
5 3 6 2 6 2 7 5 7 3
13 11 10 10 10 12 10 13 13 12
22 21 23 22 18 18 20 23 23 20
28 26 26 31 31 27 31 28 31 29
39 38 34 38 37 38 35 37 37 37
45 44 44 42 46 44 44 43 43 43
55 51 54 53 50 50 54 51 52 55
61 58 58 62 61 63 60 63 63 60
5 6 7 6 6 5 6 6 7 6
10 10 12 15 13 11 15 13 15 14
18 22 20 20 20 18 22 23 21 22
27 30 29 27 29 28 29 27 31 30
36 36 36 37 37 39 36 36 39 38
47 42 44 43 47 44 43 46 47 42
55 51 52 51 55 52 50 50 52 54
61 58 59 63 58 62 60 58 58 61
7 2 7 4 2 4 3 5 6 4
12 15 14 12 14 15 10 10 10 15
20 21 20 22 21 19 21 23 21 18
29 30 29 28 27 27 26 30 27 27
38 35 36 39 38 36 36 35 36 37
44 42 46 45 42 46 47 45 47 46
51 52 54 51 51 50 54 52 55 51
60 62 63 63 59 61 63 61 63 62
3 2 7 3 2 4 3 6 4 7
13 10 13 14 12 12 10 11 14 12
21 22 20 23 19 20 23 23 22 20
31 27 31 28 26 31 27 29 31 31
36 34 34 35 36 39 35 35 39 39
47 46 44 44 44 42 44 42 46 46
53 52 52 54 50 55 50 50 53 52
62 62 62 60 61 60 63 59 61 63
6 3 2 5 3 5 3 2 7 5
12 12 13 10 15 15 15 13 13 11
19 19 21 23 21 22 18 22 22 23
29 27 26 28 31 29 26 28 30 27
37 36 37 38 39 36 38 36 36 38
42 47 43 44 46 47 43 45 47 46
50 50 55 52 53 54 51 53 50 52
58 61 61 61 59 60 59 60 63 60
4 5 6 7 2 3 5 2 5 5
11 14 15 10 13 12 11 10 15 12
21 18 20 20 19 23 22 19 18 23
31 28 27 29 29 30 26 29 28 28
36 35 35 34 39 36 39 34 39 36
44 44 43 44 45 43 44 42 46 45
55 53 52 52 53 53 53 53 52 52
61 62 63 61 63 58 61 61 62 61
6 4 7 4 4 5 2 5 2 7
10 11 11 13 14 15 12 14 15 15
22 18 19 19 21 19 20 19 21 23
31 27 30 27 30 29 28 29 31 30
35 38 37 38 36 37 38 35 39 34
47 42 47 45 46 47 45 42 45 43
52 50 55 53 54 55 50 54 52 50
61 60 62 60 60 60 60 60 63 60
7 4 5 6 2 3 6 5 5 5
11 10 14 12 12 10 12 13 11 12
21 20 18 19 20 21 20 22 23 23
27 27 26 26 27 26 27 28 31 28
39 38 34 39 36 38 39 35 36 37
43 43 42 47 45 44 44 45 44 42
53 52 54 55 50 51 51 52 54 55
63 61 62 58 59 58 62 58 61 59
2 2 7 2 2 6 4 3 3 3
13 10 12 13 15 15 13 13 10 10
23 18 21 18 23 20 20 20 23 22
26 27 26 27 30 26 26 28 31 31
34 37 34 38 34 35 35 37 36 36
45 42 45 46 46 45 43 47 46 47
50 55 52 50 52 51 50 52 55 51
63 63 61 62 62 63 61 61 58 60
4 6 2 2 3 5 7 3 7 5
11 14 15 13 10 10 15 11 12 15
20 18 23 23 22 22 21 21 21 21
26 30 28 29 28 31 30 31 31 28
