0 0 0 0 0 0 0 0 0 0 0 0 0 0 0 0
1 1 1 1 1 1 1 1 1 1 1 1 1 1 1 1
2 2 2 2 2 2 2 2 2 2 2 2 2 2 2 2
3 3 3 3 3 3 3 3 3 3 3 3 3 3 3 3
4 4 4 4 4 4 4 4 4 4 4 4 4 4 4 4
5 5 5 5 5 5 5 5 5 5 5 5 5 5 5 5
6 6 6 6 6 6 6 6 6 6 6 6 6 6 6 6
7 7 7 7 7 7 7 7 7 7 7 7 7 7 7 7
0 0 0 0 0 0 0 0 0 0 0 0 0 0 0 0
1 1 1 1 1 1 1 1 1 1 1 1 1 1 1 1
2 2 2 2 2 2 2 2 2 2 2 2 2 2 2 2
3 3 3 3 3 3 3 3 3 3 3 3 3 3 3 3
4 4 4 4 4 4 4 4 4 4 4 4 4 4 4 4
5 5 5 5 5 5 5 5 5 5 5 5 5 5 5 5
6 6 6 6 6 6 6 6 6 6 6 6 6 6 6 6
7 7 7 7 7 7 7 7 7 7 7 7 7 7 7 7
7 3 5 6 2 7 5 2 4 2 4 4 2 6 7 2
13 12 11 14 15 13 15 15 15 15 14 13 10 13 12 11
22 19 21 21 22 21 19 23 23 19 20 23 19 21 22 19
29 30 28 31 31 27 29 31 26 28 28 26 28 31 29 30
34 39 34 38 39 36 39 39 38 39 36 34 38 38 39 34
44 42 46 44 42 46 47 45 47 43 47 45 42 45 42 42
50 54 54 51 51 50 53 52 51 51 50 55 52 53 55 51
58 59 58 63 58 59 63 63 59 58 63 60 59 59 58 58
2 2 2 2 3 6 4 4 5 6 3 7 3 2 3 3
10 13 13 12 15 10 12 15 12 12 10 12 12 12 12 10
21 22 22 19 23 18 21 23 21 21 20 18 21 20 21 20
28 27 28 31 28 29 30 26 30 27 29 29 27 26 28 30
38 36 37 36 39 35 38 34 38 36 36 38 34 35 39 39
47 42 43 44 45 46 47 45 44 42 43 45 43 44 43 44
52 50 50 54 53 54 54 53 55 55 51 52 50 53 55 51
58 61 60 59 60 63 62 63 61 58 62 60 60 58 58 60
