0 0 0 0 0 0 0 0 0 0
1 1 1 1 1 1 1 1 1 1
2 2 2 2 2 2 2 2 2 2
3 3 3 3 3 3 3 3 3 3
4 4 4 4 4 4 4 4 4 4
5 5 5 5 5 5 5 5 5 5
6 6 6 6 6 6 6 6 6 6
7 7 7 7 7 7 7 7 7 7
0 0 0 0 0 0 0 0 0 0
1 1 1 1 1 1 1 1 1 1
2 2 2 2 2 2 2 2 2 2
3 3 3 3 3 3 3 3 3 3
4 4 4 4 4 4 4 4 4 4
5 5 5 5 5 5 5 5 5 5
6 6 6 6 6 6 6 6 6 6
7 7 7 7 7 7 7 7 7 7
0 0 0 0 0 0 0 0 0 0
1 1 1 1 1 1 1 1 1 1
2 2 2 2 2 2 2 2 2 2
3 3 3 3 3 3 3 3 3 3
4 4 4 4 4 4 4 4 4 4
5 5 5 5 5 5 5 5 5 5
6 6 6 6 6 6 6 6 6 6
7 7 7 7 7 7 7 7 7 7
0 0 0 0 0 0 0 0 0 0
1 1 1 1 1 1 1 1 1 1
2 2 2 2 2 2 2 2 2 2
3 3 3 3 3 3 3 3 3 3
4 4 4 4 4 4 4 4 4 4
5 5 5 5 5 5 5 5 5 5
6 6 6 6 6 6 6 6 6 6
7 7 7 7 7 7 7 7 7 7
0 0 0 0 0 0 0 0 0 0
1 1 1 1 1 1 1 1 1 1
2 2 2 2 2 2 2 2 2 2
3 3 3 3 3 3 3 3 3 3
4 4 4 4 4 4 4 4 4 4
5 5 5 5 5 5 5 5 5 5
6 6 6 6 6 6 6 6 6 6
7 7 7 7 7 7 7 7 7 7
0 0 0 0 0 0 0 0 0 0
1 1 1 1 1 1 1 1 1 1
2 2 2 2 2 2 2 2 2 2
3 3 3 3 3 3 3 3 3 3
4 4 4 4 4 4 4 4 4 4
5 5 5 5 5 5 5 5 5 5
6 6 6 6 6 6 6 6 6 6
7 7 7 7 7 7 7 7 7 7
0 0 0 0 0 0 0 0 0 0
1 1 1 1 1 1 1 1 1 1
2 2 2 2 2 2 2 2 2 2
3 3 3 3 3 3 3 3 3 3
4 4 4 4 4 4 4 4 4 4
5 5 5 5 5 5 5 5 5 5
6 6 6 6 6 6 6 6 6 6
7 7 7 7 7 7 7 7 7 7
0 0 0 0 0 0 0 0 0 0
1 1 1 1 1 1 1 1 1 1
2 2 2 2 2 2 2 2 2 2
3 3 3 3 3 3 3 3 3 3
4 4 4 4 4 4 4 4 4 4
5 5 5 5 5 5 5 5 5 5
6 6 6 6 6 6 6 6 6 6
7 7 7 7 7 7 7 7 7 7
0 0 0 0 0 0 0 0 0 0
1 1 1 1 1 1 1 1 1 1
2 2 2 2 2 2 2 2 2 2
3 3 3 3 3 3 3 3 3 3
4 4 4 4 4 4 4 4 4 4
5 5 5 5 5 5 5 5 5 5
6 6 6 6 6 6 6 6 6 6
7 7 7 7 7 7 7 7 7 7
0 0 0 0 0 0 0 0 0 0
1 1 1 1 1 1 1 1 1 1
2 2 2 2 2 2 2 2 2 2
3 3 3 3 3 3 3 3 3 3
4 4 4 4 4 4 4 4 4 4
5 5 5 5 5 5 5 5 5 5
6 6 6 6 6 6 6 6 6 6
7 7 7 7 7 7 7 7 7 7
0 0 0 0 0 0 0 0 0 0
1 1 1 1 1 1 1 1 1 1
2 2 2 2 2 2 2 2 2 2
3 3 3 3 3 3 3 3 3 3
4 4 4 4 4 4 4 4 4 4
5 5 5 5 5 5 5 5 5 5
6 6 6 6 6 6 6 6 6 6
7 7 7 7 7 7 7 7 7 7
0 0 0 0 0 0 0 0 0 0
1 1 1 1 1 1 1 1 1 1
2 2 2 2 2 2 2 2 2 2
3 3 3 3 3 3 3 3 3 3
4 4 4 4 4 4 4 4 4 4
5 5 5 5 5 5 5 5 5 5
6 6 6 6 6 6 6 6 6 6
7 7 7 7 7 7 7 7 7 7
0 0 0 0 0 0 0 0 0 0
1 1 1 1 1 1 1 1 1 1
2 2 2 2 2 2 2 2 2 2
3 3 3 3 3 3 3 3 3 3
7 7 3 3 7 2 2 5 6 6
13 11 14 12 12 15 11 10 15 14
19 22 21 23 19 22 20 18 19 23
26 31 30 29 30 31 30 27 31 28
34 35 38 36 39 37 37 38 37 38
47 43 42 47 47 45 45 45 47 46
55 55 53 52 55 51 53 54 52 55
58 59 59 61 61 63 60 60 61 58
3 4 6 6 3 6 7 6 7 6
14 14 14 15 13 12 12 13 15 14
18 23 20 22 20 23 22 18 19 23
30 26 27 27 29 30 29 26 29 28
39 34 39 37 34 38 36 34 35 38
43 45 44 43 45 47 44 43 42 44
53 50 54 53 51 52 50 55 53 52
58 59 59 62 58 63 60 62 61 62
6 6 3 7 7 3 3 6 7 4
15 12 13 14 12 11 13 13 13 11
20 23 19 20 19 22 20 23 21 20
27 29 30 26 29 30 27 27 30 28
38 36 39 37 37 39 35 34 34 37
46 44 47 42 46 45 43 44 42 45
52 53 52 52 53 50 54 53 51 53
59 63 59 59 60 62 61 61 62 60
7 5 4 3 7 6 7 7 4 2
15 14 11 13 15 12 14 10 11 11
21 19 19 19 18 21 21 18 20 20
27 26 27 27 28 27 30 31 29 30
37 34 35 36 35 38 39 38 38 34
43 44 43 43 42 42 42 44 42 46
53 54 50 50 55 51 54 52 53 55
61 59 61 58 60 63 61 59 62 59
6 4 5 7 6 5 7 5 2 6
10 11 15 11 12 10 11 10 15 11
20 21 21 21 23 20 18 22 19 19
30 30 29 31 30 30 28 30 29 27
35 38 36 36 38 35 38 35 38 38
42 42 47 42 47 46 47 44 42 42
51 55 54 54 51 53 53 51 53 50
60 60 60 61 60 63 63 62 59 58
3 2 7 2 4 4 4 2 3 3
11 13 11 14 10 15 12 15 13 15
23 23 21 18 19 21 18 22 22 22
27 27 29 31 29 29 31 27 30 26
34 39 37 36 35 37 37 38 39 35
43 42 43 44 47 43 45 42 43 46
50 52 53 55 55 55 52 52 50 51
62 58 58 63 63 63 58 62 62 61
4 6 5 5 4 4 3 6 3 7
14 13 15 11 10 11 14 13 14 13
20 19 20 19 23 21 22 20 21 19
27 30 26 26 28 31 27 27 27 27
39 35 35 37 36 38 37 37 38 38
42 44 47 42 46 46 42 46 43 45
50 53 53 54 54 53 52 52 55 51
59 62 59 60 60 61 60 63 62 62
7 4 2 7 5 4 2 4 5 4
13 15 10 12 13 13 11 12 12 13
19 23 23 20 19 23 20 19 21 23
31 31 31 30 26 28 28 27 30 31
37 35 39 34 38 37 37 36 34 38
42 42 46 45 45 47 42 43 43 46
52 55 50 51 54 55 54 51 53 53
58 61 61 60 60 62 63 62 61 59
4 7 5 3 7 5 7 4 6 6
15 10 15 15 15 11 13 10 13 13
21 19 22 20 19 23 20 19 22 20
30 30 26 28 28 28 26 27 26 26
38 39 36 36 34 35 38 34 39 35
45 42 47 46 43 43 46 42 45 44
51 52 52 52 54 54 54 50 51 52
63 61 60 62 60 60 61 59 59 61
3 2 5 2 5 3 7 3 5 6
13 15 13 13 12 14 15 13 14 10
19 22 23 20 22 18 18 19 19 22
27 30 28 30 28 28 30 31 27 28
36 35 37 37 35 34 38 34 34 35
46 45 44 42 42 44 44 44 45 42
52 53 50 50 50 50 50 51 53 51
60 63 59 59 63 59 63 62 58 63
5 2 6 7 7 5 7 6 6 6
10 14 10 11 10 13 10 11 11 13
21 18 23 18 23 20 19 18 21 19
28 27 29 27 26 27 28 27 26 31
36 39 34 36 35 38 39 39 38 38
47 44 46 47 42 46 42 44 43 45
55 54 51 52 54 52 55 54 52 53
60 63 63 61 60 60 59 63 60 62
5 3 5 5 5 5 2 2 5 5
12 10 12 14 11 15 12 14 10 15
18 18 20 20 21 22 20 23 18 20
26 28 27 28 30 26 27 28 27 30
35 37 39 37 35 34 39 36 39 34
42 46 46 45 45 45 44 47 42 42
54 52 50 55 53 55 54 50 52 53
62 60 61 61 58 58 60 62 59 63
3 4 3 6 7 7 2 6 7 5
13 10 13 11 15 14 13 11 15 11
20 23 20 23 19 21 21 19 18 20
27 27 29 29 31 27 30 26 29 27
