0 0 0 0 0 0 0 0 0 0
1 1 1 1 1 1 1 1 1 1
2 2 2 2 2 2 2 2 2 2
3 3 3 3 3 3 3 3 3 3
4 4 4 4 4 4 4 4 4 4
5 5 5 5 5 5 5 5 5 5
6 6 6 6 6 6 6 6 6 6
7 7 7 7 7 7 7 7 7 7
0 0 0 0 0 0 0 0 0 0
1 1 1 1 1 1 1 1 1 1
2 2 2 2 2 2 2 2 2 2
3 3 3 3 3 3 3 3 3 3
4 4 4 4 4 4 4 4 4 4
5 5 5 5 5 5 5 5 5 5
6 6 6 6 6 6 6 6 6 6
7 7 7 7 7 7 7 7 7 7
0 0 0 0 0 0 0 0 0 0
1 1 1 1 1 1 1 1 1 1
2 2 2 2 2 2 2 2 2 2
3 3 3 3 3 3 3 3 3 3
4 4 4 4 4 4 4 4 4 4
5 5 5 5 5 5 5 5 5 5
6 6 6 6 6 6 6 6 6 6
7 7 7 7 7 7 7 7 7 7
0 0 0 0 0 0 0 0 0 0
1 1 1 1 1 1 1 1 1 1
2 2 2 2 2 2 2 2 2 2
3 3 3 3 3 3 3 3 3 3
4 4 4 4 4 4 4 4 4 4
5 5 5 5 5 5 5 5 5 5
6 6 6 6 6 6 6 6 6 6
7 7 7 7 7 7 7 7 7 7
0 0 0 0 0 0 0 0 0 0
1 1 1 1 1 1 1 1 1 1
2 2 2 2 2 2 2 2 2 2
3 3 3 3 3 3 3 3 3 3
4 4 4 4 4 4 4 4 4 4
5 5 5 5 5 5 5 5 5 5
6 6 6 6 6 6 6 6 6 6
7 7 7 7 7 7 7 7 7 7
0 0 0 0 0 0 0 0 0 0
1 1 1 1 1 1 1 1 1 1
2 2 2 2 2 2 2 2 2 2
3 3 3 3 3 3 3 3 3 3
4 4 4 4 4 4 4 4 4 4
5 5 5 5 5 5 5 5 5 5
6 6 6 6 6 6 6 6 6 6
7 7 7 7 7 7 7 7 7 7
0 0 0 0 0 0 0 0 0 0
1 1 1 1 1 1 1 1 1 1
2 2 2 2 2 2 2 2 2 2
3 3 3 3 3 3 3 3 3 3
4 4 4 4 4 4 4 4 4 4
5 5 5 5 5 5 5 5 5 5
6 6 6 6 6 6 6 6 6 6
7 7 7 7 7 7 7 7 7 7
0 0 0 0 0 0 0 0 0 0
1 1 1 1 1 1 1 1 1 1
2 2 2 2 2 2 2 2 2 2
3 3 3 3 3 3 3 3 3 3
4 4 4 4 4 4 4 4 4 4
5 5 5 5 5 5 5 5 5 5
6 6 6 6 6 6 6 6 6 6
7 7 7 7 7 7 7 7 7 7
0 0 0 0 0 0 0 0 0 0
1 1 1 1 1 1 1 1 1 1
2 2 2 2 2 2 2 2 2 2
3 3 3 3 3 3 3 3 3 3
4 4 4 4 4 4 4 4 4 4
5 5 5 5 5 5 5 5 5 5
6 6 6 6 6 6 6 6 6 6
7 7 7 7 7 7 7 7 7 7
0 0 0 0 0 0 0 0 0 0
1 1 1 1 1 1 1 1 1 1
2 2 2 2 2 2 2 2 2 2
3 3 3 3 3 3 3 3 3 3
4 4 4 4 4 4 4 4 4 4
5 5 5 5 5 5 5 5 5 5
6 6 6 6 6 6 6 6 6 6
7 7 7 7 7 7 7 7 7 7
0 0 0 0 0 0 0 0 0 0
1 1 1 1 1 1 1 1 1 1
2 2 2 2 2 2 2 2 2 2
3 3 3 3 3 3 3 3 3 3
4 4 4 4 4 4 4 4 4 4
5 5 5 5 5 5 5 5 5 5
6 6 6 6 6 6 6 6 6 6
7 7 7 7 7 7 7 7 7 7
0 0 0 0 0 0 0 0 0 0
1 1 1 1 1 1 1 1 1 1
2 2 2 2 2 2 2 2 2 2
3 3 3 3 3 3 3 3 3 3
4 4 4 4 4 4 4 4 4 4
5 5 5 5 5 5 5 5 5 5
6 6 6 6 6 6 6 6 6 6
7 7 7 7 7 7 7 7 7 7
0 0 0 0 0 0 0 0 0 0
1 1 1 1 1 1 1 1 1 1
2 2 2 2 2 2 2 2 2 2
3 3 3 3 3 3 3 3 3 3
2 4 4 2 2 5 2 7 6 7
12 15 15 15 11 15 14 10 13 14
18 21 18 19 21 21 21 18 22 20
30 30 26 29 31 29 30 26 28 29
37 38 34 38 37 39 37 36 34 34
46 42 46 47 42 43 47 45 46 44
54 54 52 50 54 54 51 54 51 50
60 58 60 62 63 60 62 61 60 62
6 7 5 2 6 7 4 7 3 4
14 12 15 12 14 10 10 12 12 15
18 20 19 21 19 19 23 22 22 22
26 27 31 28 31 28 31 27 30 26
37 39 35 38 38 37 39 35 37 38
44 43 44 42 44 44 45 45 43 44
50 53 53 55 51 54 52 50 50 51
63 61 58 58 63 60 63 63 60 59
3 7 6 5 6 3 2 7 4 6
10 12 10 14 15 11 15 11 10 15
23 21 18 21 21 20 23 21 18 22
28 27 26 30 29 29 26 27 26 28
35 38 36 34 35 37 34 35 34 36
45 42 45 42 47 44 44 47 46 44
52 54 52 52 51 50 50 52 52 55
62 62 60 62 62 58 63 62 61 63
3 4 3 2 4 5 3 4 2 4
10 15 15 12 15 10 12 13 15 11
20 21 23 18 19 18 22 21 19 19
31 26 31 27 29 26 26 26 27 27
34 35 35 38 38 35 39 37 37 38
46 43 45 47 43 47 44 43 42 43
55 52 52 54 50 54 53 55 50 53
63 59 61 63 58 59 59 59 62 63
2 6 7 5 7 5 7 6 7 5
12 13 12 10 15 10 13 12 11 11
22 22 19 22 23 19 22 23 21 18
26 28 26 29 27 28 31 29 31 30
34 36 37 36 36 36 36 34 36 39
44 46 45 47 42 46 42 43 44 47
51 54 55 52 52 54 52 53 53 55
63 61 63 62 63 63 61 59 59 60
6 4 2 3 2 4 5 6 7 5
15 15 15 14 15 15 13 12 11 13
20 18 18 22 22 23 22 19 22 20
28 28 27 28 27 29 30 30 28 31
38 39 39 34 35 37 37 37 38 39
45 47 44 44 44 47 46 43 46 42
53 54 55 55 51 50 52 54 51 55
59 60 58 58 59 63 61 63 60 58
5 7 4 7 5 6 2 3 6 5
15 15 10 11 13 12 15 11 12 13
23 22 18 21 20 22 21 23 23 21
29 30 27 29 29 29 29 26 27 30
35 35 35 34 35 36 36 35 39 35
44 43 46 45 43 46 43 42 45 45
53 54 54 54 51 55 54 52 51 52
58 63 61 62 58 59 58 62 60 59
6 4 3 3 3 2 3 2 4 5
15 13 13 15 11 12 13 15 12 11
23 20 19 22 22 23 19 21 19 21
30 30 26 26 26 31 29 29 26 27
38 38 34 36 38 34 34 37 37 35
46 44 46 42 44 46 43 44 47 47
52 55 54 53 55 53 55 51 53 53
63 61 59 58 60 61 58 60 58 62
7 6 6 6 7 6 7 7 6 3
10 10 12 11 15 11 15 15 12 11
23 20 19 18 22 19 21 23 21 18
29 30 28 31 30 31 28 28 31 29
39 35 37 39 39 34 37 34 35 38
46 46 46 43 46 42 42 44 43 47
50 51 54 55 53 53 50 52 53 54
58 59 61 63 59 63 62 63 58 59
2 6 3 2 7 3 6 5 4 7
13 15 10 14 14 10 14 13 12 10
22 19 18 21 19 18 18 22 21 18
28 27 30 29 26 29 27 26 30 26
39 35 36 37 34 38 34 35 34 34
47 43 46 42 43 47 42 43 46 44
55 54 55 54 55 50 54 51 50 55
60 58 63 59 61 58 63 63 63 62
7 4 6 4 4 7 2 7 4 2
13 10 12 14 14 12 10 11 14 10
23 22 22 23 18 23 23 23 19 20
28 31 31 30 26 27 31 31 26 31
38 39 38 34 39 39 35 37 34 36
42 45 45 47 47 44 42 44 45 47
55 52 55 52 55 52 51 52 54 51
61 62 62 61 62 61 60 58 62 58
5 5 5 2 2 4 2 3 3 2
14 10 13 15 14 11 15 10 10 10
23 19 21 20 21 21 20 20 23 18
29 31 27 26 26 27 26 29 31 31
36 38 38 34 39 37 39 35 37 35
42 45 42 42 45 44 42 47 43 42
53 54 50 54 52 50 54 54 54 50
59 58 60 58 59 59 63 58 61 63
7 4 6 6 5 4 2 4 2 3
15 15 13 12 10 13 15 13 15 12
22 23 23 21 22 22 18 23 23 21
27 29 31 30 27 31 31 26 30 31
