0 0 0 0 0 0 0 0 0 0 0 0 0 0 0 0
1 1 1 1 1 1 1 1 1 1 1 1 1 1 1 1
2 2 2 2 2 2 2 2 2 2 2 2 2 2 2 2
3 3 3 3 3 3 3 3 3 3 3 3 3 3 3 3
4 4 4 4 4 4 4 4 4 4 4 4 4 4 4 4
5 5 5 5 5 5 5 5 5 5 5 5 5 5 5 5
6 6 6 6 6 6 6 6 6 6 6 6 6 6 6 6
7 7 7 7 7 7 7 7 7 7 7 7 7 7 7 7
0 0 0 0 0 0 0 0 0 0 0 0 0 0 0 0
1 1 1 1 1 1 1 1 1 1 1 1 1 1 1 1
2 2 2 2 2 2 2 2 2 2 2 2 2 2 2 2
3 3 3 3 3 3 3 3 3 3 3 3 3 3 3 3
4 4 4 4 4 4 4 4 4 4 4 4 4 4 4 4
5 5 5 5 5 5 5 5 5 5 5 5 5 5 5 5
6 6 6 6 6 6 6 6 6 6 6 6 6 6 6 6
7 7 7 7 7 7 7 7 7 7 7 7 7 7 7 7
4 2 5 6 3 2 4 4 3 7 2 6 7 5 5 6
13 10 13 14 12 13 10 11 15 10 14 15 15 14 15 11
19 19 23 18 23 23 21 18 21 19 20 20 18 18 20 19
29 27 30 27 28 27 31 30 26 27 31 29 29 30 29 30
34 37 39 35 35 39 37 35 35 36 34 36 35 36 34 38
47 47 44 47 42 44 42 42 45 46 45 43 42 45 43 43
51 55 54 53 55 51 52 50 54 53 51 51 55 55 53 53
61 59 58 61 62 62 60 58 61 58 61 59 60 60 62 58
4 7 4 4 6 3 3 4 7 6 2 2 6 3 4 6
13 12 10 14 14 14 15 11 10 12 13 13 13 11 15 11
23 21 21 22 23 21 18 20 19 23 22 18 18 20 18 21
27 30 30 31 31 31 28 28 26 29 27 26 29 29 28 26
36 39 34 39 36 38 38 36 39 37 34 39 35 37 35 37
47 42 42 43 47 44 47 45 45 42 46 44 42 47 46 42
50 55 53 54 55 51 55 55 51 50 52 54 55 50 53 54
62 61 62 60 58 63 63 58 63 58 62 62 59 62 59 61
