0 0 0 0 0 0 0 0 0 0
1 1 1 1 1 1 1 1 1 1
2 2 2 2 2 2 2 2 2 2
3 3 3 3 3 3 3 3 3 3
4 4 4 4 4 4 4 4 4 4
5 5 5 5 5 5 5 5 5 5
6 6 6 6 6 6 6 6 6 6
7 7 7 7 7 7 7 7 7 7
0 0 0 0 0 0 0 0 0 0
1 1 1 1 1 1 1 1 1 1
2 2 2 2 2 2 2 2 2 2
3 3 3 3 3 3 3 3 3 3
4 4 4 4 4 4 4 4 4 4
5 5 5 5 5 5 5 5 5 5
6 6 6 6 6 6 6 6 6 6
7 7 7 7 7 7 7 7 7 7
0 0 0 0 0 0 0 0 0 0
1 1 1 1 1 1 1 1 1 1
2 2 2 2 2 2 2 2 2 2
3 3 3 3 3 3 3 3 3 3
4 4 4 4 4 4 4 4 4 4
5 5 5 5 5 5 5 5 5 5
6 6 6 6 6 6 6 6 6 6
7 7 7 7 7 7 7 7 7 7
0 0 0 0 0 0 0 0 0 0
1 1 1 1 1 1 1 1 1 1
2 2 2 2 2 2 2 2 2 2
3 3 3 3 3 3 3 3 3 3
4 4 4 4 4 4 4 4 4 4
5 5 5 5 5 5 5 5 5 5
6 6 6 6 6 6 6 6 6 6
7 7 7 7 7 7 7 7 7 7
0 0 0 0 0 0 0 0 0 0
1 1 1 1 1 1 1 1 1 1
2 2 2 2 2 2 2 2 2 2
3 3 3 3 3 3 3 3 3 3
4 4 4 4 4 4 4 4 4 4
5 5 5 5 5 5 5 5 5 5
6 6 6 6 6 6 6 6 6 6
7 7 7 7 7 7 7 7 7 7
0 0 0 0 0 0 0 0 0 0
1 1 1 1 1 1 1 1 1 1
2 2 2 2 2 2 2 2 2 2
3 3 3 3 3 3 3 3 3 3
4 4 4 4 4 4 4 4 4 4
5 5 5 5 5 5 5 5 5 5
6 6 6 6 6 6 6 6 6 6
7 7 7 7 7 7 7 7 7 7
0 0 0 0 0 0 0 0 0 0
1 1 1 1 1 1 1 1 1 1
2 2 2 2 2 2 2 2 2 2
3 3 3 3 3 3 3 3 3 3
4 4 4 4 4 4 4 4 4 4
5 5 5 5 5 5 5 5 5 5
6 6 6 6 6 6 6 6 6 6
7 7 7 7 7 7 7 7 7 7
0 0 0 0 0 0 0 0 0 0
1 1 1 1 1 1 1 1 1 1
2 2 2 2 2 2 2 2 2 2
3 3 3 3 3 3 3 3 3 3
4 4 4 4 4 4 4 4 4 4
5 5 5 5 5 5 5 5 5 5
6 6 6 6 6 6 6 6 6 6
7 7 7 7 7 7 7 7 7 7
0 0 0 0 0 0 0 0 0 0
1 1 1 1 1 1 1 1 1 1
2 2 2 2 2 2 2 2 2 2
3 3 3 3 3 3 3 3 3 3
4 4 4 4 4 4 4 4 4 4
5 5 5 5 5 5 5 5 5 5
6 6 6 6 6 6 6 6 6 6
7 7 7 7 7 7 7 7 7 7
0 0 0 0 0 0 0 0 0 0
1 1 1 1 1 1 1 1 1 1
2 2 2 2 2 2 2 2 2 2
3 3 3 3 3 3 3 3 3 3
4 4 4 4 4 4 4 4 4 4
5 5 5 5 5 5 5 5 5 5
6 6 6 6 6 6 6 6 6 6
7 7 7 7 7 7 7 7 7 7
0 0 0 0 0 0 0 0 0 0
1 1 1 1 1 1 1 1 1 1
2 2 2 2 2 2 2 2 2 2
3 3 3 3 3 3 3 3 3 3
4 4 4 4 4 4 4 4 4 4
5 5 5 5 5 5 5 5 5 5
6 6 6 6 6 6 6 6 6 6
7 7 7 7 7 7 7 7 7 7
0 0 0 0 0 0 0 0 0 0
1 1 1 1 1 1 1 1 1 1
2 2 2 2 2 2 2 2 2 2
3 3 3 3 3 3 3 3 3 3
4 4 4 4 4 4 4 4 4 4
5 5 5 5 5 5 5 5 5 5
6 6 6 6 6 6 6 6 6 6
7 7 7 7 7 7 7 7 7 7
0 0 0 0 0 0 0 0 0 0
1 1 1 1 1 1 1 1 1 1
2 2 2 2 2 2 2 2 2 2
3 3 3 3 3 3 3 3 3 3
4 6 7 6 3 2 2 4 6 6
11 13 13 15 14 11 13 11 15 14
22 18 22 18 19 18 22 21 23 20
28 28 28 27 30 31 28 28 26 28
35 38 34 35 37 36 38 34 34 34
47 45 47 45 44 45 43 42 44 46
52 54 51 52 54 51 50 50 51 53
59 62 60 59 59 61 58 59 60 59
3 5 3 2 4 6 2 7 6 2
13 12 14 15 11 11 11 11 10 14
21 19 21 21 18 23 21 23 23 19
31 26 28 31 26 30 26 28 26 30
37 37 37 34 39 38 36 37 37 37
42 42 44 44 43 46 44 42 45 44
55 50 53 51 54 51 55 51 53 53
63 59 60 61 62 61 62 61 60 61
5 2 3 3 4 3 5 6 6 5
15 14 14 12 10 10 13 13 11 11
21 18 19 23 20 20 20 19 19 22
31 27 31 30 26 29 29 28 27 27
37 36 38 36 35 34 38 35 36 36
42 43 44 42 47 43 43 46 43 46
52 54 55 55 50 50 54 53 50 52
61 58 62 61 60 58 62 58 63 62
2 7 6 4 3 4 5 6 5 2
12 10 10 12 12 15 11 13 11 10
20 19 21 23 22 19 22 19 19 21
30 31 28 29 29 31 29 28 26 26
38 36 34 35 38 37 35 36 34 36
43 47 43 47 42 47 44 47 42 44
54 51 54 50 54 53 50 52 51 53
60 60 61 62 59 62 60 63 62 59
2 4 5 6 7 4 2 5 4 4
14 12 11 11 12 13 15 10 13 12
23 23 22 19 23 23 18 22 23 20
26 29 31 29 26 26 26 28 27 31
38 36 39 36 34 35 38 36 37 37
43 47 46 44 47 42 45 42 46 45
52 50 54 51 54 54 54 50 52 50
62 62 59 60 60 63 60 63 60 62
3 3 3 6 2 2 7 6 2 5
13 11 10 14 13 15 10 12 13 15
23 19 20 20 21 22 19 19 21 23
29 28 30 28 30 28 29 29 28 30
36 37 36 39 35 35 35 37 39 38
45 47 46 47 47 45 46 44 45 45
55 50 52 53 54 52 51 53 52 52
61 63 62 59 59 58 62 60 60 62
3 6 7 7 6 7 4 5 2 5
14 11 10 12 11 14 11 13 13 10
19 21 22 18 21 19 21 23 23 21
31 27 27 29 31 26 31 30 26 27
38 36 38 35 37 34 35 38 35 37
45 44 46 45 45 47 43 46 42 47
51 54 53 55 52 50 50 51 51 54
59 61 62 63 61 63 58 63 63 58
6 7 7 2 7 3 7 5 6 2
15 14 14 14 10 14 14 10 14 12
22 23 20 22 21 19 19 19 23 19
29 29 29 27 29 29 28 28 29 26
35 39 35 34 37 37 37 34 34 39
47 42 47 45 46 43 46 44 46 46
53 50 54 51 55 51 51 51 55 50
61 62 62 59 60 63 58 62 63 58
6 6 6 6 4 6 3 3 6 7
12 15 15 15 14 11 14 10 13 15
18 23 23 19 20 20 21 21 19 22
26 26 26 31 30 30 28 28 29 29
37 36 37 35 37 34 38 34 39 39
44 47 47 43 44 45 45 42 44 42
55 51 50 52 54 51 55 52 51 53
60 60 61 58 60 63 60 61 62 63
6 6 7 6 4 4 7 2 4 7
10 14 11 15 13 11 15 13 11 11
22 20 23 20 23 18 23 21 21 22
30 27 26 28 28 28 27 27 27 29
36 36 39 38 35 37 38 37 39 37
46 46 47 45 47 44 46 43 47 42
55 52 51 54 51 53 51 51 50 50
60 62 59 59 61 59 63 63 59 61
7 4 7 2 7 6 2 5 7 2
10 13 14 15 13 12 10 13 13 11
23 23 22 21 23 18 21 20 23 19
31 31 27 27 27 29 30 31 28 27
39 36 36 38 35 38 38 35 39 38
43 43 47 42 45 42 44 46 47 45
55 53 50 54 53 54 50 54 50 50
59 63 59 63 62 63 61 59 61 59
2 6 7 6 4 3 6 2 5 4
13 13 13 12 12 10 13 10 10 12
21 19 20 18 19 19 22 19 18 19
28 27 27 28 29 26 31 31 30 31
39 38 34 37 39 37 36 37 35 38
46 43 45 46 46 46 42 45 44 46
52 53 50 54 53 53 53 54 53 53
63 63 61 62 62 59 61 61 60 60
3 6 5 6 6 4 5 6 2 2
13 15 11 11 10 14 11 15 14 13
19 20 22 19 22 20 18 19 19 20
31 30 28 26 31 28 31 26 31 28
