0 0 0 0 0 0 0 0 0 0 0 0 0 0 0 0
1 1 1 1 1 1 1 1 1 1 1 1 1 1 1 1
2 2 2 2 2 2 2 2 2 2 2 2 2 2 2 2
3 3 3 3 3 3 3 3 3 3 3 3 3 3 3 3
4 4 4 4 4 4 4 4 4 4 4 4 4 4 4 4
5 5 5 5 5 5 5 5 5 5 5 5 5 5 5 5
6 6 6 6 6 6 6 6 6 6 6 6 6 6 6 6
7 7 7 7 7 7 7 7 7 7 7 7 7 7 7 7
0 0 0 0 0 0 0 0 0 0 0 0 0 0 0 0
1 1 1 1 1 1 1 1 1 1 1 1 1 1 1 1
2 2 2 2 2 2 2 2 2 2 2 2 2 2 2 2
3 3 3 3 3 3 3 3 3 3 3 3 3 3 3 3
4 4 4 4 4 4 4 4 4 4 4 4 4 4 4 4
5 5 5 5 5 5 5 5 5 5 5 5 5 5 5 5
6 6 6 6 6 6 6 6 6 6 6 6 6 6 6 6
7 7 7 7 7 7 7 7 7 7 7 7 7 7 7 7
4 6 6 7 6 5 6 4 6 4 2 4 7 6 7 2
13 11 13 14 13 10 12 12 14 12 10 11 15 11 12 15
21 23 18 19 23 23 22 21 20 18 22 22 21 18 20 18
28 27 28 30 28 28 28 31 27 26 27 30 26 28 26 30
36 36 35 36 39 37 36 38 38 37 35 36 38 34 35 34
46 43 46 45 44 42 45 44 43 43 45 44 45 47 43 46
55 55 53 51 50 52 52 51 53 51 52 52 52 51 55 54
60 62 61 60 62 60 59 58 58 58 58 62 60 58 60 58
5 5 7 2 4 7 3 4 3 4 2 2 7 2 5 4
13 10 10 10 13 11 10 12 14 10 13 10 11 14 11 15
20 19 22 23 20 23 21 19 22 21 21 18 19 22 21 18
29 26 28 26 30 26 30 28 29 26 30 30 27 31 30 31
37 39 35 39 39 35 38 35 34 34 38 34 34 34 36 39
43 42 45 42 43 42 47 44 47 47 46 47 46 45 43 42
50 50 55 55 54 55 52 53 53 50 50 54 55 51 53 52
58 58 61 61 59 60 58 61 62 60 63 60 58 61 61 58
