0 0 0 0 0 0 0 0 0 0
1 1 1 1 1 1 1 1 1 1
2 2 2 2 2 2 2 2 2 2
3 3 3 3 3 3 3 3 3 3
4 4 4 4 4 4 4 4 4 4
5 5 5 5 5 5 5 5 5 5
6 6 6 6 6 6 6 6 6 6
7 7 7 7 7 7 7 7 7 7
0 0 0 0 0 0 0 0 0 0
1 1 1 1 1 1 1 1 1 1
2 2 2 2 2 2 2 2 2 2
3 3 3 3 3 3 3 3 3 3
4 4 4 4 4 4 4 4 4 4
5 5 5 5 5 5 5 5 5 5
6 6 6 6 6 6 6 6 6 6
7 7 7 7 7 7 7 7 7 7
0 0 0 0 0 0 0 0 0 0
1 1 1 1 1 1 1 1 1 1
2 2 2 2 2 2 2 2 2 2
3 3 3 3 3 3 3 3 3 3
4 4 4 4 4 4 4 4 4 4
5 5 5 5 5 5 5 5 5 5
6 6 6 6 6 6 6 6 6 6
7 7 7 7 7 7 7 7 7 7
0 0 0 0 0 0 0 0 0 0
1 1 1 1 1 1 1 1 1 1
2 2 2 2 2 2 2 2 2 2
3 3 3 3 3 3 3 3 3 3
4 4 4 4 4 4 4 4 4 4
5 5 5 5 5 5 5 5 5 5
6 6 6 6 6 6 6 6 6 6
7 7 7 7 7 7 7 7 7 7
0 0 0 0 0 0 0 0 0 0
1 1 1 1 1 1 1 1 1 1
2 2 2 2 2 2 2 2 2 2
3 3 3 3 3 3 3 3 3 3
4 4 4 4 4 4 4 4 4 4
5 5 5 5 5 5 5 5 5 5
6 6 6 6 6 6 6 6 6 6
7 7 7 7 7 7 7 7 7 7
0 0 0 0 0 0 0 0 0 0
1 1 1 1 1 1 1 1 1 1
2 2 2 2 2 2 2 2 2 2
3 3 3 3 3 3 3 3 3 3
4 4 4 4 4 4 4 4 4 4
5 5 5 5 5 5 5 5 5 5
6 6 6 6 6 6 6 6 6 6
7 7 7 7 7 7 7 7 7 7
0 0 0 0 0 0 0 0 0 0
1 1 1 1 1 1 1 1 1 1
2 2 2 2 2 2 2 2 2 2
3 3 3 3 3 3 3 3 3 3
4 4 4 4 4 4 4 4 4 4
5 5 5 5 5 5 5 5 5 5
6 6 6 6 6 6 6 6 6 6
7 7 7 7 7 7 7 7 7 7
0 0 0 0 0 0 0 0 0 0
1 1 1 1 1 1 1 1 1 1
2 2 2 2 2 2 2 2 2 2
3 3 3 3 3 3 3 3 3 3
4 4 4 4 4 4 4 4 4 4
5 5 5 5 5 5 5 5 5 5
6 6 6 6 6 6 6 6 6 6
7 7 7 7 7 7 7 7 7 7
0 0 0 0 0 0 0 0 0 0
1 1 1 1 1 1 1 1 1 1
2 2 2 2 2 2 2 2 2 2
3 3 3 3 3 3 3 3 3 3
4 4 4 4 4 4 4 4 4 4
5 5 5 5 5 5 5 5 5 5
6 6 6 6 6 6 6 6 6 6
7 7 7 7 7 7 7 7 7 7
0 0 0 0 0 0 0 0 0 0
1 1 1 1 1 1 1 1 1 1
2 2 2 2 2 2 2 2 2 2
3 3 3 3 3 3 3 3 3 3
4 4 4 4 4 4 4 4 4 4
5 5 5 5 5 5 5 5 5 5
6 6 6 6 6 6 6 6 6 6
7 7 7 7 7 7 7 7 7 7
0 0 0 0 0 0 0 0 0 0
1 1 1 1 1 1 1 1 1 1
2 2 2 2 2 2 2 2 2 2
3 3 3 3 3 3 3 3 3 3
4 4 4 4 4 4 4 4 4 4
5 5 5 5 5 5 5 5 5 5
6 6 6 6 6 6 6 6 6 6
7 7 7 7 7 7 7 7 7 7
0 0 0 0 0 0 0 0 0 0
1 1 1 1 1 1 1 1 1 1
2 2 2 2 2 2 2 2 2 2
3 3 3 3 3 3 3 3 3 3
4 4 4 4 4 4 4 4 4 4
5 5 5 5 5 5 5 5 5 5
6 6 6 6 6 6 6 6 6 6
7 7 7 7 7 7 7 7 7 7
0 0 0 0 0 0 0 0 0 0
1 1 1 1 1 1 1 1 1 1
2 2 2 2 2 2 2 2 2 2
3 3 3 3 3 3 3 3 3 3
3 2 5 3 5 7 2 2 2 5
14 10 15 11 15 10 12 12 14 10
21 18 19 19 19 20 19 18 23 20
30 29 28 26 30 31 31 30 26 30
36 39 35 39 34 35 39 39 39 37
43 44 42 43 43 43 47 47 46 47
50 54 55 52 50 55 54 51 54 54
58 62 60 63 62 62 58 58 59 59
7 7 6 2 3 5 7 7 6 4
10 15 11 13 12 12 12 12 14 11
18 20 18 18 20 21 18 22 18 20
28 26 26 26 31 30 26 30 31 27
35 38 39 36 38 39 37 37 35 37
44 42 44 46 45 46 42 44 47 45
55 52 52 52 55 53 50 53 55 52
63 61 61 62 61 60 61 62 60 60
5 3 2 5 7 4 5 7 3 5
14 12 10 14 10 14 14 10 14 11
23 20 19 22 18 22 19 20 18 23
29 27 26 29 26 27 26 28 27 27
34 37 36 36 36 35 34 37 35 39
47 42 43 44 46 44 45 42 47 43
50 53 55 52 52 54 50 53 53 50
60 63 63 61 59 60 62 62 61 63
7 5 5 6 7 4 6 4 2 3
11 14 15 14 10 12 14 14 11 11
22 18 18 20 19 19 22 20 22 18
31 26 30 26 30 27 26 30 31 26
38 34 37 36 35 38 38 38 37 36
44 43 45 43 44 44 44 47 46 45
52 54 53 55 50 54 51 54 55 55
62 58 58 58 60 60 63 61 63 63
3 7 6 3 4 2 6 7 2 2
11 15 14 11 15 10 15 15 14 15
20 23 18 20 23 23 22 19 18 22
26 31 27 30 29 26 27 30 28 26
36 39 36 37 35 36 35 36 36 38
45 45 42 42 46 46 47 43 46 45
54 52 52 54 50 50 52 52 53 51
60 61 60 58 58 58 59 58 58 61
2 3 7 6 3 6 7 6 4 6
15 11 10 14 15 10 11 10 12 12
22 19 20 20 22 21 23 20 20 22
26 27 26 29 28 31 31 26 30 28
34 36 36 34 35 38 38 35 34 38
42 46 43 46 42 44 43 44 46 44
53 50 54 51 55 52 51 54 53 52
58 58 58 58 60 59 60 58 58 58
3 7 4 7 4 7 4 6 2 5
15 10 15 14 12 15 15 13 10 15
22 20 22 21 23 18 23 22 23 23
31 30 28 30 26 28 30 30 29 30
37 38 35 36 39 37 37 39 39 36
47 46 45 47 46 47 43 43 45 43
52 52 55 55 55 53 54 50 54 55
60 59 62 60 61 62 58 62 58 63
7 7 6 7 3 3 7 5 7 6
14 13 15 11 14 14 14 12 13 15
22 21 22 23 22 18 18 18 20 19
27 31 30 27 30 27 29 28 28 30
36 34 36 37 38 36 39 35 37 36
45 44 45 47 45 44 43 47 44 46
54 54 50 54 50 52 55 51 54 54
63 58 61 60 60 60 63 58 62 58
3 5 7 5 7 6 3 6 2 7
14 14 11 14 15 15 15 13 14 14
18 20 21 20 19 18 20 22 22 19
26 31 27 29 30 30 31 30 31 26
39 36 39 38 39 38 34 36 34 37
47 43 45 47 42 42 42 45 42 46
50 55 54 50 51 50 50 55 51 53
61 63 60 58 59 59 62 63 63 63
7 3 5 7 6 6 3 7 3 3
12 11 13 15 13 11 15 15 11 11
21 23 19 19 20 22 19 23 20 18
27 31 29 27 28 28 30 30 26 31
39 39 36 37 34 38 34 38 38 39
43 47 46 45 42 43 42 45 44 47
52 52 51 55 50 50 54 54 50 51
62 61 59 62 61 62 61 58 60 60
6 6 3 7 5 2 2 3 6 7
15 11 15 15 11 11 14 15 11 12
19 22 20 19 18 19 19 23 23 19
30 28 29 26 29 31 29 30 29 26
39 37 38 39 38 36 35 37 35 36
42 47 42 47 47 42 46 47 42 46
51 51 52 53 52 50 54 54 53 53
58 58 59 63 58 63 58 58 61 59
7 6 2 6 6 6 6 2 5 6
10 14 10 10 10 11 11 11 12 14
18 20 19 20 23 21 18 21 23 19
30 30 26 27 29 30 29 28 29 27
39 38 38 39 38 38 36 34 38 36
46 43 42 47 45 42 42 45 45 44
55 50 55 52 54 55 53 53 53 55
59 58 60 63 60 63 62 63 59 60
6 2 7 4 7 3 4 2 4 6
13 11 14 12 15 10 12 10 12 13
23 19 22 18 20 22 18 22 23 22
31 31 26 27 28 27 29 26 31 26
