0 0 0 0 0 0 0 0 0 0 0 0 0 0 0 0
1 1 1 1 1 1 1 1 1 1 1 1 1 1 1 1
2 2 2 2 2 2 2 2 2 2 2 2 2 2 2 2
3 3 3 3 3 3 3 3 3 3 3 3 3 3 3 3
4 4 4 4 4 4 4 4 4 4 4 4 4 4 4 4
5 5 5 5 5 5 5 5 5 5 5 5 5 5 5 5
6 6 6 6 6 6 6 6 6 6 6 6 6 6 6 6
7 7 7 7 7 7 7 7 7 7 7 7 7 7 7 7
0 0 0 0 0 0 0 0 0 0 0 0 0 0 0 0
1 1 1 1 1 1 1 1 1 1 1 1 1 1 1 1
2 2 2 2 2 2 2 2 2 2 2 2 2 2 2 2
3 3 3 3 3 3 3 3 3 3 3 3 3 3 3 3
4 4 4 4 4 4 4 4 4 4 4 4 4 4 4 4
5 5 5 5 5 5 5 5 5 5 5 5 5 5 5 5
6 6 6 6 6 6 6 6 6 6 6 6 6 6 6 6
7 7 7 7 7 7 7 7 7 7 7 7 7 7 7 7
4 7 2 5 6 6 4 5 3 4 2 2 5 6 4 3
12 10 12 10 14 14 13 10 13 12 14 12 10 14 11 10
23 19 21 21 19 19 19 23 20 20 21 22 21 23 20 19
28 28 27 26 28 28 27 28 26 28 28 26 30 27 28 27
37 39 36 39 37 34 34 37 35 37 35 34 36 37 38 34
44 47 44 43 46 47 44 42 44 43 44 44 47 47 46 46
54 53 50 52 55 51 53 51 52 55 54 55 55 50 54 55
62 58 61 60 60 62 59 59 58 62 59 62 59 58 60 62
6 3 6 6 5 7 7 7 6 5 5 5 7 7 7 6
10 14 12 13 15 10 12 10 12 13 12 11 11 13 13 15
22 22 22 20 23 21 22 23 19 21 19 19 19 22 21 19
26 30 29 29 29 30 30 27 31 27 30 31 28 30 29 26
39 39 37 36 35 34 37 39 38 39 36 38 39 39 34 34
43 46 46 45 44 46 42 46 43 44 44 45 43 46 45 43
50 52 54 52 50 54 52 52 54 54 55 50 53 54 53 52
61 60 62 58 63 60 62 59 58 60 60 58 59 62 59 62
