0 0 0 0 0 0 0 0 0 0
1 1 1 1 1 1 1 1 1 1
2 2 2 2 2 2 2 2 2 2
3 3 3 3 3 3 3 3 3 3
4 4 4 4 4 4 4 4 4 4
5 5 5 5 5 5 5 5 5 5
6 6 6 6 6 6 6 6 6 6
7 7 7 7 7 7 7 7 7 7
0 0 0 0 0 0 0 0 0 0
1 1 1 1 1 1 1 1 1 1
2 2 2 2 2 2 2 2 2 2
3 3 3 3 3 3 3 3 3 3
4 4 4 4 4 4 4 4 4 4
5 5 5 5 5 5 5 5 5 5
6 6 6 6 6 6 6 6 6 6
7 7 7 7 7 7 7 7 7 7
0 0 0 0 0 0 0 0 0 0
1 1 1 1 1 1 1 1 1 1
2 2 2 2 2 2 2 2 2 2
3 3 3 3 3 3 3 3 3 3
4 4 4 4 4 4 4 4 4 4
5 5 5 5 5 5 5 5 5 5
6 6 6 6 6 6 6 6 6 6
7 7 7 7 7 7 7 7 7 7
0 0 0 0 0 0 0 0 0 0
1 1 1 1 1 1 1 1 1 1
2 2 2 2 2 2 2 2 2 2
3 3 3 3 3 3 3 3 3 3
4 4 4 4 4 4 4 4 4 4
5 5 5 5 5 5 5 5 5 5
6 6 6 6 6 6 6 6 6 6
7 7 7 7 7 7 7 7 7 7
0 0 0 0 0 0 0 0 0 0
1 1 1 1 1 1 1 1 1 1
2 2 2 2 2 2 2 2 2 2
3 3 3 3 3 3 3 3 3 3
4 4 4 4 4 4 4 4 4 4
5 5 5 5 5 5 5 5 5 5
6 6 6 6 6 6 6 6 6 6
7 7 7 7 7 7 7 7 7 7
0 0 0 0 0 0 0 0 0 0
1 1 1 1 1 1 1 1 1 1
2 2 2 2 2 2 2 2 2 2
3 3 3 3 3 3 3 3 3 3
4 4 4 4 4 4 4 4 4 4
5 5 5 5 5 5 5 5 5 5
6 6 6 6 6 6 6 6 6 6
7 7 7 7 7 7 7 7 7 7
0 0 0 0 0 0 0 0 0 0
1 1 1 1 1 1 1 1 1 1
2 2 2 2 2 2 2 2 2 2
3 3 3 3 3 3 3 3 3 3
4 4 4 4 4 4 4 4 4 4
5 5 5 5 5 5 5 5 5 5
6 6 6 6 6 6 6 6 6 6
7 7 7 7 7 7 7 7 7 7
0 0 0 0 0 0 0 0 0 0
1 1 1 1 1 1 1 1 1 1
2 2 2 2 2 2 2 2 2 2
3 3 3 3 3 3 3 3 3 3
4 4 4 4 4 4 4 4 4 4
5 5 5 5 5 5 5 5 5 5
6 6 6 6 6 6 6 6 6 6
7 7 7 7 7 7 7 7 7 7
0 0 0 0 0 0 0 0 0 0
1 1 1 1 1 1 1 1 1 1
2 2 2 2 2 2 2 2 2 2
3 3 3 3 3 3 3 3 3 3
4 4 4 4 4 4 4 4 4 4
5 5 5 5 5 5 5 5 5 5
6 6 6 6 6 6 6 6 6 6
7 7 7 7 7 7 7 7 7 7
0 0 0 0 0 0 0 0 0 0
1 1 1 1 1 1 1 1 1 1
2 2 2 2 2 2 2 2 2 2
3 3 3 3 3 3 3 3 3 3
4 4 4 4 4 4 4 4 4 4
5 5 5 5 5 5 5 5 5 5
6 6 6 6 6 6 6 6 6 6
7 7 7 7 7 7 7 7 7 7
0 0 0 0 0 0 0 0 0 0
1 1 1 1 1 1 1 1 1 1
2 2 2 2 2 2 2 2 2 2
3 3 3 3 3 3 3 3 3 3
4 4 4 4 4 4 4 4 4 4
5 5 5 5 5 5 5 5 5 5
6 6 6 6 6 6 6 6 6 6
7 7 7 7 7 7 7 7 7 7
0 0 0 0 0 0 0 0 0 0
1 1 1 1 1 1 1 1 1 1
2 2 2 2 2 2 2 2 2 2
3 3 3 3 3 3 3 3 3 3
4 4 4 4 4 4 4 4 4 4
5 5 5 5 5 5 5 5 5 5
6 6 6 6 6 6 6 6 6 6
7 7 7 7 7 7 7 7 7 7
0 0 0 0 0 0 0 0 0 0
1 1 1 1 1 1 1 1 1 1
2 2 2 2 2 2 2 2 2 2
3 3 3 3 3 3 3 3 3 3
2 6 4 5 3 4 2 7 6 4
13 11 12 11 13 14 12 11 15 10
21 23 21 18 22 23 18 23 23 22
30 28 28 26 26 26 31 27 27 31
38 37 35 37 39 34 38 38 35 38
43 46 42 45 43 43 47 42 44 46
51 53 51 54 51 52 51 55 55 55
62 63 61 62 58 62 60 62 63 63
5 4 6 2 5 5 3 4 4 7
14 10 15 13 15 12 15 11 13 15
18 23 18 20 20 20 23 18 18 20
27 30 31 29 26 29 30 29 29 26
35 39 38 34 38 39 37 34 39 37
45 44 47 47 45 42 43 47 45 42
52 55 50 50 52 52 55 53 51 50
61 59 63 63 61 59 61 58 60 59
3 6 6 2 6 2 4 7 2 3
11 10 14 15 12 11 12 11 15 15
22 18 21 23 20 23 21 20 23 20
26 31 31 28 31 31 28 29 31 26
39 34 36 35 39 39 39 36 38 34
43 46 47 46 47 44 42 42 44 42
53 52 55 53 51 53 55 53 53 55
61 62 59 59 62 60 63 63 61 59
6 3 3 5 2 4 2 3 2 2
14 12 11 12 14 14 13 10 12 15
22 20 22 23 22 18 20 23 23 23
30 31 31 30 29 26 30 31 27 26
38 37 36 36 36 34 35 39 38 39
46 46 46 42 47 47 47 46 43 44
50 53 50 53 53 53 52 50 52 51
59 61 59 63 58 63 62 60 61 59
2 3 2 4 6 4 7 4 2 3
15 15 11 15 10 10 15 10 10 15
18 22 19 23 22 22 18 22 19 18
31 27 26 28 26 27 28 26 31 31
38 36 36 39 35 39 37 36 37 35
47 42 45 44 46 47 44 44 45 45
52 52 52 53 50 50 55 55 53 50
58 59 58 60 63 61 59 62 60 61
5 7 4 4 3 3 3 5 6 3
10 14 14 11 12 15 13 11 12 15
20 18 18 21 21 23 21 20 22 18
30 28 28 29 31 27 29 30 28 29
34 36 35 39 37 34 35 36 34 34
44 47 46 47 46 47 47 47 47 47
55 55 53 53 51 55 55 55 51 51
63 63 60 58 62 62 59 58 62 58
5 6 3 3 4 2 2 2 2 6
13 14 14 15 11 14 13 11 14 13
22 18 21 22 18 18 19 18 18 18
27 27 27 26 29 27 29 31 27 27
35 35 35 38 34 36 35 37 39 34
45 47 44 47 45 46 46 42 47 46
50 51 55 50 55 50 50 53 55 55
59 62 60 59 62 61 58 59 63 60
5 7 3 5 4 5 4 6 3 6
13 10 12 15 15 15 11 11 15 10
23 23 21 21 21 21 21 20 19 20
26 30 29 29 31 29 26 29 28 31
38 39 37 38 36 36 39 35 34 39
42 47 45 43 43 43 47 47 44 43
55 55 51 53 53 52 51 55 52 50
58 61 59 61 62 58 60 58 60 62
2 6 6 7 5 4 6 4 3 2
10 11 10 12 10 10 14 15 15 10
18 22 18 21 19 21 18 19 22 23
30 27 28 31 28 27 29 29 31 30
37 34 38 38 36 36 38 38 39 39
47 42 43 46 43 42 45 44 44 44
52 53 54 53 50 55 50 50 53 54
62 58 60 62 61 58 58 61 62 59
2 4 6 7 4 4 2 6 3 6
12 14 11 12 12 13 13 14 13 10
20 20 20 20 22 20 23 22 23 22
29 29 28 27 31 29 26 27 29 27
36 34 34 38 34 39 36 38 34 35
43 46 42 43 42 43 45 47 46 42
51 50 53 53 51 50 53 54 55 52
58 59 59 63 58 59 60 58 59 59
7 6 6 2 3 7 6 6 4 4
14 15 10 10 15 15 12 14 15 10
18 21 19 23 19 21 23 20 18 18
30 26 30 26 29 26 28 27 26 31
39 35 38 37 35 34 36 39 36 39
46 46 47 46 47 44 46 43 47 46
52 52 51 52 50 54 52 54 51 54
63 60 58 63 59 58 58 60 60 62
6 3 2 5 3 5 6 5 7 6
15 10 13 10 13 13 15 13 10 15
22 21 20 21 19 23 20 22 23 18
29 30 28 29 27 27 29 29 27 27
34 37 35 37 38 39 34 39 38 37
46 42 47 46 42 46 46 42 43 46
54 52 55 54 55 50 50 52 51 53
62 63 61 58 63 58 59 63 63 60
7 5 2 2 4 4 7 3 5 4
10 15 11 11 13 14 10 13 15 12
19 18 18 19 18 20 20 23 18 18
31 31 28 31 31 31 26 29 27 29
