0 0 0 0 0 0 0 0 0 0
1 1 1 1 1 1 1 1 1 1
2 2 2 2 2 2 2 2 2 2
3 3 3 3 3 3 3 3 3 3
4 4 4 4 4 4 4 4 4 4
5 5 5 5 5 5 5 5 5 5
6 6 6 6 6 6 6 6 6 6
7 7 7 7 7 7 7 7 7 7
0 0 0 0 0 0 0 0 0 0
1 1 1 1 1 1 1 1 1 1
2 2 2 2 2 2 2 2 2 2
3 3 3 3 3 3 3 3 3 3
4 4 4 4 4 4 4 4 4 4
5 5 5 5 5 5 5 5 5 5
6 6 6 6 6 6 6 6 6 6
7 7 7 7 7 7 7 7 7 7
0 0 0 0 0 0 0 0 0 0
1 1 1 1 1 1 1 1 1 1
2 2 2 2 2 2 2 2 2 2
3 3 3 3 3 3 3 3 3 3
4 4 4 4 4 4 4 4 4 4
5 5 5 5 5 5 5 5 5 5
6 6 6 6 6 6 6 6 6 6
7 7 7 7 7 7 7 7 7 7
0 0 0 0 0 0 0 0 0 0
1 1 1 1 1 1 1 1 1 1
2 2 2 2 2 2 2 2 2 2
3 3 3 3 3 3 3 3 3 3
4 4 4 4 4 4 4 4 4 4
5 5 5 5 5 5 5 5 5 5
6 6 6 6 6 6 6 6 6 6
7 7 7 7 7 7 7 7 7 7
0 0 0 0 0 0 0 0 0 0
1 1 1 1 1 1 1 1 1 1
2 2 2 2 2 2 2 2 2 2
3 3 3 3 3 3 3 3 3 3
4 4 4 4 4 4 4 4 4 4
5 5 5 5 5 5 5 5 5 5
6 6 6 6 6 6 6 6 6 6
7 7 7 7 7 7 7 7 7 7
0 0 0 0 0 0 0 0 0 0
1 1 1 1 1 1 1 1 1 1
2 2 2 2 2 2 2 2 2 2
3 3 3 3 3 3 3 3 3 3
4 4 4 4 4 4 4 4 4 4
5 5 5 5 5 5 5 5 5 5
6 6 6 6 6 6 6 6 6 6
7 7 7 7 7 7 7 7 7 7
0 0 0 0 0 0 0 0 0 0
1 1 1 1 1 1 1 1 1 1
2 2 2 2 2 2 2 2 2 2
3 3 3 3 3 3 3 3 3 3
4 4 4 4 4 4 4 4 4 4
5 5 5 5 5 5 5 5 5 5
6 6 6 6 6 6 6 6 6 6
7 7 7 7 7 7 7 7 7 7
0 0 0 0 0 0 0 0 0 0
1 1 1 1 1 1 1 1 1 1
2 2 2 2 2 2 2 2 2 2
3 3 3 3 3 3 3 3 3 3
4 4 4 4 4 4 4 4 4 4
5 5 5 5 5 5 5 5 5 5
6 6 6 6 6 6 6 6 6 6
7 7 7 7 7 7 7 7 7 7
0 0 0 0 0 0 0 0 0 0
1 1 1 1 1 1 1 1 1 1
2 2 2 2 2 2 2 2 2 2
3 3 3 3 3 3 3 3 3 3
4 4 4 4 4 4 4 4 4 4
5 5 5 5 5 5 5 5 5 5
6 6 6 6 6 6 6 6 6 6
7 7 7 7 7 7 7 7 7 7
0 0 0 0 0 0 0 0 0 0
1 1 1 1 1 1 1 1 1 1
2 2 2 2 2 2 2 2 2 2
3 3 3 3 3 3 3 3 3 3
4 4 4 4 4 4 4 4 4 4
5 5 5 5 5 5 5 5 5 5
6 6 6 6 6 6 6 6 6 6
7 7 7 7 7 7 7 7 7 7
0 0 0 0 0 0 0 0 0 0
1 1 1 1 1 1 1 1 1 1
2 2 2 2 2 2 2 2 2 2
3 3 3 3 3 3 3 3 3 3
4 4 4 4 4 4 4 4 4 4
5 5 5 5 5 5 5 5 5 5
6 6 6 6 6 6 6 6 6 6
7 7 7 7 7 7 7 7 7 7
0 0 0 0 0 0 0 0 0 0
1 1 1 1 1 1 1 1 1 1
2 2 2 2 2 2 2 2 2 2
3 3 3 3 3 3 3 3 3 3
4 4 4 4 4 4 4 4 4 4
5 5 5 5 5 5 5 5 5 5
6 6 6 6 6 6 6 6 6 6
7 7 7 7 7 7 7 7 7 7
0 0 0 0 0 0 0 0 0 0
1 1 1 1 1 1 1 1 1 1
2 2 2 2 2 2 2 2 2 2
3 3 3 3 3 3 3 3 3 3
4 2 3 7 3 6 6 3 5 5
14 14 10 15 11 13 14 12 10 10
23 18 22 20 20 21 23 19 19 21
27 31 30 28 31 28 26 28 30 30
37 39 35 34 34 37 38 36 36 35
47 46 44 47 45 47 44 42 43 46
51 51 52 55 54 50 54 55 51 53
63 62 58 60 59 58 62 59 58 59
5 3 7 7 7 5 7 7 2 4
12 15 14 11 10 13 13 14 11 10
21 22 19 21 21 23 21 19 22 18
30 28 27 27 31 30 26 28 26 28
34 36 35 38 38 34 39 39 35 37
45 46 46 42 45 47 42 42 43 42
52 52 53 50 52 55 54 50 51 50
59 62 61 58 60 58 63 59 61 59
5 5 7 3 6 6 5 7 6 4
12 15 12 12 11 10 11 12 13 11
23 22 18 23 23 21 20 23 23 20
28 28 31 26 31 31 26 27 28 26
39 34 36 37 36 37 39 38 37 38
43 47 47 43 44 47 44 47 43 45
53 50 53 55 54 55 52 53 52 51
62 62 62 62 58 62 63 60 62 58
4 5 2 7 7 6 5 2 4 6
13 11 10 14 11 15 12 12 12 11
19 21 20 19 21 19 21 18 23 18
31 31 29 26 29 28 31 26 29 31
37 39 35 36 35 39 38 35 38 37
45 43 42 45 45 42 42 47 42 47
51 52 54 55 54 52 52 53 55 54
59 62 63 63 62 61 63 58 62 58
5 5 4 7 4 3 7 7 5 4
12 12 13 15 12 11 10 13 11 14
21 23 21 22 23 18 21 18 18 18
30 27 31 29 26 26 29 26 29 27
35 36 34 35 35 35 39 39 35 39
44 43 44 46 43 44 47 44 42 43
55 51 51 51 53 50 54 50 51 50
63 62 59 59 61 62 59 60 62 63
4 2 6 3 7 6 2 2 2 7
15 12 10 15 12 14 10 11 14 12
18 19 23 22 18 19 20 20 18 20
29 28 26 30 26 31 27 26 29 31
38 35 34 36 36 36 38 38 37 34
44 43 43 45 42 46 44 44 43 44
50 50 51 55 51 54 55 54 55 51
61 58 63 60 63 61 59 59 60 58
2 5 6 2 4 7 4 7 4 6
11 14 13 10 14 14 11 14 11 11
21 19 18 19 19 19 23 23 18 20
31 28 29 30 31 30 30 27 27 30
34 37 37 35 35 36 34 39 34 36
43 44 43 43 42 42 42 46 46 43
53 51 54 53 51 52 53 52 53 54
60 61 62 59 62 60 63 60 63 63
4 4 3 6 7 5 4 4 7 6
10 14 12 14 13 12 12 14 13 10
22 22 18 22 19 23 22 23 23 19
26 26 27 31 26 28 31 26 31 30
36 34 39 35 37 34 36 36 39 37
43 42 43 42 45 46 45 43 47 44
52 50 52 54 54 55 54 53 52 51
61 59 63 61 58 61 63 58 59 59
6 6 4 5 5 5 3 7 7 7
12 14 12 11 12 10 11 13 15 10
21 20 21 21 20 20 18 22 23 19
30 30 29 30 29 30 31 28 28 28
39 39 38 35 35 37 37 35 39 37
42 43 45 43 47 46 42 42 42 42
55 55 50 54 53 52 55 54 50 53
62 60 62 59 60 62 61 62 61 63
5 5 4 4 7 5 7 7 6 3
12 12 11 11 12 12 12 11 11 13
23 21 20 20 18 19 20 19 22 23
26 27 30 29 29 29 28 31 26 28
36 35 34 37 38 34 35 39 34 34
44 43 44 43 47 45 47 42 42 43
55 55 53 53 52 54 55 53 51 52
60 61 62 61 60 63 62 61 63 60
2 6 2 5 3 3 4 4 6 5
11 13 12 15 10 15 15 13 11 11
20 19 20 18 23 22 23 19 19 18
28 30 27 28 26 30 29 26 30 27
38 38 37 39 36 35 36 34 34 35
44 42 46 44 42 46 44 43 42 45
53 54 55 53 50 54 53 55 55 53
61 59 61 63 59 63 63 62 58 60
5 2 3 6 6 4 7 3 5 2
12 14 12 13 14 15 12 14 10 14
23 21 23 20 20 21 21 22 18 22
31 26 29 31 26 29 26 29 28 31
36 35 34 35 38 36 35 35 38 36
43 45 46 43 47 46 42 47 44 44
54 52 50 52 52 51 55 54 51 51
62 61 62 63 61 62 60 61 60 63
3 4 4 5 7 3 4 4 2 4
12 15 12 13 10 15 10 12 14 13
21 21 22 21 23 22 20 20 22 19
29 30 31 31 31 27 31 31 29 29
