0 0 0 0 0 0 0 0 0 0 0 0 0 0 0 0
1 1 1 1 1 1 1 1 1 1 1 1 1 1 1 1
2 2 2 2 2 2 2 2 2 2 2 2 2 2 2 2
3 3 3 3 3 3 3 3 3 3 3 3 3 3 3 3
4 4 4 4 4 4 4 4 4 4 4 4 4 4 4 4
5 5 5 5 5 5 5 5 5 5 5 5 5 5 5 5
6 6 6 6 6 6 6 6 6 6 6 6 6 6 6 6
7 7 7 7 7 7 7 7 7 7 7 7 7 7 7 7
0 0 0 0 0 0 0 0 0 0 0 0 0 0 0 0
1 1 1 1 1 1 1 1 1 1 1 1 1 1 1 1
2 2 2 2 2 2 2 2 2 2 2 2 2 2 2 2
3 3 3 3 3 3 3 3 3 3 3 3 3 3 3 3
4 4 4 4 4 4 4 4 4 4 4 4 4 4 4 4
5 5 5 5 5 5 5 5 5 5 5 5 5 5 5 5
6 6 6 6 6 6 6 6 6 6 6 6 6 6 6 6
7 7 7 7 7 7 7 7 7 7 7 7 7 7 7 7
6 7 4 7 4 2 6 2 7 5 5 5 5 5 3 4
12 12 12 12 14 10 10 14 10 10 15 11 13 13 10 13
23 20 20 23 18 22 21 19 22 23 21 22 23 22 21 18
31 29 28 28 26 26 29 27 27 29 31 29 29 29 27 31
36 38 37 36 35 35 38 38 36 39 38 36 39 36 37 39
42 43 47 42 44 47 42 47 42 46 46 47 43 42 44 46
51 53 54 52 54 50 55 50 54 54 50 53 50 51 55 55
58 63 63 62 63 59 60 62 61 58 61 60 61 61 60 60
7 4 3 4 2 4 2 7 3 7 7 6 6 5 2 7
13 14 15 13 14 13 14 13 14 15 12 13 12 15 10 14
18 22 23 18 18 23 19 20 20 19 18 21 19 23 23 20
29 27 27 29 27 29 29 26 28 28 26 26 28 30 29 30
36 34 36 37 35 37 38 37 35 39 38 37 35 35 34 34
45 47 45 42 44 43 42 47 42 43 43 47 42 45 46 42
54 55 50 53 55 54 54 50 53 51 52 52 50 51 50 51
62 59 60 61 60 61 63 61 61 63 59 58 58 63 61 63
