0 0 0 0 0 0 0 0 0 0
1 1 1 1 1 1 1 1 1 1
2 2 2 2 2 2 2 2 2 2
3 3 3 3 3 3 3 3 3 3
4 4 4 4 4 4 4 4 4 4
5 5 5 5 5 5 5 5 5 5
6 6 6 6 6 6 6 6 6 6
7 7 7 7 7 7 7 7 7 7
0 0 0 0 0 0 0 0 0 0
1 1 1 1 1 1 1 1 1 1
2 2 2 2 2 2 2 2 2 2
3 3 3 3 3 3 3 3 3 3
4 4 4 4 4 4 4 4 4 4
5 5 5 5 5 5 5 5 5 5
6 6 6 6 6 6 6 6 6 6
7 7 7 7 7 7 7 7 7 7
0 0 0 0 0 0 0 0 0 0
1 1 1 1 1 1 1 1 1 1
2 2 2 2 2 2 2 2 2 2
3 3 3 3 3 3 3 3 3 3
4 4 4 4 4 4 4 4 4 4
5 5 5 5 5 5 5 5 5 5
6 6 6 6 6 6 6 6 6 6
7 7 7 7 7 7 7 7 7 7
0 0 0 0 0 0 0 0 0 0
1 1 1 1 1 1 1 1 1 1
2 2 2 2 2 2 2 2 2 2
3 3 3 3 3 3 3 3 3 3
4 4 4 4 4 4 4 4 4 4
5 5 5 5 5 5 5 5 5 5
6 6 6 6 6 6 6 6 6 6
7 7 7 7 7 7 7 7 7 7
0 0 0 0 0 0 0 0 0 0
1 1 1 1 1 1 1 1 1 1
2 2 2 2 2 2 2 2 2 2
3 3 3 3 3 3 3 3 3 3
4 4 4 4 4 4 4 4 4 4
5 5 5 5 5 5 5 5 5 5
6 6 6 6 6 6 6 6 6 6
7 7 7 7 7 7 7 7 7 7
0 0 0 0 0 0 0 0 0 0
1 1 1 1 1 1 1 1 1 1
2 2 2 2 2 2 2 2 2 2
3 3 3 3 3 3 3 3 3 3
4 4 4 4 4 4 4 4 4 4
5 5 5 5 5 5 5 5 5 5
6 6 6 6 6 6 6 6 6 6
7 7 7 7 7 7 7 7 7 7
0 0 0 0 0 0 0 0 0 0
1 1 1 1 1 1 1 1 1 1
2 2 2 2 2 2 2 2 2 2
3 3 3 3 3 3 3 3 3 3
4 4 4 4 4 4 4 4 4 4
5 5 5 5 5 5 5 5 5 5
6 6 6 6 6 6 6 6 6 6
7 7 7 7 7 7 7 7 7 7
0 0 0 0 0 0 0 0 0 0
1 1 1 1 1 1 1 1 1 1
2 2 2 2 2 2 2 2 2 2
3 3 3 3 3 3 3 3 3 3
4 4 4 4 4 4 4 4 4 4
5 5 5 5 5 5 5 5 5 5
6 6 6 6 6 6 6 6 6 6
7 7 7 7 7 7 7 7 7 7
0 0 0 0 0 0 0 0 0 0
1 1 1 1 1 1 1 1 1 1
2 2 2 2 2 2 2 2 2 2
3 3 3 3 3 3 3 3 3 3
4 4 4 4 4 4 4 4 4 4
5 5 5 5 5 5 5 5 5 5
6 6 6 6 6 6 6 6 6 6
7 7 7 7 7 7 7 7 7 7
0 0 0 0 0 0 0 0 0 0
1 1 1 1 1 1 1 1 1 1
2 2 2 2 2 2 2 2 2 2
3 3 3 3 3 3 3 3 3 3
4 4 4 4 4 4 4 4 4 4
5 5 5 5 5 5 5 5 5 5
6 6 6 6 6 6 6 6 6 6
7 7 7 7 7 7 7 7 7 7
0 0 0 0 0 0 0 0 0 0
1 1 1 1 1 1 1 1 1 1
2 2 2 2 2 2 2 2 2 2
3 3 3 3 3 3 3 3 3 3
4 4 4 4 4 4 4 4 4 4
5 5 5 5 5 5 5 5 5 5
6 6 6 6 6 6 6 6 6 6
7 7 7 7 7 7 7 7 7 7
0 0 0 0 0 0 0 0 0 0
1 1 1 1 1 1 1 1 1 1
2 2 2 2 2 2 2 2 2 2
3 3 3 3 3 3 3 3 3 3
4 4 4 4 4 4 4 4 4 4
5 5 5 5 5 5 5 5 5 5
6 6 6 6 6 6 6 6 6 6
7 7 7 7 7 7 7 7 7 7
0 0 0 0 0 0 0 0 0 0
1 1 1 1 1 1 1 1 1 1
2 2 2 2 2 2 2 2 2 2
3 3 3 3 3 3 3 3 3 3
6 5 6 2 5 5 2 6 5 4
15 13 10 13 14 15 14 10 15 11
20 18 21 20 20 18 22 19 22 19
30 27 26 27 27 31 30 26 31 28
34 39 34 37 35 35 34 39 37 36
45 42 46 42 44 46 45 45 44 42
55 54 53 55 53 50 54 53 50 50
58 60 59 61 58 63 58 59 62 59
6 7 5 6 2 2 7 6 7 4
14 15 11 15 14 14 11 10 15 15
18 19 23 23 20 20 18 19 20 20
30 26 26 30 26 29 27 26 31 26
35 38 39 37 34 38 35 36 34 34
42 44 43 44 43 42 45 45 44 47
53 50 52 51 54 53 50 55 52 54
62 60 60 63 62 60 63 62 63 62
2 2 5 6 3 3 3 6 6 3
13 14 11 13 10 15 10 12 12 14
22 18 22 21 23 19 21 18 22 23
28 30 29 28 31 27 29 28 29 26
37 35 36 38 39 35 37 36 35 39
43 45 46 47 46 44 45 42 47 45
52 54 53 55 55 51 54 55 50 51
58 60 60 63 62 59 62 59 61 60
4 5 6 2 7 6 3 5 3 2
13 14 15 12 12 11 13 11 13 13
20 18 22 21 20 21 21 22 22 23
26 27 31 26 28 26 30 28 29 31
38 34 39 34 37 38 37 34 35 35
44 45 44 46 42 44 46 46 42 44
52 54 51 51 51 52 50 50 51 51
62 59 59 58 63 63 62 61 58 59
6 5 3 4 7 6 6 4 2 7
10 10 15 10 14 10 10 10 11 12
23 20 23 22 19 23 21 20 20 20
29 29 28 27 30 28 31 29 31 27
34 35 34 37 38 36 35 36 37 38
47 42 42 43 47 42 43 42 42 42
54 53 51 55 55 53 53 53 51 50
59 63 60 61 58 60 59 58 61 63
5 5 4 2 5 6 6 5 5 5
11 14 14 14 15 11 13 15 11 15
20 22 23 22 22 22 21 20 18 18
27 30 30 31 28 30 27 27 31 27
38 34 38 36 34 35 36 38 36 38
43 47 42 45 45 47 44 45 45 43
50 53 50 51 51 53 51 52 52 54
58 63 62 62 62 62 62 62 58 61
5 5 3 7 2 7 2 4 3 2
13 15 15 10 10 12 13 12 10 13
23 23 23 22 22 20 22 19 22 22
31 29 31 26 29 27 27 31 26 27
34 39 38 38 34 36 36 37 34 36
44 45 46 47 43 44 47 47 45 44
50 53 52 50 51 53 55 53 54 53
60 59 63 61 60 61 58 63 59 63
5 3 7 5 3 7 3 5 7 5
10 12 12 15 11 15 10 11 14 12
19 21 19 19 22 20 22 18 19 19
27 27 29 30 29 30 30 26 31 27
35 38 38 38 34 39 36 37 39 35
43 42 45 42 47 46 47 43 45 46
52 53 51 51 52 53 51 54 53 54
60 58 60 63 61 63 58 61 58 60
5 2 5 2 2 7 6 7 3 6
15 15 15 11 14 10 11 10 15 15
22 18 20 21 18 19 19 19 18 20
30 30 26 27 29 27 30 26 30 30
36 34 34 38 36 35 35 39 36 35
43 45 42 47 46 43 46 47 46 46
52 50 51 52 50 51 54 53 51 55
61 63 59 60 61 59 60 59 62 59
6 5 7 2 3 2 2 7 2 3
10 10 14 10 15 10 11 10 10 14
22 23 19 21 22 21 21 20 20 22
28 30 29 30 29 30 29 30 30 29
34 37 39 38 35 36 36 37 38 39
45 42 44 43 42 44 42 47 45 46
54 51 52 53 55 51 55 50 50 55
61 61 58 61 58 59 62 61 58 58
4 4 6 6 7 5 6 6 7 2
15 11 13 15 11 10 12 10 10 12
21 20 18 21 20 23 19 20 21 18
29 31 31 29 28 31 27 26 26 31
39 39 36 36 38 38 39 37 34 37
43 43 47 42 42 43 45 47 43 44
53 53 51 51 53 52 50 54 50 51
58 59 63 62 59 61 59 62 60 62
2 4 3 6 4 5 6 2 7 4
11 11 14 13 15 15 15 10 11 11
18 20 21 23 22 20 20 20 21 20
26 27 27 27 28 28 30 31 27 27
36 37 37 37 37 36 36 36 35 35
43 45 42 45 47 47 44 47 46 46
54 54 52 54 50 54 55 51 50 52
58 63 62 63 59 60 60 63 60 63
4 5 7 6 2 7 7 2 7 7
13 11 10 11 11 10 13 13 13 12
19 23 21 18 21 19 21 22 21 19
29 30 28 28 27 31 28 29 29 31
