2 4 2 2 5 0 6 0 6 2 5 5 1 0 4 0
5 6 2 4 6 1 4 5 6 0 7 0 5 1 3 1
3 6 1 5 1 1 1 6 2 6 2 6 4 3 6 2
6 5 3 7 2 1 7 2 3 1 7 5 3 0 6 1
5 7 6 7 0 3 2 7 0 5 5 7 3 6 7 2
6 7 2 3 4 4 2 0 1 5 5 7 4 2 0 0
4 0 0 2 3 1 6 4 2 7 6 4 1 6 2 3
7 7 6 1 0 0 2 4 2 1 1 3 7 1 6 7
6 1 0 7 3 4 3 6 0 6 6 6 4 4 2 3
2 6 4 6 0 3 7 1 4 4 0 2 5 2 2 5
5 7 7 1 3 0 5 1 1 6 4 5 0 1 6 4
5 3 7 2 0 1 6 0 5 3 5 3 0 4 5 1
2 4 1 6 5 7 1 3 2 0 6 3 7 6 2 6
3 3 7 0 0 4 5 7 2 6 6 7 7 6 6 6
5 6 0 5 1 0 1 6 1 2 4 0 7 6 3 2
5 4 5 3 0 3 1 1 6 1 6 1 0 3 5 1
22 36 22 20 44 4 52 4 53 20 42 46 11 6 34 5
44 51 22 38 50 10 39 45 50 3 58 2 47 13 27 13
30 54 14 46 14 10 12 50 22 54 20 55 34 31 55 19
52 46 31 63 20 10 62 18 27 10 63 47 31 5 52 14
44 60 54 63 3 27 20 60 5 43 44 62 29 53 58 20
53 61 21 28 37 35 21 2 11 45 46 62 36 22 3 6
35 3 5 18 30 15 52 37 22 60 51 37 10 52 18 28
58 61 53 13 7 7 19 34 19 13 11 27 63 15 55 58
52 11 5 61 27 37 31 50 4 53 51 52 36 38 22 26
19 55 34 51 7 29 61 14 37 38 5 22 42 18 20 46
43 62 63 11 27 5 46 15 11 51 37 46 4 10 53 38
45 26 58 21 5 14 51 2 47 29 46 27 4 36 47 11
21 36 15 55 42 58 12 31 19 6 53 31 60 51 18 51
26 27 58 3 2 35 43 59 19 52 51 63 59 55 55 52
45 53 4 42 15 2 14 52 15 21 37 2 59 55 27 22
43 35 42 30 2 26 10 13 54 12 53 11 5 26 43 15
