2 5 7 2 4 7 2 3 3 6
4 0 6 5 4 5 6 5 0 5
2 3 2 7 5 1 7 2 3 5
5 3 7 7 5 5 2 2 7 5
1 4 1 0 1 6 5 3 0 4
5 4 3 6 2 0 2 2 3 0
4 4 1 1 6 1 3 3 5 5
2 0 0 2 5 2 7 5 1 5
6 7 2 6 6 0 2 6 7 6
1 1 0 3 4 0 1 5 1 4
0 0 2 7 1 7 2 7 4 0
7 7 3 1 2 5 1 4 4 5
4 5 6 5 4 6 5 1 0 4
5 7 0 4 0 4 0 6 7 4
7 6 3 5 7 3 2 7 7 5
7 2 3 7 6 6 5 3 0 4
4 7 3 7 5 7 7 4 2 1
5 7 7 2 3 6 6 6 7 2
1 0 3 1 4 4 3 3 5 6
6 1 2 4 1 3 5 7 5 5
2 0 3 4 0 7 0 3 5 4
4 4 2 5 1 3 3 3 5 3
2 7 0 2 7 4 5 1 7 3
2 2 2 7 1 5 7 5 6 7
0 7 1 2 0 7 3 4 4 3
5 6 4 7 3 0 7 2 0 3
1 7 3 5 7 1 4 6 7 1
7 5 7 1 5 5 6 6 3 2
0 5 7 6 3 7 6 3 6 6
6 3 5 4 2 7 0 2 3 7
0 2 1 1 5 6 3 2 2 2
2 1 4 6 7 4 4 2 5 1
2 5 2 2 0 0 5 0 0 5
4 0 0 1 5 3 2 7 5 7
0 3 6 3 2 0 3 2 6 0
4 3 0 3 5 3 3 7 6 7
3 2 0 3 0 0 5 0 2 0
2 6 4 7 2 6 2 1 1 6
3 0 1 7 7 3 1 4 5 0
7 4 5 3 0 2 4 7 6 2
7 2 5 6 0 3 1 7 5 4
3 2 4 3 6 2 4 1 7 7
4 1 5 4 3 5 3 2 4 7
6 7 7 2 5 5 3 6 5 7
3 0 0 6 4 5 3 2 1 6
1 7 3 0 3 5 5 6 2 1
6 4 4 3 1 7 1 6 5 6
3 0 5 3 3 7 3 1 5 4
5 5 1 6 2 6 6 7 4 2
4 1 0 3 1 6 3 4 7 6
1 4 7 3 2 1 3 3 7 2
5 4 7 3 5 7 1 6 3 5
4 7 0 0 6 3 4 6 0 0
7 3 1 7 5 5 5 5 4 5
1 4 2 7 6 1 4 3 2 2
6 4 3 6 4 7 2 5 4 3
2 6 7 0 4 4 6 4 2 2
3 0 1 3 5 4 7 1 5 7
6 3 3 5 5 4 3 3 7 2
5 5 3 1 1 1 5 5 4 2
5 2 4 0 0 1 6 7 4 7
6 4 3 1 4 3 0 4 3 2
0 2 1 4 4 3 7 2 7 5
1 0 7 1 4 6 4 7 4 1
0 5 2 6 6 1 0 1 2 4
5 0 0 5 3 1 6 3 6 5
1 0 4 3 4 5 1 3 6 0
3 6 5 2 6 6 7 4 1 1
4 1 0 7 1 1 1 5 4 3
5 7 4 4 5 0 7 2 1 6
6 4 5 0 5 0 7 0 5 5
3 5 2 1 6 1 4 0 2 2
0 1 7 2 6 6 0 6 5 0
7 1 4 2 7 6 0 3 0 6
5 0 3 7 3 3 4 0 6 7
6 6 0 5 5 0 3 3 5 0
4 7 1 7 7 6 0 3 0 7
4 5 6 4 2 6 7 1 2 7
1 1 2 2 5 6 6 5 2 4
3 1 2 1 3 1 5 1 1 0
5 4 5 5 0 6 3 5 7 3
5 7 4 0 2 4 0 0 5 2
4 5 5 3 2 6 1 4 6 0
3 2 5 6 2 2 4 2 6 3
4 2 2 1 0 6 2 5 5 3
5 2 2 6 7 5 0 4 5 2
0 3 6 0 3 1 5 5 5 5
3 0 2 6 3 5 7 4 2 0
0 5 0 3 3 6 7 5 7 0
4 6 4 7 4 2 2 3 4 2
6 6 1 3 4 4 2 7 7 0
3 0 2 5 3 7 0 0 2 6
5 3 0 6 5 1 2 1 1 1
3 6 0 4 1 4 5 1 0 4
1 2 4 3 4 3 6 3 7 3
6 5 7 1 4 2 2 0 5 0
3 5 2 3 7 6 0 1 0 5
6 3 7 6 1 2 3 7 4 2
2 0 7 4 0 2 3 5 3 0
1 0 4 3 5 3 3 2 5 0
20 44 63 22 35 60 23 28 27 55
36 3 54 46 34 46 55 44 6 46
23 26 23 60 44 15 58 23 29 46
45 26 62 62 46 44 22 20 59 44
11 35 12 3 13 53 43 27 4 39
42 35 27 52 21 7 19 19 26 2
36 34 12 15 55 15 26 30 47 42
19 7 4 23 46 20 62 46 14 43
52 61 21 53 52 2 20 54 61 51
14 14 4 31 36 2 11 44 11 34
4 4 23 59 15 60 18 63 34 2
58 59 28 12 23 44 13 39 35 47
38 44 55 46 39 53 43 14 2 36
44 60 7 36 5 34 3 54 58 34
58 54 30 46 60 29 21 59 58 42
59 18 30 59 55 55 44 30 4 34
39 60 30 63 44 61 62 38 18 13
45 59 60 19 31 55 51 50 63 23
15 7 30 12 38 38 28 27 43 51
52 13 18 38 10 30 44 63 44 46
21 5 28 39 2 61 2 28 47 36
39 36 20 45 11 27 27 29 46 30
20 59 3 18 63 38 43 12 62 28
19 19 20 58 15 42 61 46 50 61
2 61 15 22 3 58 27 37 39 27
44 55 39 58 30 7 59 18 5 30
10 58 31 46 61 10 39 54 61 15
61 46 58 11 43 42 51 53 26 23
4 45 62 52 30 59 52 26 51 54
55 30 46 39 23 62 3 23 27 59
6 22 11 13 43 54 30 19 20 19
22 10 35 52 62 35 38 22 44 12
22 43 23 19 3 4 45 5 7 43
37 2 6 13 46 29 20 61 43 59
2 29 54 28 22 4 31 19 55 5
37 26 3 31 42 26 26 59 50 61
28 20 6 28 6 4 42 4 20 3
18 51 38 61 21 50 18 13 10 55
31 2 11 61 59 29 10 39 42 7
63 38 43 26 3 22 37 63 54 22
59 22 46 55 6 29 14 61 43 34
31 22 39 31 52 20 36 10 59 60
38 11 42 34 27 46 29 18 38 62
50 62 58 18 46 44 26 54 44 62
30 4 2 50 36 44 27 18 11 52
13 62 28 7 28 44 44 50 20 15
52 38 37 27 14 63 13 54 43 50
27 6 46 30 28 62 31 13 47 37
43 44 12 53 22 53 50 59 37 22
38 15 4 29 10 55 30 37 59 52
12 35 60 27 22 12 28 30 60 22
47 34 62 31 43 59 15 55 29 45
34 63 3 2 54 26 36 54 5 6
61 29 15 61 44 42 47 42 37 44
11 39 19 60 51 11 35 30 19 18
54 34 29 55 38 63 18 42 35 29
19 55 61 6 37 34 55 38 21 20
31 3 12 29 45 36 62 15 45 62
51 31 29 47 43 38 27 29 63 18
47 47 27 11 15 13 45 46 34 23
47 22 36 6 6 14 50 61 34 59
54 38 30 13 37 30 5 34 27 20
2 20 15 37 36 30 61 23 58 44
14 5 60 15 35 53 38 58 36 13
6 45 22 53 51 15 7 11 23 37
42 3 5 46 27 10 54 30 51 42
15 6 34 28 34 45 13 27 50 4
26 51 43 22 51 55 63 34 10 13
38 11 4 58 10 15 13 42 39 28
45 61 38 34 47 6 60 21 14 54
53 34 42 5 42 5 63 2 42 46
27 43 18 14 53 10 35 3 21 18
3 15 60 19 53 53 7 52 47 7
61 15 36 23 60 51 5 31 2 52
44 4 28 63 27 30 34 3 51 63
52 54 5 42 44 5 28 29 47 5
36 59 12 62 59 52 7 27 4 63
35 45 52 35 20 53 58 14 20 58
11 12 18 22 46 54 54 44 21 38
29 11 19 10 28 14 42 14 15 2
46 38 47 45 7 55 30 42 60 30
45 62 38 2 23 35 3 5 46 20
38 43 44 31 19 50 15 38 52 6
29 19 42 55 22 18 39 22 50 30
34 22 18 10 6 52 21 45 45 27
43 20 21 50 59 46 7 36 45 21
4 26 53 6 27 14 44 45 47 45
27 3 21 55 26 42 62 39 23 3
3 43 7 28 31 55 62 45 60 6
37 53 39 61 39 23 21 31 39 18
50 53 13 28 37 38 22 61 59 7
30 6 22 42 28 63 7 7 21 52
44 28 2 55 43 10 20 15 12 11
26 53 7 38 15 37 44 10 6 37
13 23 38 29 36 31 52 28 59 28
54 46 60 10 38 22 22 7 42 5
26 42 21 29 63 52 3 13 2 45
54 27 59 53 11 21 29 63 34 23
22 3 60 37 5 18 31 45 27 3
14 5 36 26 44 27 29 22 44 2
