0 0 0 0 0 0 0 0 1 1 1 1 1 1 1 1
2 2 2 2 2 2 2 2 3 3 3 3 3 3 3 3
4 4 4 4 4 4 4 4 5 5 5 5 5 5 5 5
6 6 6 6 6 6 6 6 7 7 7 7 7 7 7 7
0 0 0 0 0 0 0 0 1 1 1 1 1 1 1 1
2 2 2 2 2 2 2 2 3 3 3 3 3 3 3 3
4 4 4 4 4 4 4 4 5 5 5 5 5 5 5 5
6 6 6 6 6 6 6 6 7 7 7 7 7 7 7 7
0 0 0 0 0 0 0 0 1 1 1 1 1 1 1 1
2 2 2 2 2 2 2 2 3 3 3 3 3 3 3 3
4 4 4 4 4 4 4 4 5 5 5 5 5 5 5 5
6 6 6 6 6 6 6 6 7 7 7 7 7 7 7 7
0 0 0 0 0 0 0 0 1 1 1 1 1 1 1 1
2 2 2 2 2 2 2 2 3 3 3 3 3 3 3 3
4 4 4 4 4 4 4 4 5 5 5 5 5 5 5 5
6 6 6 6 6 6 6 6 7 7 7 7 7 7 7 7
4 7 2 4 6 4 7 2 13 10 11 14 14 11 13 11
22 18 21 22 19 19 20 18 29 27 30 28 26 27 29 28
36 39 35 39 34 36 36 34 47 47 43 42 45 44 46 47
55 54 52 51 53 54 51 52 61 60 62 59 60 58 59 58
3 6 5 7 5 3 6 5 11 14 15 15 13 10 13 13
22 23 20 20 23 23 22 20 26 31 29 30 26 28 28 31
39 35 34 38 39 37 39 34 45 47 42 46 47 47 44 42
54 54 53 54 51 54 51 50 59 61 59 59 62 62 63 59
4 6 4 2 5 2 6 7 10 12 10 10 10 12 11 13
20 22 20 19 20 22 21 23 30 30 29 26 28 29 28 29
35 36 39 36 37 37 35 39 42 46 42 45 42 43 42 42
52 53 55 51 53 50 54 55 58 63 62 60 62 59 60 63
5 6 4 6 3 2 4 2 10 15 10 11 12 14 12 10
20 18 22 21 22 18 21 20 30 27 26 26 28 28 30 31
37 35 35 35 34 39 37 35 46 42 47 42 45 43 46 47
53 53 53 51 50 53 53 50 59 59 60 59 59 61 58 61
