0 0 0 0 0 0 0 0 1 1 1 1 1 1 1 1
2 2 2 2 2 2 2 2 3 3 3 3 3 3 3 3
4 4 4 4 4 4 4 4 5 5 5 5 5 5 5 5
6 6 6 6 6 6 6 6 7 7 7 7 7 7 7 7
0 0 0 0 0 0 0 0 1 1 1 1 1 1 1 1
2 2 2 2 2 2 2 2 3 3 3 3 3 3 3 3
4 4 4 4 4 4 4 4 5 5 5 5 5 5 5 5
6 6 6 6 6 6 6 6 7 7 7 7 7 7 7 7
0 0 0 0 0 0 0 0 1 1 1 1 1 1 1 1
2 2 2 2 2 2 2 2 3 3 3 3 3 3 3 3
4 4 4 4 4 4 4 4 5 5 5 5 5 5 5 5
6 6 6 6 6 6 6 6 7 7 7 7 7 7 7 7
0 0 0 0 0 0 0 0 1 1 1 1 1 1 1 1
2 2 2 2 2 2 2 2 3 3 3 3 3 3 3 3
4 4 4 4 4 4 4 4 5 5 5 5 5 5 5 5
6 6 6 6 6 6 6 6 7 7 7 7 7 7 7 7
3 4 6 6 4 3 7 6 14 13 11 12 11 15 15 14
22 22 22 22 21 21 21 18 30 28 31 29 28 30 27 27
38 39 36 39 39 39 37 37 44 44 45 46 44 44 43 42
50 53 53 50 54 52 50 55 60 58 58 58 59 58 59 63
2 7 5 5 2 2 2 4 12 14 11 14 12 13 15 11
20 20 19 21 23 22 18 22 27 31 27 27 27 27 29 27
34 38 35 39 35 37 37 36 45 42 45 43 44 45 47 45
55 55 51 53 53 53 52 53 62 58 58 60 58 59 59 60
5 5 6 7 4 7 3 6 10 12 15 12 13 13 13 12
21 21 20 21 18 20 23 18 31 26 30 27 28 30 28 30
39 39 35 35 39 34 37 38 47 43 46 44 47 43 42 44
51 54 50 51 53 50 54 53 63 62 63 61 62 59 62 60
5 7 6 5 2 7 6 2 10 15 15 15 12 14 10 15
20 23 22 23 19 19 21 22 31 31 30 28 30 28 28 30
38 39 39 35 36 37 34 37 42 47 46 46 46 46 44 42
50 53 54 50 55 51 55 53 58 63 58 58 58 63 59 61
