0 0 0 0 0 0 0 0 1 1 1 1 1 1 1 1
2 2 2 2 2 2 2 2 3 3 3 3 3 3 3 3
4 4 4 4 4 4 4 4 5 5 5 5 5 5 5 5
6 6 6 6 6 6 6 6 7 7 7 7 7 7 7 7
0 0 0 0 0 0 0 0 1 1 1 1 1 1 1 1
2 2 2 2 2 2 2 2 3 3 3 3 3 3 3 3
4 4 4 4 4 4 4 4 5 5 5 5 5 5 5 5
6 6 6 6 6 6 6 6 7 7 7 7 7 7 7 7
0 0 0 0 0 0 0 0 1 1 1 1 1 1 1 1
2 2 2 2 2 2 2 2 3 3 3 3 3 3 3 3
4 4 4 4 4 4 4 4 5 5 5 5 5 5 5 5
6 6 6 6 6 6 6 6 7 7 7 7 7 7 7 7
0 0 0 0 0 0 0 0 1 1 1 1 1 1 1 1
2 2 2 2 2 2 2 2 3 3 3 3 3 3 3 3
4 4 4 4 4 4 4 4 5 5 5 5 5 5 5 5
6 6 6 6 6 6 6 6 7 7 7 7 7 7 7 7
6 6 7 3 7 2 5 5 12 12 12 13 15 15 14 11
19 23 20 21 20 18 23 20 28 29 30 31 28 29 27 29
38 37 36 35 39 34 34 38 47 42 43 43 46 46 43 42
55 54 50 55 55 51 54 51 63 62 60 59 59 60 60 60
7 2 7 7 6 5 7 6 15 10 15 15 13 13 13 10
21 21 23 21 23 18 18 18 27 26 27 30 31 30 29 29
36 34 34 36 34 36 36 39 43 43 43 44 45 43 46 43
50 54 51 52 51 52 55 54 59 62 60 61 63 60 59 59
2 3 4 7 6 3 5 3 11 14 15 15 15 12 15 11
20 23 21 20 19 19 21 18 28 31 31 31 29 31 30 29
39 36 39 34 34 39 36 35 45 43 47 44 46 42 43 46
55 55 52 50 55 52 50 52 60 62 62 61 58 59 63 60
3 5 5 3 6 3 7 3 10 11 11 15 10 12 12 11
23 18 20 23 19 19 19 21 29 26 30 26 30 31 29 27
35 36 35 35 35 35 38 39 46 47 42 45 43 46 42 42
51 55 55 52 55 51 53 51 63 59 63 58 58 62 60 62
