0 0 0 0 0 0 0 0 1 1 1 1 1 1 1 1
2 2 2 2 2 2 2 2 3 3 3 3 3 3 3 3
4 4 4 4 4 4 4 4 5 5 5 5 5 5 5 5
6 6 6 6 6 6 6 6 7 7 7 7 7 7 7 7
0 0 0 0 0 0 0 0 1 1 1 1 1 1 1 1
2 2 2 2 2 2 2 2 3 3 3 3 3 3 3 3
4 4 4 4 4 4 4 4 5 5 5 5 5 5 5 5
6 6 6 6 6 6 6 6 7 7 7 7 7 7 7 7
0 0 0 0 0 0 0 0 1 1 1 1 1 1 1 1
2 2 2 2 2 2 2 2 3 3 3 3 3 3 3 3
4 4 4 4 4 4 4 4 5 5 5 5 5 5 5 5
6 6 6 6 6 6 6 6 7 7 7 7 7 7 7 7
0 0 0 0 0 0 0 0 1 1 1 1 1 1 1 1
2 2 2 2 2 2 2 2 3 3 3 3 3 3 3 3
4 4 4 4 4 4 4 4 5 5 5 5 5 5 5 5
6 6 6 6 6 6 6 6 7 7 7 7 7 7 7 7
7 7 2 7 4 2 2 7 14 15 12 14 14 12 13 15
19 19 21 19 19 21 21 20 29 26 27 27 29 28 28 27
39 34 39 37 38 36 37 37 42 42 47 46 46 44 45 44
55 52 50 54 54 51 50 52 62 61 58 63 62 60 60 60
7 3 3 4 3 6 7 6 13 11 12 11 15 13 10 11
22 21 21 23 19 22 23 19 26 26 27 30 31 31 30 26
38 36 36 39 37 39 37 34 42 45 47 45 46 42 45 45
54 51 50 53 50 53 53 55 59 59 63 58 58 59 61 61
4 4 7 6 4 2 3 3 10 11 12 14 13 10 15 15
20 22 18 18 23 23 18 23 29 28 27 28 27 26 31 30
35 38 34 38 36 38 39 36 44 43 42 45 42 44 43 46
51 55 52 54 51 54 55 50 58 60 59 60 59 62 58 60
2 4 6 3 2 7 5 3 12 13 15 13 11 10 11 13
19 19 20 23 18 22 18 22 28 30 28 29 27 31 27 28
34 36 36 34 35 37 36 37 44 45 42 47 43 43 43 43
54 51 50 53 53 55 50 53 61 59 61 62 62 59 58 61
