0 0 0 0 0 0 0 0 1 1 1 1 1 1 1 1
2 2 2 2 2 2 2 2 3 3 3 3 3 3 3 3
4 4 4 4 4 4 4 4 5 5 5 5 5 5 5 5
6 6 6 6 6 6 6 6 7 7 7 7 7 7 7 7
0 0 0 0 0 0 0 0 1 1 1 1 1 1 1 1
2 2 2 2 2 2 2 2 3 3 3 3 3 3 3 3
4 4 4 4 4 4 4 4 5 5 5 5 5 5 5 5
6 6 6 6 6 6 6 6 7 7 7 7 7 7 7 7
0 0 0 0 0 0 0 0 1 1 1 1 1 1 1 1
2 2 2 2 2 2 2 2 3 3 3 3 3 3 3 3
4 4 4 4 4 4 4 4 5 5 5 5 5 5 5 5
6 6 6 6 6 6 6 6 7 7 7 7 7 7 7 7
0 0 0 0 0 0 0 0 1 1 1 1 1 1 1 1
2 2 2 2 2 2 2 2 3 3 3 3 3 3 3 3
4 4 4 4 4 4 4 4 5 5 5 5 5 5 5 5
6 6 6 6 6 6 6 6 7 7 7 7 7 7 7 7
4 2 6 5 5 7 2 7 15 15 11 12 15 11 13 15
20 18 19 23 23 18 21 18 29 29 28 29 31 30 29 31
38 39 39 36 35 34 39 37 46 42 44 47 47 45 44 44
52 54 52 50 54 51 53 53 60 62 58 63 59 58 62 58
7 6 5 4 3 4 5 7 14 14 12 14 10 15 10 14
22 18 20 20 20 18 21 22 26 31 31 26 30 28 31 30
35 36 34 35 36 34 37 38 46 45 47 43 45 42 44 44
54 54 53 50 55 51 52 55 63 62 63 62 61 61 59 62
3 3 4 6 6 5 6 6 11 11 15 13 13 13 14 10
22 21 23 18 20 20 23 19 28 26 29 28 27 29 28 27
39 38 36 37 37 34 36 34 42 46 42 42 45 46 43 44
53 51 54 54 52 52 52 54 58 58 63 58 62 63 62 61
2 2 2 5 4 3 3 4 14 14 10 11 12 10 14 10
19 20 18 22 22 18 18 20 27 29 31 31 27 30 27 29
37 37 36 34 39 35 37 35 45 47 46 45 42 44 44 43
55 50 51 50 53 53 50 52 59 62 61 63 60 62 59 59
