0 0 0 0 0 0 0 0 1 1 1 1 1 1 1 1
2 2 2 2 2 2 2 2 3 3 3 3 3 3 3 3
4 4 4 4 4 4 4 4 5 5 5 5 5 5 5 5
6 6 6 6 6 6 6 6 7 7 7 7 7 7 7 7
0 0 0 0 0 0 0 0 1 1 1 1 1 1 1 1
2 2 2 2 2 2 2 2 3 3 3 3 3 3 3 3
4 4 4 4 4 4 4 4 5 5 5 5 5 5 5 5
6 6 6 6 6 6 6 6 7 7 7 7 7 7 7 7
0 0 0 0 0 0 0 0 1 1 1 1 1 1 1 1
2 2 2 2 2 2 2 2 3 3 3 3 3 3 3 3
4 4 4 4 4 4 4 4 5 5 5 5 5 5 5 5
6 6 6 6 6 6 6 6 7 7 7 7 7 7 7 7
0 0 0 0 0 0 0 0 1 1 1 1 1 1 1 1
2 2 2 2 2 2 2 2 3 3 3 3 3 3 3 3
4 4 4 4 4 4 4 4 5 5 5 5 5 5 5 5
6 6 6 6 6 6 6 6 7 7 7 7 7 7 7 7
4 4 5 7 7 7 3 4 12 13 10 10 10 13 13 14
21 18 22 23 18 20 20 20 27 30 26 28 26 28 31 30
36 34 37 36 34 39 34 38 43 44 44 46 42 46 42 42
53 55 52 54 51 50 52 50 59 59 58 59 60 61 60 62
6 7 3 3 4 7 5 4 13 11 10 13 12 13 11 10
20 22 20 21 20 22 21 22 31 27 29 31 26 28 28 28
34 34 37 35 39 39 38 39 44 44 45 47 46 46 47 47
53 52 50 50 54 52 53 52 60 63 62 62 60 60 59 63
3 4 3 2 2 2 5 5 14 10 14 10 14 13 15 15
22 19 23 19 18 20 18 22 29 29 28 29 31 27 31 31
34 34 38 37 38 36 38 36 46 42 44 44 44 47 42 42
54 51 55 54 50 53 52 51 60 60 58 60 60 63 58 59
6 6 7 2 4 5 5 3 11 10 11 11 10 14 15 15
21 18 22 21 21 20 23 18 29 30 31 29 31 27 31 29
35 36 38 36 35 35 35 35 43 43 42 43 46 45 45 42
50 51 53 51 52 54 55 54 62 58 62 62 59 59 58 58
