0 0 0 0 0 0 0 0 1 1 1 1 1 1 1 1
2 2 2 2 2 2 2 2 3 3 3 3 3 3 3 3
4 4 4 4 4 4 4 4 5 5 5 5 5 5 5 5
6 6 6 6 6 6 6 6 7 7 7 7 7 7 7 7
0 0 0 0 0 0 0 0 1 1 1 1 1 1 1 1
2 2 2 2 2 2 2 2 3 3 3 3 3 3 3 3
4 4 4 4 4 4 4 4 5 5 5 5 5 5 5 5
6 6 6 6 6 6 6 6 7 7 7 7 7 7 7 7
0 0 0 0 0 0 0 0 1 1 1 1 1 1 1 1
2 2 2 2 2 2 2 2 3 3 3 3 3 3 3 3
4 4 4 4 4 4 4 4 5 5 5 5 5 5 5 5
6 6 6 6 6 6 6 6 7 7 7 7 7 7 7 7
0 0 0 0 0 0 0 0 1 1 1 1 1 1 1 1
2 2 2 2 2 2 2 2 3 3 3 3 3 3 3 3
4 4 4 4 4 4 4 4 5 5 5 5 5 5 5 5
6 6 6 6 6 6 6 6 7 7 7 7 7 7 7 7
6 4 2 7 7 7 3 3 12 14 14 10 12 11 12 10
20 23 18 20 20 22 18 21 28 26 31 29 31 30 29 30
35 36 38 39 34 37 35 38 46 45 47 44 46 42 42 43
50 52 51 53 53 53 54 50 63 61 61 59 59 61 62 60
2 2 2 5 6 7 2 6 12 14 13 15 10 14 14 12
18 22 21 18 23 19 18 18 31 27 28 29 31 30 27 29
34 34 35 38 34 37 35 34 46 45 45 46 42 42 42 47
53 55 52 55 51 51 55 52 58 63 60 60 62 62 59 58
4 5 3 6 2 2 7 5 11 13 14 11 10 12 10 13
19 18 21 19 19 19 23 20 31 28 30 29 31 30 29 30
34 37 36 35 36 38 35 37 44 46 44 43 46 44 42 42
50 52 51 52 50 55 52 54 62 61 62 61 63 62 60 58
5 6 4 4 2 3 6 2 14 10 13 11 10 13 13 14
18 19 20 19 18 20 22 19 27 29 26 27 29 27 26 30
36 35 35 39 38 39 39 36 42 45 46 43 43 47 42 44
54 55 53 51 54 54 53 50 61 58 61 62 62 60 63 62
