0 0 0 0 0 0 0 0 1 1 1 1 1 1 1 1
2 2 2 2 2 2 2 2 3 3 3 3 3 3 3 3
4 4 4 4 4 4 4 4 5 5 5 5 5 5 5 5
6 6 6 6 6 6 6 6 7 7 7 7 7 7 7 7
0 0 0 0 0 0 0 0 1 1 1 1 1 1 1 1
2 2 2 2 2 2 2 2 3 3 3 3 3 3 3 3
4 4 4 4 4 4 4 4 5 5 5 5 5 5 5 5
6 6 6 6 6 6 6 6 7 7 7 7 7 7 7 7
0 0 0 0 0 0 0 0 1 1 1 1 1 1 1 1
2 2 2 2 2 2 2 2 3 3 3 3 3 3 3 3
4 4 4 4 4 4 4 4 5 5 5 5 5 5 5 5
6 6 6 6 6 6 6 6 7 7 7 7 7 7 7 7
0 0 0 0 0 0 0 0 1 1 1 1 1 1 1 1
2 2 2 2 2 2 2 2 3 3 3 3 3 3 3 3
4 4 4 4 4 4 4 4 5 5 5 5 5 5 5 5
6 6 6 6 6 6 6 6 7 7 7 7 7 7 7 7
3 3 6 2 3 6 2 7 11 13 15 15 11 12 15 10
19 20 22 22 23 19 22 23 28 27 29 27 27 31 26 30
36 39 34 37 35 38 38 38 42 43 47 43 43 43 42 46
55 53 53 50 53 53 53 50 60 62 63 63 60 60 58 63
3 2 7 3 3 3 5 2 14 11 15 12 14 14 13 14
19 19 22 19 22 20 23 21 28 26 29 29 31 30 31 29
37 39 39 38 35 39 36 39 44 43 42 43 42 42 44 46
50 50 53 53 54 54 50 50 62 58 60 60 60 62 61 63
3 3 3 7 6 5 7 4 11 15 11 15 15 14 12 10
22 22 19 23 22 19 20 20 29 26 31 26 31 31 29 26
35 35 38 39 39 34 34 39 42 43 46 45 45 42 45 42
55 51 54 55 51 50 50 51 60 62 59 59 61 58 59 63
3 7 7 6 6 4 7 6 13 15 12 15 15 12 15 15
18 18 22 22 22 20 22 19 30 30 28 27 31 31 30 27
34 36 36 36 38 39 38 37 43 42 42 47 43 44 44 47
50 51 51 54 54 53 50 52 60 59 63 58 63 58 58 62
