0 0 0 0 0 0 0 0 1 1 1 1 1 1 1 1
2 2 2 2 2 2 2 2 3 3 3 3 3 3 3 3
4 4 4 4 4 4 4 4 5 5 5 5 5 5 5 5
6 6 6 6 6 6 6 6 7 7 7 7 7 7 7 7
0 0 0 0 0 0 0 0 1 1 1 1 1 1 1 1
2 2 2 2 2 2 2 2 3 3 3 3 3 3 3 3
4 4 4 4 4 4 4 4 5 5 5 5 5 5 5 5
6 6 6 6 6 6 6 6 7 7 7 7 7 7 7 7
0 0 0 0 0 0 0 0 1 1 1 1 1 1 1 1
2 2 2 2 2 2 2 2 3 3 3 3 3 3 3 3
4 4 4 4 4 4 4 4 5 5 5 5 5 5 5 5
6 6 6 6 6 6 6 6 7 7 7 7 7 7 7 7
0 0 0 0 0 0 0 0 1 1 1 1 1 1 1 1
2 2 2 2 2 2 2 2 3 3 3 3 3 3 3 3
4 4 4 4 4 4 4 4 5 5 5 5 5 5 5 5
6 6 6 6 6 6 6 6 7 7 7 7 7 7 7 7
7 5 4 7 6 2 6 3 10 11 13 11 12 13 12 13
20 18 23 23 19 23 21 20 30 29 30 31 29 29 27 31
36 35 35 35 39 34 35 36 43 46 45 43 42 47 45 45
50 54 54 55 54 50 51 50 59 60 61 62 60 63 60 58
2 3 6 2 2 7 3 3 11 15 13 12 12 12 13 15
23 19 18 18 23 22 19 21 31 28 31 27 30 29 29 30
34 38 37 38 37 37 36 37 42 43 44 43 44 47 47 45
55 53 51 53 52 52 51 55 63 61 61 60 61 61 62 59
7 2 4 7 6 3 5 3 13 14 15 14 15 13 12 15
22 20 18 21 22 21 20 19 28 27 26 28 30 31 27 29
37 34 35 34 39 34 39 36 42 46 43 44 43 44 46 47
51 52 55 51 55 52 50 51 62 63 63 58 61 59 58 62
7 6 3 5 7 7 3 7 13 13 11 12 10 12 12 15
18 20 22 21 21 20 23 21 27 29 30 27 30 26 31 28
36 36 37 39 39 35 36 34 43 43 44 46 43 42 44 43
50 50 53 53 52 54 50 55 63 61 61 59 58 60 61 59
