0 0 0 0 0 0 0 0 1 1 1 1 1 1 1 1
2 2 2 2 2 2 2 2 3 3 3 3 3 3 3 3
4 4 4 4 4 4 4 4 5 5 5 5 5 5 5 5
6 6 6 6 6 6 6 6 7 7 7 7 7 7 7 7
0 0 0 0 0 0 0 0 1 1 1 1 1 1 1 1
2 2 2 2 2 2 2 2 3 3 3 3 3 3 3 3
4 4 4 4 4 4 4 4 5 5 5 5 5 5 5 5
6 6 6 6 6 6 6 6 7 7 7 7 7 7 7 7
0 0 0 0 0 0 0 0 1 1 1 1 1 1 1 1
2 2 2 2 2 2 2 2 3 3 3 3 3 3 3 3
4 4 4 4 4 4 4 4 5 5 5 5 5 5 5 5
6 6 6 6 6 6 6 6 7 7 7 7 7 7 7 7
0 0 0 0 0 0 0 0 1 1 1 1 1 1 1 1
2 2 2 2 2 2 2 2 3 3 3 3 3 3 3 3
4 4 4 4 4 4 4 4 5 5 5 5 5 5 5 5
6 6 6 6 6 6 6 6 7 7 7 7 7 7 7 7
6 7 2 5 5 5 5 7 14 10 10 12 15 12 13 15
23 21 20 20 21 20 23 22 30 31 26 31 29 29 31 29
34 37 38 34 34 36 39 38 42 47 47 42 45 43 46 43
51 54 52 52 50 51 51 51 59 61 61 60 59 59 63 59
4 6 4 2 6 2 4 3 13 15 10 13 11 11 12 11
22 20 23 18 19 20 19 23 31 27 31 27 26 31 27 26
38 38 35 36 37 39 38 38 42 47 46 43 45 42 43 44
53 50 50 52 50 55 55 51 62 58 59 58 60 60 59 61
4 5 7 4 5 6 4 2 12 10 11 11 11 15 10 11
19 23 18 22 19 22 22 19 27 26 26 29 31 29 30 30
34 37 34 34 38 34 38 37 45 46 45 47 42 43 47 46
55 50 54 54 55 55 55 50 60 63 60 59 61 62 62 62
4 4 2 5 5 2 7 2 15 10 13 13 14 13 15 14
18 19 22 22 21 23 19 20 27 29 28 31 28 29 29 27
37 36 37 39 34 37 35 38 43 43 42 46 42 46 44 42
55 53 51 55 54 53 50 50 62 58 59 61 58 60 61 60
