1 4 0 2 2 7 0 7 5 7 4 5 7 3 4 4
5 5 0 4 4 5 6 3 5 2 5 5 3 6 1 5
6 3 6 6 4 0 5 2 2 7 6 4 1 1 7 3
5 1 5 3 7 5 7 7 1 4 1 6 2 2 5 6
0 4 5 0 6 3 2 7 6 2 3 0 5 5 3 6
7 4 0 2 0 5 2 2 3 2 7 6 6 1 7 7
7 1 7 6 7 1 5 2 2 2 6 2 7 2 6 3
0 2 7 5 3 6 5 1 6 6 2 1 0 4 3 3
6 5 7 7 2 6 4 5 4 5 7 6 2 5 7 4
2 2 4 0 6 5 3 6 0 0 6 4 7 1 2 2
4 5 5 3 3 5 0 1 3 7 3 7 1 4 5 7
0 7 3 3 7 4 1 7 2 7 5 3 4 0 5 2
1 4 0 7 3 2 3 5 7 6 3 6 2 3 7 4
2 1 7 7 7 1 6 4 1 1 3 2 3 5 3 2
2 6 2 1 6 6 5 7 7 7 3 7 1 5 3 5
6 1 0 3 1 5 5 2 3 1 1 3 0 0 5 0
10 39 3 21 21 61 4 58 44 63 38 46 59 26 36 38
46 42 4 35 35 43 54 30 44 18 42 47 30 51 12 47
52 31 52 51 38 4 44 21 22 61 53 38 15 12 59 31
43 11 42 31 62 42 58 59 11 37 11 53 18 22 46 50
6 38 46 2 51 31 23 63 54 20 28 5 46 47 30 54
59 37 3 21 2 43 22 21 31 20 59 51 53 13 62 60
58 10 59 51 61 11 47 19 19 21 55 22 59 19 55 27
6 18 58 43 30 51 47 12 54 51 23 15 5 35 30 28
51 47 59 62 18 55 35 44 38 43 63 53 18 44 62 37
19 23 38 7 54 43 30 55 3 2 51 39 59 12 20 19
36 46 44 27 30 46 3 10 28 58 30 61 10 38 45 61
2 61 30 27 59 39 11 58 20 59 46 27 36 5 45 20
15 36 4 61 27 23 30 47 59 55 28 53 18 30 61 39
20 15 58 63 58 15 51 35 10 11 30 23 27 43 30 23
18 54 23 10 51 50 43 59 58 62 29 58 10 44 27 42
51 11 4 30 10 45 43 18 29 15 11 31 3 2 44 3
