2 5 3 6 4 6 4 6 2 0
5 3 5 4 1 6 4 1 5 4
2 4 1 1 2 2 0 7 7 2
5 7 3 3 0 1 2 7 6 7
7 4 3 7 7 3 0 1 7 4
5 7 3 4 6 5 0 7 5 4
2 2 5 4 1 7 3 3 2 5
7 3 5 2 4 2 4 4 3 7
7 1 1 2 4 7 4 4 3 0
3 4 3 5 1 3 3 2 5 7
4 0 5 2 1 1 4 5 2 7
4 1 1 0 1 4 5 7 3 1
6 6 0 3 4 7 2 0 6 7
2 2 2 0 2 2 7 1 0 0
4 7 1 2 7 6 5 3 7 4
4 3 4 7 5 4 1 2 3 6
4 5 3 3 6 1 4 2 3 7
2 5 7 2 4 3 7 1 6 1
7 7 7 4 2 1 1 6 6 0
2 1 1 4 6 1 7 6 6 5
2 5 4 6 4 1 5 5 3 0
0 7 1 3 4 4 0 0 3 5
4 4 0 6 4 7 5 4 4 1
3 7 6 7 6 1 6 3 4 3
1 3 6 4 5 1 6 1 5 6
4 5 5 3 4 0 5 7 0 6
0 7 5 7 1 1 3 6 4 2
2 3 2 4 0 7 1 0 0 2
6 5 4 1 2 6 4 0 4 0
5 0 6 5 3 4 1 2 0 0
2 6 2 2 1 4 4 5 0 3
6 7 6 1 2 4 6 2 7 2
2 4 1 5 0 4 4 0 4 3
7 1 4 5 4 1 4 1 7 5
5 3 2 0 0 6 4 4 2 4
0 2 5 2 4 6 6 0 6 4
3 2 3 0 3 0 7 0 5 3
2 5 5 3 6 4 1 5 5 4
3 2 7 3 1 0 1 1 7 6
2 3 7 1 7 2 5 6 4 5
7 0 2 4 0 3 1 3 5 4
7 2 5 3 7 7 0 2 6 5
7 6 6 0 5 4 3 7 3 0
4 4 4 3 1 2 3 3 5 1
7 3 4 4 7 7 7 7 6 1
5 6 7 0 7 2 7 3 4 6
1 0 6 0 3 5 3 3 2 0
4 5 5 7 7 7 5 0 1 2
1 3 3 4 0 1 7 6 6 4
7 7 2 4 0 1 7 3 6 6
7 5 5 4 5 3 3 6 1 5
7 6 3 5 2 6 6 6 6 3
7 5 4 6 6 6 2 5 3 4
5 2 4 3 0 6 0 4 7 2
4 4 4 1 7 5 4 6 6 4
4 6 6 3 7 7 7 0 5 0
6 5 1 3 6 1 7 1 4 2
3 6 1 7 2 5 0 5 3 0
3 2 5 6 2 3 7 2 3 0
4 4 6 4 6 7 7 2 3 6
7 3 0 6 3 5 1 5 6 7
1 3 5 4 4 1 5 3 1 0
6 0 2 5 0 6 7 3 4 3
7 1 2 1 7 3 1 0 0 7
6 2 1 3 6 3 1 5 0 7
6 3 4 0 5 2 4 6 0 6
1 1 1 7 1 7 5 4 4 6
2 2 7 2 3 4 4 7 6 7
5 3 0 2 0 6 6 7 3 0
6 1 0 0 5 7 5 6 0 4
3 6 6 7 2 0 3 1 6 2
0 4 4 7 6 0 4 1 5 7
0 3 7 2 3 5 5 6 2 5
0 0 7 0 3 3 6 2 7 3
2 4 1 3 0 6 6 5 0 0
7 4 0 0 4 2 2 0 2 3
6 1 1 1 4 3 2 5 6 2
2 2 5 0 7 5 7 4 7 6
1 5 7 6 4 3 0 7 5 6
0 3 2 1 4 3 0 6 7 4
6 6 7 6 0 7 7 3 7 5
2 7 6 2 2 0 0 3 2 5
5 0 3 7 5 3 6 0 1 3
5 0 4 7 7 1 3 5 3 5
5 7 3 3 5 5 0 6 1 1
3 3 6 7 6 4 2 2 0 6
6 7 7 5 4 2 0 5 7 2
4 4 0 7 4 6 1 4 0 6
4 4 6 1 0 0 4 5 5 1
0 5 7 0 3 6 4 7 2 3
3 2 6 0 7 2 6 7 0 3
3 3 7 3 2 1 3 7 6 3
5 0 0 2 1 2 0 6 7 7
0 1 7 4 7 0 6 1 3 0
2 5 2 5 6 3 2 0 5 4
0 5 7 2 0 5 3 2 7 2
6 6 6 5 4 1 5 5 3 2
2 1 2 3 3 0 6 4 6 4
1 6 6 7 2 3 2 7 1 2
6 7 5 4 6 0 7 7 6 6
22 44 29 52 34 54 34 51 19 2
47 28 42 36 14 50 39 12 42 38
23 35 11 15 18 22 2 63 62 18
47 60 29 27 7 13 22 58 51 60
58 38 30 62 60 31 4 15 60 38
47 63 30 35 51 47 6 60 47 34
19 21 43 39 14 61 29 28 18 46
59 30 42 20 37 19 35 35 30 60
60 11 12 23 39 58 38 37 29 7
28 35 30 47 12 26 29 21 43 60
34 5 46 21 13 14 38 46 23 63
36 12 10 6 14 37 42 58 26 14
55 50 4 26 38 60 20 4 52 63
23 20 18 4 22 21 60 12 3 2
36 59 11 22 59 52 45 26 61 35
35 30 36 60 46 36 14 23 28 54
36 47 27 27 51 12 38 21 30 63
18 47 58 22 35 31 61 11 52 12
61 61 61 35 19 13 10 52 51 5
22 10 15 34 54 11 58 50 51 47
19 46 39 53 37 15 43 44 30 2
4 60 12 26 37 34 6 2 26 42
36 36 3 55 34 62 44 34 37 13
26 61 53 62 55 13 52 31 39 29
13 31 55 39 45 12 51 11 46 53
39 44 47 28 37 7 43 60 6 50
2 60 43 63 15 14 31 50 34 21
21 30 20 35 3 59 10 5 6 23
55 44 37 13 22 51 38 6 36 7
43 2 53 43 27 34 10 19 3 7
21 50 22 18 11 37 38 45 6 28
53 61 53 13 19 38 54 20 58 22
18 39 10 43 4 38 39 3 34 31
61 14 37 44 36 12 35 13 59 44
43 28 23 5 5 53 34 39 20 35
2 20 47 22 35 53 52 7 50 37
27 20 28 5 28 2 62 7 43 26
20 45 43 28 55 35 12 44 47 35
28 20 62 26 12 6 13 11 61 52
21 27 62 14 60 20 44 54 37 42
61 2 20 39 7 31 10 26 47 36
58 20 44 28 61 61 5 21 54 47
58 54 54 6 45 37 27 63 29 7
36 38 36 28 13 22 26 31 43 11
61 30 37 34 60 61 61 63 53 10
46 50 59 7 60 21 62 26 34 54
15 3 55 6 27 46 27 31 18 7
36 45 43 63 62 62 47 7 14 20
10 26 31 39 4 15 60 52 53 39
62 60 21 38 4 11 58 29 51 52
62 46 43 35 46 30 26 54 11 45
62 54 28 46 22 53 52 54 52 28
60 47 38 54 51 54 22 45 26 34
44 19 37 29 6 53 5 34 62 19
34 38 39 12 59 44 36 52 53 39
37 55 52 27 61 58 61 5 46 7
54 43 10 31 53 15 62 10 36 19
30 55 14 63 19 46 6 46 28 7
31 21 46 55 22 26 61 20 29 2
39 35 53 38 52 59 63 22 26 50
59 31 7 55 30 45 12 47 55 61
13 27 45 38 36 14 42 28 11 4
53 3 23 42 4 55 62 30 39 27
61 14 21 10 60 29 11 4 7 61
50 22 14 27 54 28 13 42 3 58
51 30 35 4 46 18 38 50 5 53
12 12 13 61 11 58 47 37 38 54
23 20 58 18 29 35 37 59 54 61
43 28 3 23 5 51 54 58 29 3
50 13 7 5 45 61 46 53 7 38
26 54 54 61 23 2 27 14 50 21
4 36 38 58 52 3 37 13 42 58
2 28 62 19 31 42 42 51 22 43
6 3 58 6 29 27 50 23 63 30
19 37 10 27 3 51 53 45 2 3
63 37 2 5 39 18 18 4 23 29
51 12 14 15 39 29 22 44 51 22
22 20 43 2 58 43 63 34 63 53
10 42 61 54 34 27 5 62 42 53
5 26 19 13 39 27 5 52 61 34
51 50 58 52 7 60 63 30 61 43
22 60 53 20 22 3 5 28 18 45
45 7 30 62 42 28 55 2 15 26
45 4 39 63 62 15 29 46 28 45
42 60 31 31 43 43 2 52 15 14
28 31 54 58 53 34 21 21 6 52
51 63 61 44 37 19 4 46 59 18
36 39 2 60 36 53 14 38 6 50
35 38 54 11 3 3 35 47 45 13
4 47 62 7 29 53 37 62 20 28
26 21 54 5 59 20 51 60 3 29
27 26 58 27 21 11 31 61 53 28
46 3 6 22 12 18 6 54 62 58
4 15 60 39 63 6 53 14 30 7
20 46 19 42 50 28 18 3 43 34
7 43 63 20 2 42 29 21 59 23
54 50 55 46 34 10 47 47 27 18
22 12 21 28 29 5 50 38 54 35
10 55 51 58 21 31 20 60 13 20
54 63 46 34 55 2 58 59 52 54
