0 0 0 0 1 1 1 1 2 2 2 2 3 3 3 3
4 4 4 4 5 5 5 5 6 6 6 6 7 7 7 7
0 0 0 0 1 1 1 1 2 2 2 2 3 3 3 3
4 4 4 4 5 5 5 5 6 6 6 6 7 7 7 7
0 0 0 0 1 1 1 1 2 2 2 2 3 3 3 3
4 4 4 4 5 5 5 5 6 6 6 6 7 7 7 7
0 0 0 0 1 1 1 1 2 2 2 2 3 3 3 3
4 4 4 4 5 5 5 5 6 6 6 6 7 7 7 7
0 0 0 0 1 1 1 1 2 2 2 2 3 3 3 3
4 4 4 4 5 5 5 5 6 6 6 6 7 7 7 7
0 0 0 0 1 1 1 1 2 2 2 2 3 3 3 3
4 4 4 4 5 5 5 5 6 6 6 6 7 7 7 7
0 0 0 0 1 1 1 1 2 2 2 2 3 3 3 3
4 4 4 4 5 5 5 5 6 6 6 6 7 7 7 7
0 0 0 0 1 1 1 1 2 2 2 2 3 3 3 3
4 4 4 4 5 5 5 5 6 6 6 6 7 7 7 7
3 4 6 6 14 11 13 12 18 19 21 23 30 28 29 26
35 39 34 39 44 44 46 46 54 53 54 51 62 59 63 58
3 4 5 2 12 10 12 13 23 20 21 19 26 26 26 30
34 39 39 36 43 46 43 44 52 51 55 52 62 59 63 59
7 4 6 3 14 15 11 14 19 20 23 22 27 26 30 26
38 37 35 35 46 46 46 46 50 55 54 53 59 61 60 61
3 7 7 5 11 14 10 14 22 19 21 20 26 31 28 27
34 39 36 39 46 45 46 44 53 50 55 53 58 60 62 63
3 2 5 7 11 15 14 14 22 18 18 21 31 30 30 30
35 38 34 37 44 45 45 47 54 52 55 52 58 58 63 60
5 2 6 5 12 13 14 11 21 23 18 21 26 26 26 29
34 38 39 36 44 46 47 44 54 52 54 53 63 63 63 59
3 2 7 6 13 10 10 13 20 22 19 19 27 30 30 27
37 38 34 36 42 42 46 44 54 55 54 52 62 59 61 62
2 6 5 3 12 10 13 11 21 21 18 22 26 29 31 27
36 34 34 34 46 45 45 42 53 50 51 53 63 61 61 61
