0 0 0 0 1 1 1 1 2 2 2 2 3 3 3 3
4 4 4 4 5 5 5 5 6 6 6 6 7 7 7 7
0 0 0 0 1 1 1 1 2 2 2 2 3 3 3 3
4 4 4 4 5 5 5 5 6 6 6 6 7 7 7 7
0 0 0 0 1 1 1 1 2 2 2 2 3 3 3 3
4 4 4 4 5 5 5 5 6 6 6 6 7 7 7 7
0 0 0 0 1 1 1 1 2 2 2 2 3 3 3 3
4 4 4 4 5 5 5 5 6 6 6 6 7 7 7 7
0 0 0 0 1 1 1 1 2 2 2 2 3 3 3 3
4 4 4 4 5 5 5 5 6 6 6 6 7 7 7 7
0 0 0 0 1 1 1 1 2 2 2 2 3 3 3 3
4 4 4 4 5 5 5 5 6 6 6 6 7 7 7 7
0 0 0 0 1 1 1 1 2 2 2 2 3 3 3 3
4 4 4 4 5 5 5 5 6 6 6 6 7 7 7 7
0 0 0 0 1 1 1 1 2 2 2 2 3 3 3 3
4 4 4 4 5 5 5 5 6 6 6 6 7 7 7 7
5 4 6 3 12 15 13 11 22 21 22 20 28 28 29 31
36 39 37 39 44 44 44 46 53 54 54 52 61 62 63 60
7 5 7 6 13 15 15 14 23 18 21 23 27 27 26 28
36 39 37 38 46 44 47 42 50 50 53 52 62 63 61 60
7 4 7 3 15 12 14 13 21 19 20 21 27 29 29 30
37 37 36 36 42 46 46 44 53 52 52 55 60 59 60 59
4 3 7 4 11 15 11 12 21 23 21 20 26 27 26 27
36 36 37 34 43 44 47 47 55 51 50 51 61 63 60 61
5 2 7 3 13 10 12 11 18 21 18 22 30 29 27 26
37 39 37 36 46 47 42 46 55 51 51 51 59 63 60 60
4 4 7 7 10 13 12 10 20 18 18 18 27 27 27 26
36 37 39 36 42 45 43 44 52 53 53 53 63 61 58 61
7 2 6 5 13 12 14 14 22 23 18 21 30 30 28 29
35 39 37 35 44 42 46 45 51 50 51 54 58 63 59 61
6 4 4 4 12 10 15 10 22 18 23 23 28 27 28 31
34 37 39 37 46 44 45 43 52 50 52 54 60 63 60 60
