0 0 0 0 1 1 1 1 2 2 2 2 3 3 3 3
4 4 4 4 5 5 5 5 6 6 6 6 7 7 7 7
0 0 0 0 1 1 1 1 2 2 2 2 3 3 3 3
4 4 4 4 5 5 5 5 6 6 6 6 7 7 7 7
0 0 0 0 1 1 1 1 2 2 2 2 3 3 3 3
4 4 4 4 5 5 5 5 6 6 6 6 7 7 7 7
0 0 0 0 1 1 1 1 2 2 2 2 3 3 3 3
4 4 4 4 5 5 5 5 6 6 6 6 7 7 7 7
0 0 0 0 1 1 1 1 2 2 2 2 3 3 3 3
4 4 4 4 5 5 5 5 6 6 6 6 7 7 7 7
0 0 0 0 1 1 1 1 2 2 2 2 3 3 3 3
4 4 4 4 5 5 5 5 6 6 6 6 7 7 7 7
0 0 0 0 1 1 1 1 2 2 2 2 3 3 3 3
4 4 4 4 5 5 5 5 6 6 6 6 7 7 7 7
0 0 0 0 1 1 1 1 2 2 2 2 3 3 3 3
4 4 4 4 5 5 5 5 6 6 6 6 7 7 7 7
3 5 3 6 14 10 13 12 21 22 22 21 26 28 28 28
38 37 34 35 47 44 47 45 52 55 52 54 59 62 58 59
5 5 5 2 15 13 11 10 19 20 23 22 27 28 30 28
37 36 35 34 43 47 47 43 53 52 53 53 59 63 63 62
3 3 2 2 12 12 13 15 23 21 22 20 30 27 26 30
36 35 37 38 47 43 44 47 52 51 54 52 63 61 60 62
3 3 7 2 13 14 13 14 22 19 20 19 31 28 26 26
38 37 37 34 43 45 45 47 54 50 55 54 59 59 58 59
7 7 4 2 11 15 15 10 19 22 21 22 28 26 26 26
34 36 35 34 47 45 47 46 50 51 52 50 62 60 59 61
4 7 3 6 14 15 10 14 20 23 23 18 30 30 28 29
39 36 37 36 46 46 46 42 55 55 54 51 63 58 63 59
3 6 4 6 15 15 15 14 18 23 18 20 30 26 28 31
38 37 34 38 42 43 45 44 50 53 50 51 61 58 60 58
5 2 5 2 12 11 14 12 18 20 20 23 31 31 26 26
35 35 38 36 45 44 47 45 54 55 55 51 63 61 63 61
