0 0 0 0 1 1 1 1 2 2 2 2 3 3 3 3
4 4 4 4 5 5 5 5 6 6 6 6 7 7 7 7
0 0 0 0 1 1 1 1 2 2 2 2 3 3 3 3
4 4 4 4 5 5 5 5 6 6 6 6 7 7 7 7
0 0 0 0 1 1 1 1 2 2 2 2 3 3 3 3
4 4 4 4 5 5 5 5 6 6 6 6 7 7 7 7
0 0 0 0 1 1 1 1 2 2 2 2 3 3 3 3
4 4 4 4 5 5 5 5 6 6 6 6 7 7 7 7
0 0 0 0 1 1 1 1 2 2 2 2 3 3 3 3
4 4 4 4 5 5 5 5 6 6 6 6 7 7 7 7
0 0 0 0 1 1 1 1 2 2 2 2 3 3 3 3
4 4 4 4 5 5 5 5 6 6 6 6 7 7 7 7
0 0 0 0 1 1 1 1 2 2 2 2 3 3 3 3
4 4 4 4 5 5 5 5 6 6 6 6 7 7 7 7
0 0 0 0 1 1 1 1 2 2 2 2 3 3 3 3
4 4 4 4 5 5 5 5 6 6 6 6 7 7 7 7
6 2 4 5 14 12 12 10 22 20 23 18 26 27 30 26
36 35 36 36 44 45 45 46 53 55 53 54 59 58 61 62
6 6 7 4 14 12 10 15 19 21 21 23 28 28 29 26
36 36 39 38 47 44 46 44 52 51 53 53 61 62 59 61
6 6 5 7 11 13 13 12 23 19 23 20 27 30 28 27
36 39 35 39 42 44 46 46 55 55 55 52 63 61 62 62
4 6 7 5 10 12 14 10 18 22 20 23 26 31 30 28
35 35 36 36 43 42 47 46 54 52 52 54 63 61 58 62
3 5 6 2 10 12 14 12 22 21 22 19 31 29 29 29
35 36 39 34 44 47 43 44 54 52 54 53 60 60 63 58
4 5 2 6 12 12 15 10 20 23 21 22 31 31 26 27
36 35 38 36 42 42 47 42 55 54 54 52 60 60 58 63
3 5 7 7 14 10 13 12 18 23 23 18 28 26 31 26
35 36 36 36 43 43 43 43 54 54 54 50 62 60 59 58
7 2 4 5 15 10 15 12 19 18 19 23 31 28 28 30
37 35 36 38 47 42 45 46 50 53 53 51 62 62 62 63
