0 0 0 0 1 1 1 1 2 2 2 2 3 3 3 3
4 4 4 4 5 5 5 5 6 6 6 6 7 7 7 7
0 0 0 0 1 1 1 1 2 2 2 2 3 3 3 3
4 4 4 4 5 5 5 5 6 6 6 6 7 7 7 7
0 0 0 0 1 1 1 1 2 2 2 2 3 3 3 3
4 4 4 4 5 5 5 5 6 6 6 6 7 7 7 7
0 0 0 0 1 1 1 1 2 2 2 2 3 3 3 3
4 4 4 4 5 5 5 5 6 6 6 6 7 7 7 7
0 0 0 0 1 1 1 1 2 2 2 2 3 3 3 3
4 4 4 4 5 5 5 5 6 6 6 6 7 7 7 7
0 0 0 0 1 1 1 1 2 2 2 2 3 3 3 3
4 4 4 4 5 5 5 5 6 6 6 6 7 7 7 7
0 0 0 0 1 1 1 1 2 2 2 2 3 3 3 3
4 4 4 4 5 5 5 5 6 6 6 6 7 7 7 7
0 0 0 0 1 1 1 1 2 2 2 2 3 3 3 3
4 4 4 4 5 5 5 5 6 6 6 6 7 7 7 7
4 4 5 5 15 11 13 11 20 20 18 20 30 31 26 26
39 39 38 34 42 45 46 43 54 55 51 50 59 61 63 62
6 6 2 6 11 11 10 10 19 21 23 22 26 29 28 31
35 38 38 38 47 42 43 45 53 50 50 55 62 59 59 62
4 2 5 2 14 15 11 15 21 21 22 19 30 30 30 30
36 34 36 34 45 47 42 42 54 55 52 53 60 60 59 63
5 4 7 4 14 10 10 11 20 20 22 20 29 31 30 30
34 37 35 34 43 42 44 47 55 55 54 50 60 58 59 61
3 3 7 2 15 10 11 10 18 20 18 22 27 28 29 31
37 37 36 39 47 43 42 44 55 51 52 55 59 63 58 63
7 4 2 5 15 10 11 10 23 20 21 23 29 28 26 29
38 34 39 39 42 43 44 43 50 52 52 55 59 63 60 59
4 5 5 4 14 13 14 15 20 18 19 20 31 29 29 27
38 39 37 38 45 43 42 46 50 55 55 55 63 58 62 63
6 2 3 4 10 15 15 15 23 19 22 21 27 27 26 28
38 36 35 36 45 46 42 43 51 55 52 50 59 58 61 60
