0 0 0 0 1 1 1 1 2 2 2 2 3 3 3 3
4 4 4 4 5 5 5 5 6 6 6 6 7 7 7 7
0 0 0 0 1 1 1 1 2 2 2 2 3 3 3 3
4 4 4 4 5 5 5 5 6 6 6 6 7 7 7 7
0 0 0 0 1 1 1 1 2 2 2 2 3 3 3 3
4 4 4 4 5 5 5 5 6 6 6 6 7 7 7 7
0 0 0 0 1 1 1 1 2 2 2 2 3 3 3 3
4 4 4 4 5 5 5 5 6 6 6 6 7 7 7 7
0 0 0 0 1 1 1 1 2 2 2 2 3 3 3 3
4 4 4 4 5 5 5 5 6 6 6 6 7 7 7 7
0 0 0 0 1 1 1 1 2 2 2 2 3 3 3 3
4 4 4 4 5 5 5 5 6 6 6 6 7 7 7 7
0 0 0 0 1 1 1 1 2 2 2 2 3 3 3 3
4 4 4 4 5 5 5 5 6 6 6 6 7 7 7 7
0 0 0 0 1 1 1 1 2 2 2 2 3 3 3 3
4 4 4 4 5 5 5 5 6 6 6 6 7 7 7 7
4 2 7 4 12 12 11 13 18 21 20 20 28 30 27 27
37 37 35 37 45 43 47 42 50 54 50 54 62 59 59 58
3 4 4 7 14 10 10 11 21 22 19 23 26 30 31 26
39 35 36 38 47 47 47 45 50 52 52 50 63 60 63 59
4 4 3 5 15 11 10 10 23 21 18 20 28 29 26 29
36 38 38 34 43 42 44 42 54 53 50 54 61 58 61 60
3 2 3 7 14 10 11 15 18 20 18 23 26 27 28 28
36 37 35 38 44 45 44 47 52 51 55 52 59 62 63 62
4 6 7 4 15 12 14 15 18 22 22 19 31 28 28 31
37 34 35 39 43 44 44 46 54 51 50 54 61 58 63 59
4 5 2 3 14 15 12 10 21 19 18 18 31 28 26 28
38 35 37 37 47 42 42 42 55 55 50 54 60 63 60 63
2 7 3 2 14 10 13 12 19 21 19 18 31 26 28 26
34 35 37 37 42 46 47 42 51 55 55 54 58 61 62 58
2 4 4 4 12 14 12 12 20 22 23 23 28 28 29 29
39 39 34 38 46 43 42 43 54 51 50 50 58 62 63 59
