0 0 0 0 1 1 1 1 2 2 2 2 3 3 3 3
4 4 4 4 5 5 5 5 6 6 6 6 7 7 7 7
0 0 0 0 1 1 1 1 2 2 2 2 3 3 3 3
4 4 4 4 5 5 5 5 6 6 6 6 7 7 7 7
0 0 0 0 1 1 1 1 2 2 2 2 3 3 3 3
4 4 4 4 5 5 5 5 6 6 6 6 7 7 7 7
0 0 0 0 1 1 1 1 2 2 2 2 3 3 3 3
4 4 4 4 5 5 5 5 6 6 6 6 7 7 7 7
0 0 0 0 1 1 1 1 2 2 2 2 3 3 3 3
4 4 4 4 5 5 5 5 6 6 6 6 7 7 7 7
0 0 0 0 1 1 1 1 2 2 2 2 3 3 3 3
4 4 4 4 5 5 5 5 6 6 6 6 7 7 7 7
0 0 0 0 1 1 1 1 2 2 2 2 3 3 3 3
4 4 4 4 5 5 5 5 6 6 6 6 7 7 7 7
0 0 0 0 1 1 1 1 2 2 2 2 3 3 3 3
4 4 4 4 5 5 5 5 6 6 6 6 7 7 7 7
4 3 5 4 15 10 14 13 19 19 21 21 30 27 28 30
36 38 37 37 46 44 44 44 51 53 53 55 58 59 63 61
5 2 2 5 14 13 15 10 18 19 19 22 30 26 30 29
38 39 39 36 44 44 47 42 55 50 51 54 62 58 62 61
2 6 5 5 12 10 10 10 20 20 21 23 28 28 29 31
36 36 38 36 42 42 42 43 54 51 50 50 59 62 59 60
6 3 7 6 10 13 10 10 20 21 23 22 31 31 28 29
34 36 37 37 46 43 43 44 53 54 53 50 59 59 63 58
4 7 7 2 13 14 12 13 22 19 21 20 31 28 30 31
35 37 38 39 43 45 45 42 53 55 54 54 59 62 61 61
3 7 5 6 10 15 13 10 18 21 22 19 29 31 28 26
36 36 38 35 44 45 44 44 53 55 53 52 63 61 61 60
5 3 6 2 14 11 11 13 21 18 18 19 28 26 29 30
39 39 36 36 45 45 47 46 55 52 54 53 60 62 60 59
2 4 7 5 13 13 10 15 22 21 21 19 29 29 29 29
37 34 34 37 44 42 47 42 52 50 50 53 62 62 58 60
