0 0 0 0 1 1 1 1 2 2 2 2 3 3 3 3
4 4 4 4 5 5 5 5 6 6 6 6 7 7 7 7
0 0 0 0 1 1 1 1 2 2 2 2 3 3 3 3
4 4 4 4 5 5 5 5 6 6 6 6 7 7 7 7
0 0 0 0 1 1 1 1 2 2 2 2 3 3 3 3
4 4 4 4 5 5 5 5 6 6 6 6 7 7 7 7
0 0 0 0 1 1 1 1 2 2 2 2 3 3 3 3
4 4 4 4 5 5 5 5 6 6 6 6 7 7 7 7
0 0 0 0 1 1 1 1 2 2 2 2 3 3 3 3
4 4 4 4 5 5 5 5 6 6 6 6 7 7 7 7
0 0 0 0 1 1 1 1 2 2 2 2 3 3 3 3
4 4 4 4 5 5 5 5 6 6 6 6 7 7 7 7
0 0 0 0 1 1 1 1 2 2 2 2 3 3 3 3
4 4 4 4 5 5 5 5 6 6 6 6 7 7 7 7
0 0 0 0 1 1 1 1 2 2 2 2 3 3 3 3
4 4 4 4 5 5 5 5 6 6 6 6 7 7 7 7
3 6 5 5 13 15 10 12 20 23 22 20 27 27 27 29
36 35 34 36 47 47 46 46 51 50 52 53 59 61 62 61
5 7 2 3 11 14 11 15 22 21 21 18 28 30 29 28
39 35 38 37 47 42 45 43 53 53 51 50 61 60 59 63
4 3 3 4 11 11 12 14 23 23 23 19 26 27 28 26
36 36 36 34 44 42 46 45 55 53 55 55 61 62 60 60
5 3 4 3 12 14 15 13 19 22 22 18 30 31 28 28
35 37 37 35 47 46 44 42 55 52 53 55 59 61 62 59
2 6 4 2 15 14 13 10 18 20 18 19 30 31 29 30
37 38 35 39 46 47 42 44 54 51 53 55 58 61 60 59
6 4 5 3 10 15 11 15 20 20 18 20 29 30 31 29
36 36 39 39 42 44 42 42 54 51 55 50 59 59 63 62
5 3 5 2 11 11 10 10 21 22 22 22 27 26 26 31
34 38 34 39 45 44 45 47 54 51 53 54 58 61 58 59
2 2 5 2 10 13 14 14 21 20 18 22 27 29 31 30
38 35 34 34 43 44 44 42 52 51 51 50 58 62 58 59
