0 0 0 0 1 1 1 1 2 2 2 2 3 3 3 3
4 4 4 4 5 5 5 5 6 6 6 6 7 7 7 7
0 0 0 0 1 1 1 1 2 2 2 2 3 3 3 3
4 4 4 4 5 5 5 5 6 6 6 6 7 7 7 7
0 0 0 0 1 1 1 1 2 2 2 2 3 3 3 3
4 4 4 4 5 5 5 5 6 6 6 6 7 7 7 7
0 0 0 0 1 1 1 1 2 2 2 2 3 3 3 3
4 4 4 4 5 5 5 5 6 6 6 6 7 7 7 7
0 0 0 0 1 1 1 1 2 2 2 2 3 3 3 3
4 4 4 4 5 5 5 5 6 6 6 6 7 7 7 7
0 0 0 0 1 1 1 1 2 2 2 2 3 3 3 3
4 4 4 4 5 5 5 5 6 6 6 6 7 7 7 7
0 0 0 0 1 1 1 1 2 2 2 2 3 3 3 3
4 4 4 4 5 5 5 5 6 6 6 6 7 7 7 7
0 0 0 0 1 1 1 1 2 2 2 2 3 3 3 3
4 4 4 4 5 5 5 5 6 6 6 6 7 7 7 7
4 4 6 6 10 13 11 13 21 22 21 18 28 27 26 29
35 39 34 35 43 44 44 46 54 53 54 51 61 61 60 59
7 2 5 7 11 10 14 10 20 22 18 23 31 31 31 26
39 38 37 39 42 43 46 45 50 50 53 51 60 62 60 59
3 3 3 6 13 14 13 12 21 19 23 22 30 30 30 31
37 38 35 35 47 47 43 42 52 50 52 51 63 63 60 58
3 7 5 7 12 13 11 13 18 19 23 18 28 26 26 30
38 35 34 35 47 46 44 45 55 50 53 55 62 60 63 63
7 3 5 7 14 10 12 10 18 23 19 18 30 31 31 31
35 37 35 35 43 42 46 43 51 53 50 52 58 63 61 63
5 5 4 7 13 12 11 13 23 19 20 18 31 26 28 28
36 35 35 37 42 43 42 42 50 51 54 55 63 59 61 62
5 3 6 2 15 14 11 15 23 18 21 21 31 29 30 28
34 35 34 37 45 44 43 43 54 52 55 50 62 63 62 63
7 3 7 7 13 14 12 15 21 23 19 18 28 31 31 29
38 39 39 38 47 46 46 44 55 53 55 54 62 61 62 62
