0 0 0 0 1 1 1 1 2 2 2 2 3 3 3 3
4 4 4 4 5 5 5 5 6 6 6 6 7 7 7 7
0 0 0 0 1 1 1 1 2 2 2 2 3 3 3 3
4 4 4 4 5 5 5 5 6 6 6 6 7 7 7 7
0 0 0 0 1 1 1 1 2 2 2 2 3 3 3 3
4 4 4 4 5 5 5 5 6 6 6 6 7 7 7 7
0 0 0 0 1 1 1 1 2 2 2 2 3 3 3 3
4 4 4 4 5 5 5 5 6 6 6 6 7 7 7 7
0 0 0 0 1 1 1 1 2 2 2 2 3 3 3 3
4 4 4 4 5 5 5 5 6 6 6 6 7 7 7 7
0 0 0 0 1 1 1 1 2 2 2 2 3 3 3 3
4 4 4 4 5 5 5 5 6 6 6 6 7 7 7 7
0 0 0 0 1 1 1 1 2 2 2 2 3 3 3 3
4 4 4 4 5 5 5 5 6 6 6 6 7 7 7 7
0 0 0 0 1 1 1 1 2 2 2 2 3 3 3 3
4 4 4 4 5 5 5 5 6 6 6 6 7 7 7 7
3 4 6 5 15 11 13 11 19 22 18 19 27 29 29 28
38 37 35 37 43 43 43 45 55 54 50 52 61 58 60 60
2 7 3 7 10 12 11 15 20 18 20 20 30 28 29 31
39 39 36 35 42 47 47 46 55 51 53 54 60 61 63 60
6 2 3 4 13 13 12 10 20 22 21 22 26 27 27 28
35 37 37 36 43 45 46 42 52 55 53 51 59 63 60 60
2 3 2 3 10 10 13 10 20 21 23 20 29 31 30 27
38 34 38 34 43 42 45 45 50 54 54 53 59 58 58 58
3 6 7 2 11 11 12 10 20 19 19 19 30 27 28 28
39 36 37 35 45 45 42 47 53 54 51 52 59 63 61 62
6 3 2 6 15 15 12 15 19 23 23 18 26 28 30 28
36 37 34 36 47 46 43 44 50 51 54 51 63 58 60 61
6 7 6 2 14 15 15 11 21 20 21 23 27 28 27 28
39 34 39 37 46 45 42 47 54 55 50 54 63 61 63 62
6 3 4 6 10 11 10 10 19 20 19 22 30 28 28 29
35 36 35 36 46 44 46 43 50 50 54 51 59 62 63 59
