4 1 0 2 1 3 6 1 0 2
7 2 4 3 3 1 5 6 5 5
4 3 4 5 1 0 1 0 7 2
2 4 5 5 5 1 3 3 1 1
5 5 6 3 4 2 4 2 5 5
7 3 6 6 2 0 3 6 4 5
0 5 4 3 3 6 4 2 1 6
2 7 0 1 3 4 3 5 5 5
2 4 1 0 2 6 5 3 7 1
1 5 7 4 4 7 4 2 1 3
6 4 4 4 2 4 2 7 2 3
6 2 2 2 1 2 6 3 3 0
0 0 2 4 1 4 4 0 0 4
2 4 4 3 4 7 5 6 2 6
0 3 4 0 7 2 5 1 7 2
2 4 3 6 6 2 3 2 0 0
1 5 5 7 7 2 6 7 1 3
0 0 6 1 0 4 3 6 5 3
6 2 3 5 7 4 2 4 5 3
5 7 6 1 7 5 3 0 4 4
4 4 6 6 0 6 1 0 7 6
1 0 5 3 0 2 3 6 5 2
0 1 4 2 2 5 4 7 4 1
5 3 5 6 4 5 7 3 3 7
1 4 6 7 6 2 4 2 6 4
4 5 2 3 7 1 1 0 0 5
0 0 3 4 6 4 7 6 2 5
1 5 0 0 6 5 0 3 0 7
3 5 3 2 5 4 7 4 4 0
2 3 5 5 6 5 7 1 3 4
2 0 3 5 0 7 0 4 7 0
2 4 5 2 5 3 5 3 5 7
1 3 7 3 6 7 5 4 4 1
0 7 4 1 4 0 6 3 2 2
0 7 0 5 4 7 6 7 0 7
0 5 6 3 3 4 1 5 0 2
6 0 5 5 4 7 6 3 5 2
6 2 7 0 4 6 4 7 3 1
4 5 7 3 4 7 5 3 1 6
4 0 3 0 0 2 5 5 7 0
5 5 7 2 1 2 7 2 6 0
7 4 7 6 0 6 1 7 5 6
5 4 7 6 2 4 4 4 1 4
4 1 2 5 5 1 3 0 4 4
3 4 3 4 7 2 1 6 5 6
4 7 1 6 7 4 5 3 7 0
6 5 3 6 4 2 4 3 4 3
6 2 0 4 6 4 5 6 3 4
2 1 7 0 0 2 0 0 4 3
0 3 1 6 4 5 1 7 0 1
0 0 1 3 7 6 4 3 0 0
5 3 2 7 4 3 3 6 1 7
4 1 0 2 5 6 5 2 1 6
1 1 6 6 6 2 5 6 1 6
4 4 3 3 5 1 7 5 0 7
1 1 0 0 3 7 1 0 5 3
4 7 2 0 2 5 1 3 0 1
4 3 5 5 2 4 3 2 0 7
3 7 6 5 6 5 0 6 0 1
4 7 3 3 7 2 6 3 5 5
2 2 1 3 3 2 6 2 5 4
0 6 7 5 0 2 4 5 0 4
1 7 5 2 7 7 4 3 7 7
1 2 0 2 3 6 4 5 3 4
5 1 2 5 0 6 6 3 5 5
7 2 0 6 0 3 2 7 1 5
4 5 5 1 5 7 6 0 6 1
2 6 4 0 0 7 7 5 0 0
6 4 4 4 3 4 5 7 3 0
4 1 7 7 1 6 5 5 0 6
5 2 5 3 2 1 5 3 2 4
6 0 0 5 5 6 6 6 1 3
6 4 0 7 5 5 4 0 5 7
7 1 5 2 2 1 0 5 7 6
0 0 6 5 1 2 1 0 3 7
6 3 2 3 0 2 6 5 5 0
6 1 1 6 2 4 0 2 7 1
4 1 7 7 4 6 7 7 3 6
3 0 6 0 1 7 1 5 4 4
7 1 3 3 4 1 2 5 5 6
3 4 4 6 4 4 2 2 5 4
4 0 0 5 2 7 6 7 7 6
0 3 3 7 2 1 6 6 2 0
4 6 2 4 3 6 7 6 5 3
2 7 7 4 0 6 0 7 2 1
2 1 6 7 5 3 3 0 5 3
4 5 3 5 5 3 2 3 6 1
7 5 0 6 1 3 1 3 2 6
4 2 7 5 3 5 0 3 7 0
0 5 0 1 0 4 2 4 4 4
1 1 6 5 3 4 4 1 7 5
3 0 0 2 5 2 0 6 1 0
3 6 2 3 1 7 2 3 5 2
6 3 2 6 3 6 4 7 4 1
6 0 4 7 1 2 0 0 5 5
7 3 5 6 2 5 7 6 6 1
6 0 6 1 5 0 5 6 6 3
3 7 2 3 5 6 7 3 7 4
5 3 1 2 6 2 1 4 5 3
1 5 2 0 2 2 3 7 1 1
35 14 6 19 14 29 55 11 5 22
59 19 38 28 27 15 47 50 45 45
34 28 36 47 11 7 14 7 59 20
20 37 43 42 45 14 28 30 14 14
46 46 50 26 34 22 34 23 44 46
63 28 51 50 22 6 31 52 38 43
7 43 38 28 31 52 37 21 12 52
20 60 4 13 28 37 26 42 42 42
23 37 15 7 21 50 43 28 60 12
10 47 62 37 34 63 37 21 12 28
50 37 38 37 21 37 20 62 22 27
51 19 23 21 10 21 50 26 28 2
3 7 23 34 10 39 35 4 6 36
21 38 38 31 38 58 44 51 20 54
7 28 34 2 63 20 43 12 59 19
20 36 26 53 54 22 31 23 6 6
15 42 47 60 58 20 54 58 15 30
4 2 53 14 3 34 31 52 45 27
53 19 27 44 58 38 20 39 43 27
43 61 54 10 59 44 27 4 37 37
38 39 55 55 3 55 15 6 63 53
12 6 46 26 7 18 28 51 44 18
5 13 37 23 18 45 39 62 34 14
47 28 47 52 38 45 60 27 31 61
15 35 54 61 55 19 34 19 55 38
38 43 22 26 60 15 10 4 2 46
3 3 31 39 51 36 58 55 20 43
12 43 2 4 55 44 6 26 4 62
29 44 30 23 42 36 62 37 34 5
23 29 47 44 53 47 63 13 26 36
23 2 28 44 3 58 6 34 59 6
20 39 42 18 43 30 43 31 43 63
10 31 62 26 51 62 45 37 37 11
2 62 36 15 37 5 54 26 23 18
2 63 4 44 36 63 54 61 5 62
3 42 51 27 29 34 14 43 5 21
55 7 45 47 36 59 54 28 45 23
52 22 63 3 36 55 36 63 31 15
37 45 60 31 37 60 43 26 14 53
39 2 31 6 7 23 44 42 60 7
44 45 62 22 12 19 58 21 54 5
63 34 61 53 2 55 14 60 43 53
42 38 62 50 19 38 38 34 11 34
36 13 20 44 46 13 26 3 36 34
30 38 29 34 60 21 13 50 46 53
38 62 14 53 59 35 44 30 62 5
54 46 29 50 38 22 37 26 35 26
54 19 6 35 54 36 44 50 30 37
19 12 63 5 6 22 2 6 37 29
3 28 13 50 37 44 11 58 5 14
4 5 10 28 60 55 39 27 6 3
46 28 19 61 36 29 31 55 10 60
37 12 2 23 44 51 44 18 13 51
15 15 51 55 50 22 44 50 12 52
38 38 31 27 43 12 58 43 4 63
12 13 5 4 29 60 13 6 45 27
38 63 20 6 20 44 14 28 3 12
34 31 47 44 23 38 29 22 7 58
30 62 52 42 54 43 2 54 4 15
39 59 28 26 58 18 50 26 46 45
23 22 10 27 28 21 51 21 43 36
6 55 61 46 2 22 36 45 4 35
12 63 44 20 60 61 34 26 62 63
11 22 2 20 30 53 34 43 26 36
46 15 23 46 5 50 52 30 44 45
61 18 6 54 2 27 23 59 10 42
35 47 44 13 47 63 52 7 54 11
19 52 39 2 6 60 63 46 3 6
53 37 36 39 31 37 46 59 26 7
39 13 59 58 14 55 42 43 3 55
45 18 43 30 20 10 43 29 22 39
53 6 5 45 43 50 53 53 13 27
50 36 3 58 43 47 37 5 42 58
61 10 43 21 18 14 2 47 58 55
4 6 55 47 15 20 12 6 29 61
54 27 18 31 5 22 54 45 46 4
55 14 13 54 23 35 5 20 59 14
38 15 61 58 35 51 58 59 29 55
26 7 51 4 15 63 10 46 39 35
58 15 31 30 39 10 23 45 46 50
26 39 38 55 37 35 21 20 45 37
36 7 5 46 20 59 54 60 61 54
3 30 28 62 18 10 51 51 18 3
34 51 20 35 31 54 60 50 43 30
19 60 61 35 3 53 2 63 22 11
20 13 55 60 46 29 29 6 43 28
35 44 29 43 44 26 20 26 53 10
61 42 6 51 11 30 12 27 21 55
36 23 60 46 26 47 6 26 62 6
6 45 6 12 6 38 18 39 38 37
15 10 55 43 31 38 39 12 60 43
29 3 6 20 45 20 5 53 15 7
30 53 20 28 10 63 19 31 43 18
53 26 22 53 26 52 37 59 34 13
50 2 39 62 13 19 7 7 44 44
58 27 42 50 23 46 62 54 50 12
55 5 53 13 46 5 43 52 53 29
26 62 23 27 45 54 58 29 60 37
43 27 15 23 51 21 10 36 42 28
15 47 23 3 21 18 30 62 12 10
