4 4 4 4 2 0 4 7 7 7 3 6 4 3 5 5
3 2 0 4 1 0 7 4 4 0 2 2 5 1 0 0
3 5 5 3 6 7 7 3 6 1 1 4 0 7 4 3
5 7 6 5 5 3 5 0 0 5 0 3 2 2 3 5
2 3 1 5 7 1 4 3 7 3 0 6 6 7 3 5
3 0 1 6 6 3 1 7 4 6 3 1 7 7 7 0
3 0 3 1 0 3 2 6 6 5 0 1 5 4 2 6
6 6 0 6 4 1 3 4 5 1 5 0 6 0 6 1
5 5 5 3 1 6 0 5 6 2 0 0 0 7 0 1
7 6 0 0 2 2 4 7 2 0 6 4 3 7 0 3
5 7 3 4 6 4 4 6 2 0 0 7 6 1 1 0
0 0 0 5 2 1 2 4 0 3 1 6 1 2 6 0
0 7 0 4 5 7 7 2 6 2 0 0 2 2 4 3
6 2 3 4 1 5 1 7 4 5 0 1 1 3 0 7
1 1 6 5 6 2 6 0 6 6 2 4 3 5 0 2
6 3 5 0 6 2 2 5 0 0 2 7 7 6 1 4
39 39 39 35 19 7 36 58 63 61 29 55 35 30 47 47
28 20 6 34 12 5 62 39 39 7 19 20 45 11 7 6
27 47 46 30 51 60 58 28 52 14 13 34 4 63 36 30
43 63 55 45 43 27 43 3 6 42 5 29 23 18 28 45
21 26 11 44 63 14 36 29 63 29 3 54 54 60 31 42
27 2 11 54 53 27 15 58 37 50 27 14 58 59 59 4
31 5 26 12 3 30 18 52 51 42 4 13 47 34 22 54
51 51 5 54 39 11 31 36 46 14 43 6 53 2 52 15
43 45 46 26 14 54 7 43 52 22 6 5 4 58 2 14
60 53 3 4 21 23 36 61 22 3 50 39 30 59 4 31
47 62 28 39 50 37 37 51 21 6 6 59 51 12 13 2
6 3 2 46 18 10 19 34 6 26 13 51 11 19 53 2
5 63 7 35 46 61 59 22 55 23 2 7 23 23 37 29
52 21 31 37 12 43 14 60 38 43 5 10 10 26 4 59
14 15 53 44 51 22 52 4 52 51 22 35 26 44 6 23
55 29 47 4 51 18 23 43 7 3 18 58 62 53 12 35
