1 1 0 0 3 0 7 2 5 6
1 1 3 4 7 0 1 6 6 6
4 7 0 6 3 5 7 4 3 5
6 0 0 1 6 4 3 7 2 4
5 6 3 6 2 0 4 1 0 6
5 4 5 6 2 3 6 7 0 6
5 0 7 7 1 1 0 3 0 2
0 6 7 6 0 2 3 5 2 3
4 7 4 1 3 6 1 1 4 3
7 1 6 4 6 4 2 2 6 1
1 6 3 7 0 7 3 5 0 0
0 5 0 6 5 3 2 1 4 4
3 6 5 5 0 5 0 4 1 0
6 3 7 3 7 4 0 3 2 3
4 3 1 7 5 6 4 6 3 1
0 4 5 3 5 5 5 2 2 6
2 1 2 0 0 7 2 7 2 5
6 6 0 1 7 2 4 4 5 7
1 0 2 4 5 4 0 4 5 6
5 4 2 6 4 4 1 6 1 3
0 5 2 6 2 2 3 1 2 2
6 6 6 4 2 0 3 3 7 0
1 4 7 6 2 0 1 1 5 4
3 1 1 4 5 7 5 7 6 1
4 1 2 2 3 5 7 1 3 5
7 7 7 3 5 7 1 1 0 7
7 5 5 1 3 3 7 2 2 6
4 5 6 6 5 0 5 4 5 7
3 0 0 0 1 1 6 5 2 7
4 0 0 2 3 0 6 7 1 1
4 5 7 0 4 7 5 4 7 3
1 3 1 5 1 0 3 6 0 6
6 2 0 6 0 0 5 7 1 1
3 4 6 3 1 3 7 5 6 3
1 7 4 1 7 6 0 3 0 5
0 2 3 6 6 5 1 6 4 5
1 1 3 7 2 7 3 5 1 5
1 3 1 7 5 1 7 5 5 3
1 4 7 7 6 0 0 2 4 3
3 2 1 1 4 2 2 7 0 3
6 0 6 4 3 4 1 5 1 3
2 6 3 5 4 2 2 1 4 5
2 6 5 1 6 2 1 7 7 5
0 1 6 1 2 3 6 4 6 4
4 5 3 0 5 4 4 3 6 7
0 5 6 5 3 3 2 5 6 7
3 2 5 4 4 6 0 4 3 6
6 6 0 6 3 0 2 1 6 4
1 7 0 4 6 1 7 4 1 3
4 4 4 6 4 2 5 3 1 2
4 3 6 4 6 6 4 0 0 3
7 7 3 6 5 3 4 4 2 6
2 3 2 0 4 0 0 1 3 7
7 6 0 0 3 4 5 1 3 6
2 3 5 0 5 3 3 1 1 4
6 1 1 0 0 6 4 4 7 0
1 6 6 2 5 7 3 6 1 4
1 7 6 0 0 0 3 7 2 4
3 0 4 7 3 7 4 4 0 2
1 2 2 7 3 3 1 4 3 4
3 0 3 2 5 6 5 1 3 3
4 6 6 4 3 5 1 1 0 3
1 2 5 6 4 3 6 7 2 4
3 3 1 7 1 4 5 0 1 7
5 6 1 6 4 4 7 1 7 7
4 3 5 5 2 5 0 4 1 1
5 6 0 7 2 1 3 5 5 5
2 1 4 2 4 7 6 3 4 6
2 5 5 3 4 5 0 1 2 5
5 4 7 2 2 2 2 3 3 4
3 3 0 6 4 0 4 3 3 3
2 4 5 7 7 1 1 2 3 3
5 1 6 3 4 2 1 7 5 1
0 0 7 2 4 1 4 4 5 1
5 7 1 2 7 2 0 3 5 2
2 1 5 3 0 4 0 0 4 5
0 5 7 0 6 1 0 7 6 7
1 7 5 2 6 3 3 7 1 0
4 7 7 7 6 7 1 7 2 5
0 5 1 0 4 3 4 2 3 5
3 1 2 4 6 4 5 6 5 3
6 4 7 6 2 0 5 2 0 7
5 4 7 7 7 4 4 4 3 7
7 7 1 6 2 3 2 4 0 5
4 5 0 2 2 1 5 5 2 1
5 2 1 4 6 2 6 5 5 6
5 0 1 6 5 2 6 0 0 2
5 0 3 0 1 5 2 2 4 7
2 4 7 1 0 3 4 4 5 0
6 1 6 4 3 6 3 6 2 6
4 0 1 6 4 7 4 2 1 7
7 0 4 0 7 2 6 7 0 2
5 7 4 1 5 4 7 7 4 5
3 0 6 7 0 0 6 1 0 7
3 4 7 6 7 2 6 1 3 4
0 7 4 7 6 6 6 7 5 5
2 1 5 2 1 0 5 6 1 7
5 1 1 6 5 0 6 3 1 7
6 6 6 4 1 0 4 4 0 5
0 2 0 2 1 3 2 2 1 1
14 13 4 5 26 2 59 22 46 52
13 15 29 37 61 5 12 54 54 54
38 59 6 50 30 42 59 39 28 43
50 4 3 12 50 38 29 61 20 39
45 50 29 53 18 6 39 12 3 55
42 37 45 50 22 30 55 60 6 51
45 7 63 63 11 11 4 27 6 18
7 52 63 55 4 23 26 46 20 27
36 61 37 10 27 55 14 15 35 27
58 10 54 37 55 39 18 23 50 11
10 50 26 60 2 62 26 46 7 4
7 44 6 50 45 27 18 12 35 36
27 50 44 47 4 44 2 36 10 2
55 29 60 30 60 36 7 30 21 28
37 31 13 63 47 54 36 54 31 12
7 36 42 29 44 44 44 18 23 51
18 15 23 3 6 60 19 59 18 47
50 52 4 13 63 19 35 36 44 63
14 7 22 37 45 38 2 36 43 52
44 39 23 54 35 36 15 54 11 31
3 45 23 54 23 18 30 11 20 18
50 52 54 37 22 3 29 31 63 7
10 34 59 51 19 5 12 10 44 35
30 13 14 34 45 59 47 59 54 14
36 12 20 21 26 45 58 14 30 42
60 59 63 31 42 61 13 10 3 63
58 47 43 14 29 29 60 21 18 50
35 47 54 50 47 6 46 36 47 62
27 4 5 4 10 10 54 44 18 58
36 3 2 19 27 6 54 59 11 10
39 46 58 2 37 59 47 39 61 30
13 28 15 47 15 7 27 51 2 55
52 20 6 52 4 7 44 62 13 13
27 36 51 28 14 31 59 45 54 27
13 61 35 11 62 51 3 30 2 47
6 21 28 50 50 42 15 53 38 46
15 15 28 59 21 59 26 45 12 46
11 30 11 59 47 14 62 42 42 31
11 38 61 62 51 3 6 21 39 29
27 19 14 12 39 23 18 62 7 29
55 2 53 36 31 35 13 42 12 27
19 55 28 47 37 19 23 13 34 44
22 52 47 15 51 19 11 63 60 46
2 10 51 10 18 29 52 34 53 34
35 45 26 5 43 36 37 28 54 59
4 44 51 46 27 27 20 44 52 59
31 19 42 35 35 50 7 36 27 50
51 50 7 50 26 6 23 13 51 38
11 60 7 39 54 14 59 38 11 28
34 37 36 52 36 19 43 27 12 21
36 26 53 34 50 53 35 2 2 29
63 63 29 52 46 28 39 35 21 52
22 31 19 5 34 7 6 13 28 59
60 53 7 5 29 34 43 12 26 51
18 31 47 5 45 31 28 14 15 36
55 13 14 5 7 50 38 35 61 7
11 51 55 18 47 60 28 50 15 36
10 58 53 4 6 4 29 63 20 38
27 6 34 62 29 60 39 37 3 23
14 19 23 59 26 31 10 35 31 38
27 7 31 20 47 54 43 12 29 26
34 54 55 38 28 47 12 10 2 29
11 23 42 53 38 28 52 59 21 35
29 31 12 61 12 37 45 4 15 62
44 52 11 51 39 37 59 11 61 61
37 28 46 42 22 44 5 38 15 15
45 51 4 62 22 11 27 43 43 42
19 12 36 19 38 63 51 28 38 51
22 44 42 29 36 47 3 15 20 45
43 39 63 19 20 23 20 31 29 37
28 28 3 55 38 5 35 27 27 26
23 39 45 60 63 11 14 21 27 30
42 13 53 31 36 20 12 62 43 13
6 6 59 21 36 13 35 38 45 13
46 62 10 18 62 19 4 27 43 18
21 13 46 26 2 37 5 3 34 47
7 42 58 5 53 10 3 62 50 58
10 61 46 19 54 27 31 62 12 6
38 58 62 59 51 60 10 63 18 45
3 47 12 5 36 30 35 21 31 43
31 12 22 39 54 34 47 51 45 29
55 39 61 55 18 5 42 20 6 63
43 39 58 61 63 39 38 38 31 59
61 60 15 50 23 26 18 36 7 43
39 45 3 23 19 10 43 46 21 14
43 18 12 39 50 21 55 46 42 55
44 3 10 55 45 20 51 2 5 18
45 2 26 5 12 44 22 20 37 62
20 38 58 13 3 31 37 38 44 4
55 13 50 35 28 50 27 52 21 54
34 6 10 54 36 60 38 21 12 62
63 5 34 6 63 18 53 60 5 19
46 62 39 13 42 36 58 63 37 45
29 2 55 60 5 3 53 10 2 58
26 38 62 55 59 19 52 14 29 38
2 61 38 59 55 51 55 58 46 46
19 14 47 20 14 6 47 54 13 59
46 15 10 52 43 2 52 28 12 58
52 55 55 34 11 5 39 37 4 46
6 19 6 22 15 29 19 20 15 15
