1 4 0 0 2 1 5 3 3 5
2 6 3 6 0 6 5 0 3 1
4 1 6 7 2 3 2 5 5 4
3 0 3 6 2 3 6 7 2 6
5 0 0 2 1 6 3 1 7 4
6 6 0 6 2 6 4 4 4 4
3 1 6 5 1 2 2 5 3 3
1 0 3 0 6 2 3 3 4 3
0 7 2 3 3 0 5 1 5 0
1 5 3 6 6 2 2 0 6 7
7 6 5 5 1 5 2 4 6 1
5 2 7 3 3 3 7 4 2 5
3 0 5 4 5 3 4 4 4 0
3 1 2 1 4 3 1 4 3 6
6 1 1 3 0 3 7 3 3 2
7 7 5 0 2 5 7 7 3 5
5 4 2 3 3 2 0 0 4 5
2 5 5 2 5 7 4 4 3 1
7 6 0 2 6 6 7 3 1 2
4 1 3 4 6 3 5 0 7 5
3 5 3 0 2 5 5 6 7 1
7 5 3 4 6 4 4 1 5 2
4 3 4 2 0 4 7 7 3 4
4 1 3 5 2 3 7 5 3 0
7 2 6 2 5 3 0 7 5 2
6 7 5 1 1 3 3 0 1 5
5 3 4 1 5 3 5 7 7 4
3 0 3 6 5 3 4 1 3 5
0 1 0 3 2 2 3 0 5 0
1 6 6 2 1 1 4 0 4 5
2 2 3 3 4 7 3 2 0 3
1 6 6 5 3 4 1 2 6 4
5 1 5 2 7 5 2 3 0 2
3 6 6 4 0 7 7 6 6 1
2 7 2 7 5 0 7 4 0 6
0 7 2 4 6 0 5 0 6 6
3 2 5 3 2 7 0 4 4 4
5 5 0 6 4 4 4 0 5 1
1 5 2 5 6 4 3 7 2 0
2 5 0 6 4 7 7 5 3 3
5 2 2 5 4 0 6 1 4 7
5 3 2 5 4 2 2 4 2 6
3 6 4 1 3 3 7 1 0 7
6 5 3 0 0 6 7 4 3 2
3 1 0 3 4 7 7 7 5 2
1 6 3 1 5 2 6 6 7 0
3 0 2 1 3 6 2 4 3 3
3 6 1 2 4 3 1 4 6 2
4 0 5 2 5 0 7 1 2 7
4 7 1 3 4 2 4 6 0 0
3 4 2 3 6 6 6 1 0 0
5 2 6 5 3 3 0 4 1 7
2 6 7 2 4 0 1 4 0 4
5 1 5 2 7 2 7 7 2 2
4 6 0 0 3 7 7 1 3 4
7 2 1 4 5 4 4 2 4 1
6 2 0 5 0 1 1 4 7 6
7 0 1 6 5 3 5 0 0 3
4 0 3 6 3 0 6 7 2 2
3 3 2 5 3 1 0 3 5 3
4 7 7 2 0 3 7 0 2 7
6 5 1 4 7 0 5 7 2 4
6 1 6 6 4 2 5 0 4 5
0 1 4 5 6 5 2 7 3 1
1 7 1 1 1 3 1 6 0 2
3 2 6 7 2 0 3 4 1 7
6 6 3 7 4 6 6 0 1 7
6 2 6 4 0 2 7 6 2 4
7 7 7 1 3 7 7 0 5 6
4 4 6 2 6 7 3 2 7 0
5 4 5 4 6 0 4 0 6 4
5 7 5 3 3 6 7 1 5 4
3 0 1 3 7 5 1 3 1 7
1 7 1 6 4 6 7 4 1 3
5 7 7 1 4 6 5 2 0 0
1 4 0 7 1 3 3 0 5 2
0 2 2 4 4 2 3 4 3 7
3 1 7 1 3 5 2 7 1 3
6 3 7 7 4 0 6 6 6 6
1 7 6 3 5 2 0 7 6 2
1 1 2 7 4 2 6 6 6 7
4 4 3 1 0 4 1 5 3 2
3 2 7 6 1 5 4 1 5 0
4 0 2 4 2 0 4 6 6 1
1 6 3 7 3 6 1 6 3 3
1 7 0 6 1 2 6 6 7 1
2 3 4 4 3 1 3 7 7 5
1 7 1 1 5 2 3 0 6 5
4 1 3 6 1 5 6 6 6 1
3 1 3 2 3 7 1 6 1 0
2 0 1 4 0 1 4 3 4 4
7 5 2 7 4 1 4 2 6 1
5 5 6 3 5 1 7 1 6 4
6 0 1 4 0 5 4 6 3 0
3 3 4 5 1 3 3 4 7 5
4 0 5 4 0 3 1 7 5 2
7 6 7 2 7 0 7 7 1 1
3 7 2 7 3 5 1 3 6 7
1 1 3 2 7 1 0 4 4 6
0 7 2 4 5 5 7 1 2 3
13 34 5 7 18 14 45 31 28 43
21 50 28 50 2 51 44 7 28 13
35 12 55 58 22 29 21 43 44 36
31 4 28 53 22 28 50 61 22 51
43 2 7 21 13 55 28 13 62 34
52 54 6 52 20 52 34 37 36 36
31 13 55 46 14 21 23 47 31 30
11 7 27 7 52 19 31 27 39 28
3 62 23 30 31 5 44 13 45 3
15 45 31 51 53 20 23 6 51 60
59 52 46 47 11 43 22 34 55 15
45 19 60 26 31 29 58 38 19 45
29 3 45 36 46 31 35 39 36 7
27 11 21 13 39 27 10 37 31 52
54 15 15 31 4 29 61 29 26 18
58 61 42 7 19 47 58 58 30 42
42 35 21 29 28 19 5 4 37 42
22 47 46 20 43 58 37 39 27 15
60 51 2 22 50 52 60 26 13 20
35 14 27 36 53 28 43 6 58 46
26 46 31 2 20 46 44 55 58 10
61 45 29 39 53 34 39 10 42 18
38 27 37 23 5 37 58 63 28 36
37 13 30 47 23 27 59 42 31 3
61 19 55 21 47 26 4 62 46 18
54 58 43 15 10 30 29 6 11 42
43 28 35 14 44 26 42 62 59 34
27 2 30 50 47 31 35 10 28 44
5 10 7 31 18 21 29 2 47 5
14 52 53 20 13 11 37 5 35 46
18 20 30 26 39 63 28 23 3 29
12 51 54 44 26 39 14 21 54 35
47 14 46 21 60 45 22 29 3 19
29 53 51 35 6 61 62 54 51 13
20 63 22 59 44 2 59 34 6 50
3 61 23 36 54 4 46 7 52 53
28 20 43 27 23 59 4 38 37 38
44 42 7 54 38 36 38 5 46 13
14 45 23 45 50 36 29 61 23 2
18 45 2 54 38 60 58 44 29 29
47 21 20 44 38 4 52 15 34 63
46 30 21 47 34 20 21 34 20 54
28 52 38 14 28 29 61 15 3 58
51 45 31 7 7 53 59 37 26 18
27 11 6 27 35 60 59 62 46 20
14 50 28 11 42 18 55 52 62 6
29 4 18 15 31 55 18 37 31 27
27 52 12 19 39 29 11 39 55 20
34 5 45 21 44 3 59 15 21 59
36 60 15 26 36 19 37 50 6 5
27 38 23 27 54 52 52 12 5 7
46 23 55 42 31 29 7 37 15 59
18 50 61 19 37 7 15 39 4 36
46 14 46 23 62 23 60 60 18 20
37 50 6 7 27 58 60 12 28 34
60 21 10 35 44 39 36 19 35 10
54 19 3 45 7 13 11 36 58 54
60 5 14 50 43 26 44 4 7 26
35 3 28 54 30 3 51 63 22 19
26 29 23 46 28 12 6 28 42 29
34 58 61 22 5 29 59 7 22 61
54 43 15 35 59 3 43 60 22 34
54 10 51 50 39 22 43 4 35 43
7 15 36 44 50 43 18 58 31 13
15 60 13 11 12 29 11 52 2 23
30 22 51 59 23 3 31 38 12 58
55 51 29 62 34 51 51 4 10 61
55 22 53 35 3 20 58 55 19 36
58 62 63 15 27 61 63 6 45 51
39 36 51 21 55 63 26 21 59 4
42 38 42 34 53 7 35 7 51 36
46 58 45 31 26 50 60 14 45 34
30 4 13 28 62 44 11 29 13 58
15 62 15 53 35 50 60 38 12 29
43 58 62 13 34 54 44 19 4 6
12 36 3 63 15 29 31 2 47 18
5 19 20 38 39 19 31 36 31 63
27 15 58 10 28 45 23 61 11 28
53 28 58 59 35 6 52 51 51 53
11 62 55 26 46 22 7 59 54 22
15 15 22 60 39 22 51 52 50 62
35 34 27 15 2 38 15 42 30 21
28 20 60 54 15 46 37 12 46 4
34 5 18 39 19 6 39 55 54 14
14 54 31 62 28 51 11 52 27 30
13 61 5 51 11 18 51 55 60 10
21 27 35 35 29 11 29 61 61 47
15 58 10 10 42 23 28 2 55 44
37 15 31 54 11 45 55 50 54 11
28 11 31 19 26 59 12 50 11 2
22 3 13 36 3 12 38 30 36 38
60 45 23 58 34 15 39 23 51 15
42 44 52 29 43 14 59 10 53 39
52 2 12 35 7 43 36 50 30 3
29 27 39 45 10 26 27 39 62 43
35 5 43 34 3 29 12 58 45 23
62 52 59 20 62 5 63 61 14 10
27 58 23 58 30 42 14 31 52 60
15 13 30 23 61 15 2 38 39 53
5 63 21 38 44 44 63 14 22 28
