3 1 6 1 1 1 3 0 4 3
7 4 4 0 5 1 5 0 6 2
4 3 1 1 1 0 3 3 1 2
5 5 7 7 5 3 4 3 6 1
6 6 7 4 4 3 5 4 5 6
7 1 2 0 3 1 1 7 7 4
2 7 2 4 7 0 3 0 7 5
3 5 0 0 5 7 7 2 0 7
4 1 5 1 6 1 6 2 7 1
4 2 5 5 5 5 5 5 6 0
1 2 4 0 0 6 6 4 0 7
5 6 1 6 0 5 1 7 6 2
2 1 6 5 0 4 6 0 0 5
5 4 6 7 3 1 6 2 0 5
6 1 5 4 5 3 3 2 5 3
1 4 3 1 6 1 2 2 6 7
3 3 0 4 0 6 4 1 6 6
4 5 5 0 3 6 4 6 5 0
1 0 7 0 2 2 7 2 7 5
2 1 1 7 4 0 4 2 5 3
2 1 7 4 2 4 6 0 4 1
7 4 4 0 1 0 4 3 4 6
3 1 6 0 6 4 5 0 0 7
0 0 6 0 2 5 5 0 1 2
6 7 2 5 1 0 7 1 4 3
0 5 3 2 5 1 5 3 2 0
7 5 0 5 4 7 5 4 1 3
3 0 7 5 6 0 2 2 0 2
0 1 1 3 7 6 0 7 2 1
5 1 6 7 0 5 2 1 1 1
0 6 1 4 7 2 6 5 4 3
4 2 2 2 7 0 2 0 2 5
0 1 2 5 3 0 4 2 4 5
0 5 6 0 1 7 0 4 0 2
5 2 6 2 2 1 1 2 5 4
1 0 1 3 1 6 2 7 6 3
1 4 6 4 1 3 7 7 7 6
5 6 2 4 7 6 7 1 3 3
6 5 3 5 7 3 1 1 4 1
7 5 7 2 0 7 4 4 1 1
7 2 7 5 5 6 0 5 5 6
3 2 0 5 7 4 2 2 3 7
0 6 2 7 4 4 3 3 4 1
3 7 5 7 4 3 0 1 5 5
7 2 3 2 6 7 6 5 1 3
1 6 4 6 2 5 6 3 7 6
3 1 1 1 4 0 0 1 4 5
6 6 2 7 0 2 4 7 2 0
0 1 6 4 1 1 6 3 4 1
5 5 4 0 7 3 4 0 5 1
7 5 1 5 7 5 3 7 7 0
0 6 0 1 5 5 3 7 4 1
7 7 7 6 7 3 4 5 5 5
2 6 1 6 0 6 7 5 3 5
4 5 6 3 0 7 5 5 3 3
0 2 3 4 5 6 2 6 1 7
0 5 5 6 7 3 1 6 4 4
6 5 7 6 3 5 5 6 0 5
3 0 4 3 6 2 3 3 4 2
2 5 4 2 3 3 3 0 5 2
6 2 6 5 1 2 7 1 0 4
0 2 1 2 6 2 5 3 4 6
1 2 5 2 6 4 1 3 6 5
7 0 7 0 5 6 4 6 4 5
4 5 2 7 3 1 6 7 1 0
5 6 7 2 4 0 4 4 3 4
0 4 5 7 3 5 4 7 6 6
3 2 7 0 0 6 0 1 7 3
0 3 5 7 5 5 5 5 2 3
5 5 2 4 5 6 7 0 4 0
7 4 5 0 5 7 3 3 4 5
1 5 1 2 2 2 4 3 4 1
3 2 1 2 2 2 1 5 3 0
2 1 1 5 0 5 0 2 1 4
6 7 1 5 4 0 2 2 0 3
3 0 6 7 7 1 3 1 0 6
3 7 3 6 6 4 4 0 5 1
4 1 4 4 5 1 5 4 4 0
1 4 7 7 6 2 3 3 1 3
3 5 0 7 4 2 1 6 3 4
6 6 7 4 3 2 1 6 2 6
4 2 7 4 1 6 4 5 4 1
5 3 3 3 4 2 0 0 4 1
2 5 2 6 7 3 4 2 7 1
0 1 0 7 1 5 6 1 3 5
1 4 7 1 3 6 3 0 1 2
6 4 7 1 5 7 1 6 1 7
3 0 2 6 6 7 2 6 7 2
4 7 5 4 0 3 7 5 2 7
0 7 0 5 2 0 3 5 7 1
3 3 3 4 5 6 4 7 7 2
3 3 5 3 6 7 1 1 5 3
3 4 2 2 1 4 4 7 6 3
0 2 2 7 4 6 7 7 3 0
7 7 6 2 1 7 0 4 1 0
2 1 0 6 5 1 7 5 2 7
0 1 5 3 6 3 7 0 1 6
4 5 5 1 0 4 3 5 3 4
2 6 7 2 3 7 1 6 6 5
5 6 2 2 4 3 3 6 0 2
28 11 52 13 14 12 27 4 39 31
59 34 36 6 42 10 42 5 50 18
38 28 11 11 12 5 26 31 10 18
44 42 62 60 42 31 39 31 53 13
55 52 58 34 37 29 43 38 44 51
59 14 20 6 30 13 12 61 59 34
18 61 21 35 63 3 30 5 60 47
27 42 5 3 44 58 59 19 7 63
39 11 47 13 54 11 53 19 62 12
34 23 42 46 45 47 47 46 51 7
15 20 35 5 4 53 52 38 4 63
42 52 14 51 7 44 14 60 50 23
21 15 54 43 2 34 50 3 6 47
47 35 52 60 27 10 50 20 5 47
53 13 46 37 44 29 29 19 45 30
10 37 29 14 55 10 21 19 54 61
28 27 5 35 6 51 34 11 53 54
36 45 46 7 27 54 38 51 43 4
12 6 58 7 19 19 58 19 60 42
19 13 13 60 39 5 34 22 44 31
21 11 58 34 18 38 53 4 38 11
58 35 37 6 14 4 36 28 36 55
31 12 52 2 51 35 46 7 5 58
2 5 52 7 18 43 46 5 14 19
54 58 19 42 13 5 63 12 36 27
4 44 30 22 46 15 47 30 22 5
62 42 5 42 39 61 47 39 15 26
26 3 63 42 52 4 19 18 3 19
3 11 11 27 63 52 7 60 19 10
45 12 51 59 6 45 20 11 12 15
4 50 12 39 61 20 54 43 35 26
39 18 23 23 62 7 23 6 20 42
4 13 22 42 27 2 38 19 34 47
7 45 51 2 14 59 4 38 5 19
47 22 52 23 23 15 12 19 47 34
12 4 14 30 10 50 18 63 53 30
12 38 55 36 15 26 58 62 62 55
46 54 23 37 63 53 63 12 30 27
55 46 31 43 61 27 15 15 34 10
63 44 59 22 2 58 34 37 15 15
61 19 63 45 46 55 5 44 43 50
29 20 3 44 62 35 21 18 29 63
6 52 18 61 34 34 28 29 38 14
26 58 43 62 38 29 4 13 47 46
58 22 27 20 52 60 53 44 15 27
13 55 37 55 19 47 55 30 60 54
28 14 12 15 36 2 7 12 36 46
55 53 20 61 6 19 37 60 18 2
3 12 52 36 13 15 52 29 35 10
44 47 39 2 63 26 39 3 47 15
58 45 11 42 62 45 26 61 60 2
3 55 6 15 46 46 29 58 35 11
62 58 59 51 63 31 39 44 43 46
18 52 13 54 5 51 58 44 28 45
38 43 50 28 6 58 46 42 27 31
2 21 29 37 42 54 20 54 10 61
2 46 45 50 61 26 10 54 36 38
50 42 58 53 29 43 43 52 5 47
28 4 34 30 54 20 29 26 34 23
21 44 34 21 30 28 29 3 46 22
50 22 50 46 15 19 62 11 2 38
6 19 10 23 54 20 45 29 34 52
13 23 47 21 51 36 12 28 55 46
59 7 58 7 47 53 38 55 36 47
34 46 20 63 29 15 54 59 15 3
43 53 61 23 36 5 38 37 31 39
5 36 43 58 31 46 34 63 53 51
31 18 61 3 2 53 2 13 62 28
7 31 44 61 42 42 46 45 22 31
46 42 20 37 42 53 61 4 35 3
58 36 45 5 42 58 26 27 39 42
12 42 15 22 19 18 39 26 39 11
30 18 12 22 20 21 11 46 26 7
21 12 15 46 3 44 4 23 14 38
52 62 12 45 35 2 19 21 6 31
31 5 50 62 59 11 26 12 4 50
31 58 31 54 51 37 35 6 44 13
37 12 36 39 43 12 44 35 38 4
12 39 58 58 52 22 29 31 15 29
29 46 7 61 38 22 13 51 27 35
52 51 59 34 29 22 10 53 18 53
36 20 62 35 11 50 34 47 38 12
47 29 27 29 37 19 4 5 36 11
20 42 20 51 61 30 34 19 59 15
6 15 2 58 13 47 54 15 27 44
12 38 60 10 27 50 26 2 10 22
54 38 63 14 43 58 11 55 14 62
29 4 22 55 52 59 18 51 59 18
35 62 42 36 7 31 58 42 21 59
6 60 3 47 19 4 30 44 62 13
31 31 30 39 44 50 36 62 61 19
30 31 47 29 51 62 13 10 43 30
28 34 18 19 15 36 37 59 53 30
5 18 23 63 36 54 60 59 31 4
59 59 51 20 10 60 5 35 13 5
21 10 6 53 46 11 58 45 22 61
4 10 45 29 54 30 58 6 15 54
35 42 46 14 6 35 29 47 31 38
18 51 59 18 31 58 10 52 52 46
46 51 23 18 34 28 31 50 4 22
