5 7 5 5 5 6 3 3 2 7 5 2 4 2 0 1
4 2 5 0 6 7 1 5 5 4 7 0 5 6 2 6
7 0 5 3 7 4 0 1 1 4 6 6 6 6 2 3
1 0 1 7 1 7 6 4 1 2 4 2 1 0 6 7
5 0 3 4 7 7 1 0 0 7 5 0 6 0 4 6
3 5 6 4 4 6 2 2 5 6 4 7 7 6 0 2
3 4 2 3 2 1 2 5 4 2 5 6 3 1 2 3
4 4 0 0 5 0 6 0 6 1 5 0 0 1 3 1
0 2 0 4 6 0 6 0 1 7 1 1 0 2 4 5
7 2 5 0 6 5 4 4 6 2 0 0 2 2 6 5
5 5 0 4 3 6 3 7 5 6 4 0 4 3 7 7
5 4 1 3 4 0 0 1 0 1 7 2 2 4 7 0
1 3 5 1 3 3 1 3 5 1 6 1 5 6 1 5
6 2 0 7 7 6 7 0 3 1 1 6 7 7 5 5
3 6 7 4 6 2 4 6 6 7 3 1 0 7 5 0
3 2 1 3 5 4 2 1 1 3 0 5 1 0 6 3
44 63 46 42 42 55 29 26 21 62 44 23 39 18 5 13
37 18 43 4 55 63 10 43 47 34 61 5 46 55 20 51
60 3 44 26 58 35 3 11 11 34 53 52 54 54 21 31
10 5 15 63 10 59 51 39 15 18 34 19 12 6 51 59
46 6 29 36 63 60 11 3 6 63 42 2 51 3 36 53
29 42 53 34 39 53 22 21 44 52 36 61 61 51 5 21
31 39 19 30 18 12 22 47 35 21 43 55 30 13 20 29
39 37 6 3 47 6 52 6 51 11 45 4 3 11 30 12
2 18 2 38 50 4 53 7 10 58 10 11 6 22 35 46
59 20 44 7 50 44 38 34 55 21 6 2 19 21 51 43
45 43 3 39 26 51 28 63 46 52 35 6 39 29 59 59
43 38 12 30 38 5 2 12 6 15 62 19 18 34 58 7
14 29 45 10 26 29 12 30 46 14 50 14 47 51 15 47
51 18 2 60 62 51 61 4 28 15 13 50 59 62 47 42
27 54 59 37 54 18 36 55 51 60 27 12 7 63 46 3
30 23 13 28 43 34 20 13 14 28 7 46 13 2 55 29
