2 1 0 2 7 6 4 0 1 0 3 3 5 5 5 5
6 4 4 3 1 6 4 3 0 4 5 6 6 1 3 4
4 5 3 7 4 1 6 0 0 7 3 6 6 1 0 3
0 7 6 5 0 0 0 0 6 0 5 1 7 5 2 7
7 6 5 4 7 5 4 7 7 4 0 6 5 5 5 2
0 7 4 4 7 4 7 6 6 7 3 2 3 7 3 7
5 3 5 1 7 7 5 7 6 5 7 3 7 0 1 3
4 4 6 6 0 5 2 1 0 4 7 0 7 0 4 4
1 1 2 2 1 7 7 1 0 2 1 1 2 0 4 0
3 4 6 6 7 4 6 7 3 3 2 3 6 4 7 4
5 2 0 5 0 0 0 5 0 5 5 4 5 6 5 5
5 3 7 5 4 5 1 1 3 7 0 5 7 6 7 7
7 6 0 7 6 7 6 2 6 4 2 2 2 2 2 2
2 1 1 0 1 1 2 1 2 2 2 1 2 2 2 4
4 0 2 4 6 2 3 3 5 1 6 1 1 1 4 1
1 1 0 2 1 0 0 4 3 6 3 3 6 3 0 5
58 55 22 36 31 20 18 22 35 54 47 59 19 61 19 19
42 18 60 27 35 20 18 27 22 18 19 20 30 35 27 18
18 19 27 21 60 35 30 12 12 43 27 20 52 35 12 27
22 31 20 19 12 22 22 12 20 12 51 35 53 39 46 11
21 52 51 50 21 51 50 53 31 50 54 52 51 51 51 46
44 11 50 50 21 50 21 62 52 21 59 58 59 53 59 53
61 59 61 23 53 53 61 11 52 61 11 59 11 34 45 47
38 38 30 52 34 61 46 55 34 60 63 34 11 2 60 60
55 55 4 26 3 63 63 55 34 4 55 45 4 34 38 54
47 28 30 30 63 38 30 63 47 47 26 47 62 28 63 38
29 58 2 7 2 2 2 7 2 39 7 60 39 62 39 39
39 15 43 7 6 7 23 3 15 31 54 7 43 62 43 43
43 62 44 31 42 31 62 26 42 38 26 26 26 58 58 14
14 23 23 54 45 45 14 45 14 4 4 45 14 4 36 28
28 44 14 28 42 58 15 15 29 23 10 13 13 13 28 13
23 13 44 46 13 44 44 6 15 10 15 37 42 5 54 29
