2 1 0 2 7 6 4 0 1 0 5 4 7 3 5 6
1 4 3 3 5 6 0 5 0 4 0 0 6 5 3 4
4 5 3 3 4 1 6 3 1 7 4 6 6 1 6 5
5 6 6 4 3 6 6 2 7 6 0 7 5 7 2 7
0 6 7 1 7 5 2 3 7 6 6 7 2 5 2 2
0 4 7 5 0 2 1 4 2 7 0 2 3 7 1 1
7 1 7 4 5 1 1 5 6 5 7 3 5 6 1 3
4 2 7 3 7 0 5 4 3 4 3 5 4 2 5 0
0 3 5 5 3 4 2 5 5 5 0 1 2 7 4 0
4 3 0 1 3 3 0 4 0 4 2 0 2 0 0 1
4 3 3 3 3 0 0 7 1 7 5 7 5 7 7 4
4 7 2 4 4 4 7 1 7 2 0 1 7 7 6 7
5 5 5 4 2 2 2 0 5 4 4 2 2 4 2 2
0 1 1 5 1 1 1 1 0 0 1 1 1 1 7 6
4 6 2 7 7 4 7 5 5 7 6 2 6 2 6 6
6 6 0 5 2 1 5 4 5 2 6 1 2 6 6 2
58 55 22 36 31 20 18 22 35 54 19 18 21 27 19 20
35 18 27 27 19 20 22 19 22 18 22 22 20 19 27 50
18 19 27 47 60 35 30 27 35 43 18 52 52 35 52 51
61 20 20 50 47 30 30 46 43 30 2 21 7 21 46 11
12 52 43 55 21 51 46 59 31 30 30 21 58 7 46 46
2 28 31 51 2 58 13 28 46 21 2 58 37 31 13 55
43 55 31 28 39 13 35 51 52 51 31 59 51 52 45 37
60 26 43 59 43 12 39 28 59 60 37 39 60 26 39 12
12 59 61 61 59 60 26 39 39 61 12 45 26 53 38 12
6 37 34 55 37 37 34 60 34 28 26 34 26 34 34 55
28 47 47 47 47 2 2 63 13 53 61 53 29 63 63 38
50 63 58 50 50 50 63 3 63 58 54 3 11 11 62 11
29 29 29 38 4 4 36 54 29 38 38 4 4 6 4 4
54 23 23 29 23 23 23 23 54 54 45 45 45 45 53 42
38 42 14 11 11 6 53 7 61 53 10 14 62 36 62 62
62 62 44 7 36 13 7 6 7 36 42 13 14 42 42 14
