2 3 4 2 5 0 2 5 4 3 2 6 4 2 2 0
2 1 3 7 5 6 5 6 0 5 6 0 4 1 2 7
4 3 0 3 3 4 7 4 0 7 3 4 6 3 6 3
0 7 6 7 7 0 5 0 7 2 5 0 7 5 2 4
0 3 0 4 4 4 4 6 7 3 0 6 5 5 4 5
0 6 0 5 5 5 6 6 6 7 6 2 6 7 3 7
6 3 5 5 1 7 7 6 7 0 7 3 0 0 0 7
4 2 2 0 7 0 5 7 2 4 4 4 4 1 4 7
1 3 0 5 1 2 3 2 1 1 1 1 3 2 6 2
1 3 1 2 7 1 3 7 0 5 2 0 3 3 6 1
3 5 6 1 1 6 6 1 1 1 2 2 5 2 1 2
0 5 0 1 7 5 3 1 2 2 1 5 5 1 7 1
2 1 1 7 1 2 2 2 5 4 2 5 5 5 4 1
1 7 6 3 5 1 6 6 1 3 5 7 7 5 1 4
4 6 5 7 7 0 0 5 0 0 6 6 0 6 6 6
1 4 3 3 5 7 5 7 3 2 2 4 2 4 0 4
58 59 38 26 19 34 46 19 18 27 26 30 28 26 58 2
58 35 47 63 61 62 61 62 22 19 20 22 18 35 26 21
18 47 22 47 47 18 21 50 22 43 47 18 52 47 52 27
22 43 20 43 53 34 19 12 43 26 19 34 53 19 46 18
12 27 22 50 50 50 50 20 31 27 54 20 51 51 50 51
44 30 12 51 51 51 52 62 52 21 20 58 20 31 59 21
52 59 61 39 55 53 53 52 21 44 53 59 44 34 44 53
60 58 46 44 43 44 7 43 58 60 60 60 60 45 60 21
45 59 12 61 45 46 59 46 23 23 45 45 37 46 30 14
45 37 23 14 11 23 37 31 12 29 26 34 37 37 42 55
37 7 30 3 35 30 30 35 35 35 14 14 29 14 23 14
12 29 34 23 31 7 27 3 4 4 55 7 29 55 31 13
4 13 55 31 55 4 36 4 29 38 4 61 29 61 28 13
3 11 62 27 39 13 62 62 3 5 39 63 11 39 3 28
28 42 39 11 11 2 2 39 2 2 10 42 2 42 42 42
3 38 5 5 7 11 7 63 15 36 36 38 36 38 54 38
