2 7 6 6 5 4 5 3 1 5 6 3 2 3 5 5
2 5 5 6 2 6 1 7 0 4 4 7 6 1 4 4
4 5 0 4 6 1 7 4 1 7 3 6 6 3 6 5
7 6 7 6 7 0 0 2 6 6 0 0 7 6 0 4
0 7 2 3 7 5 1 7 7 1 7 6 5 5 1 6
0 7 0 5 5 2 4 2 7 4 2 2 6 7 0 3
0 4 0 1 4 3 0 1 4 3 1 6 1 1 1 3
4 2 1 0 3 0 7 7 0 0 3 1 0 1 5 7
2 7 1 7 1 4 3 2 3 4 7 3 3 3 2 0
0 5 3 3 3 6 0 0 3 5 2 3 5 3 6 1
5 6 5 1 3 6 1 2 6 7 0 4 1 2 3 5
0 3 0 2 6 5 2 1 3 2 1 1 7 6 1 7
1 2 1 7 1 2 2 2 2 4 7 2 0 0 2 2
6 5 4 4 6 2 5 6 3 3 6 6 0 5 5 6
0 5 5 7 3 3 2 5 5 4 6 2 2 7 5 5
5 4 3 3 4 3 2 2 3 2 2 3 4 4 4 5
58 31 20 30 19 60 19 27 35 29 30 59 26 27 19 19
26 19 19 30 46 42 35 21 22 50 50 21 30 35 50 50
18 29 22 50 52 35 21 50 35 43 47 52 52 47 52 51
53 52 53 52 53 22 22 46 20 20 22 34 53 30 22 18
12 21 14 47 21 51 55 53 31 45 21 30 51 51 35 20
44 31 12 51 51 58 60 58 53 18 58 58 20 31 44 47
44 18 12 23 18 47 44 23 18 47 23 20 23 23 45 37
60 58 45 12 27 12 31 43 12 44 37 23 44 45 29 43
14 43 45 11 45 60 59 14 59 60 31 59 37 59 36 54
54 29 37 27 37 42 54 54 59 29 26 27 39 37 42 55
29 42 39 3 27 42 55 4 42 11 54 60 3 4 15 39
54 15 34 26 10 39 26 3 15 4 55 3 43 10 3 43
3 46 55 11 55 46 36 14 14 38 11 26 34 34 46 14
62 39 38 38 62 46 7 62 5 5 62 62 34 39 7 62
34 7 7 11 5 15 4 7 7 38 10 36 36 11 61 61
61 38 5 5 38 5 4 4 15 36 36 15 28 28 28 61
