2 1 0 7 5 6 1 5 5 7 2 4 5 5 1 6
2 5 5 2 0 7 0 7 0 2 0 7 6 6 3 5
4 6 3 1 7 4 6 5 0 4 2 2 2 1 6 3
5 4 5 5 5 5 6 7 7 4 2 4 6 3 7 7
2 3 7 7 7 5 6 7 7 2 2 7 2 5 2 7
2 7 1 5 5 7 1 7 4 4 7 1 4 7 3 7
1 3 4 1 1 3 1 4 4 4 4 3 1 0 1 3
4 2 3 3 1 3 7 3 3 4 7 0 7 7 4 7
3 1 1 7 7 7 7 1 0 6 1 1 2 2 2 6
2 6 2 3 7 5 5 7 2 1 1 1 2 2 2 2
2 1 2 1 2 6 6 7 6 2 5 5 1 6 6 5
5 7 0 5 5 3 4 0 0 0 0 6 5 3 0 0
0 0 6 1 1 3 6 6 6 1 6 0 5 5 4 1
5 5 1 1 5 1 5 1 0 5 6 3 5 6 5 0
6 6 2 0 6 0 0 0 1 0 6 2 3 0 0 6
6 2 3 3 6 2 6 2 6 3 6 4 2 0 0 4
58 55 22 43 19 20 23 51 51 31 58 18 19 61 23 20
58 51 51 58 22 21 22 21 22 4 22 21 30 30 27 19
18 30 27 23 31 60 30 19 22 18 58 26 58 35 30 27
19 60 29 19 29 61 30 53 43 18 4 60 20 59 63 11
26 27 63 31 43 61 10 53 31 26 26 43 4 61 26 43
26 11 45 51 51 43 23 53 50 18 53 35 50 53 59 53
35 59 50 23 35 47 35 50 18 50 50 59 35 34 45 47
60 46 59 59 3 47 11 47 47 60 63 34 21 21 60 21
47 55 45 11 11 11 63 55 54 10 45 45 4 46 36 20
36 20 46 27 63 61 61 31 4 3 3 23 4 46 36 36
46 3 36 3 36 42 20 31 42 46 7 7 3 62 42 7
7 63 34 7 7 37 28 34 44 54 54 52 29 37 44 34
34 44 62 45 13 15 62 62 62 13 52 44 39 39 28 13
39 39 55 55 39 13 39 55 12 29 62 27 29 52 29 12
52 42 14 12 52 12 2 12 13 44 10 14 37 12 44 10
52 14 37 37 42 14 10 14 10 37 42 6 14 54 54 28
