2 1 0 2 7 4 3 2 6 7 5 2 7 3 7 4
3 3 7 7 7 1 0 1 3 1 6 1 1 3 6 1
1 3 5 3 4 2 6 0 5 2 2 6 6 5 5 5
5 6 6 7 5 5 5 7 7 5 0 0 7 5 5 7
5 3 2 1 7 5 1 7 7 7 0 5 5 5 6 7
0 6 0 6 5 2 5 2 6 4 0 7 6 2 0 0
4 3 4 1 0 3 4 0 4 4 4 3 0 0 1 7
0 0 3 4 1 0 5 1 0 1 1 0 0 0 4 0
3 0 6 5 1 4 7 7 3 0 0 1 0 0 0 0
1 5 0 2 7 4 2 7 4 2 4 1 4 4 4 1
2 0 6 7 2 6 7 3 0 0 7 7 6 6 6 4
3 3 3 3 0 0 4 1 3 3 3 3 6 6 6 7
4 4 6 1 4 7 7 4 7 6 6 6 4 6 1 1
1 1 1 7 3 1 4 4 4 3 6 7 6 4 4 2
5 3 5 5 3 2 2 2 2 2 7 2 2 2 2 3
3 3 3 3 4 4 2 1 6 1 2 4 7 1 2 7
58 55 22 36 31 38 37 4 52 31 39 26 63 37 31 28
27 59 53 63 53 3 44 55 37 23 62 45 45 37 62 45
45 37 7 37 60 58 30 34 51 58 58 20 52 39 51 51
61 20 20 11 7 61 7 11 11 51 12 34 53 19 19 11
7 27 14 55 11 51 55 53 31 11 12 19 51 7 20 43
44 30 12 20 19 58 19 58 30 18 2 21 20 46 22 22
18 59 18 23 22 47 50 2 60 50 50 59 54 2 45 53
2 2 59 50 35 2 19 35 34 35 35 34 44 34 50 54
59 54 30 61 35 60 63 53 59 44 12 45 12 44 12 44
35 7 34 14 21 38 14 31 38 14 50 23 38 38 38 55
14 54 62 21 14 62 21 15 54 54 21 21 62 62 42 6
47 15 47 15 22 22 18 3 15 47 47 47 10 10 10 43
28 28 10 23 28 43 43 28 43 52 52 52 28 52 23 13
13 23 55 43 5 13 60 60 60 5 30 63 30 18 18 26
61 27 61 61 5 26 26 26 26 36 31 36 36 36 36 27
27 27 5 5 6 6 4 3 10 3 4 6 63 3 46 63
