2 1 5 6 5 5 5 6 2 0 3 5 2 5 5 6
3 5 4 6 6 0 5 5 5 0 6 7 0 1 3 5
1 5 3 5 1 1 3 4 1 7 3 2 6 5 3 3
3 3 6 2 5 6 2 7 7 6 4 4 2 2 2 3
2 4 2 0 7 2 4 4 1 6 0 6 0 5 0 7
0 4 4 5 4 5 4 6 3 3 0 4 4 2 0 0
3 4 0 1 4 3 3 6 1 3 4 7 3 4 4 4
4 3 0 6 1 7 7 3 4 4 3 4 4 3 1 2
2 3 4 3 1 3 7 7 7 2 1 2 2 6 2 6
3 5 3 0 7 6 0 2 0 5 5 3 1 0 6 1
7 5 0 7 1 6 7 7 2 7 7 7 1 7 7 6
0 7 0 5 6 5 5 1 6 6 1 6 6 5 7 6
7 6 6 7 7 0 6 0 6 0 0 1 4 1 1 1
1 1 1 2 2 2 5 0 1 6 1 2 1 5 2 5
0 2 2 2 7 4 2 3 5 2 2 0 3 2 0 7
3 0 3 3 2 7 2 4 3 5 5 7 7 2 4 4
58 35 19 30 19 19 19 30 26 54 27 29 26 61 19 30
27 19 38 30 30 34 61 7 61 34 30 21 12 35 27 29
35 29 27 39 35 35 27 28 35 43 27 26 52 39 59 59
59 59 20 26 51 20 58 31 43 20 60 60 14 14 14 15
14 38 14 22 43 14 50 18 13 10 22 10 22 7 44 43
44 28 60 51 28 61 60 62 59 59 2 60 60 46 22 22
47 18 22 23 18 47 47 42 45 47 50 21 47 50 50 50
50 15 34 52 3 31 31 15 28 28 37 18 18 47 45 58
58 15 18 37 45 37 31 31 31 4 55 58 4 20 36 42
15 29 15 12 21 42 12 58 12 29 61 5 55 12 42 55
53 61 12 53 45 42 21 21 4 53 63 53 45 63 63 52
54 21 34 51 20 51 51 3 20 62 55 52 52 51 53 62
53 52 62 63 63 54 62 54 62 54 54 23 28 23 23 3
3 55 55 4 4 4 7 44 23 42 45 36 23 39 36 7
34 36 36 36 11 6 46 37 29 46 46 34 37 26 44 43
37 44 5 5 46 11 26 6 5 7 7 43 63 46 6 6
