1 0 1 0 1 1 1 0 0 1 1 1 0 1 1 1
0 1 0 0 0 0 0 0 1 1 0 1 1 0 0 1
0 1 1 0 1 1 0 0 1 1 0 0 0 0 1 1
0 1 1 0 1 1 0 1 0 0 0 0 0 0 0 0
1 1 1 1 1 0 1 0 1 1 1 1 1 1 1 1
1 1 0 1 1 0 0 0 0 1 0 0 0 1 0 0
1 1 0 0 1 0 0 1 1 1 0 1 1 1 1 1
0 1 0 1 0 1 0 0 1 0 0 0 1 1 1 1
1 0 0 0 1 1 1 1 1 1 0 0 1 1 0 1
1 0 0 1 1 0 1 1 1 0 0 1 0 1 1 1
1 1 1 1 0 0 1 1 0 0 0 0 0 1 1 0
0 0 1 0 0 0 0 1 0 0 0 0 1 0 0 0
0 1 0 1 1 1 1 1 1 0 0 0 0 0 0 0
1 1 0 1 0 0 0 0 0 0 0 1 1 1 1 0
0 0 0 0 0 0 1 0 1 1 0 1 0 1 1 1
1 1 1 1 1 0 0 0 0 0 0 0 0 0 0 0
6 9 8 3 26 8 20 9 25 4 8 16 13 18 26 26
23 24 5 15 21 17 17 11 18 18 23 20 14 23 23 14
21 26 24 25 26 26 53 17 22 18 21 21 11 35 58 48
21 58 48 47 6 42 47 42 9 9 5 13 9 21 23 23
36 10 24 24 4 11 4 19 20 10 10 24 24 18 8 8
18 8 17 10 10 57 3 53 53 42 57 39 3 46 3 3
12 54 45 19 12 47 35 4 4 4 25 54 14 14 14 56
41 10 19 12 3 52 19 51 14 41 19 19 40 52 52 52
52 53 53 53 56 56 56 56 54 54 17 45 40 40 47 40
36 45 45 40 36 45 36 36 44 43 43 44 43 44 44 44
44 58 58 56 35 35 52 58 35 35 55 47 47 48 48 7
7 43 58 7 7 7 7 48 43 49 49 43 48 49 51 45
51 36 49 50 50 50 50 50 50 49 51 37 49 57 37 25
54 54 55 22 51 51 37 5 5 5 5 22 22 22 22 41
41 15 15 15 15 15 20 17 20 20 9 42 39 42 38 42
38 38 38 38 38 11 55 55 55 41 55 41 25 25 11 57
