1 0 1 0 1 1 1 0 0 1 1 1 0 1 1 0
0 0 0 0 1 1 0 1 1 1 1 1 1 0 0 0
0 0 0 0 0 0 0 1 0 1 0 1 1 1 1 1
1 0 1 0 0 0 0 1 0 1 1 0 1 0 0 0
0 0 1 0 1 1 0 0 0 0 0 1 1 1 1 1
1 1 0 0 0 0 0 0 0 0 1 1 1 1 1 1
1 1 1 1 1 1 0 1 1 1 0 1 1 1 0 0
1 0 1 0 0 0 1 0 1 0 0 0 1 1 1 1
0 1 0 0 0 0 0 0 1 1 1 1 0 1 0 1
1 0 0 1 0 0 0 1 0 0 1 0 0 1 1 1
1 1 1 0 0 0 0 0 1 0 1 1 0 0 1 1
1 0 0 1 1 1 0 0 0 1 0 1 1 1 0 0
1 0 1 1 0 0 0 0 1 1 0 0 0 1 0 1
0 0 0 0 0 0 0 0 0 1 1 1 0 1 1 0
1 0 0 1 0 0 1 0 1 1 1 1 0 1 0 0
0 1 0 0 0 0 0 0 1 0 0 0 0 0 0 0
6 9 8 3 26 8 20 9 25 4 8 16 13 18 26 11
35 11 19 57 46 6 3 46 10 46 8 46 8 37 17 17
17 57 57 57 57 3 57 48 3 46 55 48 52 36 36 48
36 37 36 55 51 51 3 46 17 36 36 41 56 3 37 37
35 35 38 55 38 48 55 55 35 35 55 42 52 52 52 52
44 52 49 51 35 49 49 53 53 45 56 58 14 14 22 22
14 14 14 14 20 20 53 18 18 18 53 20 20 22 45 53
22 45 54 45 51 49 54 51 22 45 51 45 56 56 56 56
15 48 21 21 49 49 21 53 50 50 50 50 39 50 39 50
54 39 39 48 21 39 39 44 47 47 44 47 37 44 44 44
22 54 54 47 47 47 21 21 42 37 54 42 43 43 42 38
38 43 43 42 20 42 23 43 19 58 43 58 38 58 41 13
40 13 58 58 41 25 41 25 18 38 11 11 25 18 25 40
41 41 25 11 5 13 23 13 11 26 26 26 23 26 12 23
12 23 23 40 5 19 4 7 40 16 10 40 15 16 15 19
17 24 5 5 7 5 7 7 40 9 9 5 9 17 7 7
