0 0 0 1 0 0 1 1 1 1 1 0 0 0 1 0
1 1 1 1 0 0 1 0 0 1 1 0 0 1 0 0
1 0 0 0 0 0 1 1 0 0 1 1 1 0 1 0
0 1 1 1 1 0 1 0 1 1 0 0 1 0 1 0
0 1 1 0 1 1 0 0 1 1 1 1 1 0 1 0
1 0 1 0 0 1 0 1 1 1 1 1 1 0 1 1
1 0 1 0 0 0 1 0 0 0 1 1 1 0 1 0
1 1 1 1 0 1 0 0 0 1 1 0 1 0 1 1
1 1 1 0 0 0 1 0 1 1 1 0 0 0 1 1
0 0 0 0 0 0 0 0 0 0 1 0 0 0 0 0
0 1 1 0 0 1 0 0 0 0 0 0 1 1 0 1
1 0 0 1 0 0 0 0 0 0 0 0 0 1 1 1
1 1 1 1 1 0 0 1 0 1 1 1 0 0 1 0
1 0 0 1 0 1 0 0 1 1 1 0 1 0 0 1
1 1 0 1 1 0 1 0 1 0 1 1 0 0 1 1
0 1 0 0 1 1 0 1 0 0 0 1 0 1 0 0
17 57 45 10 51 51 36 36 36 54 12 25 25 25 18 25
18 18 18 18 51 21 12 51 55 12 48 51 25 48 51 25
18 49 49 9 49 49 8 8 49 43 38 10 52 55 10 35
19 20 54 54 56 57 8 57 10 20 5 57 42 23 46 11
21 56 10 55 12 48 15 15 50 10 12 12 22 7 50 7
44 49 20 3 11 58 15 58 58 52 58 58 52 13 52 58
52 7 36 7 7 47 44 7 45 15 56 56 48 37 56 21
8 8 8 50 35 44 43 43 15 44 44 57 14 21 14 52
14 48 14 11 11 11 48 39 44 50 56 17 55 23 36 54
41 5 5 17 21 23 39 17 17 23 26 5 39 55 17 55
11 36 6 3 57 22 37 37 37 53 21 47 46 46 37 38
38 15 5 26 3 35 35 3 35 35 37 3 3 40 40 20
40 42 42 50 50 45 45 26 43 22 22 26 43 45 46 45
14 39 41 22 5 46 53 53 22 20 46 41 14 39 53 20
6 42 43 40 54 19 4 39 38 23 6 40 53 53 54 42
47 4 41 41 38 6 47 6 9 9 9 6 9 38 23 41
