0 0 0 1 0 0 1 1 1 1 1 0 0 0 1 0
1 1 1 1 0 0 0 0 0 1 0 0 0 0 1 1
1 0 1 0 0 1 1 0 0 0 0 0 0 0 0 0
0 0 1 1 1 1 1 0 0 1 1 0 0 1 0 0
1 1 1 1 0 0 0 0 1 1 1 1 1 1 0 1
1 1 1 1 0 1 1 0 0 1 0 1 1 0 0 1
0 1 0 0 1 1 0 0 1 0 0 1 1 1 0 1
1 0 1 1 0 1 0 0 1 1 0 0 1 0 1 1
0 1 1 0 0 0 0 0 1 1 0 0 0 1 1 1
1 1 0 1 0 1 0 0 0 1 0 0 0 0 1 1
1 1 1 1 0 0 0 1 0 0 0 0 1 1 1 1
1 0 0 0 0 0 1 1 0 0 1 1 0 1 0 0
1 1 1 1 1 1 0 1 0 0 1 0 0 1 0 0
1 0 0 0 0 0 0 1 0 1 0 0 0 0 1 0
0 0 0 1 1 1 1 1 0 0 1 0 0 0 1 0
0 0 0 0 1 1 0 1 0 0 0 0 0 0 0 1
17 57 45 10 51 51 36 36 36 54 12 25 25 25 18 25
18 18 18 18 21 41 51 51 51 4 9 13 49 51 26 26
26 19 26 9 19 42 42 11 49 43 55 45 55 55 55 55
55 57 20 42 42 42 10 57 43 26 8 13 3 8 57 11
14 52 14 8 23 23 23 3 58 58 58 8 58 8 3 46
58 58 8 36 53 36 52 53 53 52 37 14 14 3 3 26
11 14 3 23 14 56 53 23 18 23 53 56 48 46 45 56
20 25 56 50 35 20 19 35 36 44 53 57 20 21 22 56
57 48 46 37 35 35 35 35 44 50 45 45 21 20 38 20
38 44 21 48 21 46 37 17 45 44 21 5 39 37 44 44
52 52 50 52 37 41 37 48 19 11 19 47 46 56 50 46
54 5 5 5 5 5 50 48 19 49 54 50 39 48 39 43
40 22 38 38 38 38 41 22 11 49 22 17 49 22 49 13
22 11 13 47 39 13 17 10 47 4 39 41 13 39 12 41
41 17 15 12 54 12 12 12 25 17 10 7 7 47 54 43
47 43 15 43 42 6 47 6 9 15 15 15 9 15 7 54
