0 0 0 0 0 0 0 0 0 0 0 0 0 0 0 0
0 0 0 0 0 0 0 0 0 0 0 0 0 0 0 0
0 0 0 0 0 0 0 0 0 0 0 0 0 0 0 0
0 0 0 0 0 0 0 0 0 0 0 0 0 0 0 0
0 0 0 0 0 0 0 0 0 0 0 0 0 0 0 0
0 0 0 0 0 0 0 0 0 0 0 0 0 0 0 0
0 0 0 0 0 0 0 0 0 0 0 0 0 0 0 0
0 0 0 0 0 0 0 0 0 0 0 0 0 0 0 0
0 0 0 0 0 0 0 0 0 0 0 0 0 0 0 0
0 0 0 0 0 0 0 0 0 0 0 0 0 0 0 0
0 0 0 0 0 0 0 0 0 0 0 0 0 0 0 0
0 0 0 0 0 0 0 0 0 0 0 0 0 0 0 0
0 0 0 0 0 0 0 0 0 0 0 0 0 0 0 0
0 0 0 0 0 0 0 0 0 0 0 0 0 0 0 0
0 0 0 0 0 0 0 0 0 0 0 0 0 0 0 0
0 0 0 0 0 0 0 0 0 0 0 0 0 0 0 0
15 18 37 32 28 21 22 18 26 40 6 23 7 28 6 29
45 51 36 48 35 49 36 7 7 14 40 46 48 16 4 20
55 12 8 50 28 28 48 52 29 18 25 25 27 33 26 45
38 58 20 38 15 30 58 14 56 11 51 51 47 29 6 4
48 47 14 35 40 10 57 41 35 33 41 10 36 21 7 28
35 27 12 35 48 31 35 14 5 20 5 23 9 19 19 42
28 41 56 30 45 4 36 12 31 5 31 21 26 6 11 49
3 45 6 20 11 34 41 57 41 44 47 35 45 12 19 6
23 13 40 20 52 9 22 47 53 7 4 23 13 4 46 32
14 48 13 56 12 12 14 41 4 54 26 6 5 16 6 27
52 46 40 4 5 44 18 40 52 25 39 43 23 30 20 10
8 14 46 14 10 37 18 21 31 17 51 7 49 38 38 13
45 57 4 40 49 27 34 7 53 38 14 4 47 15 34 34
23 7 33 13 32 13 25 32 20 34 58 18 30 18 36 37
23 14 20 7 39 34 3 19 7 54 7 53 5 10 15 16
19 31 56 31 58 14 31 13 21 25 40 14 33 47 57 48
