0 0 0 0 0 0 0 0 0 0 0 0 0 0 0 0
0 0 0 0 0 0 0 0 0 0 0 0 0 0 0 0
0 0 0 0 0 0 0 0 0 0 0 0 0 0 0 0
0 0 0 0 0 0 0 0 0 0 0 0 0 0 0 0
0 0 0 0 0 0 0 0 0 0 0 0 0 0 0 0
0 0 0 0 0 0 0 0 0 0 0 0 0 0 0 0
0 0 0 0 0 0 0 0 0 0 0 0 0 0 0 0
0 0 0 0 0 0 0 0 0 0 0 0 0 0 0 0
0 0 0 0 0 0 0 0 0 0 0 0 0 0 0 0
0 0 0 0 0 0 0 0 0 0 0 0 0 0 0 0
0 0 0 0 0 0 0 0 0 0 0 0 0 0 0 0
0 0 0 0 0 0 0 0 0 0 0 0 0 0 0 0
0 0 0 0 0 0 0 0 0 0 0 0 0 0 0 0
0 0 0 0 0 0 0 0 0 0 0 0 0 0 0 0
0 0 0 0 0 0 0 0 0 0 0 0 0 0 0 0
0 0 0 0 0 0 0 0 0 0 0 0 0 0 0 0
46 46 18 44 19 25 11 35 49 45 25 52 27 49 24 26
44 21 51 43 26 52 43 3 8 16 42 17 25 9 37 49
38 22 45 50 22 10 27 54 31 49 7 34 10 44 45 9
36 43 28 6 30 46 24 37 41 51 40 11 23 4 34 19
52 10 43 29 17 17 53 37 10 19 29 55 51 6 43 31
48 58 16 43 40 36 12 49 19 48 32 15 29 18 48 52
13 8 10 54 48 49 24 5 38 39 36 22 13 39 42 57
29 47 30 19 50 48 37 31 17 5 5 58 36 14 33 8
19 6 51 45 12 51 44 51 31 50 26 35 55 40 45 29
45 15 22 28 58 15 53 17 21 56 36 12 31 52 23 9
26 46 35 18 16 13 36 9 4 9 36 51 15 26 39 55
10 4 40 5 20 12 12 32 44 32 6 30 52 11 9 45
8 19 46 43 36 28 16 33 31 54 3 53 14 20 10 29
49 45 7 35 34 13 32 51 46 6 44 11 10 32 28 14
33 10 39 43 42 53 20 7 9 16 18 21 50 47 47 30
14 21 4 21 28 26 46 43 6 8 12 46 44 6 5 4
