0 0 0 0 0 0 0 0 0 0 0 0 0 0 0 0
0 0 0 0 0 0 0 0 0 0 0 0 0 0 0 0
0 0 0 0 0 0 0 0 0 0 0 0 0 0 0 0
0 0 0 0 0 0 0 0 0 0 0 0 0 0 0 0
0 0 0 0 0 0 0 0 0 0 0 0 0 0 0 0
0 0 0 0 0 0 0 0 0 0 0 0 0 0 0 0
0 0 0 0 0 0 0 0 0 0 0 0 0 0 0 0
0 0 0 0 0 0 0 0 0 0 0 0 0 0 0 0
0 0 0 0 0 0 0 0 0 0 0 0 0 0 0 0
0 0 0 0 0 0 0 0 0 0 0 0 0 0 0 0
0 0 0 0 0 0 0 0 0 0 0 0 0 0 0 0
0 0 0 0 0 0 0 0 0 0 0 0 0 0 0 0
0 0 0 0 0 0 0 0 0 0 0 0 0 0 0 0
0 0 0 0 0 0 0 0 0 0 0 0 0 0 0 0
0 0 0 0 0 0 0 0 0 0 0 0 0 0 0 0
0 0 0 0 0 0 0 0 0 0 0 0 0 0 0 0
27 38 49 3 12 51 18 50 24 14 31 54 18 34 44 40
53 37 30 47 40 38 46 50 40 31 58 25 5 36 4 17
56 32 10 24 14 23 30 22 49 42 53 35 20 16 25 30
48 57 38 33 24 24 57 28 26 16 41 14 25 44 39 33
27 38 20 7 14 18 17 55 27 8 58 6 46 53 9 48
48 9 17 18 46 49 22 42 24 46 36 57 38 22 46 9
20 34 29 3 27 20 16 4 6 20 38 8 3 36 22 46
48 54 25 21 48 51 45 16 27 30 48 18 28 8 21 45
11 37 49 40 55 43 17 44 55 48 54 15 42 23 36 9
50 47 22 10 47 15 16 15 14 7 11 20 23 51 53 13
10 56 45 15 33 19 53 38 42 23 47 21 26 43 19 32
37 17 21 22 40 46 28 34 32 13 17 36 27 48 41 53
26 53 34 19 56 20 55 50 25 26 38 8 24 18 9 18
17 11 42 8 21 37 16 32 17 32 27 16 37 9 3 40
44 7 37 9 26 28 15 43 7 43 9 52 29 18 41 27
11 17 38 25 10 38 12 46 16 34 19 54 17 39 26 8
