0 0 0 0 0 0 0 0 0 0 0 0 0 0 0 0
0 0 0 0 0 0 0 0 0 0 0 0 0 0 0 0
0 0 0 0 0 0 0 0 0 0 0 0 0 0 0 0
0 0 0 0 0 0 0 0 0 0 0 0 0 0 0 0
0 0 0 0 0 0 0 0 0 0 0 0 0 0 0 0
0 0 0 0 0 0 0 0 0 0 0 0 0 0 0 0
0 0 0 0 0 0 0 0 0 0 0 0 0 0 0 0
0 0 0 0 0 0 0 0 0 0 0 0 0 0 0 0
0 0 0 0 0 0 0 0 0 0 0 0 0 0 0 0
0 0 0 0 0 0 0 0 0 0 0 0 0 0 0 0
0 0 0 0 0 0 0 0 0 0 0 0 0 0 0 0
0 0 0 0 0 0 0 0 0 0 0 0 0 0 0 0
0 0 0 0 0 0 0 0 0 0 0 0 0 0 0 0
0 0 0 0 0 0 0 0 0 0 0 0 0 0 0 0
0 0 0 0 0 0 0 0 0 0 0 0 0 0 0 0
0 0 0 0 0 0 0 0 0 0 0 0 0 0 0 0
23 54 48 57 15 28 31 58 30 14 52 47 11 49 58 47
48 4 52 30 11 53 21 19 27 32 6 42 48 51 46 21
54 17 6 39 39 41 11 13 19 21 57 43 25 22 8 44
38 8 51 5 42 23 18 58 9 55 11 30 48 35 6 47
3 7 25 11 10 57 17 23 18 3 3 20 4 24 21 44
5 39 26 31 7 27 23 56 13 10 16 8 55 27 5 24
30 30 37 9 33 37 42 10 33 38 44 43 38 24 15 43
36 46 36 33 35 22 35 9 10 24 46 21 48 53 42 35
22 27 21 58 51 35 35 10 41 48 57 53 7 24 29 48
6 51 47 18 10 55 29 6 8 18 46 22 28 42 46 16
8 39 23 58 12 25 6 53 26 36 41 16 19 16 40 4
28 30 11 40 21 16 32 53 58 48 39 35 47 20 40 16
52 51 15 22 45 26 57 13 27 38 46 24 29 3 14 25
42 30 3 28 10 34 27 12 38 18 43 31 58 36 41 35
14 42 35 31 15 15 12 20 25 8 20 6 43 52 51 44
7 48 6 42 31 8 40 18 56 24 9 28 37 12 12 51
