0 0 0 0 0 0 0 0 0 0 0 0 0 0 0 0
0 0 0 0 0 0 0 0 0 0 0 0 0 0 0 0
0 0 0 0 0 0 0 0 0 0 0 0 0 0 0 0
0 0 0 0 0 0 0 0 0 0 0 0 0 0 0 0
0 0 0 0 0 0 0 0 0 0 0 0 0 0 0 0
0 0 0 0 0 0 0 0 0 0 0 0 0 0 0 0
0 0 0 0 0 0 0 0 0 0 0 0 0 0 0 0
0 0 0 0 0 0 0 0 0 0 0 0 0 0 0 0
0 0 0 0 0 0 0 0 0 0 0 0 0 0 0 0
0 0 0 0 0 0 0 0 0 0 0 0 0 0 0 0
0 0 0 0 0 0 0 0 0 0 0 0 0 0 0 0
0 0 0 0 0 0 0 0 0 0 0 0 0 0 0 0
0 0 0 0 0 0 0 0 0 0 0 0 0 0 0 0
0 0 0 0 0 0 0 0 0 0 0 0 0 0 0 0
0 0 0 0 0 0 0 0 0 0 0 0 0 0 0 0
0 0 0 0 0 0 0 0 0 0 0 0 0 0 0 0
42 45 32 6 45 7 56 3 48 14 29 10 22 37 24 54
13 53 15 13 13 34 57 52 8 18 6 32 16 27 8 34
43 8 18 6 21 6 16 31 55 32 23 19 34 54 45 45
11 25 49 3 16 22 15 36 15 55 42 26 14 19 8 31
31 32 27 16 32 40 15 23 52 56 58 41 20 15 7 44
42 15 37 35 53 28 34 35 14 24 34 31 42 13 19 17
31 19 46 47 57 13 17 24 51 30 29 13 56 55 7 15
17 36 39 3 8 45 43 26 53 24 46 28 35 36 35 8
41 58 29 14 39 40 54 53 43 51 43 51 54 11 31 58
47 14 12 17 25 46 6 17 56 50 26 37 56 44 56 25
20 30 31 50 53 18 52 17 55 46 54 50 25 12 31 46
42 25 39 54 29 36 55 10 52 36 24 9 10 34 22 51
49 35 24 50 34 44 56 14 33 14 17 55 6 46 45 4
28 44 17 34 10 30 58 45 3 49 48 24 33 19 10 18
6 32 53 41 48 49 24 18 13 4 47 17 26 35 35 32
55 24 46 52 16 47 58 35 47 4 40 27 57 40 39 8
