3 7 2 5 3 2 3 2 3 1 3 6 2 7 4 5
1 7 6 5 6 1 6 1 4 0 2 4 1 3 3 2
6 3 3 7 0 5 1 2 2 5 4 2 6 4 3 2
4 6 7 4 4 0 7 0 3 0 2 6 2 5 6 1
6 2 2 5 3 0 7 3 4 4 3 0 3 0 5 7
7 2 2 7 1 3 2 2 6 6 3 1 3 1 2 6
7 0 7 0 2 6 4 1 4 0 6 2 6 1 7 2
4 6 4 0 4 3 7 3 3 3 6 1 7 5 7 3
7 6 4 7 3 0 4 7 3 5 4 0 1 1 3 6
1 3 1 4 0 4 4 2 6 7 2 3 1 1 6 5
3 4 4 7 4 1 2 1 6 6 3 7 5 3 3 7
1 3 3 2 5 3 2 1 2 7 2 3 7 3 1 0
1 0 6 4 3 7 2 0 4 7 4 5 7 0 4 0
4 0 4 5 6 4 7 1 2 5 7 1 1 2 3 2
6 7 0 1 0 4 5 0 7 3 2 4 0 6 4 4
0 5 5 3 1 2 5 7 0 5 3 0 0 1 7 4
27 61 21 46 28 22 26 20 26 15 30 54 18 61 36 46
13 63 51 44 52 11 55 13 36 2 19 34 14 29 30 21
53 28 26 61 7 45 11 19 23 42 34 22 52 39 28 23
39 53 61 39 35 4 62 3 28 6 22 55 22 45 50 14
52 22 21 43 28 4 59 29 35 34 26 5 30 5 42 58
59 18 22 63 14 29 18 22 53 55 30 13 31 13 20 51
58 2 61 7 23 55 37 13 34 6 52 22 55 13 61 20
37 51 36 5 34 28 59 28 28 29 52 11 60 45 62 28
61 55 37 61 27 3 34 60 28 42 34 4 14 12 26 55
13 28 15 36 6 34 39 22 50 59 19 27 12 13 53 46
26 38 35 60 36 14 20 13 53 55 27 62 45 27 26 62
10 31 27 20 46 27 21 12 23 61 20 31 61 27 10 2
12 4 55 34 26 59 22 6 35 58 35 44 58 5 37 3
34 3 36 47 54 38 60 10 18 47 58 11 11 19 29 20
53 61 4 12 3 34 42 5 62 26 20 39 7 50 38 38
7 43 42 31 12 21 46 60 2 46 29 5 7 12 59 38
