0 0 0 0 0 0 0 0 0 0 0 0 0 0 0 0
0 0 0 0 0 0 0 0 0 0 0 0 0 0 0 0
0 0 0 0 0 0 0 0 0 0 0 0 0 0 0 0
0 0 0 0 0 0 0 0 0 0 0 0 0 0 0 0
0 0 0 0 0 0 0 0 0 0 0 0 0 0 0 0
0 0 0 0 0 0 0 0 0 0 0 0 0 0 0 0
0 0 0 0 0 0 0 0 0 0 0 0 0 0 0 0
0 0 0 0 0 0 0 0 0 0 0 0 0 0 0 0
0 0 0 0 0 0 0 0 0 0 0 0 0 0 0 0
0 0 0 0 0 0 0 0 0 0 0 0 0 0 0 0
0 0 0 0 0 0 0 0 0 0 0 0 0 0 0 0
0 0 0 0 0 0 0 0 0 0 0 0 0 0 0 0
0 0 0 0 0 0 0 0 0 0 0 0 0 0 0 0
0 0 0 0 0 0 0 0 0 0 0 0 0 0 0 0
0 0 0 0 0 0 0 0 0 0 0 0 0 0 0 0
0 0 0 0 0 0 0 0 0 0 0 0 0 0 0 0
53 21 41 51 55 24 52 38 5 25 7 29 21 15 33 26
44 4 33 6 7 14 53 24 34 21 38 27 17 11 26 29
52 48 8 15 48 25 12 38 3 32 46 27 48 16 8 47
10 25 11 47 41 6 17 16 38 37 55 17 10 39 58 55
9 49 11 44 19 30 8 55 47 34 23 44 38 5 56 44
36 46 16 55 43 51 27 45 8 28 11 51 11 15 58 56
47 42 22 40 27 39 23 44 26 9 37 8 49 44 44 37
41 29 57 34 27 56 35 4 34 10 12 15 5 8 41 54
4 47 56 15 57 33 35 50 19 51 18 26 54 47 54 51
43 48 21 36 29 56 37 53 35 5 47 41 24 3 21 26
54 51 45 21 41 3 6 3 7 48 26 55 29 27 35 58
47 18 46 57 51 30 42 44 20 12 32 15 42 17 51 45
23 35 23 42 43 34 51 48 43 12 32 51 7 39 22 20
17 27 29 45 46 53 4 52 24 3 25 16 14 47 35 31
24 5 14 55 41 49 37 10 6 8 36 15 52 40 43 5
34 47 27 23 49 6 35 55 34 31 3 47 23 10 38 38
