0 0 0 0 0 0 0 0 0 0 0 0 0 0 0 0
0 0 0 0 0 0 0 0 0 0 0 0 0 0 0 0
0 0 0 0 0 0 0 0 0 0 0 0 0 0 0 0
0 0 0 0 0 0 0 0 0 0 0 0 0 0 0 0
0 0 0 0 0 0 0 0 0 0 0 0 0 0 0 0
0 0 0 0 0 0 0 0 0 0 0 0 0 0 0 0
0 0 0 0 0 0 0 0 0 0 0 0 0 0 0 0
0 0 0 0 0 0 0 0 0 0 0 0 0 0 0 0
0 0 0 0 0 0 0 0 0 0 0 0 0 0 0 0
0 0 0 0 0 0 0 0 0 0 0 0 0 0 0 0
0 0 0 0 0 0 0 0 0 0 0 0 0 0 0 0
0 0 0 0 0 0 0 0 0 0 0 0 0 0 0 0
0 0 0 0 0 0 0 0 0 0 0 0 0 0 0 0
0 0 0 0 0 0 0 0 0 0 0 0 0 0 0 0
0 0 0 0 0 0 0 0 0 0 0 0 0 0 0 0
0 0 0 0 0 0 0 0 0 0 0 0 0 0 0 0
20 26 36 42 23 18 32 29 11 16 33 6 22 40 23 35
16 24 3 22 31 47 35 49 25 4 46 54 48 45 4 47
46 12 4 6 11 37 15 46 47 39 15 50 3 12 54 38
49 18 46 26 19 25 10 33 28 11 57 20 4 55 31 56
23 6 9 3 15 46 46 3 17 27 3 36 13 34 35 28
4 46 54 21 37 12 58 18 5 34 51 37 45 7 31 46
9 3 19 26 36 35 45 51 11 18 35 46 43 21 20 12
15 49 54 7 32 45 22 47 42 5 14 26 57 12 27 36
22 49 56 8 25 5 26 39 53 10 55 42 39 24 46 3
24 55 35 19 29 32 15 48 37 40 15 8 57 29 14 57
7 51 3 35 36 31 21 40 38 3 27 51 9 26 45 53
20 46 58 34 47 45 27 47 39 19 45 40 58 36 10 25
12 4 29 17 51 28 14 35 21 30 38 44 38 49 56 27
46 31 33 22 50 28 52 11 50 13 46 37 37 36 29 55
26 47 8 43 13 47 29 28 29 9 34 28 49 7 49 22
39 15 53 10 11 30 47 37 34 57 29 39 58 17 44 24
