0 0 0 0 0 0 0 0 0 0 0 0 0 0 0 0
0 0 0 0 0 0 0 0 0 0 0 0 0 0 0 0
0 0 0 0 0 0 0 0 0 0 0 0 0 0 0 0
0 0 0 0 0 0 0 0 0 0 0 0 0 0 0 0
0 0 0 0 0 0 0 0 0 0 0 0 0 0 0 0
0 0 0 0 0 0 0 0 0 0 0 0 0 0 0 0
0 0 0 0 0 0 0 0 0 0 0 0 0 0 0 0
0 0 0 0 0 0 0 0 0 0 0 0 0 0 0 0
0 0 0 0 0 0 0 0 0 0 0 0 0 0 0 0
0 0 0 0 0 0 0 0 0 0 0 0 0 0 0 0
0 0 0 0 0 0 0 0 0 0 0 0 0 0 0 0
0 0 0 0 0 0 0 0 0 0 0 0 0 0 0 0
0 0 0 0 0 0 0 0 0 0 0 0 0 0 0 0
0 0 0 0 0 0 0 0 0 0 0 0 0 0 0 0
0 0 0 0 0 0 0 0 0 0 0 0 0 0 0 0
0 0 0 0 0 0 0 0 0 0 0 0 0 0 0 0
36 22 20 35 37 8 25 20 27 50 43 57 44 57 30 15
13 50 23 50 24 50 7 51 35 9 5 48 58 25 48 53
12 27 27 48 31 31 37 38 51 31 12 38 16 28 20 19
26 51 12 32 27 19 7 47 48 44 57 7 32 51 14 24
46 31 47 26 41 5 18 52 19 49 45 30 31 8 37 41
25 32 48 23 16 34 53 46 22 54 16 25 53 29 28 31
31 25 11 27 21 54 36 14 55 14 40 45 5 14 38 22
33 58 14 14 49 50 30 23 36 28 4 16 48 12 37 10
16 56 13 40 13 40 40 35 14 53 58 55 24 3 41 4
24 33 45 14 7 29 8 4 55 7 16 51 7 6 21 48
49 13 21 36 49 4 28 57 44 26 32 47 32 36 54 18
30 45 18 23 58 43 15 52 17 56 13 53 55 42 55 12
15 23 32 18 18 44 57 5 33 44 4 28 42 31 22 44
35 56 43 24 12 38 38 58 49 40 46 14 38 34 4 55
41 14 16 30 26 5 44 7 58 41 5 53 16 12 28 31
47 16 58 38 23 28 50 35 42 9 7 23 8 54 15 17
