0 0 0 0 0 0 0 0 0 0 0 0 0 0 0 0
0 0 0 0 0 0 0 0 0 0 0 0 0 0 0 0
0 0 0 0 0 0 0 0 0 0 0 0 0 0 0 0
0 0 0 0 0 0 0 0 0 0 0 0 0 0 0 0
0 0 0 0 0 0 0 0 0 0 0 0 0 0 0 0
0 0 0 0 0 0 0 0 0 0 0 0 0 0 0 0
0 0 0 0 0 0 0 0 0 0 0 0 0 0 0 0
0 0 0 0 0 0 0 0 0 0 0 0 0 0 0 0
0 0 0 0 0 0 0 0 0 0 0 0 0 0 0 0
0 0 0 0 0 0 0 0 0 0 0 0 0 0 0 0
0 0 0 0 0 0 0 0 0 0 0 0 0 0 0 0
0 0 0 0 0 0 0 0 0 0 0 0 0 0 0 0
0 0 0 0 0 0 0 0 0 0 0 0 0 0 0 0
0 0 0 0 0 0 0 0 0 0 0 0 0 0 0 0
0 0 0 0 0 0 0 0 0 0 0 0 0 0 0 0
0 0 0 0 0 0 0 0 0 0 0 0 0 0 0 0
40 42 48 13 3 47 19 47 14 17 10 10 6 21 29 50
51 29 38 18 43 13 26 8 45 26 32 35 46 54 30 56
33 29 8 12 19 47 17 39 42 6 34 23 23 9 23 40
42 41 4 5 29 21 17 49 29 49 19 32 35 7 31 54
32 36 40 22 34 4 43 58 26 46 25 57 43 14 49 57
32 12 12 14 31 12 4 36 37 13 3 10 40 57 4 15
46 29 56 31 41 42 18 58 44 29 30 26 55 52 49 29
9 14 11 9 47 19 36 24 29 46 25 32 11 35 20 30
35 17 42 36 46 43 13 21 38 51 8 9 55 14 48 25
40 16 26 26 49 25 12 11 21 36 22 11 13 38 52 40
14 19 12 21 31 55 55 4 30 50 39 7 50 42 57 33
20 26 30 8 4 7 58 51 11 20 21 17 20 29 8 28
19 13 44 34 4 38 23 15 28 39 29 30 13 47 49 3
7 15 48 55 17 34 8 47 37 44 18 56 32 55 32 16
39 10 6 36 5 6 6 4 15 13 8 29 23 23 46 18
19 6 25 9 58 16 26 3 23 13 48 47 24 21 27 7
