0 2 6 7 0 2 2 0 7 5 1 2 3 4 7 0
5 2 7 1 3 7 4 4 6 0 0 6 4 0 7 3
2 4 6 1 6 2 0 6 2 4 4 2 3 3 2 1
1 4 3 3 4 2 6 7 3 7 2 2 7 7 2 1
5 3 6 4 7 4 4 7 2 0 5 4 2 6 2 7
7 0 2 6 4 6 0 2 1 5 5 4 0 6 4 0
4 2 7 0 7 2 4 4 2 0 7 2 1 3 6 4
2 0 5 5 4 6 1 0 0 0 1 6 1 3 1 5
1 5 2 6 7 2 7 5 6 4 1 2 3 6 2 6
4 4 3 3 6 1 5 5 0 1 1 2 4 4 0 1
3 3 3 3 4 4 1 2 7 7 7 2 7 6 3 7
4 2 2 1 5 7 6 0 4 5 4 3 6 2 4 4
6 3 6 1 5 6 0 2 0 0 2 0 5 1 4 4
6 3 5 1 3 3 3 7 0 7 6 3 5 0 4 5
4 7 2 2 6 0 4 7 7 4 0 6 1 1 7 6
5 7 1 5 2 3 6 3 5 2 5 6 4 4 1 1
2 23 52 63 6 23 19 4 62 44 15 21 28 34 58 2
46 20 58 12 28 63 38 36 50 5 4 50 34 7 62 26
23 35 51 13 54 22 6 51 21 38 38 21 26 28 23 11
15 34 26 31 35 23 54 63 26 63 20 20 62 60 21 13
45 31 54 37 59 34 39 58 23 2 47 39 19 52 19 59
62 4 21 50 35 53 4 19 12 42 45 38 2 50 34 2
37 22 63 3 63 18 36 37 20 4 59 20 13 31 50 37
23 3 45 43 37 52 15 5 4 3 13 50 15 27 10 43
15 43 21 50 59 21 63 42 50 39 12 20 27 50 18 53
36 36 30 28 53 12 44 47 5 10 11 22 36 37 2 11
26 30 30 27 36 35 14 20 61 61 58 18 63 53 31 60
37 23 18 10 44 61 51 3 35 46 36 26 54 23 37 36
53 29 51 11 43 50 6 22 5 7 22 6 47 11 34 37
54 27 43 10 30 29 26 59 2 63 53 29 46 7 39 45
36 62 21 18 50 3 39 63 59 38 5 55 11 10 60 55
46 63 13 47 20 27 54 27 45 20 43 55 34 37 12 13
