0 0 0 0 0 0 0 0 0 0 0 0 0 0 0 0
0 0 0 0 0 0 0 0 0 0 0 0 0 0 0 0
0 0 0 0 0 0 0 0 0 0 0 0 0 0 0 0
0 0 0 0 0 0 0 0 0 0 0 0 0 0 0 0
0 0 0 0 0 0 0 0 0 0 0 0 0 0 0 0
0 0 0 0 0 0 0 0 0 0 0 0 0 0 0 0
0 0 0 0 0 0 0 0 0 0 0 0 0 0 0 0
0 0 0 0 0 0 0 0 0 0 0 0 0 0 0 0
0 0 0 0 0 0 0 0 0 0 0 0 0 0 0 0
0 0 0 0 0 0 0 0 0 0 0 0 0 0 0 0
0 0 0 0 0 0 0 0 0 0 0 0 0 0 0 0
0 0 0 0 0 0 0 0 0 0 0 0 0 0 0 0
0 0 0 0 0 0 0 0 0 0 0 0 0 0 0 0
0 0 0 0 0 0 0 0 0 0 0 0 0 0 0 0
0 0 0 0 0 0 0 0 0 0 0 0 0 0 0 0
0 0 0 0 0 0 0 0 0 0 0 0 0 0 0 0
13 16 57 52 25 16 27 35 8 17 6 57 38 40 13 30
36 4 26 56 32 43 31 47 29 3 11 44 32 24 10 56
36 58 54 13 47 53 6 13 24 56 51 17 48 27 25 46
48 28 48 55 29 12 33 4 33 53 33 27 46 20 52 53
38 51 14 39 52 8 8 40 50 4 13 54 34 55 39 20
38 5 3 27 6 51 41 24 57 25 33 3 40 19 6 47
34 8 16 24 47 10 20 19 6 55 46 20 23 36 29 36
54 56 9 34 27 57 56 31 5 23 30 7 7 18 53 48
24 26 38 15 8 18 5 27 3 7 7 35 4 31 44 50
47 19 46 7 19 11 28 46 7 10 42 18 19 44 5 28
54 50 35 33 52 12 18 24 52 21 3 17 44 31 45 7
41 47 44 10 33 45 54 33 13 58 9 17 5 4 32 21
34 15 6 8 10 24 31 4 47 46 43 19 31 48 18 17
43 24 40 50 41 44 24 31 33 6 34 45 33 51 35 32
19 46 37 3 27 6 3 47 10 51 8 58 37 9 43 24
20 41 4 21 56 22 15 32 19 44 37 27 53 57 35 39
