0 0 0 0 0 0 0 0 0 0 0 0 0 0 0 0
0 0 0 0 0 0 0 0 0 0 0 0 0 0 0 0
0 0 0 0 0 0 0 0 0 0 0 0 0 0 0 0
0 0 0 0 0 0 0 0 0 0 0 0 0 0 0 0
0 0 0 0 0 0 0 0 0 0 0 0 0 0 0 0
0 0 0 0 0 0 0 0 0 0 0 0 0 0 0 0
0 0 0 0 0 0 0 0 0 0 0 0 0 0 0 0
0 0 0 0 0 0 0 0 0 0 0 0 0 0 0 0
0 0 0 0 0 0 0 0 0 0 0 0 0 0 0 0
0 0 0 0 0 0 0 0 0 0 0 0 0 0 0 0
0 0 0 0 0 0 0 0 0 0 0 0 0 0 0 0
0 0 0 0 0 0 0 0 0 0 0 0 0 0 0 0
0 0 0 0 0 0 0 0 0 0 0 0 0 0 0 0
0 0 0 0 0 0 0 0 0 0 0 0 0 0 0 0
0 0 0 0 0 0 0 0 0 0 0 0 0 0 0 0
0 0 0 0 0 0 0 0 0 0 0 0 0 0 0 0
56 20 10 56 49 26 48 6 17 6 24 49 58 32 7 18
33 17 53 30 45 53 28 17 27 30 8 25 7 28 54 26
30 26 57 49 49 48 6 5 3 33 12 48 43 26 32 30
20 22 40 28 12 54 38 27 16 47 6 52 22 15 58 18
30 17 15 26 30 28 20 56 44 58 12 48 10 50 31 35
51 13 39 25 52 41 5 15 55 51 19 40 46 56 29 25
13 39 18 49 21 51 23 17 34 26 3 8 52 53 49 55
21 34 54 52 47 29 14 41 45 23 58 19 24 26 49 5
51 31 51 41 8 34 26 12 40 41 15 15 29 34 24 46
24 42 19 43 40 51 47 52 53 26 32 51 45 41 39 48
8 36 20 22 20 43 14 55 58 42 53 19 5 48 56 21
48 43 18 26 9 52 56 44 34 50 37 20 37 37 45 15
8 34 48 27 34 49 44 45 17 11 47 57 37 38 33 42
53 25 9 34 17 44 9 33 41 40 13 7 46 47 7 53
58 8 28 45 50 44 26 24 30 29 46 52 12 18 34 11
23 19 5 20 6 30 22 32 21 33 52 15 13 14 47 25
