0 6 3 7 4 2 2 0 7 5 3 5 2 7 7 4
4 7 6 5 6 0 6 2 2 5 1 4 1 5 5 1
2 7 5 3 7 6 6 0 7 6 4 2 7 6 4 2
0 5 0 3 3 0 7 2 1 6 6 2 1 2 3 5
2 2 0 4 6 7 6 6 5 6 0 3 6 2 6 1
3 7 3 2 0 4 3 6 4 4 3 4 5 0 4 1
4 7 0 0 0 0 2 0 2 0 7 2 1 7 3 4
7 5 1 1 7 5 0 6 2 0 1 3 1 3 5 7
2 4 3 0 3 4 4 4 5 7 6 6 5 5 5 4
3 1 0 1 7 2 0 2 7 1 5 1 6 7 4 4
6 1 2 5 1 2 1 6 1 2 2 6 1 4 0 2
2 2 1 3 3 5 2 7 4 0 6 7 0 0 0 5
3 6 4 4 0 4 7 7 6 1 0 7 0 5 6 0
3 7 0 5 1 5 7 3 4 4 1 1 6 4 5 6
5 0 5 7 1 6 2 7 7 7 2 7 5 6 0 3
3 5 4 7 1 2 2 7 4 4 4 6 2 2 5 3
5 52 31 59 36 20 18 7 63 43 30 43 23 60 61 39
34 63 55 43 55 2 52 23 21 43 15 34 12 47 43 10
20 62 42 30 62 53 55 3 59 50 39 22 59 55 36 21
3 46 5 31 30 2 59 21 12 51 50 21 12 23 28 44
22 21 7 36 51 58 50 53 44 50 5 29 55 20 51 13
29 60 31 18 4 35 26 51 36 37 27 39 43 6 36 11
35 58 5 6 5 3 22 6 23 3 61 21 15 62 31 36
62 47 15 11 60 42 6 55 19 5 14 27 14 28 45 61
18 39 29 6 29 36 37 37 42 63 51 53 45 45 42 39
28 15 2 10 62 20 3 20 60 10 45 14 52 62 36 38
52 13 19 46 13 20 13 52 11 22 19 54 10 37 5 23
18 22 14 29 26 44 18 61 34 6 50 58 2 4 7 45
30 54 34 37 7 35 59 63 53 10 2 61 6 43 54 7
27 63 7 47 11 42 62 27 36 36 10 12 51 39 46 51
43 5 42 58 12 55 20 58 61 61 23 59 42 51 4 28
31 42 35 63 10 21 18 59 37 39 37 55 18 18 47 29
