0 0 0 0 0 0 0 0 0 0 0 0 0 0 0 0
0 0 0 0 0 0 0 0 0 0 0 0 0 0 0 0
0 0 0 0 0 0 0 0 0 0 0 0 0 0 0 0
0 0 0 0 0 0 0 0 0 0 0 0 0 0 0 0
0 0 0 0 0 0 0 0 0 0 0 0 0 0 0 0
0 0 0 0 0 0 0 0 0 0 0 0 0 0 0 0
0 0 0 0 0 0 0 0 0 0 0 0 0 0 0 0
0 0 0 0 0 0 0 0 0 0 0 0 0 0 0 0
0 0 0 0 0 0 0 0 0 0 0 0 0 0 0 0
0 0 0 0 0 0 0 0 0 0 0 0 0 0 0 0
0 0 0 0 0 0 0 0 0 0 0 0 0 0 0 0
0 0 0 0 0 0 0 0 0 0 0 0 0 0 0 0
0 0 0 0 0 0 0 0 0 0 0 0 0 0 0 0
0 0 0 0 0 0 0 0 0 0 0 0 0 0 0 0
0 0 0 0 0 0 0 0 0 0 0 0 0 0 0 0
0 0 0 0 0 0 0 0 0 0 0 0 0 0 0 0
15 40 13 6 38 41 28 42 23 36 36 35 20 9 19 5
29 28 35 16 27 53 34 35 40 32 12 50 56 19 43 58
13 46 20 21 57 31 51 39 46 12 18 3 44 42 57 34
26 8 42 52 45 14 7 25 36 38 16 5 47 49 28 14
23 37 38 21 22 32 33 56 15 45 48 52 51 40 29 8
16 54 54 33 33 57 20 51 15 18 33 8 51 28 20 42
25 48 27 37 15 18 10 47 30 37 28 52 21 45 35 35
23 55 44 37 48 13 44 19 35 11 48 57 15 36 17 44
57 57 3 33 54 17 56 6 36 22 9 31 14 38 5 4
39 13 6 11 31 37 33 56 53 12 48 38 34 57 13 3
47 8 48 36 47 33 15 22 10 53 8 7 33 21 9 27
44 6 3 57 36 6 12 35 40 33 16 47 4 40 43 49
56 8 58 32 43 26 17 30 21 43 38 44 8 35 39 45
33 57 46 7 33 6 48 41 53 52 54 50 11 36 17 51
38 55 26 44 49 9 23 4 7 10 11 49 57 42 35 44
11 33 45 4 28 9 18 43 3 26 52 14 36 12 36 13
