0 0 0 0 0 0 0 0 0 0 0 0 0 0 0 0
0 0 0 0 0 0 0 0 0 0 0 0 0 0 0 0
0 0 0 0 0 0 0 0 0 0 0 0 0 0 0 0
0 0 0 0 0 0 0 0 0 0 0 0 0 0 0 0
0 0 0 0 0 0 0 0 0 0 0 0 0 0 0 0
0 0 0 0 0 0 0 0 0 0 0 0 0 0 0 0
0 0 0 0 0 0 0 0 0 0 0 0 0 0 0 0
0 0 0 0 0 0 0 0 0 0 0 0 0 0 0 0
0 0 0 0 0 0 0 0 0 0 0 0 0 0 0 0
0 0 0 0 0 0 0 0 0 0 0 0 0 0 0 0
0 0 0 0 0 0 0 0 0 0 0 0 0 0 0 0
0 0 0 0 0 0 0 0 0 0 0 0 0 0 0 0
0 0 0 0 0 0 0 0 0 0 0 0 0 0 0 0
0 0 0 0 0 0 0 0 0 0 0 0 0 0 0 0
0 0 0 0 0 0 0 0 0 0 0 0 0 0 0 0
0 0 0 0 0 0 0 0 0 0 0 0 0 0 0 0
26 58 19 15 21 53 45 54 42 15 57 12 8 37 56 8
21 40 33 8 10 56 17 27 20 35 49 39 9 47 46 44
8 52 20 15 45 24 50 5 11 14 36 19 53 45 22 53
40 44 41 41 46 17 12 50 57 35 29 48 8 35 6 46
26 25 53 29 44 42 28 6 40 34 26 56 38 55 23 34
38 4 9 53 33 53 40 51 13 34 12 23 10 20 32 34
9 11 3 8 44 5 18 41 26 43 54 15 19 43 29 28
58 55 25 11 50 19 16 37 34 57 22 58 38 20 53 49
18 45 48 11 34 33 34 18 7 45 7 48 18 29 53 55
5 30 4 3 36 6 33 21 20 47 51 30 11 11 53 27
55 23 6 21 52 46 34 38 38 12 51 48 8 17 57 45
13 38 36 57 41 4 53 29 3 12 33 54 19 37 6 34
9 48 52 23 20 52 4 47 54 7 50 10 29 24 58 36
24 11 40 50 38 37 24 11 28 50 7 27 27 35 30 58
25 37 6 17 28 22 36 44 45 3 38 53 14 53 14 32
52 8 8 47 46 36 34 39 20 54 53 31 53 50 48 55
