5 6 7 6 2 2 4 1 3 4 0 5 3 3 1 3
1 3 7 7 4 1 6 2 7 5 0 5 1 3 2 4
4 4 5 3 3 5 4 6 2 6 5 1 1 3 1 1
1 4 4 7 4 5 1 1 3 7 0 4 3 1 4 4
3 5 1 6 7 1 7 3 2 3 1 6 2 2 0 6
5 2 4 0 0 5 7 0 2 3 2 7 4 0 3 2
7 5 1 2 2 7 5 2 7 3 7 4 4 6 5 0
2 1 7 7 5 1 7 2 5 5 5 7 1 3 4 3
4 5 0 3 1 7 5 4 5 1 0 6 3 4 2 4
1 2 0 0 7 4 4 6 2 6 7 4 4 6 4 2
4 0 2 6 2 3 3 2 1 7 6 6 2 2 7 7
2 6 0 2 4 6 3 2 6 2 6 5 7 7 3 1
5 5 7 2 4 7 1 3 1 5 7 2 5 0 1 6
5 0 5 2 7 7 3 5 0 1 2 2 1 5 7 3
5 5 7 2 0 5 2 4 1 0 1 1 1 6 1 7
0 4 4 6 1 5 4 3 0 6 6 1 2 5 7 6
46 52 62 55 22 19 38 13 26 35 4 43 29 26 11 28
11 27 58 58 36 12 51 18 59 46 6 45 14 28 22 38
39 34 46 26 27 47 35 54 22 52 45 13 11 26 11 10
14 39 38 60 37 43 12 14 27 63 2 39 30 14 36 36
26 47 13 51 63 13 63 31 18 26 10 50 21 18 5 53
44 21 36 4 6 42 61 4 23 27 23 58 34 2 31 23
59 47 15 20 23 63 45 20 60 31 59 35 39 52 42 6
19 10 63 59 46 10 63 18 44 44 44 58 14 30 39 29
37 43 2 31 10 63 47 38 47 13 2 52 29 35 19 39
10 23 5 5 58 37 35 52 20 53 58 34 39 55 38 23
36 4 22 50 19 31 31 18 13 60 52 51 23 18 63 59
20 51 5 21 35 54 28 22 53 23 55 47 58 59 31 15
43 42 58 20 39 59 10 27 13 43 62 18 45 7 15 55
44 4 46 21 63 62 26 46 4 11 23 21 15 42 58 27
44 42 63 23 6 42 19 37 11 7 14 10 14 55 12 62
7 37 34 51 14 42 37 29 7 50 55 11 18 46 63 55
