0 0 0 0 0 0 0 0 0 0 0 0 0 0 0 0
0 0 0 0 0 0 0 0 0 0 0 0 0 0 0 0
0 0 0 0 0 0 0 0 0 0 0 0 0 0 0 0
0 0 0 0 0 0 0 0 0 0 0 0 0 0 0 0
0 0 0 0 0 0 0 0 0 0 0 0 0 0 0 0
0 0 0 0 0 0 0 0 0 0 0 0 0 0 0 0
0 0 0 0 0 0 0 0 0 0 0 0 0 0 0 0
0 0 0 0 0 0 0 0 0 0 0 0 0 0 0 0
0 0 0 0 0 0 0 0 0 0 0 0 0 0 0 0
0 0 0 0 0 0 0 0 0 0 0 0 0 0 0 0
0 0 0 0 0 0 0 0 0 0 0 0 0 0 0 0
0 0 0 0 0 0 0 0 0 0 0 0 0 0 0 0
0 0 0 0 0 0 0 0 0 0 0 0 0 0 0 0
0 0 0 0 0 0 0 0 0 0 0 0 0 0 0 0
0 0 0 0 0 0 0 0 0 0 0 0 0 0 0 0
0 0 0 0 0 0 0 0 0 0 0 0 0 0 0 0
40 33 8 30 18 3 28 3 15 29 28 46 37 18 15 13
56 36 37 43 15 10 44 18 27 39 43 13 9 19 13 47
33 7 30 51 22 51 10 36 28 3 34 16 22 31 15 40
50 50 32 56 57 50 47 28 12 4 33 11 40 18 9 53
15 37 25 38 56 11 27 7 40 45 5 39 56 12 24 56
44 41 21 36 4 35 31 46 29 25 54 16 35 52 14 34
30 53 22 44 31 51 40 24 13 11 37 17 44 23 50 55
7 10 36 5 5 12 29 58 3 42 21 51 4 56 17 52
7 42 3 47 17 54 31 38 15 22 31 28 53 23 24 51
4 29 7 33 54 31 25 38 44 19 40 23 16 29 47 58
49 6 41 4 42 29 31 58 42 38 7 13 35 35 54 24
50 53 11 42 33 21 14 46 45 6 51 21 46 42 40 58
25 12 21 57 28 58 3 3 57 35 33 13 22 7 17 20
41 20 25 20 44 11 22 40 39 46 7 15 57 10 44 25
23 28 19 38 53 50 24 57 28 46 24 55 42 15 13 7
4 28 43 10 35 47 56 32 16 26 51 48 43 16 19 38
