0 0 0 0 0 0 0 0 0 0 0 0 0 0 0 0
0 0 0 0 0 0 0 0 0 0 0 0 0 0 0 0
0 0 0 0 0 0 0 0 0 0 0 0 0 0 0 0
0 0 0 0 0 0 0 0 0 0 0 0 0 0 0 0
0 0 0 0 0 0 0 0 0 0 0 0 0 0 0 0
0 0 0 0 0 0 0 0 0 0 0 0 0 0 0 0
0 0 0 0 0 0 0 0 0 0 0 0 0 0 0 0
0 0 0 0 0 0 0 0 0 0 0 0 0 0 0 0
0 0 0 0 0 0 0 0 0 0 0 0 0 0 0 0
0 0 0 0 0 0 0 0 0 0 0 0 0 0 0 0
0 0 0 0 0 0 0 0 0 0 0 0 0 0 0 0
0 0 0 0 0 0 0 0 0 0 0 0 0 0 0 0
0 0 0 0 0 0 0 0 0 0 0 0 0 0 0 0
0 0 0 0 0 0 0 0 0 0 0 0 0 0 0 0
0 0 0 0 0 0 0 0 0 0 0 0 0 0 0 0
0 0 0 0 0 0 0 0 0 0 0 0 0 0 0 0
29 28 19 36 3 25 12 12 13 36 41 54 42 48 55 44
15 49 32 32 57 6 15 42 13 18 32 45 6 5 3 11
37 25 52 38 51 13 43 9 51 19 19 42 39 21 10 29
41 31 49 56 24 21 21 22 49 17 38 4 41 40 14 45
36 45 29 4 47 16 49 45 14 30 3 32 32 24 34 15
45 15 16 35 4 58 14 38 40 23 43 56 50 40 22 16
55 58 38 34 55 6 20 7 27 49 42 33 26 27 50 9
26 12 24 34 3 46 25 4 35 35 23 50 23 18 46 53
27 21 56 30 32 24 9 46 17 17 57 29 29 36 7 31
9 22 40 16 13 53 40 53 9 31 16 6 34 39 13 19
44 23 38 23 30 4 23 50 19 35 52 47 53 45 29 39
35 57 53 8 18 56 32 39 39 52 38 8 20 31 47 4
6 55 38 40 20 9 5 38 28 18 45 37 15 50 17 50
58 35 53 50 55 15 11 31 32 17 52 45 19 47 45 36
17 54 55 32 7 48 9 28 23 9 38 45 30 21 54 48
41 18 13 8 13 22 13 57 12 55 21 27 7 4 30 56
