0 0 0 0 0 0 0 0 0 0 0 0 0 0 0 0
0 0 0 0 0 0 0 0 0 0 0 0 0 0 0 0
0 0 0 0 0 0 0 0 0 0 0 0 0 0 0 0
0 0 0 0 0 0 0 0 0 0 0 0 0 0 0 0
0 0 0 0 0 0 0 0 0 0 0 0 0 0 0 0
0 0 0 0 0 0 0 0 0 0 0 0 0 0 0 0
0 0 0 0 0 0 0 0 0 0 0 0 0 0 0 0
0 0 0 0 0 0 0 0 0 0 0 0 0 0 0 0
0 0 0 0 0 0 0 0 0 0 0 0 0 0 0 0
0 0 0 0 0 0 0 0 0 0 0 0 0 0 0 0
0 0 0 0 0 0 0 0 0 0 0 0 0 0 0 0
0 0 0 0 0 0 0 0 0 0 0 0 0 0 0 0
0 0 0 0 0 0 0 0 0 0 0 0 0 0 0 0
0 0 0 0 0 0 0 0 0 0 0 0 0 0 0 0
0 0 0 0 0 0 0 0 0 0 0 0 0 0 0 0
0 0 0 0 0 0 0 0 0 0 0 0 0 0 0 0
4 24 43 11 16 55 7 5 22 42 17 25 23 3 10 39
21 5 49 14 17 35 19 15 25 26 11 46 35 8 58 9
24 26 45 24 50 49 8 52 6 10 24 24 40 48 48 21
34 37 39 36 58 21 52 38 56 39 8 14 46 18 46 57
6 32 53 39 25 12 11 53 43 16 7 10 22 10 5 26
8 56 32 24 35 16 33 11 56 14 27 22 45 23 35 3
26 34 44 15 45 46 9 47 17 35 22 45 16 48 13 45
36 21 46 55 8 9 48 46 51 12 13 30 5 14 57 35
17 57 31 58 12 57 49 35 49 34 23 9 13 45 8 10
6 57 52 40 25 52 15 56 28 13 52 50 49 38 27 8
3 58 3 32 3 47 24 26 20 8 13 43 56 38 19 14
10 36 4 40 3 56 55 29 35 20 40 46 16 58 53 56
41 36 20 41 53 57 18 10 18 34 33 33 35 7 50 58
24 50 34 18 25 44 4 34 12 51 49 11 11 29 40 25
10 44 48 35 38 3 23 48 17 34 45 40 25 18 26 8
58 15 40 13 7 45 34 57 41 41 46 48 51 31 49 38
