0 0 0 0 0 0 0 0 0 0 0 0 0 0 0 0
0 0 0 0 0 0 0 0 0 0 0 0 0 0 0 0
0 0 0 0 0 0 0 0 0 0 0 0 0 0 0 0
0 0 0 0 0 0 0 0 0 0 0 0 0 0 0 0
0 0 0 0 0 0 0 0 0 0 0 0 0 0 0 0
0 0 0 0 0 0 0 0 0 0 0 0 0 0 0 0
0 0 0 0 0 0 0 0 0 0 0 0 0 0 0 0
0 0 0 0 0 0 0 0 0 0 0 0 0 0 0 0
0 0 0 0 0 0 0 0 0 0 0 0 0 0 0 0
0 0 0 0 0 0 0 0 0 0 0 0 0 0 0 0
0 0 0 0 0 0 0 0 0 0 0 0 0 0 0 0
0 0 0 0 0 0 0 0 0 0 0 0 0 0 0 0
0 0 0 0 0 0 0 0 0 0 0 0 0 0 0 0
0 0 0 0 0 0 0 0 0 0 0 0 0 0 0 0
0 0 0 0 0 0 0 0 0 0 0 0 0 0 0 0
0 0 0 0 0 0 0 0 0 0 0 0 0 0 0 0
25 31 40 35 15 15 32 12 58 36 36 52 42 36 31 31
46 45 35 44 9 14 16 47 49 20 44 57 50 46 28 52
45 29 45 37 3 16 45 35 18 7 6 50 32 18 5 36
49 30 3 26 40 5 30 11 26 17 48 44 52 48 55 41
10 13 34 4 51 13 16 19 3 17 14 18 18 38 12 50
52 35 52 44 50 39 11 49 7 8 35 15 32 49 14 49
9 27 47 33 17 42 44 7 41 10 9 4 35 55 21 45
46 22 36 40 43 39 22 7 38 36 31 9 51 14 58 37
26 31 26 29 54 8 17 48 3 41 8 8 7 18 58 55
20 12 37 27 12 46 13 15 46 43 4 44 16 23 47 42
21 7 12 35 23 36 4 7 46 39 7 46 37 22 4 49
44 5 54 37 44 31 35 7 9 5 54 53 50 29 24 38
26 8 19 25 22 48 53 58 20 23 17 4 54 23 23 33
19 45 31 53 18 12 5 35 45 9 3 4 52 16 43 33
58 56 18 57 46 19 44 22 34 3 47 6 53 39 52 14
57 15 6 29 22 18 24 29 3 27 33 9 33 12 47 33
