0 0 0 0 0 0 0 0 0 0 0 0 0 0 0 0
0 0 0 0 0 0 0 0 0 0 0 0 0 0 0 0
0 0 0 0 0 0 0 0 0 0 0 0 0 0 0 0
0 0 0 0 0 0 0 0 0 0 0 0 0 0 0 0
0 0 0 0 0 0 0 0 0 0 0 0 0 0 0 0
0 0 0 0 0 0 0 0 0 0 0 0 0 0 0 0
0 0 0 0 0 0 0 0 0 0 0 0 0 0 0 0
0 0 0 0 0 0 0 0 0 0 0 0 0 0 0 0
0 0 0 0 0 0 0 0 0 0 0 0 0 0 0 0
0 0 0 0 0 0 0 0 0 0 0 0 0 0 0 0
0 0 0 0 0 0 0 0 0 0 0 0 0 0 0 0
0 0 0 0 0 0 0 0 0 0 0 0 0 0 0 0
0 0 0 0 0 0 0 0 0 0 0 0 0 0 0 0
0 0 0 0 0 0 0 0 0 0 0 0 0 0 0 0
0 0 0 0 0 0 0 0 0 0 0 0 0 0 0 0
0 0 0 0 0 0 0 0 0 0 0 0 0 0 0 0
14 33 38 32 24 23 46 57 14 29 20 46 40 54 50 24
34 20 52 56 50 55 11 47 7 18 6 3 48 58 48 46
42 27 25 11 29 39 18 30 11 10 39 33 44 13 45 3
9 33 5 16 16 36 41 20 34 44 15 29 49 4 49 44
11 36 39 32 57 37 49 28 28 46 16 25 18 14 14 13
31 49 32 58 5 27 10 33 29 48 49 21 42 19 15 19
8 55 18 9 5 24 6 46 20 19 6 29 46 20 56 29
18 44 23 23 57 42 50 48 51 27 20 51 31 16 10 16
52 58 57 4 29 22 29 4 21 42 19 27 43 43 41 18
45 32 29 30 32 54 27 15 52 29 43 3 20 43 57 8
18 47 5 18 34 5 34 4 51 9 7 39 44 43 11 57
48 33 15 15 47 42 8 53 51 31 19 27 18 32 7 34
39 22 52 50 34 19 58 24 52 41 46 56 13 4 10 7
18 27 36 45 8 28 6 24 3 58 25 19 9 13 27 39
56 11 25 38 45 38 38 45 30 50 10 26 11 20 47 24
17 53 12 26 51 43 21 56 46 7 50 19 50 50 38 52
