0 0 0 0 0 0 0 0 0 0 0 0 0 0 0 0
0 0 0 0 0 0 0 0 0 0 0 0 0 0 0 0
0 0 0 0 0 0 0 0 0 0 0 0 0 0 0 0
0 0 0 0 0 0 0 0 0 0 0 0 0 0 0 0
0 0 0 0 0 0 0 0 0 0 0 0 0 0 0 0
0 0 0 0 0 0 0 0 0 0 0 0 0 0 0 0
0 0 0 0 0 0 0 0 0 0 0 0 0 0 0 0
0 0 0 0 0 0 0 0 0 0 0 0 0 0 0 0
0 0 0 0 0 0 0 0 0 0 0 0 0 0 0 0
0 0 0 0 0 0 0 0 0 0 0 0 0 0 0 0
0 0 0 0 0 0 0 0 0 0 0 0 0 0 0 0
0 0 0 0 0 0 0 0 0 0 0 0 0 0 0 0
0 0 0 0 0 0 0 0 0 0 0 0 0 0 0 0
0 0 0 0 0 0 0 0 0 0 0 0 0 0 0 0
0 0 0 0 0 0 0 0 0 0 0 0 0 0 0 0
0 0 0 0 0 0 0 0 0 0 0 0 0 0 0 0
47 14 46 41 41 54 27 33 8 28 21 14 32 4 55 36
44 58 28 31 22 15 7 32 36 45 31 13 49 23 39 39
41 57 52 49 55 32 12 55 42 11 19 52 56 52 23 27
25 32 41 10 5 13 54 18 33 6 10 55 54 25 49 35
51 7 57 58 32 13 55 47 18 48 41 32 28 19 8 33
17 6 37 38 45 44 44 57 22 43 4 33 54 21 19 18
26 30 18 30 20 6 55 53 53 17 23 32 20 25 20 37
57 18 53 37 12 42 48 49 23 6 26 20 3 18 33 23
5 11 58 6 44 47 21 40 54 43 43 17 31 46 42 9
4 8 52 53 55 32 31 25 7 49 37 41 38 12 27 5
53 50 18 4 43 53 58 33 53 58 17 27 36 57 50 44
37 19 58 48 48 26 32 19 36 14 7 30 57 44 26 23
10 37 24 6 8 7 30 40 47 9 39 9 45 44 30 51
41 56 46 49 3 33 23 30 33 17 39 37 52 40 53 21
21 54 46 49 58 26 35 42 4 35 3 37 24 43 29 58
29 44 55 53 19 12 48 49 10 7 35 52 29 32 46 16
