0 0 0 0 0 0 0 0 0 0 0 0 0 0 0 0
0 0 0 0 0 0 0 0 0 0 0 0 0 0 0 0
1 1 1 1 1 1 1 1 1 1 1 1 1 1 1 1
1 1 1 1 1 1 1 1 1 1 1 1 1 1 1 1
2 2 2 2 2 2 2 2 2 2 2 2 2 2 2 2
2 2 2 2 2 2 2 2 2 2 2 2 2 2 2 2
3 3 3 3 3 3 3 3 3 3 3 3 3 3 3 3
3 3 3 3 3 3 3 3 3 3 3 3 3 3 3 3
4 4 4 4 4 4 4 4 4 4 4 4 4 4 4 4
4 4 4 4 4 4 4 4 4 4 4 4 4 4 4 4
5 5 5 5 5 5 5 5 5 5 5 5 5 5 5 5
5 5 5 5 5 5 5 5 5 5 5 5 5 5 5 5
6 6 6 6 6 6 6 6 6 6 6 6 6 6 6 6
6 6 6 6 6 6 6 6 6 6 6 6 6 6 6 6
7 7 7 7 7 7 7 7 7 7 7 7 7 7 7 7
7 7 7 7 7 7 7 7 7 7 7 7 7 7 7 7
3 4 2 6 5 7 2 4 6 5 6 3 6 6 6 5
2 3 7 3 4 3 2 2 5 7 3 3 3 3 7 6
13 14 11 15 14 11 14 10 10 11 14 12 10 14 11 13
12 10 13 15 13 14 15 12 15 14 11 10 11 10 10 14
22 19 19 22 19 21 19 22 19 21 20 19 22 23 20 18
18 20 19 18 19 19 19 23 19 18 22 20 18 20 18 21
31 29 27 27 27 30 27 28 30 30 29 26 27 27 29 28
31 26 31 31 27 30 26 27 30 29 27 30 26 26 30 26
34 36 36 38 38 39 37 35 38 37 36 35 39 35 39 35
39 35 35 37 35 37 34 39 35 34 34 38 34 38 37 36
43 42 47 42 47 46 45 42 45 45 45 45 43 43 43 44
43 46 44 45 46 44 43 47 43 45 43 44 43 46 44 45
50 53 55 53 55 54 53 50 51 50 54 50 52 51 50 51
53 55 51 55 52 52 54 52 50 53 53 50 52 51 53 55
63 62 58 59 61 61 63 58 63 58 63 63 58 62 63 61
63 63 62 60 61 61 58 59 63 60 61 60 59 58 61 58
