0 0 0 0 0 0 0 0 0 0 0 0 0 0 0 0
0 0 0 0 0 0 0 0 0 0 0 0 0 0 0 0
0 0 0 0 0 0 0 0 0 0 0 0 0 0 0 0
0 0 0 0 0 0 0 0 0 0 0 0 0 0 0 0
0 0 0 0 0 0 0 0 0 0 0 0 0 0 0 0
0 0 0 0 0 0 0 0 0 0 0 0 0 0 0 0
0 0 0 0 0 0 0 0 0 0 0 0 0 0 0 0
0 0 0 0 0 0 0 0 0 0 0 0 0 0 0 0
0 0 0 0 0 0 0 0 0 0 0 0 0 0 0 0
0 0 0 0 0 0 0 0 0 0 0 0 0 0 0 0
0 0 0 0 0 0 0 0 0 0 0 0 0 0 0 0
0 0 0 0 0 0 0 0 0 0 0 0 0 0 0 0
0 0 0 0 0 0 0 0 0 0 0 0 0 0 0 0
0 0 0 0 0 0 0 0 0 0 0 0 0 0 0 0
0 0 0 0 0 0 0 0 0 0 0 0 0 0 0 0
0 0 0 0 0 0 0 0 0 0 0 0 0 0 0 0
50 31 48 3 50 17 53 12 14 27 28 12 49 8 17 20
46 7 30 9 3 44 33 54 28 20 11 31 42 56 15 18
23 29 25 6 30 19 18 36 54 23 3 25 38 35 6 13
37 34 8 18 52 32 45 51 19 36 41 42 51 49 53 16
10 22 13 42 47 49 37 51 54 44 46 28 17 47 19 57
6 3 19 38 24 32 3 23 44 4 17 38 17 45 51 41
14 13 32 42 56 58 38 20 9 22 50 31 15 55 25 21
54 51 46 25 56 32 37 42 22 40 26 41 12 12 17 21
13 33 37 37 38 45 33 5 54 28 21 19 50 16 38 57
45 49 9 30 4 12 6 18 41 44 5 8 27 34 36 10
12 55 17 35 17 22 36 16 31 35 25 17 33 54 52 44
40 33 39 9 10 55 39 40 19 5 23 11 14 27 16 29
25 57 23 9 51 58 51 21 54 49 14 49 3 46 52 32
32 16 8 3 27 7 18 44 17 22 26 15 20 50 37 21
13 6 44 42 3 21 24 49 57 38 58 43 35 37 37 55
19 46 47 26 39 29 25 23 55 30 16 54 35 47 7 36
