0 0 0 0 0 0 0 0 0 0 0 0 0 0 0 0
0 0 0 0 0 0 0 0 0 0 0 0 0 0 0 0
0 0 0 0 0 0 0 0 0 0 0 0 0 0 0 0
0 0 0 0 0 0 0 0 0 0 0 0 0 0 0 0
0 0 0 0 0 0 0 0 0 0 0 0 0 0 0 0
0 0 0 0 0 0 0 0 0 0 0 0 0 0 0 0
0 0 0 0 0 0 0 0 0 0 0 0 0 0 0 0
0 0 0 0 0 0 0 0 0 0 0 0 0 0 0 0
0 0 0 0 0 0 0 0 0 0 0 0 0 0 0 0
0 0 0 0 0 0 0 0 0 0 0 0 0 0 0 0
0 0 0 0 0 0 0 0 0 0 0 0 0 0 0 0
0 0 0 0 0 0 0 0 0 0 0 0 0 0 0 0
0 0 0 0 0 0 0 0 0 0 0 0 0 0 0 0
0 0 0 0 0 0 0 0 0 0 0 0 0 0 0 0
0 0 0 0 0 0 0 0 0 0 0 0 0 0 0 0
0 0 0 0 0 0 0 0 0 0 0 0 0 0 0 0
44 18 35 9 43 23 30 9 56 38 14 15 27 35 22 44
45 7 40 11 28 6 8 11 8 37 15 49 50 24 58 34
17 26 20 51 7 3 56 42 33 34 29 14 53 6 29 45
21 27 31 17 58 37 33 18 33 17 25 23 33 27 33 22
6 6 8 52 39 31 31 25 7 33 5 35 37 39 42 20
39 47 45 27 46 24 51 9 21 9 16 37 23 6 42 6
11 35 27 5 54 22 4 47 29 26 18 20 6 49 23 58
24 10 27 20 10 19 16 10 41 36 9 36 41 50 43 7
39 24 12 21 5 34 51 35 14 49 50 6 30 37 23 54
28 13 57 10 20 11 53 12 37 28 24 4 56 23 58 43
7 17 9 42 55 28 33 55 4 20 41 39 20 53 26 16
56 52 38 24 17 23 19 42 30 18 30 42 30 15 7 48
36 55 46 10 31 7 15 10 49 6 5 55 52 19 19 55
32 44 9 26 5 32 17 22 43 49 20 18 56 22 45 28
20 46 4 48 23 42 30 43 25 56 9 9 12 17 5 22
16 26 12 51 47 33 45 58 13 3 38 35 37 26 42 25
