0 0 0 0 0 0 0 0 0 0 0 0 0 0 0 0
0 0 0 0 0 0 0 0 0 0 0 0 0 0 0 0
0 0 0 0 0 0 0 0 0 0 0 0 0 0 0 0
0 0 0 0 0 0 0 0 0 0 0 0 0 0 0 0
0 0 0 0 0 0 0 0 0 0 0 0 0 0 0 0
0 0 0 0 0 0 0 0 0 0 0 0 0 0 0 0
0 0 0 0 0 0 0 0 0 0 0 0 0 0 0 0
0 0 0 0 0 0 0 0 0 0 0 0 0 0 0 0
0 0 0 0 0 0 0 0 0 0 0 0 0 0 0 0
0 0 0 0 0 0 0 0 0 0 0 0 0 0 0 0
0 0 0 0 0 0 0 0 0 0 0 0 0 0 0 0
0 0 0 0 0 0 0 0 0 0 0 0 0 0 0 0
0 0 0 0 0 0 0 0 0 0 0 0 0 0 0 0
0 0 0 0 0 0 0 0 0 0 0 0 0 0 0 0
0 0 0 0 0 0 0 0 0 0 0 0 0 0 0 0
0 0 0 0 0 0 0 0 0 0 0 0 0 0 0 0
29 29 32 55 38 58 58 35 29 41 58 40 22 19 5 20
13 56 7 29 12 27 10 47 32 30 55 37 40 8 24 38
12 33 31 49 24 48 20 37 58 58 47 30 56 23 10 16
8 46 41 50 3 3 26 47 28 54 4 21 37 54 34 36
38 51 7 12 13 5 3 15 16 5 21 53 57 32 14 4
6 3 42 39 10 23 8 54 38 49 11 35 24 18 51 14
9 10 3 24 19 9 48 12 18 35 3 10 41 36 7 49
10 13 27 37 43 35 34 18 58 50 52 41 49 20 8 30
16 47 37 56 24 20 52 18 49 27 46 45 57 48 4 50
42 16 15 43 36 43 22 29 26 16 9 58 51 44 22 42
54 3 24 18 24 6 35 57 16 23 19 15 20 36 30 50
57 44 6 50 9 51 9 7 55 20 30 51 33 56 34 12
55 34 32 43 53 42 31 28 57 11 36 49 17 13 45 8
17 29 32 20 54 11 42 12 34 14 27 5 21 31 9 20
10 34 6 33 13 24 45 26 33 46 24 21 40 30 46 22
52 19 27 13 57 37 28 41 19 36 15 4 42 16 8 4
