0 0 0 0 0 0 0 0 0 0 0 0 0 0 0 0
0 0 0 0 0 0 0 0 0 0 0 0 0 0 0 0
0 0 0 0 0 0 0 0 0 0 0 0 0 0 0 0
0 0 0 0 0 0 0 0 0 0 0 0 0 0 0 0
0 0 0 0 0 0 0 0 0 0 0 0 0 0 0 0
0 0 0 0 0 0 0 0 0 0 0 0 0 0 0 0
0 0 0 0 0 0 0 0 0 0 0 0 0 0 0 0
0 0 0 0 0 0 0 0 0 0 0 0 0 0 0 0
0 0 0 0 0 0 0 0 0 0 0 0 0 0 0 0
0 0 0 0 0 0 0 0 0 0 0 0 0 0 0 0
0 0 0 0 0 0 0 0 0 0 0 0 0 0 0 0
0 0 0 0 0 0 0 0 0 0 0 0 0 0 0 0
0 0 0 0 0 0 0 0 0 0 0 0 0 0 0 0
0 0 0 0 0 0 0 0 0 0 0 0 0 0 0 0
0 0 0 0 0 0 0 0 0 0 0 0 0 0 0 0
0 0 0 0 0 0 0 0 0 0 0 0 0 0 0 0
18 54 14 49 6 57 21 9 12 14 35 42 20 10 26 27
4 32 19 33 16 4 44 47 41 31 6 16 29 13 3 12
48 58 22 53 20 8 13 58 51 16 38 53 16 36 31 55
30 52 4 22 56 22 51 21 27 28 55 27 13 16 28 56
27 46 18 53 31 34 18 7 20 32 49 19 48 16 6 16
24 6 33 44 51 7 41 4 33 47 21 21 8 5 17 54
42 22 50 50 40 36 19 8 12 42 28 31 25 48 5 43
26 52 11 14 51 45 10 38 6 40 32 28 54 48 11 48
8 45 57 8 49 42 32 15 14 33 9 6 21 49 41 40
19 46 30 39 11 22 30 22 50 55 3 9 34 16 3 16
48 24 8 7 55 58 27 5 40 31 10 55 38 14 36 44
14 45 25 28 21 16 52 21 11 54 31 15 24 43 7 8
33 46 36 12 30 42 28 58 49 52 37 56 51 5 41 5
15 10 43 16 6 5 29 27 50 31 57 23 10 31 29 13
25 53 30 7 23 12 48 15 30 44 8 41 24 32 28 12
24 48 57 12 39 13 33 21 8 7 48 49 13 54 6 4
