0 0 0 0 0 0 0 0 0 0 0 0 0 0 0 0
0 0 0 0 0 0 0 0 0 0 0 0 0 0 0 0
0 0 0 0 0 0 0 0 0 0 0 0 0 0 0 0
0 0 0 0 0 0 0 0 0 0 0 0 0 0 0 0
0 0 0 0 0 0 0 0 0 0 0 0 0 0 0 0
0 0 0 0 0 0 0 0 0 0 0 0 0 0 0 0
0 0 0 0 0 0 0 0 0 0 0 0 0 0 0 0
0 0 0 0 0 0 0 0 0 0 0 0 0 0 0 0
0 0 0 0 0 0 0 0 0 0 0 0 0 0 0 0
0 0 0 0 0 0 0 0 0 0 0 0 0 0 0 0
0 0 0 0 0 0 0 0 0 0 0 0 0 0 0 0
0 0 0 0 0 0 0 0 0 0 0 0 0 0 0 0
0 0 0 0 0 0 0 0 0 0 0 0 0 0 0 0
0 0 0 0 0 0 0 0 0 0 0 0 0 0 0 0
0 0 0 0 0 0 0 0 0 0 0 0 0 0 0 0
0 0 0 0 0 0 0 0 0 0 0 0 0 0 0 0
20 37 56 43 12 16 13 18 9 38 56 23 44 12 9 40
43 22 28 20 56 11 54 48 38 44 5 10 23 52 12 11
35 34 47 20 51 15 43 38 54 20 56 14 17 17 13 54
17 53 58 5 33 27 39 25 32 10 14 6 45 8 13 7
37 24 16 4 15 27 29 21 6 5 56 50 13 52 29 36
48 37 15 18 53 36 40 49 16 12 16 37 29 45 28 26
27 34 58 54 29 50 22 55 9 3 50 38 27 35 6 33
58 25 14 27 24 55 53 5 37 3 15 56 41 31 25 58
38 15 40 56 56 24 16 23 19 14 46 30 36 5 53 56
41 39 14 38 33 36 32 22 41 23 13 50 57 28 5 34
36 45 16 57 38 15 6 25 13 11 47 46 27 7 30 56
17 56 43 58 29 43 42 50 46 35 34 39 42 50 18 16
36 47 52 34 58 39 28 42 13 19 52 5 57 12 58 13
17 55 36 33 22 32 22 13 29 15 35 41 22 18 45 35
18 20 19 32 15 56 5 48 58 27 46 50 19 41 14 53
50 46 28 25 12 12 39 48 29 10 23 43 23 13 7 3
