0 0 0 0 0 0 0 0 0 0 0 0 0 0 0 0
0 0 0 0 0 0 0 0 0 0 0 0 0 0 0 0
0 0 0 0 0 0 0 0 0 0 0 0 0 0 0 0
0 0 0 0 0 0 0 0 0 0 0 0 0 0 0 0
0 0 0 0 0 0 0 0 0 0 0 0 0 0 0 0
0 0 0 0 0 0 0 0 0 0 0 0 0 0 0 0
0 0 0 0 0 0 0 0 0 0 0 0 0 0 0 0
0 0 0 0 0 0 0 0 0 0 0 0 0 0 0 0
0 0 0 0 0 0 0 0 0 0 0 0 0 0 0 0
0 0 0 0 0 0 0 0 0 0 0 0 0 0 0 0
0 0 0 0 0 0 0 0 0 0 0 0 0 0 0 0
0 0 0 0 0 0 0 0 0 0 0 0 0 0 0 0
0 0 0 0 0 0 0 0 0 0 0 0 0 0 0 0
0 0 0 0 0 0 0 0 0 0 0 0 0 0 0 0
0 0 0 0 0 0 0 0 0 0 0 0 0 0 0 0
0 0 0 0 0 0 0 0 0 0 0 0 0 0 0 0
21 23 26 47 54 12 44 42 38 39 24 18 49 29 17 8
51 15 51 55 6 43 20 28 18 37 3 54 19 19 9 27
46 52 26 28 28 9 3 39 6 47 7 20 29 19 37 26
46 29 15 44 53 50 57 21 11 5 20 19 26 45 36 46
16 16 23 46 29 18 5 17 36 58 56 36 32 33 17 22
11 23 50 29 49 33 13 15 17 52 40 3 38 11 54 14
25 4 40 19 55 17 21 44 21 22 6 29 5 19 30 26
27 57 50 55 45 8 26 25 50 46 10 57 15 18 42 19
5 25 13 13 43 23 28 47 20 22 9 45 20 42 41 35
55 24 19 16 20 31 14 15 22 20 57 56 36 3 43 38
19 38 42 27 31 42 46 54 58 21 33 24 56 40 42 5
47 6 14 12 37 41 9 13 16 3 29 12 57 58 5 31
35 12 10 33 3 15 31 11 31 30 52 24 49 47 6 3
30 55 6 53 51 18 55 44 5 35 45 41 28 48 15 36
16 44 53 58 26 53 51 8 57 12 37 52 37 19 48 11
4 39 49 25 41 14 4 10 10 47 13 11 9 50 39 40
