0 0 0 0 0 0 0 0 0 0 0 0 0 0 0 0
0 0 0 0 0 0 0 0 0 0 0 0 0 0 0 0
0 0 0 0 0 0 0 0 0 0 0 0 0 0 0 0
0 0 0 0 0 0 0 0 0 0 0 0 0 0 0 0
0 0 0 0 0 0 0 0 0 0 0 0 0 0 0 0
0 0 0 0 0 0 0 0 0 0 0 0 0 0 0 0
0 0 0 0 0 0 0 0 0 0 0 0 0 0 0 0
0 0 0 0 0 0 0 0 0 0 0 0 0 0 0 0
0 0 0 0 0 0 0 0 0 0 0 0 0 0 0 0
0 0 0 0 0 0 0 0 0 0 0 0 0 0 0 0
0 0 0 0 0 0 0 0 0 0 0 0 0 0 0 0
0 0 0 0 0 0 0 0 0 0 0 0 0 0 0 0
0 0 0 0 0 0 0 0 0 0 0 0 0 0 0 0
0 0 0 0 0 0 0 0 0 0 0 0 0 0 0 0
0 0 0 0 0 0 0 0 0 0 0 0 0 0 0 0
0 0 0 0 0 0 0 0 0 0 0 0 0 0 0 0
57 16 17 12 51 30 33 15 4 52 40 5 20 19 23 54
53 35 13 5 9 38 15 42 46 33 7 15 31 6 33 28
10 34 23 28 10 30 36 27 14 52 34 58 44 40 20 33
37 24 32 52 3 30 3 12 54 10 52 24 36 9 13 35
17 13 37 56 8 37 38 8 16 41 25 18 26 52 27 48
31 30 16 16 14 48 35 28 47 17 20 53 53 8 5 8
54 46 52 38 24 32 47 57 20 51 34 7 58 52 17 10
17 15 34 35 13 25 36 47 14 56 51 39 17 48 8 11
49 41 4 30 6 53 36 24 53 6 26 58 29 57 12 41
54 34 26 19 5 31 21 43 32 48 31 27 39 50 52 30
4 9 44 27 40 53 12 39 46 19 56 41 27 4 44 46
51 42 34 27 29 18 31 26 15 24 16 28 46 36 45 6
49 28 30 50 45 22 23 49 18 11 32 47 49 23 32 6
54 57 29 41 26 12 47 6 25 47 50 55 31 24 13 4
21 50 9 29 25 20 41 32 19 4 7 40 54 37 21 57
36 12 54 57 30 11 23 25 4 5 34 9 21 42 32 49
