0 0 0 0 0 0 0 0 0 0 0 0 0 0 0 0
0 0 0 0 0 0 0 0 0 0 0 0 0 0 0 0
0 0 0 0 0 0 0 0 0 0 0 0 0 0 0 0
0 0 0 0 0 0 0 0 0 0 0 0 0 0 0 0
0 0 0 0 0 0 0 0 0 0 0 0 0 0 0 0
0 0 0 0 0 0 0 0 0 0 0 0 0 0 0 0
0 0 0 0 0 0 0 0 0 0 0 0 0 0 0 0
0 0 0 0 0 0 0 0 0 0 0 0 0 0 0 0
0 0 0 0 0 0 0 0 0 0 0 0 0 0 0 0
0 0 0 0 0 0 0 0 0 0 0 0 0 0 0 0
0 0 0 0 0 0 0 0 0 0 0 0 0 0 0 0
0 0 0 0 0 0 0 0 0 0 0 0 0 0 0 0
0 0 0 0 0 0 0 0 0 0 0 0 0 0 0 0
0 0 0 0 0 0 0 0 0 0 0 0 0 0 0 0
0 0 0 0 0 0 0 0 0 0 0 0 0 0 0 0
0 0 0 0 0 0 0 0 0 0 0 0 0 0 0 0
38 54 20 56 22 46 10 26 49 37 37 12 33 47 20 21
57 43 18 25 30 21 23 6 52 38 36 35 4 14 12 49
25 3 33 16 14 58 28 14 30 31 41 53 15 11 25 11
22 28 14 56 9 40 26 14 40 24 34 6 26 4 29 15
48 29 40 12 5 8 40 22 48 37 6 13 38 51 17 52
36 45 49 55 35 51 56 29 45 32 31 33 17 50 56 25
26 32 46 44 10 45 42 49 56 27 23 16 36 39 4 19
28 53 29 33 8 9 18 22 37 51 13 41 52 30 58 28
34 10 7 4 18 5 31 17 17 17 33 45 34 13 41 53
45 14 30 38 26 47 45 51 55 49 48 21 38 23 18 22
47 12 35 39 31 6 57 37 28 26 16 21 28 7 49 48
49 50 7 50 3 28 37 57 33 33 34 52 23 26 29 7
53 7 52 19 52 26 49 25 14 26 30 14 31 44 17 5
24 15 9 26 41 53 4 36 7 42 21 4 27 9 57 54
24 48 57 53 11 22 8 47 58 42 29 48 6 43 53 49
13 51 16 34 14 34 4 6 50 5 27 9 55 40 13 32
