0 0 0 0 0 0 0 0 0 0 0 0 0 0 0 0
0 0 0 0 0 0 0 0 0 0 0 0 0 0 0 0
0 0 0 0 0 0 0 0 0 0 0 0 0 0 0 0
0 0 0 0 0 0 0 0 0 0 0 0 0 0 0 0
0 0 0 0 0 0 0 0 0 0 0 0 0 0 0 0
0 0 0 0 0 0 0 0 0 0 0 0 0 0 0 0
0 0 0 0 0 0 0 0 0 0 0 0 0 0 0 0
0 0 0 0 0 0 0 0 0 0 0 0 0 0 0 0
0 0 0 0 0 0 0 0 0 0 0 0 0 0 0 0
0 0 0 0 0 0 0 0 0 0 0 0 0 0 0 0
0 0 0 0 0 0 0 0 0 0 0 0 0 0 0 0
0 0 0 0 0 0 0 0 0 0 0 0 0 0 0 0
0 0 0 0 0 0 0 0 0 0 0 0 0 0 0 0
0 0 0 0 0 0 0 0 0 0 0 0 0 0 0 0
0 0 0 0 0 0 0 0 0 0 0 0 0 0 0 0
0 0 0 0 0 0 0 0 0 0 0 0 0 0 0 0
52 16 35 17 47 10 55 45 55 28 58 45 3 30 18 35
5 27 43 31 44 7 31 13 21 9 39 18 31 58 23 46
22 22 8 22 33 4 48 40 3 57 22 47 34 36 8 42
34 41 45 23 7 27 36 29 39 53 58 15 9 11 48 8
4 18 41 33 21 4 42 42 24 4 47 35 54 18 16 33
43 22 17 52 6 15 48 29 47 12 58 28 54 8 52 44
53 46 56 51 14 20 48 5 40 3 7 50 8 34 16 52
38 25 18 30 47 24 6 56 14 52 7 43 37 4 5 25
21 7 51 36 46 14 39 50 26 28 11 22 26 47 47 28
29 49 43 30 24 27 40 16 54 4 39 17 46 54 21 47
12 45 39 58 43 17 20 18 42 34 56 48 45 38 17 45
11 44 3 5 48 55 30 29 37 47 8 8 35 49 15 44
19 45 26 43 17 19 48 57 46 17 58 3 38 11 48 48
14 21 15 47 9 10 24 8 56 32 17 15 13 24 48 26
45 46 13 4 54 9 6 49 32 18 15 26 27 53 32 28
50 5 11 51 18 36 31 31 33 54 17 10 34 39 47 33
