0 0 0 0 0 0 0 0 0 0 0 0 0 0 0 0
0 0 0 0 0 0 0 0 0 0 0 0 0 0 0 0
0 0 0 0 0 0 0 0 0 0 0 0 0 0 0 0
0 0 0 0 0 0 0 0 0 0 0 0 0 0 0 0
0 0 0 0 0 0 0 0 0 0 0 0 0 0 0 0
0 0 0 0 0 0 0 0 0 0 0 0 0 0 0 0
0 0 0 0 0 0 0 0 0 0 0 0 0 0 0 0
0 0 0 0 0 0 0 0 0 0 0 0 0 0 0 0
0 0 0 0 0 0 0 0 0 0 0 0 0 0 0 0
0 0 0 0 0 0 0 0 0 0 0 0 0 0 0 0
0 0 0 0 0 0 0 0 0 0 0 0 0 0 0 0
0 0 0 0 0 0 0 0 0 0 0 0 0 0 0 0
0 0 0 0 0 0 0 0 0 0 0 0 0 0 0 0
0 0 0 0 0 0 0 0 0 0 0 0 0 0 0 0
0 0 0 0 0 0 0 0 0 0 0 0 0 0 0 0
0 0 0 0 0 0 0 0 0 0 0 0 0 0 0 0
18 25 17 56 52 52 19 58 30 27 54 53 46 26 36 16
47 15 9 23 28 39 44 42 28 20 39 42 10 25 49 24
25 14 57 24 18 45 18 22 42 32 44 33 35 52 41 23
50 26 47 7 42 58 41 8 28 23 56 58 22 31 4 55
6 7 47 3 9 8 30 51 30 14 54 37 45 32 29 17
51 15 5 51 47 12 56 35 36 47 5 45 47 42 12 7
15 7 53 16 42 36 49 41 11 51 34 34 3 14 55 4
27 34 19 56 53 35 24 3 53 12 12 42 6 3 12 45
57 46 34 23 32 6 53 43 35 48 13 9 55 31 34 24
13 46 26 50 22 16 48 18 38 45 34 48 8 18 10 9
24 43 50 50 47 56 54 21 44 17 57 28 55 33 26 32
31 19 9 19 26 35 52 13 56 22 20 23 6 22 5 58
31 48 34 7 6 26 36 45 4 43 55 8 9 26 41 23
45 12 53 31 4 44 31 23 29 51 4 5 11 30 52 27
23 52 9 20 5 9 58 19 33 57 50 35 8 36 35 47
6 33 47 46 23 57 45 11 31 58 14 44 22 3 6 9
