0 0 0 0 0 0 0 0 0 0 0 0 0 0 0 0
1 1 1 1 1 1 1 1 1 1 1 1 1 1 1 1
2 2 2 2 2 2 2 2 2 2 2 2 2 2 2 2
3 3 3 3 3 3 3 3 3 3 3 3 3 3 3 3
4 4 4 4 4 4 4 4 4 4 4 4 4 4 4 4
5 5 5 5 5 5 5 5 5 5 5 5 5 5 5 5
6 6 6 6 6 6 6 6 6 6 6 6 6 6 6 6
7 7 7 7 7 7 7 7 7 7 7 7 7 7 7 7
0 0 0 0 0 0 0 0 0 0 0 0 0 0 0 0
1 1 1 1 1 1 1 1 1 1 1 1 1 1 1 1
2 2 2 2 2 2 2 2 2 2 2 2 2 2 2 2
3 3 3 3 3 3 3 3 3 3 3 3 3 3 3 3
4 4 4 4 4 4 4 4 4 4 4 4 4 4 4 4
5 5 5 5 5 5 5 5 5 5 5 5 5 5 5 5
6 6 6 6 6 6 6 6 6 6 6 6 6 6 6 6
7 7 7 7 7 7 7 7 7 7 7 7 7 7 7 7
7 7 3 6 6 7 2 3 2 7 6 4 6 3 4 4
15 15 12 15 13 15 15 12 10 10 10 13 13 14 12 15
21 19 18 23 20 19 20 20 18 20 18 18 18 18 18 20
28 29 26 30 31 31 31 29 28 29 29 30 27 27 29 30
34 37 37 34 39 35 37 34 38 38 38 39 36 35 34 39
46 45 43 43 45 46 44 46 42 43 44 42 43 45 42 42
54 55 53 50 50 53 55 50 55 50 50 53 54 55 55 51
58 60 58 58 59 61 60 60 63 63 58 62 59 63 60 59
5 4 7 3 6 7 7 6 7 5 7 6 4 6 7 4
13 11 12 13 14 10 15 14 13 14 15 13 12 13 13 12
19 22 22 18 22 22 22 22 21 19 22 21 20 22 20 21
31 27 29 27 31 31 28 28 27 31 30 30 31 30 31 26
35 39 36 34 39 38 39 35 36 37 36 39 37 37 34 38
43 44 45 46 42 43 45 42 45 47 46 43 43 47 45 43
54 50 54 52 50 51 54 54 50 55 54 55 52 54 54 53
62 61 59 59 59 62 60 61 58 59 61 60 62 62 63 63
