0 0 0 0 0 0 0 0 0 0 0 0 0 0 0 0
0 0 0 0 0 0 0 0 0 0 0 0 0 0 0 0
0 0 0 0 0 0 0 0 0 0 0 0 0 0 0 0
0 0 0 0 0 0 0 0 0 0 0 0 0 0 0 0
0 0 0 0 0 0 0 0 0 0 0 0 0 0 0 0
0 0 0 0 0 0 0 0 0 0 0 0 0 0 0 0
0 0 0 0 0 0 0 0 0 0 0 0 0 0 0 0
0 0 0 0 0 0 0 0 0 0 0 0 0 0 0 0
0 0 0 0 0 0 0 0 0 0 0 0 0 0 0 0
0 0 0 0 0 0 0 0 0 0 0 0 0 0 0 0
0 0 0 0 0 0 0 0 0 0 0 0 0 0 0 0
0 0 0 0 0 0 0 0 0 0 0 0 0 0 0 0
0 0 0 0 0 0 0 0 0 0 0 0 0 0 0 0
0 0 0 0 0 0 0 0 0 0 0 0 0 0 0 0
0 0 0 0 0 0 0 0 0 0 0 0 0 0 0 0
0 0 0 0 0 0 0 0 0 0 0 0 0 0 0 0
20 41 26 32 53 30 50 23 18 53 56 7 58 38 48 15
42 48 37 3 31 25 14 33 38 52 56 47 6 57 12 3
35 14 29 39 55 49 11 4 3 22 35 13 13 22 41 32
26 29 9 13 26 42 6 46 8 46 11 33 8 45 20 33
27 26 46 44 9 54 45 36 30 15 45 17 23 4 14 25
13 24 48 18 31 16 23 21 18 35 48 21 51 47 55 34
34 21 13 39 13 29 28 50 54 44 7 25 26 45 25 57
48 46 50 8 40 42 30 56 40 12 40 21 23 57 25 26
6 35 33 44 25 46 12 7 38 9 30 44 8 30 16 36
43 39 34 11 14 15 31 16 45 6 9 54 53 5 3 24
33 28 31 8 21 27 23 47 18 8 11 25 46 9 43 7
20 4 39 45 31 53 16 44 10 57 48 27 6 13 45 6
49 55 30 17 15 21 37 42 32 15 46 25 6 45 11 44
8 47 25 24 55 44 53 53 14 32 18 47 42 17 9 34
20 36 46 5 10 23 40 23 31 49 46 38 35 13 36 44
20 35 55 36 16 3 25 33 7 26 12 58 23 14 40 18
