0 0 0 0 0 0 0 0 0 0 0 0 0 0 0 0
0 0 0 0 0 0 0 0 0 0 0 0 0 0 0 0
0 0 0 0 0 0 0 0 0 0 0 0 0 0 0 0
0 0 0 0 0 0 0 0 0 0 0 0 0 0 0 0
0 0 0 0 0 0 0 0 0 0 0 0 0 0 0 0
0 0 0 0 0 0 0 0 0 0 0 0 0 0 0 0
0 0 0 0 0 0 0 0 0 0 0 0 0 0 0 0
0 0 0 0 0 0 0 0 0 0 0 0 0 0 0 0
0 0 0 0 0 0 0 0 0 0 0 0 0 0 0 0
0 0 0 0 0 0 0 0 0 0 0 0 0 0 0 0
0 0 0 0 0 0 0 0 0 0 0 0 0 0 0 0
0 0 0 0 0 0 0 0 0 0 0 0 0 0 0 0
0 0 0 0 0 0 0 0 0 0 0 0 0 0 0 0
0 0 0 0 0 0 0 0 0 0 0 0 0 0 0 0
0 0 0 0 0 0 0 0 0 0 0 0 0 0 0 0
0 0 0 0 0 0 0 0 0 0 0 0 0 0 0 0
57 33 23 31 13 35 50 30 14 4 52 16 35 48 22 42
11 21 19 24 46 43 3 47 12 47 10 14 17 58 15 45
57 20 19 8 50 21 21 34 51 52 46 11 14 7 23 46
6 57 38 45 21 53 32 10 14 24 53 52 49 45 25 47
29 32 44 50 37 54 21 50 57 13 48 5 38 4 28 33
32 44 13 19 12 56 16 7 57 24 55 13 50 17 17 35
36 22 46 55 26 7 25 51 47 11 39 16 27 39 12 13
9 34 3 30 31 14 27 33 33 24 14 13 25 9 4 17
52 49 29 56 54 18 50 6 13 38 40 58 31 30 6 18
35 4 12 22 38 50 53 55 40 25 5 22 49 31 33 12
51 36 50 29 24 23 56 24 37 39 38 26 58 53 8 9
47 14 27 41 45 24 4 19 23 45 28 14 50 48 29 18
23 10 35 17 26 43 14 16 13 41 27 12 51 36 13 4
20 5 55 42 49 15 30 41 53 16 45 50 4 7 8 5
6 39 10 11 14 13 48 43 5 10 41 38 18 26 56 49
17 31 12 43 24 21 15 15 34 14 37 32 56 30 8 22
