0 0 0 0 0 0 0 0 0 0 0 0 0 0 0 0
0 0 0 0 0 0 0 0 0 0 0 0 0 0 0 0
0 0 0 0 0 0 0 0 0 0 0 0 0 0 0 0
0 0 0 0 0 0 0 0 0 0 0 0 0 0 0 0
0 0 0 0 0 0 0 0 0 0 0 0 0 0 0 0
0 0 0 0 0 0 0 0 0 0 0 0 0 0 0 0
0 0 0 0 0 0 0 0 0 0 0 0 0 0 0 0
0 0 0 0 0 0 0 0 0 0 0 0 0 0 0 0
0 0 0 0 0 0 0 0 0 0 0 0 0 0 0 0
0 0 0 0 0 0 0 0 0 0 0 0 0 0 0 0
0 0 0 0 0 0 0 0 0 0 0 0 0 0 0 0
0 0 0 0 0 0 0 0 0 0 0 0 0 0 0 0
0 0 0 0 0 0 0 0 0 0 0 0 0 0 0 0
0 0 0 0 0 0 0 0 0 0 0 0 0 0 0 0
0 0 0 0 0 0 0 0 0 0 0 0 0 0 0 0
0 0 0 0 0 0 0 0 0 0 0 0 0 0 0 0
49 49 22 36 51 40 21 54 49 43 27 47 17 56 5 14
28 33 47 51 46 53 43 33 3 37 44 50 48 55 15 37
30 20 8 52 46 8 42 39 36 3 44 39 6 31 49 52
6 38 56 25 55 7 50 31 28 17 15 19 32 14 42 51
9 9 6 17 3 54 25 24 40 49 18 46 57 23 28 21
43 4 50 39 49 18 56 7 20 15 54 22 53 26 51 44
13 49 7 28 37 44 28 55 8 11 33 10 38 30 45 53
37 30 43 33 28 57 3 38 31 44 32 54 40 47 14 33
50 38 11 57 50 5 39 16 18 17 49 35 53 53 22 4
38 51 46 47 49 37 23 51 55 54 23 45 11 23 35 51
36 55 25 37 51 8 34 44 38 19 53 27 44 6 51 19
9 18 3 53 47 46 5 47 34 11 7 48 13 14 30 41
25 54 56 37 31 33 13 44 22 27 47 32 55 24 38 17
11 30 31 48 13 39 31 11 26 8 12 35 10 36 9 27
48 7 43 27 41 19 54 50 17 12 11 58 31 50 33 32
24 55 11 11 43 52 37 54 38 12 11 32 19 56 7 15
