0 0 0 0 0 0 0 0 0 0 0 0 0 0 0 0
0 0 0 0 0 0 0 0 0 0 0 0 0 0 0 0
0 0 0 0 0 0 0 0 0 0 0 0 0 0 0 0
0 0 0 0 0 0 0 0 0 0 0 0 0 0 0 0
0 0 0 0 0 0 0 0 0 0 0 0 0 0 0 0
0 0 0 0 0 0 0 0 0 0 0 0 0 0 0 0
0 0 0 0 0 0 0 0 0 0 0 0 0 0 0 0
0 0 0 0 0 0 0 0 0 0 0 0 0 0 0 0
0 0 0 0 0 0 0 0 0 0 0 0 0 0 0 0
0 0 0 0 0 0 0 0 0 0 0 0 0 0 0 0
0 0 0 0 0 0 0 0 0 0 0 0 0 0 0 0
0 0 0 0 0 0 0 0 0 0 0 0 0 0 0 0
0 0 0 0 0 0 0 0 0 0 0 0 0 0 0 0
0 0 0 0 0 0 0 0 0 0 0 0 0 0 0 0
0 0 0 0 0 0 0 0 0 0 0 0 0 0 0 0
0 0 0 0 0 0 0 0 0 0 0 0 0 0 0 0
18 27 32 43 57 32 11 24 33 38 57 21 46 49 46 8
30 14 31 57 10 57 23 49 33 16 9 49 43 55 18 27
58 49 34 22 9 37 9 4 27 9 50 22 16 35 53 53
47 31 24 21 53 53 21 43 8 5 55 55 57 21 7 33
39 51 19 15 41 29 14 54 43 8 50 35 15 10 43 27
45 12 33 47 5 6 24 58 38 17 14 43 17 5 11 53
24 6 44 53 39 52 25 38 32 10 41 23 6 29 12 46
52 29 15 45 21 5 34 56 4 24 8 30 41 34 9 14
24 8 40 47 29 38 10 37 53 9 5 47 37 47 56 46
28 21 17 47 48 19 46 49 57 34 57 12 7 17 3 56
21 36 50 9 57 8 3 58 30 53 6 56 48 28 16 8
54 42 30 29 4 56 21 49 43 24 32 45 8 19 3 50
39 24 33 29 54 50 19 25 34 57 53 18 5 49 58 47
37 7 57 53 52 10 6 3 5 48 19 33 14 46 36 15
21 24 38 22 33 15 36 48 41 15 42 49 57 29 32 29
38 46 28 23 24 58 21 8 12 30 17 16 33 21 53 36
