0 0 0 0 0 0 0 0 0 0 0 0 0 0 0 0
0 0 0 0 0 0 0 0 0 0 0 0 0 0 0 0
0 0 0 0 0 0 0 0 0 0 0 0 0 0 0 0
0 0 0 0 0 0 0 0 0 0 0 0 0 0 0 0
0 0 0 0 0 0 0 0 0 0 0 0 0 0 0 0
0 0 0 0 0 0 0 0 0 0 0 0 0 0 0 0
0 0 0 0 0 0 0 0 0 0 0 0 0 0 0 0
0 0 0 0 0 0 0 0 0 0 0 0 0 0 0 0
0 0 0 0 0 0 0 0 0 0 0 0 0 0 0 0
0 0 0 0 0 0 0 0 0 0 0 0 0 0 0 0
0 0 0 0 0 0 0 0 0 0 0 0 0 0 0 0
0 0 0 0 0 0 0 0 0 0 0 0 0 0 0 0
0 0 0 0 0 0 0 0 0 0 0 0 0 0 0 0
0 0 0 0 0 0 0 0 0 0 0 0 0 0 0 0
0 0 0 0 0 0 0 0 0 0 0 0 0 0 0 0
0 0 0 0 0 0 0 0 0 0 0 0 0 0 0 0
56 3 10 32 39 57 10 10 53 5 40 22 6 13 57 54
29 26 37 24 25 55 48 24 5 6 8 39 54 57 19 44
54 28 35 24 12 44 53 15 50 12 36 52 56 53 36 19
19 48 6 14 34 50 13 46 43 19 19 18 51 13 37 50
11 58 50 28 16 18 52 15 20 37 21 37 10 17 24 58
47 21 17 28 9 42 18 39 32 28 26 12 39 40 16 17
47 52 57 33 27 47 21 6 26 8 27 32 8 34 5 8
43 5 50 55 30 33 26 28 13 12 37 32 20 32 57 25
4 23 40 44 13 50 20 40 37 17 24 17 7 8 26 10
20 21 11 17 42 8 51 9 52 57 34 38 37 35 13 5
35 12 46 30 45 3 37 47 23 45 18 48 32 17 23 57
29 52 47 3 6 38 14 12 29 17 52 54 9 21 23 11
33 29 15 17 30 50 4 52 13 31 16 49 27 39 46 45
14 52 47 30 17 40 32 11 33 30 41 18 22 46 6 40
56 28 56 10 15 11 27 48 13 47 27 19 58 25 29 11
27 53 40 47 14 23 21 50 30 47 7 20 10 9 27 42
