0 0 0 0 0 0 0 0 0 0 0 0 0 0 0 0
0 0 0 0 0 0 0 0 0 0 0 0 0 0 0 0
0 0 0 0 0 0 0 0 0 0 0 0 0 0 0 0
0 0 0 0 0 0 0 0 0 0 0 0 0 0 0 0
0 0 0 0 0 0 0 0 0 0 0 0 0 0 0 0
0 0 0 0 0 0 0 0 0 0 0 0 0 0 0 0
0 0 0 0 0 0 0 0 0 0 0 0 0 0 0 0
0 0 0 0 0 0 0 0 0 0 0 0 0 0 0 0
0 0 0 0 0 0 0 0 0 0 0 0 0 0 0 0
0 0 0 0 0 0 0 0 0 0 0 0 0 0 0 0
0 0 0 0 0 0 0 0 0 0 0 0 0 0 0 0
0 0 0 0 0 0 0 0 0 0 0 0 0 0 0 0
0 0 0 0 0 0 0 0 0 0 0 0 0 0 0 0
0 0 0 0 0 0 0 0 0 0 0 0 0 0 0 0
0 0 0 0 0 0 0 0 0 0 0 0 0 0 0 0
0 0 0 0 0 0 0 0 0 0 0 0 0 0 0 0
50 38 49 35 30 51 43 50 21 57 38 58 48 31 34 39
22 49 12 40 48 24 9 38 46 27 56 38 34 27 35 40
12 42 38 25 56 47 37 45 35 6 47 56 45 48 45 8
9 28 37 25 31 29 58 46 21 18 37 22 4 32 35 38
24 54 14 23 55 3 48 40 51 11 24 40 10 31 3 37
35 45 7 8 9 41 5 3 26 33 53 47 54 30 44 54
37 23 23 21 57 52 38 26 38 55 21 36 15 7 4 20
27 26 25 10 46 41 43 22 40 22 41 44 57 36 55 35
35 33 41 39 52 28 50 14 6 40 45 3 52 15 45 5
3 56 38 9 26 34 16 40 36 55 28 49 57 36 25 50
39 56 20 10 37 39 19 51 55 17 16 50 54 46 9 4
40 3 38 5 15 19 57 46 35 23 53 12 45 50 39 48
8 30 14 36 43 6 49 19 22 5 54 48 44 29 16 4
40 14 29 48 34 58 17 49 25 48 18 36 38 50 14 51
14 57 7 43 49 38 8 30 9 20 28 53 49 8 49 37
53 38 27 13 43 20 57 49 58 52 29 30 43 19 8 41
