0 0 0 0 0 0 0 0 0 0 0 0 0 0 0 0
0 0 0 0 0 0 0 0 0 0 0 0 0 0 0 0
0 0 0 0 0 0 0 0 0 0 0 0 0 0 0 0
0 0 0 0 0 0 0 0 0 0 0 0 0 0 0 0
0 0 0 0 0 0 0 0 0 0 0 0 0 0 0 0
0 0 0 0 0 0 0 0 0 0 0 0 0 0 0 0
0 0 0 0 0 0 0 0 0 0 0 0 0 0 0 0
0 0 0 0 0 0 0 0 0 0 0 0 0 0 0 0
0 0 0 0 0 0 0 0 0 0 0 0 0 0 0 0
0 0 0 0 0 0 0 0 0 0 0 0 0 0 0 0
0 0 0 0 0 0 0 0 0 0 0 0 0 0 0 0
0 0 0 0 0 0 0 0 0 0 0 0 0 0 0 0
0 0 0 0 0 0 0 0 0 0 0 0 0 0 0 0
0 0 0 0 0 0 0 0 0 0 0 0 0 0 0 0
0 0 0 0 0 0 0 0 0 0 0 0 0 0 0 0
0 0 0 0 0 0 0 0 0 0 0 0 0 0 0 0
26 4 48 43 53 11 50 34 31 47 48 24 8 30 58 51
55 20 46 42 10 5 12 57 57 16 43 57 18 4 57 54
35 6 24 9 39 55 22 58 43 52 12 38 41 32 47 5
49 20 48 49 46 56 26 53 17 47 49 49 3 46 47 26
46 37 43 46 26 40 29 40 31 34 3 9 27 56 13 24
19 28 6 56 19 21 8 15 9 26 39 48 7 46 46 4
3 19 46 52 38 30 46 40 20 58 33 19 39 44 10 28
42 43 7 5 49 31 38 48 45 58 27 8 20 38 43 11
9 3 23 3 47 32 55 16 40 24 47 8 48 50 40 49
27 47 18 26 32 55 46 42 45 26 44 55 17 3 50 52
31 10 27 18 23 4 5 36 44 36 58 41 29 8 34 27
29 15 4 26 26 20 9 39 26 11 5 19 57 46 31 28
11 16 41 54 9 28 58 16 32 11 55 49 33 6 55 48
13 21 27 45 18 7 47 44 8 56 40 25 57 14 51 15
47 31 30 22 31 48 4 14 20 58 40 34 53 24 30 33
19 6 24 45 42 29 51 14 16 52 16 20 12 29 25 22
