0 0 0 0 0 0 0 0 0 0 0 0 0 0 0 0
0 0 0 0 0 0 0 0 0 0 0 0 0 0 0 0
0 0 0 0 0 0 0 0 0 0 0 0 0 0 0 0
0 0 0 0 0 0 0 0 0 0 0 0 0 0 0 0
0 0 0 0 0 0 0 0 0 0 0 0 0 0 0 0
0 0 0 0 0 0 0 0 0 0 0 0 0 0 0 0
0 0 0 0 0 0 0 0 0 0 0 0 0 0 0 0
0 0 0 0 0 0 0 0 0 0 0 0 0 0 0 0
0 0 0 0 0 0 0 0 0 0 0 0 0 0 0 0
0 0 0 0 0 0 0 0 0 0 0 0 0 0 0 0
0 0 0 0 0 0 0 0 0 0 0 0 0 0 0 0
0 0 0 0 0 0 0 0 0 0 0 0 0 0 0 0
0 0 0 0 0 0 0 0 0 0 0 0 0 0 0 0
0 0 0 0 0 0 0 0 0 0 0 0 0 0 0 0
0 0 0 0 0 0 0 0 0 0 0 0 0 0 0 0
0 0 0 0 0 0 0 0 0 0 0 0 0 0 0 0
19 19 45 47 22 12 37 49 21 6 17 35 6 58 16 58
25 3 37 5 58 58 5 11 25 18 43 35 39 15 3 3
29 51 22 33 29 13 24 38 37 17 11 39 49 45 44 4
29 19 55 32 45 53 55 45 27 32 36 33 16 32 35 8
40 13 32 56 13 24 33 28 43 6 42 20 58 11 27 19
53 24 35 9 13 28 11 4 27 9 30 39 50 23 7 19
51 17 18 19 21 3 56 10 40 54 12 34 20 19 19 22
41 39 11 54 41 38 3 39 13 26 31 30 41 13 5 15
11 48 46 52 33 20 38 39 36 45 16 47 46 5 30 20
14 43 10 9 35 43 35 7 24 54 57 50 36 41 11 6
37 24 45 54 58 50 52 4 33 57 10 55 14 22 46 37
37 55 31 42 52 21 17 45 51 40 20 23 30 56 48 13
57 5 11 17 49 47 51 33 8 41 32 50 6 54 6 17
10 49 4 15 23 14 36 57 16 5 14 28 30 4 11 55
16 4 57 25 9 38 31 38 17 48 26 37 13 7 19 43
44 57 33 56 26 3 45 28 42 43 4 4 8 23 23 51
