0 0 0 0 0 0 0 0 0 0 0 0 0 0 0 0
0 0 0 0 0 0 0 0 0 0 0 0 0 0 0 0
0 0 0 0 0 0 0 0 0 0 0 0 0 0 0 0
0 0 0 0 0 0 0 0 0 0 0 0 0 0 0 0
0 0 0 0 0 0 0 0 0 0 0 0 0 0 0 0
0 0 0 0 0 0 0 0 0 0 0 0 0 0 0 0
0 0 0 0 0 0 0 0 0 0 0 0 0 0 0 0
0 0 0 0 0 0 0 0 0 0 0 0 0 0 0 0
0 0 0 0 0 0 0 0 0 0 0 0 0 0 0 0
0 0 0 0 0 0 0 0 0 0 0 0 0 0 0 0
0 0 0 0 0 0 0 0 0 0 0 0 0 0 0 0
0 0 0 0 0 0 0 0 0 0 0 0 0 0 0 0
0 0 0 0 0 0 0 0 0 0 0 0 0 0 0 0
0 0 0 0 0 0 0 0 0 0 0 0 0 0 0 0
0 0 0 0 0 0 0 0 0 0 0 0 0 0 0 0
0 0 0 0 0 0 0 0 0 0 0 0 0 0 0 0
11 22 17 45 42 40 30 29 5 15 54 45 20 5 49 22
11 25 48 7 29 17 7 54 43 49 4 24 43 14 55 12
48 53 18 6 22 25 36 43 31 5 23 50 36 58 41 24
9 3 40 14 32 24 29 34 43 12 41 10 13 31 14 29
30 28 6 44 40 38 39 33 13 17 49 14 8 43 5 23
47 14 34 35 51 7 56 7 56 44 35 28 21 7 16 17
13 13 15 20 57 6 3 12 32 50 28 27 25 48 48 35
36 13 15 47 55 33 40 39 58 13 37 27 48 8 41 42
53 50 23 50 50 37 31 5 20 18 39 21 29 57 21 57
9 55 29 35 19 37 52 36 45 33 4 34 52 17 32 55
25 40 49 13 53 20 40 32 54 27 50 46 29 27 23 30
53 58 44 57 25 43 35 55 29 55 16 36 22 54 42 50
51 24 3 39 28 54 4 5 3 25 28 30 36 58 58 26
18 44 25 12 6 57 48 50 26 49 46 28 44 47 55 6
10 5 28 10 30 33 51 23 27 7 54 58 46 32 10 33
44 10 53 23 13 44 40 33 49 53 37 7 33 8 58 5
