0 0 0 0 0 0 0 0 0 0 0 0 0 0 0 0
0 0 0 0 0 0 0 0 0 0 0 0 0 0 0 0
0 0 0 0 0 0 0 0 0 0 0 0 0 0 0 0
0 0 0 0 0 0 0 0 0 0 0 0 0 0 0 0
0 0 0 0 0 0 0 0 0 0 0 0 0 0 0 0
0 0 0 0 0 0 0 0 0 0 0 0 0 0 0 0
0 0 0 0 0 0 0 0 0 0 0 0 0 0 0 0
0 0 0 0 0 0 0 0 0 0 0 0 0 0 0 0
0 0 0 0 0 0 0 0 0 0 0 0 0 0 0 0
0 0 0 0 0 0 0 0 0 0 0 0 0 0 0 0
0 0 0 0 0 0 0 0 0 0 0 0 0 0 0 0
0 0 0 0 0 0 0 0 0 0 0 0 0 0 0 0
0 0 0 0 0 0 0 0 0 0 0 0 0 0 0 0
0 0 0 0 0 0 0 0 0 0 0 0 0 0 0 0
0 0 0 0 0 0 0 0 0 0 0 0 0 0 0 0
0 0 0 0 0 0 0 0 0 0 0 0 0 0 0 0
42 7 33 47 52 21 8 40 53 29 26 42 27 54 58 49
28 41 55 55 41 30 45 10 48 48 9 45 34 37 45 23
17 43 36 27 7 25 40 23 35 19 25 43 3 45 39 25
52 17 17 19 46 45 5 46 21 11 12 17 25 56 6 50
27 13 23 35 20 19 19 30 13 21 36 32 4 14 38 19
51 26 10 55 19 56 31 53 19 48 56 6 13 58 11 48
54 55 55 11 21 11 50 15 28 54 52 47 26 54 7 32
54 27 46 21 25 58 28 35 4 49 25 35 50 57 3 9
46 31 9 28 38 30 49 6 7 12 27 12 52 47 8 48
41 35 30 43 23 46 37 42 27 55 9 19 28 23 41 55
56 34 48 38 31 14 15 9 11 38 55 44 29 43 52 44
17 49 44 46 8 7 17 57 56 34 11 28 51 36 34 5
44 11 3 37 42 57 49 41 55 52 49 16 34 16 15 30
18 8 54 30 8 44 41 10 50 19 54 51 57 30 7 41
38 22 55 7 39 50 56 41 54 57 5 29 28 39 28 37
36 18 20 49 45 45 56 44 55 50 54 54 20 34 50 31
