0 0 0 0 0 0 0 0 0 0 0 0 0 0 0 0
0 0 0 0 0 0 0 0 0 0 0 0 0 0 0 0
0 0 0 0 0 0 0 0 0 0 0 0 0 0 0 0
0 0 0 0 0 0 0 0 0 0 0 0 0 0 0 0
0 0 0 0 0 0 0 0 0 0 0 0 0 0 0 0
0 0 0 0 0 0 0 0 0 0 0 0 0 0 0 0
0 0 0 0 0 0 0 0 0 0 0 0 0 0 0 0
0 0 0 0 0 0 0 0 0 0 0 0 0 0 0 0
0 0 0 0 0 0 0 0 0 0 0 0 0 0 0 0
0 0 0 0 0 0 0 0 0 0 0 0 0 0 0 0
0 0 0 0 0 0 0 0 0 0 0 0 0 0 0 0
0 0 0 0 0 0 0 0 0 0 0 0 0 0 0 0
0 0 0 0 0 0 0 0 0 0 0 0 0 0 0 0
0 0 0 0 0 0 0 0 0 0 0 0 0 0 0 0
0 0 0 0 0 0 0 0 0 0 0 0 0 0 0 0
0 0 0 0 0 0 0 0 0 0 0 0 0 0 0 0
47 31 24 10 44 44 44 9 5 43 48 5 25 21 54 19
17 44 17 47 4 40 53 20 28 35 57 28 32 14 52 57
42 11 29 23 14 56 27 14 56 49 20 45 19 14 22 12
32 14 24 48 32 46 58 15 15 10 36 55 39 20 10 3
19 31 34 50 27 44 50 47 18 39 3 12 43 22 12 50
27 55 9 28 12 41 21 21 10 15 9 46 19 29 46 47
47 11 30 4 27 17 33 10 26 15 28 22 43 53 28 49
40 15 41 49 34 24 56 27 10 38 25 45 34 36 52 38
46 38 50 32 36 21 56 29 17 51 41 20 17 27 18 41
13 47 46 45 18 54 27 53 54 40 52 45 25 50 51 57
24 55 53 6 14 44 55 40 9 53 4 49 13 32 34 24
4 3 19 29 39 7 48 3 48 31 5 17 12 24 29 27
37 39 3 58 20 44 19 55 40 47 50 51 46 4 57 38
15 52 46 9 20 11 12 48 45 11 56 4 25 15 29 57
53 12 45 25 33 8 33 44 14 19 34 46 6 6 31 40
4 57 45 46 29 22 31 58 19 8 45 37 10 52 27 58
