0 0 0 0 0 0 0 0 0 0 0 0 0 0 0 0
0 0 0 0 0 0 0 0 0 0 0 0 0 0 0 0
0 0 0 0 0 0 0 0 0 0 0 0 0 0 0 0
0 0 0 0 0 0 0 0 0 0 0 0 0 0 0 0
0 0 0 0 0 0 0 0 0 0 0 0 0 0 0 0
0 0 0 0 0 0 0 0 0 0 0 0 0 0 0 0
0 0 0 0 0 0 0 0 0 0 0 0 0 0 0 0
0 0 0 0 0 0 0 0 0 0 0 0 0 0 0 0
0 0 0 0 0 0 0 0 0 0 0 0 0 0 0 0
0 0 0 0 0 0 0 0 0 0 0 0 0 0 0 0
0 0 0 0 0 0 0 0 0 0 0 0 0 0 0 0
0 0 0 0 0 0 0 0 0 0 0 0 0 0 0 0
0 0 0 0 0 0 0 0 0 0 0 0 0 0 0 0
0 0 0 0 0 0 0 0 0 0 0 0 0 0 0 0
0 0 0 0 0 0 0 0 0 0 0 0 0 0 0 0
0 0 0 0 0 0 0 0 0 0 0 0 0 0 0 0
50 44 44 5 13 46 16 24 35 17 7 39 31 40 47 3
58 13 41 26 24 40 7 6 50 53 5 46 4 28 53 38
43 11 13 30 9 22 50 37 16 40 30 44 49 5 8 54
47 9 51 34 14 24 24 36 15 57 58 14 8 15 36 38
18 24 11 39 5 17 21 14 39 3 20 28 29 22 4 19
28 19 18 37 46 44 11 7 12 23 15 19 10 54 45 24
42 14 36 13 35 3 11 43 20 39 32 40 32 44 37 5
26 35 33 20 53 18 4 13 41 29 49 42 21 3 19 18
30 14 43 52 26 50 53 40 33 26 8 3 28 31 23 20
47 56 6 18 56 38 22 55 21 23 42 30 46 21 42 32
36 39 50 50 19 25 50 6 15 30 26 35 20 43 32 12
29 13 43 27 39 54 19 32 14 11 57 47 47 40 26 37
21 4 10 25 53 58 34 13 5 54 18 25 50 29 9 36
44 32 50 27 54 44 43 35 24 48 42 50 37 36 51 13
20 33 21 51 37 43 38 41 43 31 23 55 11 45 21 44
14 3 25 42 53 35 57 17 46 35 5 56 20 20 5 53
