0 0 0 0 0 0 0 0 0 0 0 0 0 0 0 0
0 0 0 0 0 0 0 0 0 0 0 0 0 0 0 0
0 0 0 0 0 0 0 0 0 0 0 0 0 0 0 0
0 0 0 0 0 0 0 0 0 0 0 0 0 0 0 0
0 0 0 0 0 0 0 0 0 0 0 0 0 0 0 0
0 0 0 0 0 0 0 0 0 0 0 0 0 0 0 0
0 0 0 0 0 0 0 0 0 0 0 0 0 0 0 0
0 0 0 0 0 0 0 0 0 0 0 0 0 0 0 0
0 0 0 0 0 0 0 0 0 0 0 0 0 0 0 0
0 0 0 0 0 0 0 0 0 0 0 0 0 0 0 0
0 0 0 0 0 0 0 0 0 0 0 0 0 0 0 0
0 0 0 0 0 0 0 0 0 0 0 0 0 0 0 0
0 0 0 0 0 0 0 0 0 0 0 0 0 0 0 0
0 0 0 0 0 0 0 0 0 0 0 0 0 0 0 0
0 0 0 0 0 0 0 0 0 0 0 0 0 0 0 0
0 0 0 0 0 0 0 0 0 0 0 0 0 0 0 0
5 44 22 33 15 15 27 37 49 27 44 57 57 38 43 3
35 43 38 41 8 5 4 32 53 9 37 3 22 7 43 55
11 32 45 54 58 58 23 21 55 29 18 5 10 33 54 22
44 30 10 48 52 18 10 14 22 16 9 34 17 57 51 47
22 19 32 15 12 45 24 12 4 51 4 8 10 3 10 27
34 10 11 19 36 10 23 42 57 32 3 55 35 54 55 32
18 36 11 26 7 27 9 3 6 46 3 30 37 34 10 57
58 3 39 33 32 49 49 46 54 8 58 38 20 3 5 3
18 56 52 20 13 19 41 53 17 21 50 9 37 10 34 31
31 5 33 10 46 34 49 11 46 21 3 49 5 15 49 46
6 30 56 34 16 16 5 22 11 9 36 57 55 57 31 15
6 36 30 58 24 12 9 18 42 27 40 40 5 3 19 54
40 30 35 27 37 6 56 22 21 17 46 43 25 54 4 10
16 4 40 26 21 18 5 17 19 50 58 56 53 27 34 24
54 43 4 56 30 14 6 34 31 54 41 32 24 45 22 16
35 12 24 5 17 45 51 47 54 15 22 4 12 39 43 29
