7 3 7 7 6 2 3 4 0 7 6 2 3 7 4 2
2 0 7 4 1 6 7 4 3 7 0 1 1 4 0 4
1 4 1 4 2 3 3 2 2 7 2 7 6 2 3 0
3 7 4 4 0 2 6 0 1 5 6 6 0 3 0 6
5 2 3 5 0 2 7 1 3 5 4 0 6 3 7 0
0 1 6 3 1 7 2 5 3 6 6 4 4 1 2 2
3 0 6 4 3 5 4 1 0 7 5 6 1 3 6 5
2 6 7 0 4 6 5 2 0 1 2 4 6 6 5 5
3 1 0 3 6 2 3 5 5 5 3 5 0 0 3 3
0 7 2 6 1 1 4 3 5 1 3 4 4 1 3 6
6 0 2 3 4 2 0 7 0 3 1 0 7 2 6 2
2 4 2 1 5 1 2 3 1 0 4 5 5 3 2 1
1 2 3 2 7 5 3 3 0 2 1 1 7 6 6 5
2 5 1 6 1 1 4 6 5 7 1 0 0 5 7 3
2 3 2 2 4 2 2 1 4 3 6 2 6 5 0 6
6 0 7 2 3 7 1 3 2 7 7 2 4 3 4 2
59 26 60 59 53 19 27 36 2 59 54 21 28 58 37 21
22 6 61 34 11 52 60 39 31 59 3 11 13 35 3 34
12 37 12 34 21 27 28 22 18 62 21 60 51 19 26 5
30 61 35 36 7 22 53 5 13 46 51 54 3 26 5 53
46 23 30 46 4 20 61 11 31 47 37 6 55 30 60 4
3 12 53 30 14 60 23 44 27 53 54 38 39 13 23 21
26 3 50 37 26 43 38 13 2 63 43 50 13 28 54 46
23 54 62 3 36 54 44 21 7 10 20 36 50 54 43 47
29 13 6 26 50 22 28 45 44 44 30 42 6 3 26 30
5 58 18 53 14 12 34 27 42 10 31 36 34 12 29 50
54 7 18 27 38 22 6 61 6 28 12 6 60 19 53 22
21 39 19 13 43 13 18 27 13 4 36 45 43 30 21 14
10 20 26 19 63 45 29 27 7 18 11 11 62 51 53 42
23 43 10 53 15 12 35 54 43 58 11 3 7 47 61 31
22 26 22 20 39 23 23 14 37 29 51 20 54 46 3 55
53 7 60 23 29 63 15 30 18 62 59 18 38 31 37 19
