0 0 0 0 0 0 0 0 0 0 0 0 0 0 0 0
0 0 0 0 0 0 0 0 0 0 0 0 0 0 0 0
0 0 0 0 0 0 0 0 0 0 0 0 0 0 0 0
0 0 0 0 0 0 0 0 0 0 0 0 0 0 0 0
0 0 0 0 0 0 0 0 0 0 0 0 0 0 0 0
0 0 0 0 0 0 0 0 0 0 0 0 0 0 0 0
0 0 0 0 0 0 0 0 0 0 0 0 0 0 0 0
0 0 0 0 0 0 0 0 0 0 0 0 0 0 0 0
0 0 0 0 0 0 0 0 0 0 0 0 0 0 0 0
0 0 0 0 0 0 0 0 0 0 0 0 0 0 0 0
0 0 0 0 0 0 0 0 0 0 0 0 0 0 0 0
0 0 0 0 0 0 0 0 0 0 0 0 0 0 0 0
0 0 0 0 0 0 0 0 0 0 0 0 0 0 0 0
0 0 0 0 0 0 0 0 0 0 0 0 0 0 0 0
0 0 0 0 0 0 0 0 0 0 0 0 0 0 0 0
0 0 0 0 0 0 0 0 0 0 0 0 0 0 0 0
53 27 54 52 6 7 50 39 21 24 27 42 41 43 44 37
30 8 36 35 30 9 26 3 30 44 29 13 47 33 42 8
11 56 5 6 51 34 22 17 11 3 50 34 44 31 27 18
9 13 36 14 43 53 7 57 31 31 27 42 53 58 46 23
13 49 28 53 22 34 8 57 53 46 53 33 20 16 4 21
4 11 16 10 51 9 5 23 16 10 50 26 52 12 29 23
57 15 33 46 3 5 7 14 23 39 58 52 36 44 19 18
31 47 17 11 58 43 4 4 5 3 50 39 16 27 35 20
34 45 25 49 25 14 10 42 14 18 6 51 6 39 33 4
52 27 10 45 41 47 51 28 14 8 52 21 38 37 37 41
54 10 41 11 58 31 41 6 12 12 37 21 55 9 46 3
46 14 21 6 40 15 38 46 48 51 16 35 51 49 24 57
39 47 12 37 25 7 32 44 55 55 15 49 3 43 34 28
6 57 21 18 52 5 43 23 3 9 32 23 9 39 30 14
56 22 22 17 7 18 52 19 55 58 21 6 41 37 32 51
44 48 38 3 22 12 20 39 5 11 58 58 15 42 13 35
