5 2 6 0 1 4 6 4 0 7 0 3 3 2 0 2
5 5 7 2 2 2 6 2 3 1 1 6 7 3 2 7
2 7 5 5 7 4 0 7 7 7 7 4 1 1 1 0
7 0 5 0 6 7 2 2 7 5 6 6 6 4 6 6
7 3 3 3 2 6 2 1 1 1 6 6 0 6 2 1
1 0 0 1 2 1 7 3 2 3 2 2 6 7 7 1
3 0 4 4 4 3 1 3 5 5 5 5 6 5 6 1
3 0 1 7 7 3 1 3 1 5 7 6 6 3 6 6
3 7 3 1 3 6 7 4 1 7 1 1 6 1 7 7
0 1 6 4 0 1 7 7 5 5 0 0 2 4 5 1
1 4 4 1 3 4 5 5 0 3 5 0 0 0 4 0
0 0 0 0 5 0 0 0 4 4 0 0 0 6 5 5
7 7 7 7 4 2 2 2 2 4 4 2 1 1 1 4
4 6 4 6 3 3 7 1 1 5 1 5 5 4 3 4
3 3 3 4 4 3 5 5 5 3 2 3 7 6 6 3
2 3 3 3 0 0 4 0 2 2 7 6 2 4 6 3
91 44 92 42 87 33 79 64 3 80 81 63 63 44 68 44
8 78 67 75 88 75 53 88 45 4 4 53 93 6 5 67
75 54 8 65 54 77 81 54 54 54 41 33 30 30 69 42
41 42 21 29 27 67 75 75 41 65 66 66 66 64 53 66
28 63 63 63 31 79 31 4 43 43 40 40 81 79 31 4
4 42 81 17 31 69 15 32 44 32 44 31 40 15 15 30
32 42 64 64 64 6 69 32 78 78 78 78 79 21 79 17
76 81 17 93 93 45 56 45 56 8 93 27 27 45 27 27
45 28 89 56 32 92 41 20 30 28 43 43 40 43 28 28
3 56 40 7 29 30 15 15 52 52 68 68 57 90 52 69
69 33 33 87 89 33 52 52 16 89 91 55 16 55 90 16
55 68 16 55 91 68 55 16 77 77 29 29 29 66 91 91
80 80 80 80 77 18 18 18 18 51 51 18 87 87 87 51
51 53 51 53 89 89 67 17 56 21 17 21 21 20 19 20
19 19 19 20 20 19 65 65 65 6 5 6 67 92 92 76
57 76 76 76 3 3 7 3 57 57 41 92 57 90 9 6
