5 2 6 0 1 4 6 4 0 7 0 3 3 2 0 2
5 5 6 7 2 5 6 3 7 2 5 7 7 5 5 4
4 2 1 5 0 7 1 7 7 0 4 5 6 1 2 1
0 2 5 5 6 7 6 4 3 3 0 1 3 3 2 2
2 2 2 6 0 0 0 6 5 0 7 4 7 0 5 5
2 1 5 2 7 2 1 1 5 5 3 3 6 6 0 0
7 7 7 6 6 0 7 0 6 0 0 7 5 5 5 5
2 3 2 0 0 3 2 3 3 5 1 4 6 3 2 7
6 6 7 5 2 6 6 1 1 1 4 3 3 3 7 7
0 7 6 3 6 6 6 2 3 2 2 1 5 3 5 6
3 3 3 1 3 3 3 1 1 1 4 1 4 0 3 4
4 5 5 5 4 4 4 7 7 5 4 1 1 1 0 4
1 0 4 1 1 4 1 6 4 4 3 0 4 1 4 7
1 4 1 7 0 3 7 3 0 1 4 1 5 3 3 3
1 7 7 6 6 6 5 7 7 4 7 7 7 5 7 0
6 0 5 5 5 1 2 2 1 1 2 3 3 4 6 4
91 44 92 42 87 33 79 64 3 80 81 63 63 44 68 75
8 78 53 67 75 91 53 19 28 5 65 54 54 8 65 77
77 88 4 39 16 15 17 28 54 16 64 65 66 56 5 56
3 5 65 65 66 67 79 77 32 32 29 17 32 32 31 31
31 31 31 27 16 16 16 27 8 29 54 64 54 68 52 52
75 17 52 75 67 75 17 17 52 52 76 76 40 40 81 42
41 41 41 79 79 81 41 81 79 81 42 41 78 78 78 78
57 45 57 42 42 45 57 45 89 8 30 51 40 45 57 15
40 40 15 21 44 92 53 56 56 56 7 19 19 19 28 28
3 28 27 19 53 27 27 44 45 44 57 30 21 63 21 53
63 63 89 87 89 89 89 69 43 43 64 69 33 68 32 20
33 91 91 91 33 33 77 15 15 8 64 30 30 30 29 90
4 68 20 4 4 90 4 92 20 20 76 68 90 69 90 93
69 90 69 93 29 6 93 6 29 43 77 43 21 6 6 6
43 67 93 66 66 66 21 67 93 20 80 80 80 39 80 3
92 3 39 39 39 87 5 5 87 87 88 76 76 51 92 51
