5 2 6 0 1 4 6 4 0 7 0 3 3 2 0 2
5 5 6 7 2 5 5 2 7 2 1 1 1 1 1 2
3 7 7 2 7 7 7 1 1 7 7 4 4 2 2 2
2 4 4 4 1 0 5 4 7 4 7 5 5 4 6 6
7 6 3 7 4 6 6 4 6 0 6 6 2 2 5 0
0 0 0 1 1 0 4 0 2 0 0 2 0 2 3 7
7 7 7 4 7 3 1 4 2 3 4 3 3 4 4 2
4 6 1 3 1 1 6 6 1 1 1 1 7 3 6 2
5 2 2 6 6 6 7 6 5 3 3 6 3 5 0 3
5 0 5 5 7 7 5 4 4 4 4 0 5 1 5 6
5 6 4 5 7 0 0 2 0 3 3 0 4 3 7 3
3 7 7 5 4 4 5 0 5 5 0 5 2 7 7 4
4 2 2 2 0 4 4 5 5 6 6 6 6 7 5 3
4 5 3 0 0 7 7 7 7 7 1 1 1 3 1 3
5 5 1 0 2 2 2 3 3 3 5 5 1 0 0 3
6 0 0 3 3 3 3 1 0 6 1 1 0 4 6 6
91 44 92 42 87 33 79 64 3 80 81 63 63 44 68 44
8 78 53 67 75 91 91 88 28 88 4 4 4 4 4 5
19 54 41 31 54 54 54 43 69 41 41 20 20 75 75 75
75 33 20 20 17 16 21 64 93 64 93 65 65 64 66 66
28 66 76 80 64 53 79 90 79 42 79 79 44 88 21 16
16 16 16 17 17 29 33 29 31 29 29 31 29 31 89 93
67 67 67 90 67 32 69 51 44 45 51 45 63 51 51 18
51 53 17 63 56 43 53 53 56 43 43 43 54 45 27 57
21 57 31 40 40 40 41 40 52 76 76 40 76 52 81 63
39 81 52 52 80 80 52 77 77 77 77 3 8 87 8 92
91 66 77 65 80 68 3 88 81 89 76 81 7 45 28 89
89 93 93 91 33 33 39 3 8 8 3 39 5 28 28 90
90 5 5 5 42 90 7 78 78 27 27 27 27 41 78 89
20 78 19 42 42 15 15 15 15 15 30 30 30 32 30 45
39 39 30 55 57 57 57 32 32 32 21 21 17 68 55 6
66 68 55 6 6 6 6 69 55 9 69 69 55 7 92 92
