5 2 6 0 1 4 6 4 0 7 7 2 4 1 7 3
6 5 7 2 6 4 5 4 7 2 4 0 7 7 0 1
1 6 1 2 2 2 1 5 3 1 7 7 7 2 1 5
0 5 2 4 4 4 6 3 3 3 2 2 2 2 6 6
7 1 6 6 1 7 2 7 5 1 3 4 4 5 4 7
0 4 3 7 2 2 2 1 6 6 4 2 2 2 2 7
7 7 3 4 7 5 0 7 7 7 2 3 3 5 0 6
3 0 2 7 0 7 7 0 0 5 0 6 6 6 4 4
1 4 3 4 5 3 6 3 5 4 3 7 7 3 3 7
7 4 6 7 0 2 2 1 2 2 3 4 4 1 4 7
1 4 1 6 3 7 1 0 5 3 5 6 5 3 5 4
2 7 3 6 2 7 7 6 6 5 6 4 3 4 6 6
0 1 3 1 1 2 2 1 5 1 5 2 0 1 0 6
6 0 0 4 0 0 6 0 3 0 0 1 2 2 0 1
1 1 1 1 3 3 1 5 5 1 1 2 1 3 5 5
6 5 6 6 6 5 0 0 0 0 5 0 0 4 3 3
91 44 92 42 87 33 79 64 3 80 80 5 7 17 28 32
66 91 28 75 53 90 65 90 28 88 64 81 54 54 68 4
4 92 4 88 31 18 69 65 76 43 41 67 67 75 69 8
68 91 88 20 77 77 92 6 19 19 31 75 75 75 53 66
67 43 40 40 17 15 57 15 8 4 19 7 7 78 7 28
29 77 19 15 88 18 88 4 92 92 33 18 5 5 5 41
41 41 63 90 80 78 29 41 15 15 44 6 6 39 3 27
32 42 31 54 42 54 54 42 16 8 16 40 9 9 33 33
56 33 19 90 91 89 27 32 91 90 32 93 93 89 32 93
93 64 9 93 29 18 18 87 31 31 89 51 51 87 51 67
87 51 87 9 89 67 17 29 39 89 39 9 39 45 39 7
5 28 63 53 57 80 80 53 53 8 27 51 45 64 27 27
29 69 6 69 17 44 44 43 21 17 21 44 16 69 68 40
40 68 55 20 55 81 79 55 45 55 55 56 57 57 42 30
30 30 30 30 45 45 43 78 78 56 56 57 56 76 21 52
66 21 79 79 79 78 81 3 3 3 21 81 81 64 76 63
