5 2 6 0 1 4 6 4 0 7 0 3 3 2 0 2
5 5 6 7 2 6 5 5 7 5 5 5 4 5 1 7
6 0 4 3 3 7 4 6 3 4 4 3 0 7 6 6
6 4 2 4 2 4 6 1 1 6 4 4 1 2 2 4
7 5 6 7 7 0 7 7 5 7 2 2 2 2 2 2
2 6 4 1 0 4 2 6 6 0 7 2 3 5 3 6
1 1 1 4 5 5 4 4 1 5 4 5 3 5 1 1
1 0 0 1 4 1 1 7 1 1 1 1 4 3 7 0
0 4 3 5 5 3 5 4 5 5 5 7 7 6 2 4
7 2 4 0 0 6 6 4 6 4 1 7 7 3 7 4
5 5 5 5 1 7 7 7 6 3 3 7 6 0 7 6
0 0 0 2 5 3 3 7 7 2 5 1 3 3 7 3
1 5 7 1 5 1 1 1 6 1 1 6 3 3 2 2
2 2 4 4 6 1 6 3 2 3 3 3 0 0 0 0
0 0 0 2 0 2 0 0 0 2 2 3 3 3 0 3
6 3 6 7 6 2 6 2 0 3 3 3 4 7 1 0
91 44 92 42 87 33 79 64 3 80 81 63 63 44 68 44
8 78 53 67 75 53 65 8 28 65 65 65 77 39 17 28
27 42 33 45 45 28 77 79 32 90 90 32 29 93 66 66
66 51 88 51 88 51 92 4 4 53 64 20 17 5 5 7
15 21 40 41 41 29 41 41 8 41 31 31 31 75 75 75
75 79 33 43 29 33 31 79 79 16 93 31 63 8 45 40
17 17 17 51 52 8 64 64 43 39 51 21 63 52 30 56
56 68 68 87 77 69 87 67 69 69 87 69 33 45 15 68
68 77 45 78 39 89 78 20 52 78 78 80 80 27 44 77
15 44 20 29 29 27 27 90 27 90 43 80 80 32 54 90
91 91 91 91 87 67 67 67 9 19 19 54 9 16 54 9
16 16 16 18 21 89 89 15 15 18 21 56 32 32 54 19
56 21 54 56 52 30 30 43 66 30 43 66 76 76 18 18
18 5 20 20 40 30 92 19 5 76 76 76 81 81 42 81
81 42 3 57 42 57 3 3 3 57 5 6 6 6 55 6
92 6 40 93 92 57 40 57 55 63 89 89 64 28 69 55
