5 2 6 0 1 4 6 4 0 7 0 3 3 2 0 2
5 5 6 7 5 7 2 2 3 1 1 3 2 1 7 5
7 6 7 7 6 5 5 5 5 3 1 1 6 5 3 3
0 6 0 0 5 7 0 6 0 0 1 0 7 0 2 5
1 1 1 1 2 0 4 3 5 3 3 6 7 7 7 7
6 6 5 4 6 2 0 0 0 2 7 7 4 0 7 4
2 4 3 4 5 4 1 1 2 1 4 3 7 3 4 7
4 6 1 4 4 1 1 6 6 6 6 0 3 3 5 5
4 4 3 3 3 0 6 6 6 5 1 0 6 1 5 4
0 3 6 3 5 2 2 2 3 2 2 2 2 3 5 4
4 1 4 0 3 7 0 6 7 5 5 0 0 0 0 0
0 0 1 1 1 5 5 1 7 7 1 7 3 1 4 4
1 6 6 6 7 7 1 4 3 4 7 2 2 2 4 5
5 4 0 6 0 3 7 0 0 0 5 1 4 3 6 3
1 2 1 1 2 2 2 2 2 2 4 2 3 3 3 7
7 7 4 7 4 4 4 2 3 4 3 3 4 4 6 6
91 44 92 42 87 33 79 64 3 80 81 63 63 44 68 75
8 78 53 54 91 28 88 88 45 4 4 19 31 30 28 65
54 66 54 54 27 65 65 65 65 63 43 43 79 91 63 63
29 79 29 29 39 93 81 53 68 68 69 29 28 81 31 52
87 87 87 87 88 29 33 32 8 32 32 40 41 41 41 41
40 40 39 64 40 75 16 16 16 5 41 15 33 16 54 51
5 33 6 33 52 77 69 69 57 69 20 32 28 32 20 28
20 66 17 20 20 69 30 27 27 27 27 16 89 89 91 91
77 77 89 89 89 68 66 66 66 78 43 68 79 43 78 77
3 76 79 76 78 57 57 57 45 75 57 75 75 45 21 64
64 30 77 3 6 15 3 40 80 52 78 3 81 81 42 42
42 42 30 30 56 52 52 17 67 67 17 67 45 17 51 51
56 53 53 53 15 15 17 90 45 51 15 44 44 44 51 39
39 90 55 9 55 6 93 55 55 55 39 56 90 6 9 6
43 31 56 56 18 18 31 18 18 31 90 18 19 19 19 80
80 80 7 93 7 7 7 5 76 7 76 76 64 90 9 9
