6 5 2 1 7 2 0 4 5 7 4 1 7 3 3 0
6 5 2 1 2 5 6 5 0 0 0 7 7 0 2 4
4 7 6 4 7 4 5 1 3 2 5 4 4 4 4 6
7 6 4 4 6 6 6 4 1 3 2 6 3 1 3 7
7 7 0 7 3 0 4 3 0 0 7 7 5 5 6 6
4 0 7 7 1 2 4 2 2 1 2 2 2 2 4 1
2 7 7 7 0 7 2 4 0 7 4 2 5 4 4 7
2 0 2 7 0 7 7 0 5 7 7 0 4 7 7 7
7 7 7 7 7 7 7 7 7 7 7 7 7 7 7 7
0 7 7 7 0 7 7 7 7 7 2 7 7 7 7 7
7 7 7 7 7 7 7 2 7 7 7 7 7 7 7 7
7 2 2 7 2 7 2 7 7 6 0 6 2 2 7 7
7 7 7 7 5 7 2 0 5 7 7 7 0 7 7 7
7 7 2 2 0 0 0 7 0 7 5 7 7 7 7 7
7 0 0 0 7 7 7 0 7 6 7 0 7 0 7 0
2 7 7 0 7 7 7 0 2 7 7 7 0 4 6 7
79 8 88 4 80 57 68 20 52 93 7 69 15 6 6 29
92 52 75 43 57 52 66 52 42 68 42 41 15 3 5 51
51 54 66 77 93 77 91 87 76 75 78 77 90 90 90 66
80 27 90 90 27 27 27 20 87 6 88 92 45 30 19 41
80 80 68 80 19 3 20 19 3 3 80 15 21 21 79 79
90 16 80 15 17 75 7 75 75 17 44 75 75 75 33 17
5 54 54 54 55 67 75 51 55 67 7 75 65 51 7 41
44 68 57 54 29 54 54 29 65 54 54 29 64 54 54 54
41 54 41 41 41 41 41 54 54 54 41 54 54 54 41 41
3 41 54 41 29 41 41 41 41 41 57 54 54 41 54 41
41 54 41 41 41 41 41 57 41 54 41 54 41 54 41 54
41 57 57 41 57 54 57 41 41 53 81 53 57 57 54 41
54 54 41 41 52 41 57 81 52 54 41 41 81 41 54 41
41 54 57 57 81 81 81 54 81 41 52 54 41 54 54 54
41 81 81 81 41 41 41 81 54 53 41 81 41 81 54 81
57 41 41 81 41 54 54 81 57 54 41 41 81 51 79 54
