6 5 2 1 7 2 0 4 5 7 4 1 7 3 3 0
6 5 2 1 2 5 6 5 0 0 0 7 7 0 2 4
4 7 6 4 7 4 5 1 3 2 5 4 4 4 4 6
7 6 4 4 6 6 6 4 1 3 2 6 3 1 1 3
5 2 5 5 2 2 0 7 0 2 7 2 2 0 0 7
7 7 0 1 7 2 2 0 3 0 0 2 2 2 7 2
1 4 2 2 2 4 1 2 4 4 4 3 4 5 7 7
3 4 4 4 6 1 4 4 4 1 5 1 5 1 5 0
3 7 7 7 5 2 1 2 1 1 1 1 3 7 3 7
3 3 3 3 0 4 4 3 3 0 2 0 0 2 0 2
2 1 1 1 1 1 6 6 0 6 0 5 5 5 7 7
7 7 7 2 7 7 5 2 2 5 1 1 1 1 0 0
0 2 7 6 6 2 2 2 0 1 3 1 3 3 3 3
3 1 7 3 1 6 1 1 1 6 3 0 4 0 3 1
1 1 1 1 3 5 5 5 5 2 2 7 2 7 7 1
5 6 6 6 6 3 6 3 3 3 3 3 0 3 6 3
79 8 88 4 80 57 68 20 52 93 7 69 15 6 6 29
92 52 75 43 57 52 66 52 42 68 42 41 15 3 5 51
51 54 66 77 93 77 91 87 76 75 78 77 90 90 90 66
80 27 90 90 27 27 27 20 87 6 88 92 45 30 30 32
91 5 91 91 5 5 55 67 68 18 54 75 18 68 29 54
54 54 55 17 67 44 31 29 63 29 29 31 44 31 15 18
4 33 18 44 44 7 69 44 64 33 7 45 64 21 67 67
76 33 7 7 92 43 51 51 51 43 39 43 39 43 39 16
63 54 54 54 21 31 43 31 43 43 43 43 76 28 76 28
63 63 63 63 29 33 33 32 45 42 57 42 42 57 42 75
75 4 4 4 4 4 40 79 81 40 42 52 52 52 54 54
41 41 41 44 41 41 52 44 44 52 30 30 30 56 29 29
29 57 93 40 40 44 57 5 29 30 89 30 45 45 32 32
32 87 80 32 87 79 87 87 87 79 45 3 51 3 19 17
17 17 17 17 89 78 78 78 78 57 75 15 44 28 15 69
78 27 27 27 27 45 27 76 76 76 89 89 16 89 79 6
