0 1 2 3 4 5 6 0 1 1 1 2 3 3 4 4
5 6 5 6 0 0 0 2 2 2 3 3 7 0 0 0
3 5 5 1 1 2 2 2 2 2 0 5 5 6 2 1
1 4 3 2 1 5 7 6 6 4 1 1 3 7 1 0
3 3 3 7 0 0 2 5 0 1 0 7 4 1 1 1
2 2 3 5 7 2 4 6 2 3 2 2 2 2 4 4
6 3 1 4 5 6 2 3 2 3 7 7 5 0 0 0
0 0 7 7 7 7 0 4 0 0 0 6 7 0 5 7
7 1 5 4 6 7 3 5 5 6 5 0 0 5 5 3
4 0 4 4 3 3 7 4 7 4 1 4 6 3 4 5
1 1 2 1 6 1 3 6 7 2 7 6 7 5 4 4
4 2 2 2 1 5 5 7 7 7 1 1 3 4 2 1
7 3 4 2 2 4 2 1 5 6 6 1 7 4 5 3
0 6 6 6 4 5 0 0 6 0 6 5 5 6 6 3
1 2 5 5 5 3 3 5 5 1 1 1 1 6 0 6
3 7 6 3 3 1 2 5 4 4 3 4 4 2 0 7
3 4 5 6 7 8 9 3 4 4 4 5 6 6 7 7
8 9 8 9 3 3 3 5 5 5 6 6 15 16 16 16
19 8 8 17 17 18 88 88 88 88 16 39 78 9 88 30
17 33 19 57 30 21 28 53 9 33 30 30 32 28 30 29
32 19 19 41 29 29 31 52 55 87 55 67 33 69 69 69
18 18 19 21 67 18 51 27 18 32 44 75 75 31 51 51
92 45 4 90 52 92 57 45 57 45 28 28 78 81 81 81
29 29 41 41 41 41 68 33 68 68 68 92 28 16 39 93
93 43 39 77 27 15 63 91 91 79 65 81 81 65 65 63
77 68 33 77 32 63 15 77 15 7 43 7 79 63 77 39
43 43 44 87 79 69 63 79 80 44 54 79 54 21 90 90
64 75 75 75 56 52 52 15 93 93 87 87 45 64 44 87
93 45 20 57 57 90 44 43 21 53 27 69 80 20 21 76
42 53 53 53 90 65 42 42 40 42 40 78 78 92 92 32
17 31 91 91 91 89 89 78 39 56 56 56 56 66 55 66
89 67 40 89 89 17 31 52 64 64 76 51 51 31 55 54
