6 5 2 1 7 2 0 4 5 7 4 1 7 3 3 0
6 5 2 1 2 5 6 5 0 0 0 7 7 0 2 4
4 7 6 4 7 4 5 1 3 2 5 4 4 4 4 6
7 6 4 4 6 6 6 4 1 3 2 6 3 1 1 3
5 2 5 5 2 2 0 7 0 2 7 2 2 0 0 7
7 7 0 1 7 2 2 0 3 0 0 2 2 2 7 2
1 4 2 2 2 4 1 2 4 4 4 3 4 5 7 7
3 4 4 4 6 1 4 4 4 1 5 1 5 1 5 0
3 0 3 3 0 4 0 0 7 7 5 1 1 2 2 3
0 0 6 3 0 0 0 3 2 5 3 3 7 4 5 5
7 1 1 7 7 1 1 6 1 1 0 4 3 7 2 2
6 7 2 6 5 3 1 1 6 5 2 6 1 4 3 1
3 5 3 6 5 7 5 4 5 2 3 5 5 7 4 7
7 4 1 7 1 3 7 1 4 0 1 6 6 7 0 1
5 6 7 5 5 3 7 1 3 4 2 5 5 5 7 4
6 3 6 0 5 0 0 0 5 1 3 0 3 3 5 3
79 8 88 4 80 57 68 20 52 93 7 69 15 6 6 29
92 52 75 43 57 52 66 52 42 68 42 41 15 3 5 51
51 54 66 77 93 77 91 87 76 75 78 77 90 90 90 66
80 27 90 90 27 27 27 20 87 6 88 92 45 30 30 32
91 5 91 91 5 5 55 67 68 18 54 75 18 68 29 54
54 54 55 17 67 44 31 29 63 29 29 31 44 31 15 18
4 33 18 44 44 7 69 44 64 33 7 45 64 21 67 67
76 33 7 7 92 43 51 51 51 43 39 43 39 43 39 16
63 16 63 63 16 33 16 16 28 28 78 30 30 31 57 45
3 68 27 45 3 3 3 45 31 78 76 76 80 20 78 78
15 30 56 80 80 56 56 79 56 56 42 33 76 28 57 57
79 28 75 79 21 19 4 17 40 8 75 79 17 77 63 17
6 8 6 40 52 93 8 64 21 18 19 21 21 41 64 41
41 64 69 41 69 19 67 69 77 42 17 40 40 28 42 4
65 40 93 65 65 19 15 4 19 20 5 65 65 8 93 20
66 89 66 81 39 81 81 81 39 87 89 81 89 89 91 89
