6 5 2 1 7 4 7 2 0 4 1 7 4 3 6 0
3 6 0 2 5 5 2 5 0 7 0 0 3 6 6 2
3 6 0 0 0 6 1 0 0 2 0 2 4 2 2 7
7 2 6 3 7 3 5 5 5 5 5 5 4 4 3 3
4 3 3 1 1 1 3 1 1 0 3 3 3 3 3 0
2 3 5 2 7 4 4 6 6 4 2 0 1 1 7 2
0 2 0 7 7 7 7 0 7 2 2 2 2 2 0 0
3 5 1 2 0 1 1 4 0 5 1 1 0 1 5 6
5 7 7 7 7 7 7 7 5 7 6 7 6 6 6 7
6 2 5 6 6 2 6 6 2 5 1 6 2 1 5 2
1 0 2 0 2 2 6 0 2 2 0 2 2 1 0 1
2 2 2 2 2 1 1 1 6 4 2 1 2 2 1 5
5 5 4 6 6 5 4 5 5 4 3 4 0 3 5 4
6 6 3 0 6 1 6 6 6 0 0 5 0 7 3 7
3 1 3 3 5 3 3 3 3 4 1 3 3 3 3 1
3 3 3 3 3 1 4 3 1 3 3 3 3 7 3 3
79 8 88 4 93 7 80 57 68 20 69 15 7 6 27 68
6 92 29 75 52 52 57 52 68 80 16 16 19 66 66 88
19 66 3 3 16 27 17 3 3 5 3 5 7 5 5 67
67 75 92 6 67 63 21 65 65 65 65 65 77 77 63 63
77 32 63 87 87 87 89 87 87 29 32 32 32 89 89 16
75 32 21 75 67 33 33 79 79 33 5 42 69 69 15 57
16 57 42 54 54 54 54 42 54 31 31 31 31 31 42 29
6 78 17 75 29 17 30 33 42 52 30 17 68 17 52 53
52 54 54 54 54 41 41 54 52 41 40 41 40 40 40 41
40 31 52 53 53 31 53 53 31 52 43 53 44 17 52 75
43 42 44 42 75 44 79 42 75 44 42 44 75 17 42 17
57 31 57 31 57 43 17 17 79 51 75 43 57 57 43 65
78 21 51 79 79 78 7 21 78 51 19 7 16 19 78 7
79 27 19 16 27 30 27 27 27 16 16 78 16 28 19 28
45 69 63 63 21 63 63 63 45 51 69 45 45 45 19 69
89 89 89 89 89 69 51 76 69 76 76 76 76 28 32 32
