6 5 2 1 7 4 4 7 2 3 6 1 6 6 0 6
3 4 0 3 2 1 2 2 1 1 3 0 4 1 0 1
3 3 5 4 4 1 1 1 4 4 1 5 5 5 2 2
7 7 7 4 4 4 7 2 2 5 7 4 5 2 5 5
2 1 5 2 2 5 1 1 4 2 5 4 2 4 4 0
0 2 1 7 1 5 3 7 1 5 5 7 1 7 6 6
3 3 7 6 6 0 0 0 7 7 7 7 7 7 3 7
3 6 6 3 6 3 3 6 3 7 1 7 7 2 2 5
3 7 3 3 3 3 5 2 2 5 2 2 2 3 3 3
0 4 0 7 3 3 7 3 7 3 3 7 2 7 5 2
3 3 2 4 0 2 4 2 0 4 4 5 7 7 7 7
0 0 0 0 1 3 0 0 6 0 0 1 0 3 6 0
1 5 1 0 5 5 2 1 5 4 3 6 5 6 6 2
1 6 1 1 6 1 6 6 6 1 5 6 5 7 0 1
1 2 6 6 6 5 2 5 5 4 4 4 4 2 5 1
3 3 1 7 1 3 5 3 3 3 1 1 0 2 6 3
79 8 88 4 93 7 64 80 57 19 92 43 9 27 68 53
6 20 29 89 31 30 18 31 4 4 63 42 33 30 42 30
32 32 8 51 51 4 4 87 51 51 87 8 8 8 5 57
80 15 15 7 7 7 28 5 75 52 67 20 65 75 65 52
75 56 65 75 75 65 69 56 64 31 65 64 31 64 51 16
16 31 56 15 56 52 6 15 56 52 52 15 69 54 79 79
45 45 67 79 79 42 42 42 28 41 41 41 41 41 45 54
76 27 27 45 27 45 89 27 32 54 30 54 54 57 57 78
45 54 45 45 45 19 78 75 75 78 75 75 75 89 19 63
3 64 42 41 63 19 41 45 41 63 19 41 57 41 21 57
63 63 57 64 16 57 64 57 16 64 64 78 54 54 54 54
81 81 16 81 56 89 42 16 40 16 81 56 42 19 40 42
56 21 43 3 52 78 44 43 21 51 76 53 21 53 53 44
69 27 69 43 27 30 27 27 40 43 52 27 52 28 42 43
17 31 40 53 40 52 31 52 39 51 51 51 51 44 21 69
89 89 56 15 56 89 78 76 76 76 30 69 81 44 79 32
