6 5 2 1 7 4 1 5 7 6 3 0 3 0 7 7
0 7 3 0 6 4 2 4 7 6 0 3 7 0 4 3
5 3 1 1 1 0 7 1 4 2 4 3 2 3 2 2
2 2 5 3 5 5 0 5 6 2 1 0 1 0 1 0
2 2 3 0 6 0 0 1 6 6 5 1 1 1 4 0
5 5 4 4 2 4 2 0 5 0 0 0 0 5 6 6
6 1 1 4 4 7 1 0 0 0 4 3 3 2 7 1
2 2 1 3 2 7 6 1 1 1 1 7 4 4 7 4
5 7 3 7 3 3 4 4 5 4 3 4 3 1 1 0
7 2 2 3 6 3 7 3 3 6 6 7 2 6 7 6
7 7 7 6 6 6 3 2 0 3 1 2 0 2 2 0
4 7 3 7 3 1 0 5 3 5 1 5 0 3 7 5
0 5 7 6 2 3 5 4 5 4 7 7 7 3 2 2
6 3 3 2 2 3 7 3 2 6 6 1 5 5 5 1
1 7 1 4 5 5 1 7 1 6 1 7 1 3 6 1
6 3 6 6 6 1 4 5 1 4 4 1 0 0 6 0
79 8 88 4 93 7 69 52 15 27 6 68 6 29 67 80
42 15 32 68 40 51 18 7 67 66 3 32 93 3 33 32
39 32 4 30 30 68 28 30 20 5 33 32 18 63 75 18
75 5 91 6 78 21 16 78 66 75 43 42 43 42 43 42
44 44 45 42 40 55 55 56 27 27 21 56 56 56 51 16
21 78 33 33 31 64 31 29 21 29 16 16 16 21 79 79
79 87 87 90 51 67 69 55 55 55 77 6 63 31 67 17
44 44 17 63 44 67 53 69 69 69 30 28 64 7 28 7
52 28 32 28 32 32 64 64 52 64 63 64 63 43 43 16
15 44 44 45 40 45 54 45 45 40 40 54 57 40 54 40
54 54 28 27 27 27 45 57 16 89 43 57 16 57 57 16
51 28 63 67 63 43 42 52 63 52 43 52 42 89 41 65
16 21 41 79 75 19 21 64 21 51 41 41 41 19 75 44
79 19 19 75 75 19 67 89 75 79 79 56 78 78 78 56
17 67 17 77 21 78 56 67 56 53 56 67 17 89 92 69
92 89 92 92 92 17 51 78 17 51 51 69 81 81 79 81
