6 5 2 1 7 2 0 4 5 5 7 4 1 5 7 5
3 5 3 6 3 0 0 6 2 6 0 0 7 0 6 0
0 6 0 0 6 6 2 3 4 4 3 6 3 3 5 3
7 3 5 4 5 5 5 4 4 0 4 1 0 1 6 4
0 0 2 2 4 5 0 0 0 1 0 4 7 5 5 7
1 5 4 7 7 0 3 6 6 3 7 2 3 1 2 4
3 7 7 4 7 7 1 2 2 2 7 2 7 7 7 7
5 3 1 7 2 7 7 7 5 5 2 4 6 0 0 6
5 5 7 7 7 2 7 7 0 0 4 0 0 0 4 5
0 4 4 5 0 0 0 0 3 0 0 1 5 3 1 3
1 1 2 1 1 4 3 6 7 7 2 0 5 2 7 2
0 7 5 5 1 4 6 6 4 6 2 6 1 3 6 0
6 3 6 6 3 5 1 1 5 1 0 1 1 3 3 2
3 3 3 3 2 2 2 6 6 6 5 6 6 7 3 1
1 1 7 3 1 7 3 3 3 1 1 4 4 3 2 4
6 4 4 7 4 5 6 3 4 7 5 7 0 3 0 0
79 8 88 4 80 57 68 20 52 52 93 7 69 52 15 52
6 52 6 92 76 68 68 66 75 66 16 16 15 3 66 16
3 66 16 16 9 27 18 6 20 20 6 66 6 63 21 63
54 63 65 77 65 65 65 77 20 3 20 30 3 56 53 7
3 29 75 44 64 21 29 29 29 17 29 77 80 78 65 80
87 78 33 93 93 81 32 79 40 32 41 31 45 4 5 77
89 41 41 33 41 41 69 31 31 31 67 31 54 54 54 54
8 45 17 67 44 67 67 67 8 8 75 51 79 81 81 79
52 52 54 54 54 31 54 54 42 42 7 42 42 42 7 65
3 7 7 65 29 16 16 16 45 16 16 56 78 45 56 45
4 56 44 4 4 33 63 79 15 15 31 3 65 31 93 31
3 28 78 78 56 33 79 79 33 53 31 53 17 89 53 81
53 32 53 79 89 78 30 30 78 30 68 30 30 45 32 44
32 32 45 32 44 44 44 27 27 27 52 27 27 28 76 43
43 69 41 76 43 41 63 63 76 4 4 64 33 76 18 64
92 33 64 93 64 52 79 76 20 15 52 15 81 89 81 81
