0 1 2 3 4 5 6 0 1 1 1 2 3 5 6 0
0 1 2 3 2 3 6 5 3 2 6 5 5 5 0 7
4 4 4 0 1 2 1 3 5 4 7 5 5 0 0 0
0 6 4 4 4 0 0 7 4 6 2 2 0 2 7 1
1 2 2 3 4 3 0 7 1 0 2 2 2 7 7 4
5 7 7 3 7 2 7 7 6 2 5 2 2 4 5 5
5 1 1 1 4 5 3 0 2 4 4 4 4 1 5 6
7 0 1 5 4 4 7 7 5 5 6 0 6 6 4 4
4 5 2 2 7 7 5 3 3 6 6 6 5 6 6 2
2 2 1 2 0 2 1 1 3 2 1 2 1 1 1 1
7 7 7 5 5 2 5 1 1 5 5 3 5 3 7 3
1 0 3 0 7 5 0 6 6 6 0 2 2 0 2 0
2 2 4 0 4 4 6 4 4 2 4 4 0 4 2 2
2 2 1 6 3 3 7 3 6 6 6 5 5 7 7 1
1 0 2 2 2 2 7 7 2 4 4 4 7 7 2 3
2 2 2 7 1 3 4 0 2 4 0 7 7 3 1 3
3 4 5 6 7 8 9 3 4 4 4 5 6 8 9 3
3 4 5 6 5 6 9 8 6 5 9 91 8 8 3 28
7 7 7 16 17 18 17 19 21 20 15 39 39 16 29 16
29 9 33 90 77 16 29 93 90 53 31 88 68 88 54 30
69 88 88 32 33 19 55 80 43 29 31 31 31 28 28 33
21 28 28 45 41 18 41 41 79 44 52 18 44 64 52 52
52 30 30 30 20 78 32 42 57 33 51 51 51 30 21 27
15 29 17 39 77 77 41 41 65 39 40 16 40 40 90 90
33 39 5 5 15 93 78 63 32 27 27 27 21 27 27 31
31 31 87 31 29 31 87 87 45 5 43 44 43 43 43 43
54 54 28 52 52 44 52 87 87 52 78 32 52 32 15 32
4 55 63 81 80 78 55 79 92 79 81 75 75 81 75 81
75 75 77 81 77 77 9 90 90 88 90 90 16 90 88 88
88 88 4 9 89 89 93 89 9 9 9 78 78 54 54 56
56 16 5 5 18 57 54 67 18 51 51 51 67 28 18 45
57 44 18 93 56 45 51 68 57 51 68 41 41 89 69 6
