6 5 2 1 7 2 0 4 5 5 7 4 4 1 7 6
3 3 6 0 7 3 0 0 0 0 3 4 0 0 0 4
2 2 1 0 2 6 2 6 7 7 3 5 2 2 2 5
0 5 1 2 6 1 7 0 3 6 0 0 0 2 0 0
4 4 0 6 6 4 0 3 0 6 3 6 2 2 7 7
4 7 0 6 7 3 6 6 7 3 2 0 7 7 5 5
5 0 7 7 1 5 1 1 3 5 7 6 5 6 7 5
6 5 5 2 3 4 3 7 3 7 1 0 7 7 4 4
3 7 7 4 3 7 7 3 5 3 1 3 3 3 3 3
7 7 1 3 6 3 3 2 3 6 1 1 1 7 5 2
1 4 2 1 2 2 4 6 2 4 0 4 4 2 2 7
3 0 2 2 4 3 0 3 3 3 6 2 0 6 7 6
6 6 1 6 5 5 2 1 1 4 3 4 3 1 2 1
1 2 3 1 3 7 7 6 4 3 7 1 7 7 5 2
1 2 7 2 4 2 2 5 5 6 2 7 5 2 7 3
6 1 3 7 4 5 4 2 5 4 5 0 4 4 6 7
79 8 88 4 80 57 68 20 52 52 93 7 7 69 15 27
6 6 92 29 80 76 68 42 42 68 45 7 42 3 42 7
18 18 17 16 18 66 88 66 67 67 89 52 75 75 75 52
3 52 87 75 66 87 80 3 19 92 16 3 3 75 16 16
77 77 16 27 27 77 55 19 68 27 45 27 57 5 80 80
90 28 81 79 67 32 79 79 15 32 5 68 54 54 91 91
91 42 54 54 69 91 69 17 19 21 93 66 65 79 93 65
66 8 21 18 89 77 89 28 89 28 30 29 28 28 33 33
89 28 41 33 76 41 41 76 52 45 69 76 76 89 89 45
15 41 69 89 53 19 89 88 45 79 43 56 43 41 21 75
43 33 44 87 44 44 20 79 75 20 42 20 33 44 44 54
32 68 75 5 33 19 42 19 45 45 27 31 42 27 54 27
27 27 43 79 52 78 57 43 69 51 19 20 76 69 75 56
69 57 19 56 63 15 93 53 33 63 15 56 15 28 78 57
17 31 93 57 20 57 31 78 78 53 75 15 78 31 54 63
92 56 63 93 64 52 51 5 52 51 52 68 64 51 79 54
