6 5 2 1 7 2 0 4 5 7 4 1 7 3 3 0
5 0 5 0 6 0 6 0 6 3 2 4 2 0 0 5
5 6 1 1 7 2 6 7 7 7 5 6 7 4 3 3
0 0 5 1 6 4 6 4 4 4 0 5 0 5 0 0
7 6 5 3 4 6 7 4 0 4 4 4 3 2 4 2
2 1 4 4 7 2 7 5 3 3 2 7 3 0 0 1
1 1 4 6 6 4 4 6 6 4 5 5 1 5 1 1
6 4 1 0 3 3 3 7 7 0 1 2 2 2 3 3
2 3 3 3 3 6 5 1 0 5 6 7 1 3 2 2
2 1 0 4 6 6 6 1 6 5 1 7 7 4 3 5
3 5 4 3 5 3 1 1 1 2 1 2 4 2 2 7
7 7 3 7 7 1 1 6 7 2 1 7 7 3 6 1
4 4 1 4 3 3 3 7 2 4 3 4 3 4 1 5
1 1 5 6 4 7 2 2 0 7 7 7 4 3 0 2
0 3 4 0 0 2 3 0 2 6 2 4 2 5 5 6
2 5 6 6 5 6 5 0 5 7 3 1 0 0 1 7
79 8 88 4 80 57 68 20 52 93 7 69 15 6 6 29
52 42 52 42 92 68 66 16 66 19 5 20 31 3 68 52
52 66 56 56 54 57 40 54 67 67 65 92 67 90 6 6
29 29 21 69 66 90 92 90 90 90 3 8 3 8 3 3
93 92 8 63 64 53 54 64 81 64 64 64 76 75 51 57
57 43 77 77 67 75 41 8 63 63 44 28 63 29 29 56
56 56 7 66 79 7 77 79 79 77 21 21 17 21 17 17
79 33 17 42 89 89 89 54 54 42 30 31 31 31 45 45
31 45 45 6 45 92 78 4 81 21 27 93 17 89 75 75
75 87 42 20 27 27 27 87 27 78 43 93 80 20 19 78
76 78 20 76 78 32 30 30 30 44 87 44 33 44 44 41
41 28 63 41 41 43 43 40 28 18 30 28 28 32 40 87
33 33 43 33 19 19 19 93 18 51 76 7 76 77 4 39
4 4 39 9 51 15 18 18 68 80 80 80 51 32 55 18
55 32 51 55 55 5 32 55 5 53 5 7 5 65 65 53
57 65 40 40 65 53 39 16 39 15 89 69 81 16 69 15
