6 5 2 1 7 2 0 4 5 7 4 1 7 3 3 0
5 0 5 0 6 0 6 0 6 3 2 4 2 0 0 5
5 6 1 1 7 2 6 5 7 7 5 5 4 4 5 7
1 6 5 5 5 4 4 4 4 4 2 4 5 0 2 4
4 6 4 5 1 0 3 6 7 7 4 7 5 1 4 1
1 7 7 7 7 5 0 0 0 0 2 2 6 2 7 7
7 4 4 7 5 5 0 3 3 3 3 3 7 3 3 4
3 7 5 0 0 7 2 2 2 0 0 0 0 0 0 7
2 2 2 2 7 2 2 7 7 2 4 7 2 7 7 7
0 2 7 7 6 2 7 7 2 2 7 7 7 7 7 7
7 7 7 7 7 7 7 7 7 7 7 7 7 7 7 7
7 6 7 7 2 7 7 7 7 7 7 7 7 7 7 7
7 7 7 7 5 7 7 7 7 7 7 7 7 7 7 7
7 7 7 2 7 0 7 7 0 7 7 7 7 7 7 7
7 7 7 0 7 7 0 0 5 2 6 2 2 6 7 0
2 7 0 7 7 5 5 5 2 2 2 0 0 6 6 7
79 8 88 4 80 57 68 20 52 93 7 69 15 6 6 29
52 42 52 42 92 68 66 16 66 19 5 20 31 3 68 52
52 66 56 56 54 57 40 52 54 54 52 52 90 90 21 67
69 9 52 52 52 77 51 7 90 7 57 90 52 3 57 90
20 92 51 8 17 55 89 79 41 41 33 15 39 56 51 56
56 15 15 15 67 21 68 68 81 81 44 18 53 18 15 15
67 7 20 54 21 21 29 76 76 63 63 32 41 32 32 51
76 93 21 16 16 67 31 31 31 29 29 29 29 29 29 54
44 31 31 31 54 31 31 54 54 57 7 54 31 54 54 54
3 31 54 54 53 31 54 54 31 31 54 54 54 41 54 54
54 54 54 54 41 41 54 54 54 54 41 54 54 54 54 54
41 53 41 41 57 54 41 41 41 41 41 41 54 41 54 41
54 54 41 41 52 41 41 41 41 54 41 41 41 41 54 41
41 54 54 57 54 81 41 54 81 41 41 54 41 54 54 41
41 41 41 81 41 41 81 81 78 57 27 57 57 27 54 81
57 54 81 93 41 52 78 78 57 57 57 81 81 79 79 54
