6 5 2 1 7 2 0 4 5 7 4 1 7 3 3 0
5 0 5 0 6 0 6 0 6 3 2 4 2 0 0 5
5 6 1 1 7 2 6 7 7 7 5 6 7 4 3 3
0 0 5 1 6 4 6 4 4 4 0 5 0 5 0 0
7 6 5 3 4 6 7 4 0 4 4 4 3 2 4 2
2 1 4 4 7 2 7 5 3 3 2 7 3 0 0 1
1 1 4 6 6 4 4 6 6 4 5 5 1 5 1 1
6 4 1 0 3 3 3 7 7 0 1 2 2 2 3 3
2 2 3 3 3 2 3 3 5 0 3 3 3 3 3 0
0 2 0 0 0 2 0 0 2 2 2 1 6 2 6 2
6 6 2 0 6 4 4 2 4 4 5 5 4 1 3 3
1 1 5 2 3 1 5 2 2 3 3 1 1 2 5 1
1 3 7 7 3 3 1 6 5 7 7 1 0 7 1 7
7 1 3 1 3 1 1 7 2 3 5 7 4 7 0 5
5 0 2 4 2 4 0 7 0 4 2 4 7 0 4 1
6 4 4 4 4 4 4 2 6 7 3 6 0 0 2 3
79 8 88 4 80 57 68 20 52 93 7 69 15 6 6 29
52 42 52 42 92 68 66 16 66 19 5 20 31 3 68 52
52 66 56 56 54 57 40 54 67 67 65 92 67 90 6 6
29 29 21 69 66 90 92 90 90 90 3 8 3 8 3 3
93 92 8 63 64 53 54 64 81 64 64 64 76 75 51 57
57 43 77 77 67 75 41 8 63 63 44 28 63 29 29 56
56 56 7 66 79 7 77 79 79 77 21 21 17 21 17 17
79 33 17 42 89 89 89 54 54 42 30 31 31 31 45 45
31 31 45 45 45 31 45 45 52 29 89 89 89 89 89 42
3 75 42 29 29 75 3 29 75 75 18 56 27 5 27 75
27 27 44 29 27 20 20 57 20 20 78 78 20 4 76 76
4 43 78 44 76 43 78 44 44 76 76 43 30 44 78 43
43 32 54 41 63 63 4 92 52 54 41 30 16 41 4 41
41 4 63 30 63 30 30 54 57 63 52 54 51 54 42 52
52 42 5 77 18 64 16 67 16 51 5 64 67 42 51 69
92 77 77 64 64 77 64 5 92 93 6 92 81 16 18 6
