0 1 2 3 4 5 6 0 1 1 1 2 3 5 6 0
0 1 3 2 2 3 2 3 6 5 5 6 0 5 1 6
7 0 0 5 6 5 1 0 0 7 6 4 4 0 0 0
4 5 5 5 6 4 5 6 4 6 2 4 5 2 2 0
0 1 2 2 2 0 2 2 4 0 6 6 0 4 7 6
6 6 6 2 7 2 2 2 6 3 2 3 4 5 5 5
5 3 4 4 5 3 3 3 2 0 1 1 7 5 1 3
5 1 1 1 2 1 3 4 3 3 3 1 5 0 4 5
2 5 7 5 5 4 1 2 2 3 7 0 1 5 7 4
0 0 4 4 4 1 2 2 2 0 0 1 2 1 5 7
3 3 2 2 5 2 5 1 1 6 1 1 7 5 7 5
3 3 5 7 7 5 7 7 4 3 1 4 3 4 6 6
3 6 6 4 3 3 0 4 4 7 4 4 7 7 2 4
1 7 7 6 3 7 5 7 7 0 7 6 1 7 0 0
0 0 6 0 6 6 6 6 1 1 2 4 2 2 7 2
6 0 0 7 7 7 6 7 3 7 7 3 3 3 6 6
3 4 5 6 7 8 9 3 4 4 4 5 6 8 9 3
3 4 6 5 5 6 5 6 9 8 8 9 3 8 17 9
15 81 16 39 40 21 17 29 29 93 27 20 77 16 16 29
90 65 65 65 66 51 65 53 90 53 31 20 91 18 18 16
16 30 31 44 31 29 31 31 64 29 79 79 55 64 67 40
40 92 40 88 67 88 88 88 40 32 88 45 90 52 52 52
52 45 90 90 52 32 32 32 57 68 43 43 28 91 69 32
91 43 43 69 44 43 89 33 89 89 63 69 21 81 33 39
44 39 80 39 39 51 30 44 44 45 28 68 30 21 93 77
68 68 51 51 51 56 18 18 18 55 55 56 57 17 21 54
63 63 57 57 21 57 78 17 17 53 56 69 67 78 67 78
45 45 78 67 28 78 28 28 33 76 30 20 76 33 27 27
76 27 27 33 76 76 81 77 20 54 77 77 54 54 75 20
30 54 80 66 63 15 65 80 80 68 80 66 69 41 42 42
42 42 66 42 66 79 79 79 56 56 75 64 75 75 93 75
92 81 81 93 41 93 92 41 19 41 41 19 89 89 53 53
