5 0 5 3 1 7 3 5 5 1 7 4 6 7 7 6
5 5 5 0 2 5 5 5 0 7 5 7 4 5 2 7
2 5 5 2 5 4 5 5 5 4 2 6 4 5 5 6
5 6 5 5 4 5 6 2 7 2 2 4 0 2 2 4
2 2 7 0 2 5 2 5 2 2 2 1 0 0 2 2
6 6 7 6 1 7 1 6 6 7 7 6 7 7 7 7
7 1 1 1 7 3 6 6 1 1 1 6 1 6 1 6
6 6 6 1 6 3 6 6 6 4 3 6 6 6 6 6
6 1 2 3 1 4 0 1 0 2 3 1 2 3 2 0
2 3 1 0 1 2 0 7 0 6 1 3 1 3 2 2
3 0 5 1 2 3 2 3 2 7 0 4 0 2 0 5
0 0 0 0 3 0 5 1 0 0 3 5 1 1 1 1
7 4 6 4 4 4 4 4 3 4 7 3 3 4 4 4
3 5 0 3 7 4 7 7 4 3 5 7 0 5 0 4
0 4 2 7 7 4 0 3 4 0 7 2 5 7 4 4
4 7 3 3 3 3 3 2 7 1 3 3 2 4 5 5
39 2 7 5 35 11 15 19 51 13 21 18 20 21 21 20
61 51 29 22 46 51 51 51 22 21 51 21 60 19 58 21
58 29 61 58 19 60 29 29 19 18 58 20 18 19 19 20
61 20 29 29 18 61 20 46 43 26 58 18 22 58 46 18
26 26 63 22 26 61 46 61 26 36 26 23 22 22 46 46
42 30 43 30 23 43 23 62 42 63 63 30 43 63 63 63
43 45 45 23 43 47 62 42 45 23 45 42 23 62 45 42
62 30 30 45 42 37 62 62 30 60 37 52 52 52 52 52
52 55 4 37 35 60 12 55 54 4 47 55 4 47 36 12
36 37 55 12 55 4 54 31 12 10 3 5 55 37 36 36
37 54 39 3 4 47 4 47 36 11 54 60 2 14 2 7
54 12 34 54 5 2 7 3 12 2 47 7 35 35 35 35
53 28 10 6 50 6 6 50 27 50 53 27 27 6 28 6
27 39 34 27 53 50 53 53 6 27 39 53 34 39 34 28
34 28 14 11 11 50 2 59 50 34 31 14 39 11 28 28
60 11 59 59 59 59 59 14 31 3 15 15 14 38 7 7
