5 2 0 3 5 6 6 0 0 0 4 4 5 4 2 5
5 5 5 4 5 1 4 2 6 2 5 5 4 3 6 7
4 5 5 1 4 1 5 5 6 7 3 4 4 4 6 3
4 6 5 6 3 5 6 6 3 6 3 6 3 3 3 4
7 7 0 0 4 0 3 3 1 1 5 5 2 5 1 2
0 3 3 5 1 2 3 6 6 4 0 5 3 5 3 0
4 3 1 6 5 4 1 6 5 5 6 5 5 4 1 7
5 2 5 7 1 0 5 2 2 0 2 5 5 2 7 7
0 0 1 4 6 7 7 3 7 6 1 1 2 7 2 7
2 7 1 0 5 5 1 7 5 7 0 3 5 0 2 2
0 3 0 1 2 2 7 3 2 7 2 3 3 0 3 3
3 3 0 3 6 3 4 1 6 0 1 6 6 2 0 0
2 0 0 2 4 2 2 4 7 2 6 2 7 2 2 1
1 1 0 0 7 4 7 7 0 6 6 6 2 6 7 6
4 0 2 0 0 4 0 4 4 7 6 2 4 1 1 4
1 2 6 7 4 7 7 2 3 7 3 7 2 7 1 4
29 26 22 37 51 42 20 54 34 54 18 38 19 18 46 51
51 51 51 18 19 3 60 46 42 46 19 19 18 37 62 21
18 19 61 3 60 35 19 61 62 43 27 60 60 60 30 27
60 30 29 62 27 61 30 30 27 30 27 30 27 59 37 18
21 21 2 2 38 2 59 59 35 45 61 61 46 61 35 46
44 37 37 51 35 46 59 62 42 38 2 39 37 29 59 22
38 59 35 62 39 38 35 42 39 39 62 39 29 38 45 21
39 26 29 21 3 2 7 26 26 44 26 7 29 26 63 21
44 2 13 28 42 63 63 5 63 42 45 45 4 63 36 63
36 43 45 12 7 7 45 31 7 43 34 5 7 12 36 36
44 47 44 3 4 58 43 47 36 53 36 47 47 44 47 5
47 5 34 5 20 5 28 3 20 12 55 52 52 58 12 12
58 34 12 4 50 58 4 50 43 58 52 4 43 58 4 55
3 55 34 22 53 50 53 53 34 20 52 52 14 52 53 20
28 54 14 54 54 50 54 28 50 53 10 14 50 55 55 28
55 14 20 11 28 11 11 14 15 11 15 11 14 11 13 6
