3 0 6 5 5 1 0 6 3 2 4 2 3 3 1 5
2 7 7 7 5 6 1 1 5 5 4 0 0 6 0 7
2 1 1 1 1 6 7 7 5 7 7 5 7 5 5 5
4 4 0 4 4 4 4 2 6 6 0 0 5 4 0 7
7 7 7 3 0 6 6 1 3 1 3 6 0 0 7 6
0 6 7 5 7 3 3 6 3 6 0 3 6 0 0 2
2 3 6 3 3 0 2 0 0 1 7 3 0 2 0 3
2 2 6 2 1 3 6 5 3 3 3 5 5 5 5 5
5 3 3 3 6 4 1 3 1 4 1 1 1 6 2 4
2 4 6 2 6 6 4 7 5 4 0 0 6 0 1 4
3 0 1 4 4 6 6 6 6 0 4 4 5 4 4 4
4 5 1 4 0 7 6 1 5 5 1 5 7 4 1 5
4 5 5 4 4 1 2 0 7 7 2 2 7 0 0 0
0 0 0 7 7 7 7 1 2 2 2 7 7 7 7 0
2 3 2 5 2 2 2 5 5 1 1 3 2 1 1 5
5 3 1 3 3 3 3 4 7 5 5 4 2 4 4 0
37 2 52 51 19 45 22 10 15 36 18 4 15 15 55 51
58 21 21 21 19 20 23 55 61 61 18 54 54 42 34 21
58 23 23 23 23 20 21 21 7 11 11 7 11 7 7 7
18 28 2 28 18 28 18 46 20 20 22 44 7 18 22 11
11 11 63 47 44 62 62 45 47 45 47 30 22 22 53 62
44 30 53 51 53 47 59 62 47 42 2 47 42 44 22 46
26 59 42 37 37 2 46 2 2 3 53 59 44 46 44 37
46 46 30 36 35 37 62 51 59 59 37 39 39 39 39 39
39 59 15 15 42 60 35 5 35 50 35 35 35 42 36 6
36 6 30 36 30 30 60 31 61 6 34 34 62 34 45 60
15 34 45 60 60 10 10 10 10 34 28 60 29 28 28 38
38 29 55 50 54 43 10 3 19 19 55 29 43 50 55 29
50 29 29 50 50 45 36 54 43 63 26 26 43 12 12 12
12 12 12 43 53 43 53 55 14 4 4 63 63 63 63 54
14 27 14 61 14 14 14 61 61 23 3 27 26 3 3 19
19 27 3 5 27 27 27 6 31 51 51 6 26 38 38 54
