3 0 6 5 5 1 0 6 3 2 4 2 3 3 1 5
2 7 7 7 5 6 1 1 5 5 4 0 0 6 0 7
2 1 1 1 1 6 7 7 5 7 7 5 7 5 5 5
4 4 0 4 4 4 4 2 6 6 0 0 5 4 0 7
7 7 7 3 0 6 6 1 3 1 3 6 0 0 7 6
0 6 7 5 7 3 3 6 3 6 0 3 6 0 0 2
2 3 6 3 3 0 2 0 0 1 7 3 0 2 0 3
2 2 6 2 1 3 6 5 3 3 3 5 5 5 5 5
5 3 5 0 3 3 3 4 3 6 1 1 3 4 4 1
4 1 4 1 4 3 3 7 4 2 3 3 6 6 6 1
2 0 0 0 1 1 0 3 4 7 1 0 1 0 1 4
4 0 0 1 2 2 1 2 0 1 0 3 2 3 0 0
0 0 0 7 7 0 2 0 0 4 4 0 7 7 3 1
3 3 1 3 3 4 7 7 4 1 6 4 4 5 4 4
6 4 4 7 3 3 6 4 3 6 7 6 5 2 4 3
6 3 3 5 1 7 1 0 7 0 1 6 7 1 0 7
37 2 52 51 19 45 22 10 15 36 18 4 15 15 55 51
58 21 21 21 19 20 23 55 61 61 18 54 54 42 34 21
58 23 23 23 23 20 21 21 7 11 11 7 11 7 7 7
18 28 2 28 18 28 18 46 20 20 22 44 7 18 22 11
11 11 63 47 44 62 62 45 47 45 47 30 22 22 53 62
44 30 53 51 53 47 59 62 47 42 2 47 42 44 22 46
26 59 42 37 37 2 46 2 2 3 53 59 44 46 44 37
46 46 30 36 35 37 62 51 59 59 37 39 39 39 39 39
39 59 39 2 59 59 59 6 59 10 35 45 37 6 38 35
6 35 6 35 6 5 37 31 6 14 5 5 10 10 10 13
14 44 44 44 45 45 44 5 38 53 13 44 13 44 13 38
38 34 34 13 14 14 35 14 12 35 54 59 14 37 12 12
12 12 12 21 21 34 36 34 34 38 38 34 21 21 15 13
15 37 55 37 37 50 21 21 60 55 52 60 60 39 60 28
52 60 60 11 5 15 42 28 15 52 31 42 39 36 50 15
52 15 5 39 45 11 55 2 31 2 45 52 53 55 54 43
