3 0 6 5 5 1 0 6 3 2 4 2 3 3 1 5
2 7 7 7 5 6 1 1 5 5 4 0 0 6 0 7
2 1 1 1 1 6 7 7 5 7 7 4 7 3 0 5
5 0 5 6 5 5 5 0 5 6 4 0 0 5 6 7
5 4 4 5 0 5 5 5 5 6 3 4 0 5 5 2
2 6 3 5 5 2 2 6 2 7 0 7 3 4 0 0
0 4 4 4 4 4 0 6 4 4 0 7 4 2 0 3
7 1 4 0 1 3 7 5 6 5 7 5 7 1 7 7
5 7 4 1 1 0 7 3 0 5 4 1 3 7 1 6
6 0 2 3 7 6 6 7 4 1 2 3 6 6 6 7
6 7 6 1 2 6 6 2 6 7 3 3 0 0 0 2
4 6 0 6 0 0 4 1 0 0 5 1 1 0 1 6
1 6 2 2 1 3 6 7 7 7 6 1 7 7 2 7
1 4 4 0 6 4 6 0 4 2 2 7 7 7 1 1
0 6 4 3 3 7 7 3 6 4 6 6 4 3 6 6
3 6 3 3 6 3 3 4 6 6 4 3 7 3 5 3
37 2 52 51 19 45 22 10 15 36 18 4 15 15 55 51
58 21 21 21 19 20 23 55 61 61 18 54 54 42 34 21
58 23 23 23 23 20 21 21 7 11 21 18 11 59 44 51
61 22 29 42 7 61 7 44 7 30 18 34 44 7 30 11
7 18 18 7 44 7 7 7 7 30 5 18 22 7 51 46
46 30 37 51 51 46 46 62 46 21 2 21 37 18 22 22
22 18 18 28 18 18 44 42 18 18 44 21 18 46 44 5
53 45 18 44 3 37 11 51 30 51 63 51 11 45 53 63
51 53 18 45 45 22 63 47 44 51 18 45 37 53 45 42
30 44 46 27 11 42 30 53 18 45 26 27 30 30 42 53
30 11 30 3 4 42 30 4 42 53 59 47 2 44 2 46
18 30 34 42 44 2 18 3 44 2 29 3 3 2 3 42
3 42 46 46 3 59 62 63 11 11 30 3 63 63 46 63
3 60 60 22 62 50 62 44 18 4 4 63 63 63 3 23
34 62 60 5 5 63 63 59 62 38 10 62 60 47 62 62
47 62 5 5 62 59 47 60 62 62 18 37 53 59 7 59
