2 1 0 6 1 6 6 5 1 0 4 3 0 6 5 4
1 3 4 4 0 0 4 1 3 7 1 3 1 3 1 1
3 3 1 3 1 6 6 0 7 7 2 1 6 3 0 1
3 1 0 6 5 1 3 0 3 0 0 3 7 3 3 3
0 3 0 3 7 0 3 3 0 3 0 2 2 5 5 6
7 6 4 3 0 0 0 0 7 7 0 4 4 7 0 0
7 7 0 1 1 0 7 6 0 5 0 3 3 4 0 7
1 4 1 4 1 0 1 1 0 6 5 1 6 7 5 0
4 5 0 7 7 7 7 5 7 4 4 7 2 5 2 6
2 6 6 3 0 6 6 7 4 5 6 3 6 6 6 4
4 6 5 4 7 6 7 7 7 7 5 4 5 7 6 5
2 7 4 2 6 5 6 1 6 1 6 5 4 1 1 7
4 2 2 2 1 4 2 4 4 4 2 2 5 5 4 5
2 5 4 5 5 2 2 6 5 5 5 2 2 5 5 1
6 0 2 4 3 0 5 5 5 0 6 2 5 7 4 6
5 2 3 7 7 2 3 2 7 6 3 2 7 2 1 2
58 55 22 30 23 20 52 61 35 54 18 59 22 42 61 50
23 47 38 38 34 34 50 55 37 53 3 37 55 37 45 45
37 37 45 37 45 62 30 34 31 43 58 45 52 59 54 45
59 3 2 62 7 3 47 44 27 44 2 47 53 59 47 15
12 27 2 47 21 2 27 59 2 27 12 4 4 7 61 62
21 30 60 59 34 54 34 34 53 21 2 50 50 53 22 22
43 21 22 23 55 54 53 42 54 7 54 47 5 50 44 53
55 38 35 50 35 12 35 55 12 62 29 23 20 21 29 12
28 61 12 11 11 11 11 39 11 60 18 11 4 51 36 62
36 20 62 27 22 20 20 31 18 29 20 27 30 30 42 60
18 42 39 60 63 42 21 63 63 63 61 60 29 63 42 7
4 63 60 26 52 51 52 3 52 35 52 7 28 35 3 43
18 26 58 4 3 18 4 28 28 38 26 26 7 19 28 19
14 39 28 19 51 46 46 10 51 19 19 46 46 19 29 23
30 44 14 38 5 44 51 51 29 44 10 14 39 43 38 10
61 14 15 31 31 14 15 14 31 10 15 26 31 46 23 26
