1 0 0 1 0 0 0 1 0 0 0 1 1 0 1 0
0 0 0 1 1 0 0 1 1 1 1 1 0 0 0 1
1 0 1 0 0 0 1 0 0 0 1 1 1 0 0 0
1 1 1 0 0 0 0 0 0 1 1 1 1 0 0 1
0 0 1 1 1 1 1 0 1 0 0 0 0 0 0 1
1 1 0 0 1 0 0 0 0 0 1 0 0 1 0 0
0 1 0 0 1 1 1 0 0 1 1 0 0 0 0 1
1 0 1 1 1 0 0 0 0 0 0 0 0 0 0 0
1 1 1 0 1 0 1 1 0 1 1 1 1 0 0 1
1 0 1 1 0 0 1 1 0 1 1 0 0 1 0 1
1 1 1 1 1 1 0 1 0 0 1 1 1 1 0 0
1 0 1 0 0 1 0 0 1 1 1 1 1 0 1 0
1 1 0 1 0 0 0 0 0 1 0 0 1 0 1 0
1 1 0 1 1 1 0 0 0 0 0 0 1 0 1 1
1 1 0 0 0 0 0 1 0 0 0 1 0 1 1 1
1 0 1 1 1 0 0 1 0 1 1 0 1 1 1 0
50 22 23 42 10 17 28 50 25 16 17 52 42 6 45 21
10 15 12 43 44 20 19 54 41 61 43 58 5 4 20 46
54 20 60 20 14 22 60 29 3 20 39 45 55 10 5 9
38 61 41 20 27 22 15 6 20 35 47 42 46 27 7 47
27 3 39 52 57 48 55 28 44 25 30 15 10 19 13 48
57 57 14 5 61 6 19 29 7 22 46 12 17 45 20 17
21 37 10 17 62 58 55 29 21 39 54 14 11 11 7 45
49 11 39 49 42 20 11 27 6 29 13 9 30 30 30 19
36 62 54 12 59 27 58 41 14 52 49 51 50 20 8 54
44 11 37 53 21 14 41 37 17 37 51 7 12 60 19 42
58 45 48 40 57 57 8 60 11 5 48 50 56 49 17 27
62 4 55 24 19 53 22 12 39 57 58 37 50 29 56 29
40 44 21 51 26 20 30 20 18 60 11 30 54 17 38 29
58 50 16 59 47 40 26 30 17 14 13 10 39 21 55 41
54 51 29 17 10 14 18 58 21 13 15 51 6 57 46 61
38 5 50 36 55 27 24 45 8 57 51 17 47 56 42 19
