1 0 1 0 1 1 0 0 0 1 0 1 0 1 1 1
0 0 0 0 0 1 0 0 1 0 1 0 1 1 1 0
0 1 0 0 0 1 0 1 0 0 1 1 0 1 1 0
1 1 0 0 0 1 0 0 1 0 0 0 0 1 0 0
0 0 1 0 0 0 1 1 1 0 1 1 1 0 1 1
0 1 0 1 1 1 1 0 1 0 0 1 0 1 1 1
1 0 1 1 1 1 0 1 0 0 0 1 0 0 0 1
0 1 0 1 0 0 0 1 1 1 0 1 0 1 1 0
0 0 1 1 1 1 1 1 1 0 0 0 1 1 1 1
1 1 0 1 0 1 0 0 1 1 1 0 0 1 1 0
1 1 0 1 0 0 1 0 1 1 0 0 1 1 0 1
1 0 1 1 0 1 0 1 0 0 0 1 0 1 0 0
0 1 1 0 0 0 1 1 1 0 1 0 1 0 0 0
0 0 0 0 1 1 1 1 1 0 0 0 1 0 0 1
0 1 1 0 1 0 0 0 1 1 1 0 1 1 0 1
0 1 0 1 0 1 0 1 1 0 0 1 1 0 0 1
58 26 50 20 37 40 29 4 24 40 22 40 26 62 53 42
22 11 12 14 14 59 23 22 46 29 61 24 53 44 56 26
21 59 17 26 5 44 27 46 7 4 54 47 20 48 60 12
47 55 3 4 5 58 17 6 47 15 28 28 14 61 7 19
24 7 51 3 11 5 55 56 47 7 37 43 51 17 54 41
17 46 6 37 45 49 51 13 52 30 18 51 6 52 59 51
56 19 57 60 47 40 29 40 9 27 4 55 6 19 16 39
22 50 17 40 20 12 26 49 45 42 6 52 17 61 57 5
11 18 51 37 54 51 35 40 45 13 8 10 44 51 61 57
47 55 15 42 18 36 24 13 59 40 57 25 10 52 51 25
42 41 21 48 30 26 50 15 50 46 11 28 39 51 10 41
39 28 57 42 19 52 21 40 23 24 15 56 9 46 17 21
23 40 49 23 4 28 57 46 41 11 45 10 59 6 24 12
4 26 14 18 36 46 54 39 38 25 15 8 61 22 7 53
14 58 51 22 48 4 9 15 62 46 48 6 59 50 5 50
13 56 20 39 29 48 22 43 49 4 8 53 58 5 8 48
