1 0 1 1 0 1 1 1 0 0 1 1 1 1 0 1
1 1 1 1 1 1 1 0 1 0 0 0 1 1 1 0
1 0 0 1 0 1 0 0 1 1 0 1 0 0 1 0
0 1 0 0 1 1 0 0 0 0 0 0 1 0 1 0
0 0 1 0 0 0 1 0 1 0 0 0 0 0 1 1
0 1 0 1 1 0 0 0 0 0 1 1 1 0 1 1
0 1 0 0 1 0 1 1 1 1 1 0 0 0 0 0
1 0 0 0 0 1 1 0 0 0 1 1 1 0 0 0
1 0 0 1 0 1 1 1 1 0 1 0 0 1 0 1
1 0 1 1 0 1 1 1 0 0 0 0 0 0 1 0
0 1 0 0 1 1 0 1 0 1 0 0 0 0 0 1
1 0 0 0 1 0 0 0 1 1 1 1 1 0 1 1
1 1 1 0 1 1 0 0 0 0 1 1 0 0 0 1
0 0 0 1 1 0 1 0 0 0 1 1 0 1 0 1
1 1 0 1 1 1 0 1 0 1 1 1 1 1 1 0
0 0 0 1 0 0 1 1 1 1 0 0 1 0 0 1
42 11 62 38 15 62 59 58 12 30 49 48 48 62 22 42
40 54 40 46 48 47 42 4 50 12 26 17 35 36 47 24
50 26 27 57 24 55 28 12 50 39 12 47 10 3 37 17
13 53 30 19 50 52 9 6 29 26 18 26 41 7 36 27
28 25 41 8 25 22 41 21 49 23 20 13 26 24 48 54
9 54 27 37 51 15 24 9 3 16 35 58 46 15 40 57
18 56 9 24 58 15 46 45 51 44 45 19 23 23 6 24
42 23 7 8 23 44 55 3 5 3 45 38 35 25 30 17
48 24 20 53 9 48 50 47 37 21 41 23 20 37 30 41
57 11 54 50 4 47 49 60 28 21 5 11 25 21 36 7
16 58 7 11 35 56 6 44 25 40 18 20 7 29 25 55
51 29 9 28 51 12 23 23 35 54 61 58 49 11 58 44
38 59 47 15 47 38 10 18 27 15 55 60 26 11 8 45
3 19 7 37 57 27 37 16 11 29 55 58 18 41 19 57
49 56 20 40 45 57 13 56 4 60 47 41 39 45 59 5
12 8 9 50 7 12 62 42 47 56 12 6 58 10 7 46
