0 0 0 1 1 0 1 1 0 0 0 1 1 0 0 1
0 1 1 0 1 0 1 1 0 1 1 1 0 1 1 1
1 0 1 1 0 0 0 1 0 1 0 0 0 1 1 0
1 0 0 0 0 1 1 1 0 0 0 0 0 0 0 1
0 0 0 1 1 0 1 0 0 0 1 0 0 1 1 1
0 0 0 0 1 1 0 1 0 1 0 1 1 1 1 0
1 1 1 0 1 1 1 1 0 1 0 1 0 1 1 1
0 0 1 1 0 1 0 0 0 1 1 1 1 1 0 1
1 1 1 0 0 1 0 1 1 1 1 0 1 1 1 1
0 0 1 1 1 1 1 0 1 0 0 0 1 0 0 0
0 0 0 1 1 0 0 0 0 0 1 1 0 0 0 0
1 1 0 0 0 1 0 1 0 1 1 1 1 0 1 0
1 0 0 1 1 1 1 0 0 0 1 0 0 0 1 0
1 0 1 1 0 1 0 1 0 0 1 1 1 0 0 0
1 1 0 0 1 0 1 1 0 0 1 1 0 0 1 0
0 0 0 0 1 1 0 1 1 1 0 0 0 0 1 0
16 26 30 47 39 17 49 47 12 11 23 48 60 8 14 61
20 55 59 26 41 28 61 59 19 37 39 44 26 46 55 43
61 11 58 55 7 19 15 48 16 41 3 7 22 42 60 20
61 25 6 12 14 60 56 40 4 9 5 20 20 24 30 62
22 7 18 55 43 7 58 10 9 22 41 22 26 37 35 58
24 12 18 15 55 61 30 48 12 48 17 47 57 54 36 27
52 36 49 22 51 56 43 42 14 53 24 47 17 46 35 54
5 10 58 48 27 49 15 21 24 37 50 50 37 48 3 41
39 51 42 15 9 61 13 44 45 39 35 10 44 59 39 62
6 17 45 49 39 57 51 30 44 30 7 25 43 13 25 4
3 19 12 47 41 7 6 14 9 28 60 42 28 28 14 4
61 55 21 16 27 50 24 51 26 53 39 62 56 9 43 23
46 4 24 48 62 49 53 3 21 22 56 14 29 7 40 5
56 30 59 54 29 49 21 39 10 27 39 51 49 21 26 9
47 44 11 9 47 24 60 47 29 25 47 56 10 15 43 21
16 5 27 28 59 36 6 61 41 54 19 3 14 3 45 12
