0 1 0 0 0 0 1 0 1 1 1 1 1 0 1 0
0 1 1 0 1 1 1 0 0 1 1 1 1 0 1 1
1 0 1 1 1 0 1 1 0 0 1 0 1 1 0 0
1 0 0 0 1 1 0 1 1 0 1 1 1 0 0 1
1 0 0 1 0 0 1 1 0 1 1 0 0 1 1 1
1 0 1 1 1 1 0 0 0 0 1 0 0 0 1 0
1 1 1 1 1 1 0 0 1 1 1 0 0 0 0 1
0 1 1 0 1 0 1 0 1 1 1 0 0 0 1 1
0 1 0 0 1 0 1 1 1 1 0 1 0 0 0 0
0 0 1 0 0 0 0 1 0 0 1 0 0 0 1 0
1 0 0 0 1 1 1 1 1 1 0 0 1 1 0 1
0 0 0 0 1 0 1 0 0 0 0 1 0 1 1 0
0 1 1 0 1 0 1 0 1 1 0 0 0 1 0 0
0 0 0 1 1 0 0 0 1 1 0 1 1 0 1 0
1 1 1 0 0 0 0 1 0 1 1 0 1 0 0 1
1 0 0 0 1 1 0 0 0 1 1 0 1 1 0 0
16 37 13 26 19 25 37 30 36 56 56 59 36 19 61 17
7 47 56 16 52 36 42 30 6 49 61 49 37 24 41 49
38 4 58 39 50 19 57 45 15 24 47 28 54 57 17 22
48 4 3 23 42 53 26 54 52 11 37 58 39 9 10 52
45 19 8 55 15 23 48 47 8 43 60 5 18 61 35 46
44 14 40 37 35 38 16 22 16 15 61 9 12 11 58 15
51 57 62 55 48 61 27 26 57 62 47 11 24 10 3 35
26 38 62 18 60 12 55 30 62 58 36 11 5 13 38 35
10 49 16 23 42 30 54 52 35 38 27 54 24 25 24 16
11 7 35 29 28 28 3 38 9 15 49 17 21 11 39 10
37 24 23 27 47 62 41 61 37 45 10 7 56 57 5 46
10 23 10 16 39 5 49 29 8 25 19 44 7 58 51 6
21 41 38 20 39 22 60 16 51 45 28 7 20 42 28 5
21 28 20 48 43 12 22 24 60 45 7 39 40 21 49 8
38 49 52 20 7 18 27 37 13 41 40 27 57 29 5 46
48 26 16 15 61 42 11 16 27 59 38 9 51 51 18 3
