0 1 0 0 0 1 1 1 0 0 1 1 0 1 0 1
0 1 1 1 0 0 1 0 1 1 0 0 0 1 0 1
0 0 0 0 1 1 1 1 1 0 1 1 0 0 1 1
0 1 0 0 1 1 1 0 1 1 1 0 1 1 0 1
1 1 1 1 0 0 1 0 1 1 0 1 1 0 1 1
1 0 1 0 1 1 0 0 0 0 1 0 0 0 1 1
1 0 1 0 0 1 0 1 1 0 0 1 0 0 1 1
0 0 1 0 0 0 0 0 0 0 0 1 1 0 1 1
0 0 0 1 1 0 1 1 0 1 1 1 0 1 1 0
1 1 0 1 1 0 0 1 0 0 1 0 1 0 0 0
1 1 1 1 1 1 1 1 0 0 1 0 1 0 1 1
1 0 0 0 1 1 0 1 0 0 1 0 0 0 0 0
0 1 1 1 1 1 1 1 1 1 1 1 0 0 1 0
0 1 1 0 1 1 0 0 0 0 0 1 1 0 1 0
1 0 0 0 0 1 1 0 0 0 1 0 0 0 0 1
1 1 0 1 0 0 1 1 1 0 0 1 0 1 0 0
21 43 16 21 13 61 58 46 11 29 56 46 27 35 17 54
14 46 53 53 13 27 48 4 55 43 12 4 6 50 8 58
6 18 26 12 54 49 40 58 57 5 58 56 15 28 35 60
22 47 30 24 49 41 49 8 46 62 38 15 40 47 13 47
40 41 42 51 28 7 45 27 35 36 23 44 35 11 46 58
36 14 38 24 48 43 30 21 28 21 52 20 8 4 36 37
56 5 43 9 17 41 22 45 43 29 4 57 20 7 44 38
19 11 36 29 25 26 29 26 3 6 21 37 36 10 56 35
29 15 20 52 55 19 58 39 4 56 52 46 24 38 59 5
53 56 20 56 40 30 6 52 13 10 59 25 40 21 28 20
36 54 44 47 45 51 42 43 7 19 58 9 56 17 57 40
49 20 24 11 45 36 27 39 16 4 58 29 28 13 27 20
3 46 40 40 48 56 61 62 48 44 41 45 4 3 52 3
22 35 57 14 43 43 15 20 24 21 11 38 43 20 47 28
51 28 18 30 29 54 41 7 13 4 47 28 4 17 24 50
37 40 29 53 10 18 59 43 56 11 13 37 17 61 25 26
