1 0 0 1 1 0 1 0 1 0 0 0 0 1 1 0
1 0 1 0 1 1 0 0 1 0 1 1 0 1 1 1
1 0 1 0 1 1 1 1 0 0 0 0 0 0 1 1
1 1 0 0 1 0 0 0 1 1 1 0 1 0 0 0
1 0 1 1 1 0 0 1 1 0 0 1 0 0 1 1
1 1 0 0 0 0 1 0 1 1 0 0 1 1 0 0
0 0 0 1 1 0 1 1 1 0 0 1 1 1 1 1
0 0 0 1 0 0 1 1 0 0 1 0 1 0 0 0
0 0 1 0 0 1 1 1 1 1 1 1 0 1 1 0
0 1 0 0 1 0 0 0 0 1 1 1 1 0 0 1
0 0 0 0 0 0 1 1 0 0 0 0 0 0 1 0
1 0 0 0 0 0 0 1 0 0 0 0 0 0 1 0
1 1 0 0 1 0 0 0 0 0 0 0 0 0 1 1
0 1 1 1 1 0 1 1 0 0 1 0 1 0 0 1
1 1 0 1 1 0 0 0 1 1 0 0 0 0 1 1
1 1 0 1 0 1 0 0 0 1 0 1 0 1 1 1
56 27 6 43 41 17 47 20 43 14 10 3 12 59 49 16
53 3 58 19 61 58 11 8 42 4 58 62 14 41 53 50
52 20 48 9 56 60 60 51 30 19 19 11 5 4 50 46
43 56 17 22 43 4 24 18 61 47 49 28 55 20 29 3
51 15 39 39 37 10 23 57 62 16 25 41 27 24 52 43
47 45 5 8 22 4 58 26 39 61 19 21 61 53 11 9
15 5 16 44 61 3 41 51 49 19 4 48 47 38 36 35
8 8 9 51 27 29 58 43 29 30 45 30 60 10 26 6
28 15 37 28 16 58 59 56 50 59 52 56 4 40 50 24
23 41 24 29 58 30 7 30 23 61 60 48 43 27 23 36
17 13 19 8 26 30 42 54 25 19 4 4 26 18 59 12
50 17 3 28 13 27 14 40 12 23 15 16 23 27 55 15
44 43 28 15 44 26 28 5 15 10 8 30 29 14 57 46
22 57 56 40 62 10 60 47 11 11 36 5 45 14 14 52
50 37 8 55 61 29 23 20 58 55 8 9 23 13 62 41
47 36 15 56 20 44 21 26 13 59 16 44 24 58 45 43
