0 0 1 0 0 1 1 1 1 0 0 0 1 0 1 1
0 0 0 1 1 1 0 0 0 0 1 0 1 0 1 0
1 0 1 1 0 0 0 0 0 0 0 1 1 0 0 1
0 0 0 1 0 0 0 0 0 1 1 0 1 1 0 0
0 0 1 1 0 0 0 0 1 1 1 1 1 1 0 0
1 1 0 0 0 1 1 0 0 0 0 0 1 0 0 0
1 0 0 1 0 0 0 1 1 1 0 0 1 0 0 1
0 0 0 0 0 0 1 1 0 1 0 0 1 1 1 1
1 0 1 0 0 0 1 0 1 0 0 1 0 0 1 0
1 0 1 1 0 0 1 0 1 0 0 0 0 0 1 0
0 1 1 0 0 0 1 1 1 1 1 0 1 1 0 1
0 1 0 1 1 1 1 0 1 0 0 1 1 0 0 1
1 1 0 0 0 1 1 1 1 0 1 0 1 1 0 0
1 0 0 1 1 0 1 0 0 0 0 1 0 1 1 1
1 0 0 0 1 0 0 0 1 1 1 1 1 1 0 1
1 0 1 0 0 1 0 1 1 1 1 1 0 0 1 0
14 9 53 4 20 36 37 56 54 19 28 6 57 27 57 60
4 8 26 43 62 51 20 23 19 5 47 29 46 14 35 23
39 23 52 52 29 7 24 5 3 25 15 41 53 28 24 44
14 5 23 53 15 10 17 18 12 56 37 6 41 45 21 26
14 25 38 47 13 25 26 15 56 54 36 54 40 54 10 9
62 48 3 12 12 58 53 23 12 25 19 21 57 11 26 19
60 8 16 55 21 28 27 52 44 54 5 3 57 10 9 56
18 3 11 16 20 20 36 41 6 49 25 18 46 58 54 51
42 15 57 19 30 11 53 5 52 11 3 62 4 30 59 29
47 29 50 59 27 7 40 29 44 12 17 30 30 4 41 5
30 58 61 12 13 23 54 38 56 57 42 26 49 56 19 49
4 48 18 58 45 47 59 17 38 20 24 56 41 27 18 39
45 59 28 29 4 58 40 44 54 14 58 7 41 40 8 9
41 19 10 38 39 26 38 3 15 15 3 42 25 56 40 60
38 24 8 21 44 26 20 19 48 62 51 35 56 43 30 56
45 15 37 30 17 42 27 41 44 47 59 36 16 4 45 16
