0 0 0 0 0 0 1 0 1 0 1 1 0 1 0 1
0 0 0 1 0 0 1 1 1 1 0 0 1 1 1 1
0 0 1 1 0 1 0 1 1 0 0 1 0 1 0 0
1 1 0 1 0 1 1 1 1 1 0 1 0 0 0 1
1 1 1 1 0 0 1 1 1 0 1 0 1 0 1 1
0 1 1 1 0 0 1 0 1 0 1 1 0 1 1 1
0 0 0 0 0 0 0 0 1 0 0 0 1 0 0 1
0 0 0 1 1 1 1 0 1 0 1 1 1 1 0 1
1 1 0 1 0 0 1 0 1 0 0 0 0 0 1 1
0 1 0 1 0 0 1 0 1 0 0 0 0 0 0 0
0 1 1 0 1 1 1 0 1 0 1 0 1 0 1 1
0 1 0 0 0 1 0 1 0 1 0 0 1 1 1 0
1 1 0 0 1 1 0 0 0 1 0 1 0 1 0 0
0 0 0 0 1 0 0 1 1 0 1 0 1 0 0 1
1 0 0 1 0 1 0 1 0 0 1 1 0 0 1 1
0 1 1 1 0 0 0 1 1 0 1 0 1 1 0 0
18 19 24 24 27 29 48 7 54 4 43 45 11 62 28 52
13 20 13 61 13 22 40 46 41 45 27 20 59 61 52 35
22 5 55 55 30 52 24 45 42 19 28 43 9 39 14 27
62 62 28 54 9 54 55 45 55 56 30 43 14 28 3 40
51 41 57 59 30 29 35 57 38 13 51 21 40 14 37 50
30 50 53 46 23 6 37 12 50 9 58 43 27 57 43 61
16 26 29 7 26 7 26 15 61 17 20 4 48 24 26 49
30 16 14 36 41 56 44 27 60 13 39 40 38 49 29 51
54 36 23 43 25 9 39 27 55 3 28 14 18 15 61 52
20 51 16 44 26 17 56 25 47 30 14 16 7 11 3 13
5 59 43 13 47 46 58 8 62 28 50 19 62 26 43 37
8 39 26 12 4 43 26 59 14 57 6 28 39 61 58 24
52 54 14 6 40 58 7 22 14 49 11 46 4 42 22 3
3 17 16 21 39 20 24 56 41 20 37 11 55 3 5 61
53 25 28 48 19 50 4 39 8 15 51 40 19 5 40 62
26 54 58 55 21 27 7 36 41 17 48 24 39 47 25 19
