0 0 0 0 1 0 0 0 1 1 1 0 0 1 1 0
0 1 1 1 1 0 1 0 1 0 0 1 0 0 0 0
1 0 1 1 1 0 1 0 0 1 0 0 1 1 0 0
1 0 1 1 1 1 0 1 1 1 1 1 0 0 1 1
0 0 0 1 0 0 0 0 1 1 0 0 0 1 1 0
0 0 1 1 1 0 0 0 1 0 1 0 0 0 1 0
0 1 1 0 0 0 0 1 0 1 1 1 0 1 0 0
0 1 0 1 1 0 1 1 1 1 1 0 1 1 0 0
0 1 1 0 1 0 0 1 0 1 0 1 0 1 0 1
0 0 0 0 1 0 0 0 1 0 1 1 0 0 0 0
1 1 0 0 1 1 0 1 0 0 0 0 0 1 1 1
1 1 0 0 0 0 0 0 1 0 0 0 1 1 0 1
1 0 1 1 1 0 0 1 1 0 0 0 1 1 1 1
0 1 1 0 0 0 0 1 1 1 0 0 0 1 1 1
0 0 1 1 0 1 0 1 0 0 0 1 1 1 0 1
0 1 1 1 1 0 1 1 1 0 1 1 1 0 0 0
11 17 8 6 62 19 5 28 60 56 53 24 15 58 44 10
13 44 61 42 49 12 42 9 44 3 26 35 15 15 21 16
45 8 54 38 61 4 43 20 4 40 5 10 39 40 17 29
40 22 44 53 46 53 25 50 58 59 40 62 3 9 52 40
6 11 30 37 6 10 29 4 60 59 15 17 26 45 56 8
4 16 59 62 53 22 22 12 48 11 38 12 23 21 45 19
20 36 53 13 4 30 15 57 23 46 44 50 6 51 29 17
3 37 3 49 60 13 51 47 55 55 53 17 51 54 20 30
21 52 40 18 62 28 14 36 23 47 10 54 18 35 14 51
13 16 22 21 38 25 7 23 56 16 36 58 4 12 29 5
39 37 11 25 47 47 18 44 17 7 30 17 17 51 37 58
52 49 16 10 9 11 13 10 56 27 18 18 39 43 7 54
43 19 37 37 43 9 25 61 35 13 15 20 47 46 58 47
22 48 62 4 20 11 14 37 39 40 13 14 14 35 38 57
18 8 54 41 20 62 24 58 24 13 15 45 47 38 26 42
25 45 35 37 60 30 56 44 35 19 50 48 58 27 11 27
