0 1 0 0 0 1 1 1 0 0 0 0 0 1 0 1
0 0 0 1 1 1 1 1 1 1 0 1 1 1 1 1
1 1 0 0 1 1 0 1 0 0 0 0 0 1 0 1
0 0 1 1 0 0 1 1 1 0 0 0 1 0 1 0
0 0 0 1 0 0 0 0 1 1 1 1 0 1 1 1
0 0 0 0 1 1 1 0 1 1 1 1 0 1 0 1
1 1 0 0 1 1 0 1 1 0 1 1 0 0 1 1
1 1 1 0 0 1 1 0 0 0 0 0 1 0 0 1
1 0 1 0 0 0 1 0 0 0 1 0 0 0 1 1
0 1 0 0 0 1 0 0 1 0 0 0 0 0 0 1
1 0 0 1 1 1 0 1 0 1 1 1 1 1 0 0
0 0 1 1 0 1 1 0 0 1 1 1 0 1 1 0
1 1 0 0 1 1 1 1 0 1 1 0 1 1 1 1
1 1 0 1 0 1 0 0 0 0 1 1 0 1 1 0
0 0 0 1 1 0 1 1 1 1 0 1 0 1 0 0
0 0 1 0 0 1 1 1 1 0 0 1 0 0 1 1
23 49 10 6 26 53 54 62 30 30 28 23 6 35 17 61
26 5 20 42 61 47 52 62 54 38 12 54 54 44 43 58
52 49 24 8 53 37 3 53 28 12 24 3 27 43 5 40
25 29 49 35 17 14 46 41 44 9 27 7 52 25 58 16
16 6 4 60 25 15 23 7 56 58 46 51 18 56 35 54
9 19 17 13 47 59 62 30 38 51 53 37 3 62 6 36
57 35 29 29 53 46 27 50 53 11 52 53 22 28 58 39
55 41 55 20 4 60 39 10 15 13 14 25 56 12 6 58
38 4 62 26 6 30 52 9 6 12 51 25 20 13 51 41
9 37 18 21 16 49 19 27 55 23 8 15 30 18 26 41
51 27 20 43 45 54 8 48 20 43 58 39 54 45 15 4
26 6 59 61 30 50 41 7 10 50 44 43 29 39 57 20
60 51 14 26 52 58 39 37 11 39 41 12 43 48 37 39
37 36 24 45 12 55 13 16 11 9 54 42 20 43 36 17
10 23 13 52 40 14 45 56 46 54 22 36 30 40 6 19
28 26 55 15 9 49 41 54 45 8 28 43 22 9 60 54
