0 1 0 1 1 0 0 1 1 0 1 1 0 1 0 1
0 1 1 1 1 1 1 1 0 0 0 1 1 0 0 0
0 0 1 1 1 1 0 1 0 0 1 1 0 1 1 1
0 1 0 1 0 0 0 0 1 1 1 0 1 1 1 0
0 1 1 1 0 1 1 1 1 0 0 1 0 1 0 1
1 1 1 0 1 0 0 1 1 0 1 1 0 1 1 1
0 0 0 1 0 0 0 0 0 1 1 0 0 0 0 0
1 1 0 1 0 1 0 0 0 0 1 0 1 1 0 1
1 1 0 1 0 0 1 1 0 0 1 1 1 1 0 0
1 1 0 1 0 0 1 0 0 0 1 0 0 1 1 1
0 1 0 0 1 1 0 1 1 1 1 0 0 0 0 0
1 1 1 0 1 1 0 1 0 1 1 0 0 0 1 1
0 1 0 0 0 1 0 1 0 1 1 1 0 0 1 0
1 0 1 1 1 0 0 1 0 0 0 1 1 0 0 1
1 1 1 0 0 1 1 0 1 0 1 1 1 0 0 1
0 1 0 0 1 1 1 0 0 0 0 1 1 0 1 1
24 55 6 38 42 6 27 38 60 23 45 55 9 55 14 44
22 51 42 37 41 48 49 56 12 21 27 52 44 4 3 20
26 9 60 40 47 53 13 39 25 23 48 35 24 45 54 45
13 61 4 35 22 23 13 4 36 46 50 7 58 46 48 22
10 43 50 35 15 61 36 45 53 11 24 55 11 51 27 59
56 41 37 3 42 20 20 37 47 17 56 40 8 46 48 50
13 21 13 38 9 28 25 10 13 35 42 10 19 30 19 3
43 60 30 44 15 46 25 30 9 10 45 20 53 38 19 46
38 46 21 40 25 22 42 62 16 9 44 52 41 62 20 22
45 45 8 61 8 30 44 20 10 12 43 7 18 36 41 43
18 39 23 29 46 56 24 45 50 61 58 6 22 11 24 13
48 46 43 6 41 37 20 40 16 52 38 12 24 6 38 50
30 38 22 13 30 35 15 36 22 49 44 38 14 25 62 30
45 26 48 62 50 28 13 51 29 22 4 43 57 27 3 62
55 59 35 26 6 54 39 24 57 18 57 40 62 29 15 50
28 46 27 11 44 38 58 19 29 20 25 58 50 23 47 38
