1 1 1 1 1 1 0 0 1 0 1 1 1 1 0 1
1 0 0 1 1 0 1 1 0 0 0 0 1 1 1 1
1 1 0 0 0 0 0 0 1 1 1 0 0 0 1 0
0 1 1 0 1 0 1 1 0 0 1 1 0 0 1 0
1 1 1 0 0 0 0 0 0 0 1 1 0 0 1 1
0 1 1 0 0 0 0 0 0 0 0 1 0 1 0 0
0 0 1 1 0 0 1 1 0 1 0 0 0 1 1 0
0 1 1 1 1 0 1 0 1 0 0 1 1 1 0 0
1 0 1 1 1 0 0 0 0 1 1 1 1 0 0 1
1 0 0 0 0 0 0 1 0 0 1 1 0 0 1 0
0 0 0 0 0 0 0 1 1 1 0 0 0 0 0 0
1 1 0 0 0 1 0 0 1 1 1 1 1 0 0 0
1 1 1 1 0 0 0 1 0 0 0 0 0 1 0 1
0 0 1 0 1 0 1 0 1 0 0 1 1 1 1 0
0 0 0 1 1 1 1 0 1 1 0 0 1 0 0 0
1 1 0 1 1 1 0 1 0 0 1 1 0 1 0 1
7 9 11 13 15 17 6 8 19 10 21 23 25 27 12 29
31 14 16 33 35 18 37 39 20 22 24 26 41 43 45 47
49 51 28 30 32 34 36 38 53 55 57 40 42 44 59 46
48 61 7 50 9 52 11 13 54 56 15 17 58 60 19 6
21 23 25 8 10 12 14 16 18 20 27 29 22 24 31 33
26 35 37 28 30 32 34 36 38 40 42 39 44 41 46 48
50 52 43 45 54 56 47 49 58 51 60 6 8 53 55 10
12 57 59 61 7 14 9 16 11 18 20 13 15 17 22 24
19 26 21 23 25 28 30 32 34 27 29 31 33 36 38 35
37 40 42 44 46 48 50 39 52 54 41 43 56 58 45 60
6 8 10 12 14 16 18 47 49 51 20 22 24 26 28 30
53 55 32 34 36 57 38 40 59 61 7 9 11 42 44 46
13 15 17 19 48 50 52 21 54 56 58 60 6 23 8 25
10 12 27 14 29 16 31 18 33 20 22 35 37 39 41 24
26 28 30 43 45 47 49 32 51 53 34 36 55 38 40 42
57 59 44 61 7 9 46 11 48 50 13 15 52 17 54 19
