1 0 1 0 1 1 1 1 0 1 0 1 1 1 1 0
1 0 1 1 1 1 0 0 0 1 1 1 1 0 1 1
0 1 0 1 1 1 0 1 0 0 1 0 0 1 1 1
0 0 0 0 0 1 0 0 0 0 1 0 0 0 1 0
0 0 0 1 0 1 0 0 1 1 0 0 1 0 1 0
1 1 1 0 1 1 0 0 0 1 0 0 0 0 1 1
1 1 1 0 0 1 0 0 1 0 0 1 1 1 1 1
1 0 1 1 0 0 1 0 1 1 1 0 1 1 0 0
1 1 1 0 1 1 1 0 0 0 1 0 1 0 1 0
0 0 0 0 0 0 0 0 0 0 1 1 1 1 1 0
0 0 1 0 1 0 0 0 0 1 1 0 1 1 0 1
1 1 0 0 1 1 0 1 1 0 1 1 0 0 0 1
1 0 0 1 1 0 1 1 1 1 0 0 1 1 1 1
0 1 0 0 0 0 0 1 0 1 1 1 1 0 0 0
0 0 0 1 1 0 0 0 1 0 0 1 0 0 1 0
1 0 1 1 0 0 0 1 0 0 1 1 1 1 0 1
44 11 48 15 42 47 57 57 16 39 3 58 40 37 58 8
39 16 41 61 40 58 27 13 21 45 37 59 36 27 44 54
23 53 22 55 54 60 29 51 13 25 41 10 16 40 61 51
16 28 27 16 7 40 28 14 11 22 50 27 22 19 51 29
21 28 10 62 4 62 25 30 49 60 28 27 57 3 46 12
49 49 49 30 36 41 22 9 16 39 12 16 20 15 50 47
52 55 42 16 28 41 24 29 55 24 17 42 50 48 53 51
40 4 47 46 26 19 53 6 54 39 59 26 62 35 16 14
44 51 45 22 56 59 54 14 25 21 57 11 60 27 44 3
7 19 12 26 4 8 23 19 26 30 35 45 55 56 62 19
17 27 62 5 54 20 20 4 15 51 52 7 61 54 13 44
39 47 17 9 50 58 18 43 47 16 54 59 15 6 5 59
52 21 21 48 35 8 40 35 40 39 23 11 40 49 37 47
25 47 3 19 13 21 12 58 22 56 49 51 50 22 29 28
16 13 8 38 52 8 21 30 54 27 25 44 17 23 35 4
49 9 52 51 22 25 21 56 14 24 40 61 56 57 4 48
