1 1 1 0 1 0 0 1 1 1 1 1 1 1 1 1
0 1 1 1 0 1 1 1 1 1 0 1 1 0 0 0
0 1 0 1 1 1 0 1 1 1 1 1 0 1 1 0
1 1 1 0 0 1 1 0 0 0 0 1 1 1 0 0
1 1 1 0 1 1 1 0 1 1 1 1 1 0 1 1
1 1 0 0 0 0 0 0 0 0 1 1 0 0 0 0
0 0 0 1 0 1 1 0 0 0 0 1 1 0 1 0
0 0 1 1 1 1 1 1 1 1 1 1 1 0 0 1
0 1 1 0 1 0 1 1 0 1 0 1 0 1 1 0
0 1 0 0 0 0 0 1 1 0 0 1 1 0 1 1
1 1 1 1 0 0 0 1 1 0 0 0 0 0 0 1
0 1 1 1 0 1 0 1 1 0 1 0 1 1 1 0
0 1 1 1 1 0 1 0 1 1 1 0 1 1 1 0
1 1 1 1 1 1 0 0 0 0 1 0 1 0 0 0
0 0 1 0 1 0 1 0 0 1 1 1 0 1 1 0
0 1 0 1 1 0 1 1 1 1 0 0 1 1 0 0
61 62 49 27 56 23 3 43 62 48 35 53 58 53 50 35
18 61 62 46 9 43 62 44 55 57 15 48 60 5 16 15
15 48 9 42 48 51 13 62 48 47 40 44 18 42 35 15
59 55 48 6 16 50 37 19 14 3 3 60 38 43 14 4
49 58 40 25 46 42 39 29 53 41 42 44 47 16 52 55
39 44 6 9 14 24 19 20 20 17 59 40 9 10 9 14
8 29 11 51 12 60 59 26 23 14 11 47 58 25 37 19
26 30 37 46 53 62 40 41 45 56 60 58 60 25 3 40
28 49 49 6 42 21 45 40 9 50 5 35 15 47 51 5
11 44 3 3 19 27 18 56 54 20 13 41 56 22 54 56
57 54 35 40 17 24 21 47 52 14 12 7 11 26 20 56
17 51 49 36 17 39 28 44 45 14 56 22 46 60 45 19
18 58 59 61 50 12 38 6 59 62 42 29 50 51 54 12
42 36 60 54 50 50 11 14 30 11 48 10 50 11 14 9
16 3 49 18 47 11 41 25 3 38 57 57 6 38 61 9
20 40 22 50 62 20 45 47 35 57 15 19 57 57 29 14
