0 1 1 0 1 1 0 1 1 1 0 1 1 1 1 1
1 0 0 0 0 1 0 1 1 1 0 1 1 1 0 1
1 1 1 1 0 1 0 0 1 1 1 0 1 0 1 1
0 1 1 1 1 0 1 0 0 1 1 0 0 1 0 0
0 0 0 0 1 0 0 0 1 1 0 0 1 1 1 0
1 0 1 0 1 0 0 0 0 0 0 1 1 0 0 1
0 1 0 1 1 0 0 1 1 1 0 0 0 0 1 1
1 1 0 0 1 1 0 0 1 1 0 1 0 1 0 1
1 1 0 1 1 1 1 1 1 0 1 0 0 0 0 1
0 0 0 1 1 1 1 1 1 0 1 0 0 0 1 0
1 1 1 1 0 1 0 1 1 0 1 0 0 1 0 0
0 1 0 1 1 1 0 0 1 0 0 0 0 1 0 1
0 0 0 0 1 0 1 0 1 1 0 0 0 1 1 1
0 0 1 1 0 0 0 0 1 1 0 0 1 0 1 1
1 1 0 1 1 0 1 0 1 1 1 0 0 0 1 1
1 0 1 0 1 1 1 1 0 0 0 1 0 1 1 0
22 47 46 13 37 49 7 46 44 60 29 44 36 36 44 47
43 7 20 22 20 55 30 42 57 42 19 37 55 48 23 62
50 50 42 46 15 39 26 18 44 55 54 11 46 3 57 53
4 52 41 44 42 17 61 22 9 38 50 26 30 37 14 29
30 19 17 13 37 21 9 30 43 39 10 28 51 59 56 6
55 23 59 30 35 20 5 26 3 16 23 62 60 29 30 37
19 40 15 40 62 5 16 41 60 39 8 28 8 14 37 59
35 57 4 11 37 53 6 23 43 41 23 52 29 58 17 36
58 36 19 48 61 51 50 59 48 18 49 5 20 18 28 53
27 11 17 43 54 43 44 62 36 29 40 19 17 9 55 3
58 58 48 42 7 52 6 40 55 14 53 26 28 59 26 19
29 40 8 62 50 46 19 23 56 4 21 10 4 56 16 38
22 26 15 15 51 30 40 24 46 55 6 6 13 55 57 50
6 7 41 39 16 12 7 20 50 51 11 13 47 5 47 51
55 52 20 46 44 12 40 6 36 57 49 20 26 5 35 50
39 17 50 21 53 52 54 60 30 3 17 36 13 53 51 21
