0 1 0 0 1 1 0 0 0 1 1 0 1 0 1 0
1 0 1 1 1 0 0 1 1 1 1 1 0 1 0 1
0 0 0 1 0 1 1 0 0 0 1 1 0 0 0 1
0 0 1 0 0 1 0 1 1 1 0 0 1 0 1 1
1 0 1 0 1 1 1 0 0 0 0 0 0 1 0 0
1 0 0 0 0 0 1 0 1 0 1 0 1 0 0 1
1 1 1 0 0 0 0 0 0 1 0 0 0 1 1 1
1 0 0 0 0 1 0 1 1 1 1 1 1 0 1 1
0 0 0 0 0 1 1 0 0 0 0 0 0 1 1 0
1 1 1 0 1 0 0 0 0 1 0 0 0 1 0 0
1 0 0 0 0 0 1 1 0 0 1 1 0 0 1 0
0 0 1 1 1 0 1 1 0 1 1 0 1 1 0 1
1 0 0 1 0 1 1 0 1 0 1 1 0 0 0 1
1 1 0 0 0 0 0 1 1 1 1 1 0 1 0 1
1 0 0 0 1 1 0 1 1 1 0 0 1 0 1 1
1 1 1 0 0 0 1 0 0 1 0 1 0 1 1 0
19 60 17 3 51 50 25 11 21 49 58 22 56 12 41 17
58 8 46 48 35 7 13 47 56 51 61 50 9 57 19 45
17 23 30 35 3 54 45 21 7 30 59 60 10 3 27 58
27 5 44 15 20 35 16 55 55 51 24 26 47 7 62 44
54 27 50 7 41 61 38 11 12 14 16 19 26 54 3 9
48 9 8 23 20 26 54 27 58 27 41 26 48 20 10 54
54 54 35 19 15 30 10 6 18 45 10 22 29 57 53 62
49 14 22 14 28 40 22 55 40 39 40 51 47 29 40 50
17 9 25 16 13 39 35 16 10 23 25 28 19 51 57 9
54 39 46 17 42 23 18 11 29 39 3 23 8 43 4 15
60 11 20 3 9 4 57 45 5 25 54 47 30 8 40 12
3 22 55 61 61 20 40 38 8 51 35 13 55 51 7 39
57 26 13 56 18 38 62 12 58 9 48 37 5 5 8 56
48 52 28 30 11 4 22 38 61 49 59 47 21 54 5 57
49 22 23 6 61 35 28 41 41 52 18 16 56 12 46 40
45 51 46 8 27 28 43 10 28 46 19 55 25 50 49 7
