0 1 0 1 0 1 0 1 1 0 1 1 0 0 0 0
1 0 1 1 1 0 0 1 0 1 1 0 0 1 0 0
0 1 0 0 1 0 0 0 1 1 0 0 0 1 0 0
0 1 1 1 1 0 0 0 0 0 1 0 0 0 1 0
0 0 1 0 1 0 1 0 1 1 0 1 1 1 0 1
1 0 1 1 0 0 0 0 0 1 0 1 0 1 1 1
0 1 0 0 1 0 1 0 1 0 0 1 1 1 1 1
1 0 0 1 0 0 0 0 0 1 0 0 0 0 1 0
1 1 1 1 0 0 1 1 1 1 1 1 0 1 1 0
1 0 1 0 1 0 1 1 0 1 1 1 1 0 1 0
0 1 1 1 0 0 1 1 1 0 1 1 1 1 1 0
1 1 0 0 0 1 1 0 1 0 1 0 0 1 1 0
1 0 1 0 1 0 1 1 1 1 1 0 0 1 1 0
0 0 0 1 1 0 0 1 1 0 0 0 0 0 1 1
0 0 0 1 0 1 0 1 0 1 1 1 1 1 1 0
0 1 1 0 1 0 1 1 1 1 0 1 1 1 0 0
7 46 23 44 5 39 16 40 40 29 50 57 11 15 30 19
37 30 52 45 54 22 10 40 15 48 58 15 7 57 23 29
23 60 30 6 43 5 9 18 49 52 14 3 30 41 19 20
14 37 36 48 50 10 15 23 10 28 35 9 15 21 38 4
12 14 49 30 50 4 58 28 58 62 29 54 58 48 19 62
40 17 35 51 27 17 21 13 19 36 11 45 30 41 38 51
20 41 13 15 36 5 61 3 43 4 10 36 62 38 56 42
42 9 28 41 22 8 12 16 22 37 30 7 4 25 41 20
58 56 41 43 18 9 45 60 35 50 46 43 6 42 55 19
43 23 56 11 46 20 54 50 24 35 37 58 62 10 57 9
7 50 62 60 16 24 59 48 39 21 50 37 54 40 49 8
41 55 15 25 21 43 42 15 56 14 56 13 26 44 61 20
55 22 50 25 55 3 36 49 51 54 61 7 17 41 46 17
29 12 5 41 56 6 20 48 37 7 6 14 20 7 48 59
13 11 20 54 29 47 3 47 3 62 61 37 57 37 56 12
15 60 37 6 56 15 41 56 55 62 19 38 36 37 5 27
