1 0 1 1 0 0 0 0 1 0 0 0 0 0 1 1
0 0 1 1 0 1 1 0 1 1 0 0 0 0 0 1
1 0 0 1 1 1 1 1 0 0 1 0 1 0 0 0
1 1 0 1 0 0 1 1 0 0 0 0 1 0 1 0
1 0 1 0 0 0 0 1 0 1 1 1 1 1 1 0
1 1 0 0 0 0 1 1 0 1 1 1 1 1 1 0
0 1 1 0 1 1 1 0 0 1 1 1 1 0 1 1
1 1 1 0 0 1 0 0 1 0 0 0 0 1 0 1
1 1 1 0 1 1 1 0 0 0 1 0 1 1 1 1
0 1 0 1 1 0 0 1 0 1 1 1 1 0 0 0
0 1 1 0 0 1 0 0 1 1 1 0 1 0 0 1
0 1 0 0 1 0 0 0 1 1 0 1 1 0 1 0
0 1 1 1 1 1 0 0 0 0 0 0 1 0 1 0
0 0 1 0 0 0 0 0 1 0 1 0 1 1 1 1
1 1 0 1 0 0 1 0 1 0 0 0 0 1 0 0
1 1 1 1 1 0 1 0 1 1 0 1 1 1 1 1
60 26 57 59 27 20 6 6 43 14 19 16 13 12 48 61
13 11 54 55 12 60 42 21 52 44 6 26 9 27 15 35
47 18 25 46 55 36 45 47 27 12 36 22 49 14 17 6
47 43 24 46 29 4 49 60 20 29 3 9 49 22 37 5
38 21 61 12 16 18 8 59 14 39 57 58 58 48 60 25
59 42 13 27 30 25 54 51 13 41 35 56 59 45 43 10
29 56 36 30 45 35 35 10 6 47 43 60 37 17 40 39
54 52 35 13 17 54 14 8 46 21 15 12 21 42 20 57
54 54 39 12 53 49 56 26 11 7 51 27 47 50 50 62
16 38 5 35 51 28 11 35 18 37 44 39 51 18 10 6
22 50 52 28 16 62 8 26 51 48 35 25 40 14 14 39
3 37 18 17 43 3 7 24 41 52 9 35 41 12 43 18
24 36 58 46 51 36 23 10 12 10 29 8 59 17 45 3
4 17 50 11 11 7 9 17 56 25 37 10 39 53 38 44
50 46 22 56 17 5 43 23 39 9 9 18 18 45 5 15
43 44 56 44 60 19 55 28 62 49 3 35 61 50 45 54
