0 1 1 0 1 1 1 1 0 0 1 0 1 0 1 1
0 0 1 1 1 0 1 1 0 1 1 1 1 1 1 0
1 1 0 0 1 1 1 0 0 0 0 0 1 0 1 1
0 0 1 1 0 1 1 1 1 1 1 1 0 0 0 0
0 0 1 0 1 1 0 1 1 0 0 0 1 1 1 0
0 1 0 0 0 1 0 0 1 0 0 1 1 0 0 1
1 1 0 0 0 0 0 1 1 1 0 1 1 0 0 0
0 1 1 1 0 1 1 0 1 1 1 1 0 1 1 1
0 1 0 1 1 1 1 0 0 1 1 1 0 0 0 0
1 1 0 0 1 1 0 1 0 1 0 0 0 1 0 0
0 0 0 0 1 0 0 0 0 0 0 1 1 0 0 0
1 1 1 1 0 1 1 0 0 0 1 1 0 1 1 1
0 1 0 1 0 1 1 1 1 1 1 0 1 0 1 1
1 0 0 0 0 1 1 1 0 1 1 0 1 0 0 0
1 0 0 0 1 0 1 1 1 1 0 0 0 0 1 1
0 1 1 1 0 1 0 0 0 0 1 0 1 1 0 1
23 41 52 28 61 50 42 51 12 30 60 25 62 17 53 41
22 4 60 37 43 20 55 55 17 56 62 35 59 60 60 12
61 48 10 3 54 62 61 22 24 26 9 7 49 19 52 42
6 13 47 47 23 59 62 58 38 41 39 50 23 22 18 9
15 5 48 28 59 42 6 38 42 28 14 30 37 49 58 27
24 62 4 17 21 48 21 25 38 30 13 55 40 17 4 45
60 54 18 3 22 15 10 43 49 56 12 55 41 19 9 30
18 41 60 38 5 48 56 20 48 35 36 43 26 60 41 49
30 52 22 59 41 49 44 20 28 43 43 59 22 21 3 30
47 46 19 4 56 60 16 43 7 56 14 4 28 59 20 17
5 24 5 4 44 20 12 20 22 28 19 43 41 13 24 10
54 45 36 39 29 39 62 24 7 6 42 61 15 50 46 35
20 40 17 42 10 47 61 54 52 36 37 3 61 15 60 50
48 22 14 7 14 42 40 44 29 42 42 25 48 29 18 23
43 5 26 14 57 22 55 61 38 41 11 28 16 25 61 51
17 35 52 35 12 46 6 23 22 8 35 28 39 40 4 56
