1 0 0 0 1 0 0 0 0 0 0 1 1 1 1 1
0 1 0 1 1 1 1 1 1 0 0 0 0 1 0 0
0 1 1 1 1 0 1 0 1 0 1 1 0 1 0 1
1 0 1 0 1 0 0 0 0 0 1 0 0 0 1 1
0 1 0 0 1 0 1 0 1 0 1 1 1 1 0 0
0 1 0 0 0 0 1 0 0 0 1 0 1 0 0 1
0 1 0 0 0 0 0 0 0 1 0 0 0 1 1 0
1 0 1 0 0 0 0 1 1 1 0 1 0 0 1 1
0 0 1 0 0 1 0 1 0 1 0 1 1 0 1 0
1 0 1 0 0 1 0 0 0 1 1 0 1 1 0 1
0 1 1 1 1 0 0 0 0 0 1 1 0 1 0 1
1 1 0 0 1 1 1 1 1 0 0 1 0 1 1 1
1 1 0 1 1 0 0 0 1 0 0 0 0 0 0 1
1 1 0 0 1 1 0 0 0 0 1 0 0 1 1 0
0 0 1 0 1 0 0 0 1 1 0 0 0 1 0 1
0 0 1 0 0 0 0 1 0 1 1 0 1 1 0 1
45 25 20 3 44 29 12 30 13 27 16 43 62 38 55 46
27 58 19 49 47 43 44 38 60 6 23 17 24 46 20 30
28 57 45 60 36 8 46 29 62 29 61 38 25 60 23 41
36 13 39 5 48 27 27 25 28 11 52 26 16 19 53 38
6 61 28 18 42 6 47 20 40 30 50 52 59 62 23 11
26 37 3 6 4 9 48 7 11 25 41 18 51 23 29 42
20 45 7 12 18 4 27 15 28 58 14 23 28 56 54 14
47 25 50 29 25 3 11 58 42 48 28 59 22 5 40 51
16 19 39 12 10 41 26 40 22 55 22 52 46 20 48 13
57 20 51 4 18 41 16 8 18 48 51 20 57 47 8 50
23 37 44 42 44 18 12 11 28 29 57 37 26 60 9 47
44 41 30 19 52 41 46 40 41 13 15 55 12 35 59 38
58 36 27 46 45 20 27 18 58 12 9 25 20 18 4 46
60 51 6 14 45 55 3 16 3 20 54 18 12 52 48 22
26 13 42 22 60 8 27 28 45 36 8 19 14 53 28 45
7 20 52 28 10 13 11 36 9 56 56 20 36 61 18 40
