1 0 1 0 0 1 0 1 0 0 0 1 1 0 0 1
0 0 0 0 0 1 1 1 0 0 0 1 0 1 1 1
0 0 0 1 1 0 0 0 0 1 1 0 1 0 1 1
0 0 1 1 0 0 0 1 1 0 1 0 1 0 1 1
0 0 0 1 1 0 0 1 1 0 0 0 0 1 1 0
1 0 1 0 1 1 0 0 0 0 1 0 1 0 1 0
1 1 0 0 0 0 1 0 1 1 1 0 1 0 0 0
0 1 0 1 0 0 0 1 0 0 1 0 1 0 1 0
1 0 1 1 1 0 0 0 0 1 1 1 1 0 0 1
0 1 1 0 1 0 1 1 1 1 0 1 1 1 0 0
1 0 0 1 0 1 1 1 1 0 0 1 0 1 0 0
0 1 1 0 0 1 0 1 1 0 1 0 0 0 1 1
0 0 1 1 1 0 1 0 0 1 0 0 1 1 1 1
0 1 1 0 0 0 1 1 0 0 0 0 0 1 1 1
0 0 1 1 0 0 1 0 1 0 1 0 1 1 1 0
0 0 0 1 0 0 1 1 0 0 0 0 0 1 0 0
53 9 60 19 29 46 15 54 27 18 28 55 38 4 7 39
15 23 5 26 9 61 36 42 15 27 25 46 21 55 58 54
9 22 12 46 48 17 22 12 28 49 37 6 50 19 47 60
25 21 48 41 17 12 25 60 57 27 38 29 45 7 36 47
18 10 13 45 39 15 6 61 61 17 12 12 29 46 38 25
55 18 58 10 53 45 30 24 30 27 38 15 43 29 47 22
53 52 29 27 29 13 56 27 62 62 49 10 38 19 5 8
19 37 21 52 25 29 22 46 10 20 51 11 42 17 48 18
48 22 54 54 37 4 16 27 16 48 35 51 58 30 18 47
20 54 58 29 49 22 36 52 40 51 3 35 46 41 25 15
44 8 5 58 26 52 62 52 59 30 17 48 17 59 22 23
4 59 42 25 6 62 27 52 61 21 54 30 19 23 60 53
27 11 48 61 49 5 43 10 4 60 23 15 62 50 48 56
20 59 42 13 21 18 51 51 3 17 25 15 9 35 53 55
23 5 37 35 30 3 57 9 35 28 49 20 54 50 35 12
21 25 25 56 11 27 57 49 15 20 7 18 9 43 7 26
