1 0 1 1 1 0 1 0 1 0 0 1 0 1 1 1
1 1 1 1 0 1 0 0 0 0 1 1 0 1 1 0
0 0 1 0 1 1 1 0 0 1 1 0 0 0 1 1
0 1 1 0 1 1 0 0 1 1 0 0 1 1 1 1
1 0 1 1 0 0 0 1 1 0 1 1 0 0 0 0
1 0 1 0 1 1 0 1 1 0 1 0 0 0 0 1
1 0 1 0 1 1 1 0 1 1 0 1 1 1 0 0
0 1 0 0 0 1 0 0 0 0 1 0 1 0 0 0
1 1 1 1 0 0 0 0 1 1 0 0 0 0 0 1
1 1 0 0 1 1 1 0 1 1 1 0 0 0 0 1
0 1 1 0 0 1 0 0 1 0 0 1 0 1 1 1
1 1 1 1 0 1 1 1 1 0 0 1 1 1 1 1
1 0 0 0 0 0 0 1 0 1 0 0 1 1 0 1
1 0 1 0 1 0 0 0 1 1 1 1 0 0 1 0
0 0 1 1 1 1 0 1 1 1 0 0 1 0 0 0
1 1 1 1 1 1 0 0 1 0 1 1 1 1 1 1
57 27 49 55 45 4 38 26 37 28 30 47 26 56 58 46
46 39 47 55 25 53 11 11 6 15 43 59 25 50 43 4
12 29 52 29 52 52 40 15 4 39 58 8 23 8 47 60
29 59 41 25 61 60 29 8 40 62 29 24 41 39 42 41
43 7 62 47 12 5 16 52 51 6 49 45 13 5 17 5
62 18 45 23 49 54 4 49 52 5 45 7 30 7 3 36
50 29 60 5 50 44 42 4 48 49 12 52 40 41 21 15
6 40 21 24 26 44 6 16 8 15 36 29 44 30 9 3
44 36 51 61 25 5 13 17 48 55 20 20 19 30 23 48
38 44 21 15 42 52 58 16 57 50 47 3 9 7 28 57
26 46 45 13 18 48 21 23 35 23 13 58 16 59 49 50
45 59 48 49 25 50 43 45 58 29 16 53 54 46 38 61
56 3 24 6 30 24 6 53 25 46 14 7 39 60 21 61
56 11 38 12 50 13 30 10 60 55 57 48 11 28 39 11
14 24 51 39 59 54 24 40 40 52 10 16 57 6 17 12
48 40 60 49 53 35 30 15 38 21 55 56 47 58 49 61
