1 0 1 0 1 0 0 1 0 0 0 0 1 0 0 0
1 0 0 1 1 0 0 0 0 1 1 1 1 1 1 0
0 0 1 0 1 1 1 0 1 1 1 0 0 1 1 1
0 0 1 0 0 1 1 1 1 1 1 0 1 0 0 1
1 1 1 1 0 0 1 0 0 0 0 0 1 0 1 1
0 1 0 1 1 1 0 1 0 0 1 0 1 0 0 0
0 0 0 1 1 0 1 1 0 1 0 0 1 0 0 0
0 1 1 1 0 0 0 1 0 1 0 1 1 1 1 0
1 0 0 0 0 1 1 0 0 1 1 0 0 0 0 0
0 0 1 0 1 0 1 1 0 1 0 0 0 1 1 1
1 1 1 0 1 0 0 1 0 0 0 0 1 1 1 1
1 1 0 0 0 1 1 1 0 1 0 0 1 0 1 0
0 0 1 1 1 0 1 0 1 0 0 0 1 0 0 1
0 0 0 0 0 0 1 1 0 1 0 0 0 1 1 0
1 1 1 1 1 0 1 0 1 1 0 1 0 1 1 1
1 0 1 0 0 0 0 1 0 0 1 1 0 0 0 0
56 7 51 24 43 17 10 61 23 15 5 12 50 21 10 17
49 27 30 56 52 18 16 22 14 58 54 42 56 53 46 6
14 22 39 17 50 39 61 25 54 53 52 30 26 52 62 42
11 17 39 16 19 39 48 44 36 39 45 26 56 7 13 41
58 50 47 47 5 4 39 16 22 20 12 29 45 25 49 53
21 61 15 39 56 58 21 44 10 27 35 9 45 17 14 27
17 23 16 36 59 23 42 46 17 39 30 19 57 18 25 17
9 60 38 35 13 4 9 58 19 56 11 44 51 52 53 19
37 11 15 25 30 46 37 21 21 41 48 16 11 19 28 9
13 27 45 10 52 17 53 59 28 49 28 3 14 60 49 60
55 36 48 22 52 24 22 49 11 21 16 27 55 58 51 62
38 58 7 25 17 35 42 55 20 54 11 5 59 30 37 11
12 27 55 53 36 4 41 9 60 5 9 22 50 14 5 36
13 16 4 6 7 10 38 49 23 62 8 16 12 38 50 28
40 61 40 59 51 26 62 17 50 41 7 54 6 59 57 45
58 30 56 13 26 18 5 36 12 8 62 56 16 13 8 26
