0 0 0 0 0 0 0 0 0 0 0 0 0 0 0 0
0 0 0 0 0 0 0 0 0 0 0 0 0 0 0 0
0 0 0 0 0 0 0 0 0 0 0 0 0 0 0 0
0 0 0 0 0 0 0 0 0 0 0 0 0 0 0 0
0 0 0 0 0 0 0 0 0 0 0 0 0 0 0 0
0 0 0 0 0 0 0 0 0 0 0 0 0 0 0 0
0 0 0 0 0 0 0 0 0 0 0 0 0 0 0 0
0 0 0 0 0 0 0 0 0 0 0 0 0 0 0 0
1 1 1 1 1 1 1 1 1 1 1 1 1 1 1 1
1 1 1 1 1 1 1 1 1 1 1 1 1 1 1 1
1 1 1 1 1 1 1 1 1 1 1 1 1 1 1 1
1 1 1 1 1 1 1 1 1 1 1 1 1 1 1 1
1 1 1 1 1 1 1 1 1 1 1 1 1 1 1 1
1 1 1 1 1 1 1 1 1 1 1 1 1 1 1 1
1 1 1 1 1 1 1 1 1 1 1 1 1 1 1 1
1 1 1 1 1 1 1 1 1 1 1 1 1 1 1 1
3 4 5 6 7 3 4 5 6 7 3 4 5 6 7 3
4 5 6 7 3 4 5 6 7 3 4 5 6 7 3 4
5 6 7 3 4 5 6 7 3 4 5 6 7 3 4 5
6 7 3 4 5 6 7 3 4 5 6 7 3 4 5 6
7 3 4 5 6 7 3 4 5 6 7 3 4 5 6 7
3 4 5 6 7 3 4 5 6 7 3 4 5 6 7 3
4 5 6 7 3 4 5 6 7 3 4 5 6 7 3 4
5 6 7 3 4 5 6 7 3 4 5 6 7 3 4 5
16 17 13 14 15 16 17 13 14 15 16 17 13 14 15 16
17 13 14 15 16 17 13 14 15 16 17 13 14 15 16 17
13 14 15 16 17 13 14 15 16 17 13 14 15 16 17 13
14 15 16 17 13 14 15 16 17 13 14 15 16 17 13 14
15 16 17 13 14 15 16 17 13 14 15 16 17 13 14 15
16 17 13 14 15 16 17 13 14 15 16 17 13 14 15 16
17 13 14 15 16 17 13 14 15 16 17 13 14 15 16 17
13 14 15 16 17 13 14 15 16 17 13 14 15 16 17 13
