0 0 0 0 0 0 0 0 0 0 0 0 0 0 0 0
0 0 0 0 0 0 0 0 0 0 0 0 0 0 0 0
0 0 0 0 0 0 0 0 0 0 0 0 0 0 0 0
0 0 0 0 0 0 0 0 0 0 0 0 0 0 0 0
0 0 0 0 0 0 0 0 0 0 0 0 0 0 0 0
0 0 0 0 0 0 0 0 0 0 0 0 0 0 0 0
0 0 0 0 0 0 0 0 0 0 0 0 0 0 0 0
0 0 0 0 0 0 0 0 0 0 0 0 0 0 0 0
1 1 1 1 1 1 1 1 1 1 1 1 1 1 1 1
1 1 1 1 1 1 1 1 1 1 1 1 1 1 1 1
1 1 1 1 1 1 1 1 1 1 1 1 1 1 1 1
1 1 1 1 1 1 1 1 1 1 1 1 1 1 1 1
1 1 1 1 1 1 1 1 1 1 1 1 1 1 1 1
1 1 1 1 1 1 1 1 1 1 1 1 1 1 1 1
1 1 1 1 1 1 1 1 1 1 1 1 1 1 1 1
1 1 1 1 1 1 1 1 1 1 1 1 1 1 1 1
24 18 27 26 24 11 24 11 4 7 4 18 8 18 3 6
3 27 8 10 6 14 22 4 24 17 20 23 16 30 20 4
19 9 13 20 29 14 23 30 19 7 17 9 30 13 5 22
19 27 10 23 22 7 10 8 3 9 3 21 3 12 19 5
13 15 12 13 4 21 20 22 3 13 18 21 15 20 16 20
25 27 14 15 30 20 5 10 26 24 20 5 28 27 6 23
8 15 21 8 8 28 20 30 5 22 26 16 19 4 25 11
9 22 28 16 3 26 10 29 30 12 16 15 25 19 22 27
54 48 40 56 51 47 43 57 35 54 47 62 36 43 53 36
43 53 40 50 52 47 35 44 54 38 39 46 51 42 61 46
43 41 46 43 41 38 58 47 48 37 57 45 61 55 42 54
43 36 35 44 56 49 38 60 59 50 48 38 41 60 48 55
52 36 38 41 47 46 40 53 57 46 57 53 40 41 58 51
62 45 50 49 57 43 55 49 61 42 43 49 49 46 43 46
60 36 62 54 44 35 43 38 47 52 40 46 62 53 51 38
35 41 51 42 39 42 39 47 44 60 57 59 57 59 36 49
