0 1 1 1 1 1 1 1 0 1 0 0 0 1 1 1
1 1 0 0 1 1 1 1 0 0 0 0 1 1 0 0
1 0 1 1 0 1 0 0 1 0 1 0 1 1 1 1
0 0 0 1 1 1 1 1 0 1 1 1 1 0 1 1
1 0 1 1 0 0 0 0 1 1 1 0 1 0 1 0
1 0 1 0 0 0 1 1 0 0 0 1 0 1 0 0
1 0 0 0 0 1 1 1 1 0 0 0 1 1 0 1
1 0 0 0 1 0 1 1 1 0 1 1 1 1 1 1
0 1 1 0 0 0 0 0 0 1 0 0 0 1 1 0
1 0 0 1 0 1 0 0 0 0 0 1 0 1 0 1
1 1 0 1 0 0 0 1 1 0 1 0 1 0 0 1
1 1 1 1 1 0 0 0 1 1 1 1 0 0 0 0
1 0 0 1 1 0 0 0 0 0 0 0 0 1 1 1
0 0 1 1 0 1 1 0 0 1 1 1 0 1 1 1
0 0 1 0 1 0 1 0 0 0 0 0 0 0 1 1
1 1 0 1 1 0 0 1 0 1 0 1 0 0 0 0
3 14 15 16 17 13 14 15 6 17 3 4 5 16 17 13
14 15 6 7 13 14 15 16 7 3 4 5 16 17 3 4
15 6 17 13 4 15 6 7 13 4 15 6 17 13 14 15
6 7 3 14 15 16 17 13 4 15 16 17 13 4 15 16
17 3 14 15 6 7 3 4 15 16 17 3 14 5 16 7
13 4 15 6 7 3 14 15 6 7 3 14 5 16 7 3
14 5 6 7 3 14 15 16 17 3 4 5 16 17 3 14
15 6 7 3 14 5 16 17 13 4 15 16 17 13 14 15
6 17 13 4 5 6 7 3 4 15 6 7 3 14 15 6
17 3 4 15 6 17 3 4 5 6 7 13 4 15 6 17
13 14 5 16 7 3 4 15 16 7 13 4 15 6 7 13
14 15 16 17 13 4 5 6 17 13 14 15 6 7 3 4
15 6 7 13 14 5 6 7 3 4 5 6 7 13 14 15
6 7 13 14 5 16 17 3 4 15 16 17 3 14 15 16
7 3 14 5 16 7 13 4 5 6 7 3 4 5 16 17
13 14 5 16 17 3 4 15 6 17 3 14 5 6 7 3
