0 0 0 0 0 0 0 0 0 0 0 0 0 0 0 0
0 0 0 0 0 0 0 0 0 0 0 0 0 0 0 0
0 0 0 0 0 0 0 0 0 0 0 0 0 0 0 0
0 0 0 0 0 0 0 0 0 0 0 0 0 0 0 0
0 0 0 0 0 0 0 0 0 0 0 0 0 0 0 0
0 0 0 0 0 0 0 0 0 0 0 0 0 0 0 0
0 0 0 0 0 0 0 0 0 0 0 0 0 0 0 0
0 0 0 0 0 0 0 0 0 0 0 0 0 0 0 0
1 1 1 1 1 1 1 1 1 1 1 1 1 1 1 1
1 1 1 1 1 1 1 1 1 1 1 1 1 1 1 1
1 1 1 1 1 1 1 1 1 1 1 1 1 1 1 1
1 1 1 1 1 1 1 1 1 1 1 1 1 1 1 1
1 1 1 1 1 1 1 1 1 1 1 1 1 1 1 1
1 1 1 1 1 1 1 1 1 1 1 1 1 1 1 1
1 1 1 1 1 1 1 1 1 1 1 1 1 1 1 1
1 1 1 1 1 1 1 1 1 1 1 1 1 1 1 1
6 15 20 11 29 6 28 23 19 23 15 24 16 8 16 28
13 10 28 3 11 15 24 17 29 25 30 22 9 20 5 26
30 24 29 4 23 24 15 13 5 6 25 28 5 6 12 11
18 5 21 30 6 22 22 22 8 6 10 21 16 27 16 21
15 28 14 9 11 11 29 20 27 15 6 23 19 18 16 25
3 16 5 7 30 26 3 24 5 22 5 13 13 15 30 18
21 26 5 13 13 11 5 13 30 14 16 28 15 15 30 10
21 9 22 11 23 16 4 3 21 22 8 30 9 19 21 12
35 53 57 48 41 42 53 46 42 60 40 35 40 50 40 46
35 55 59 50 44 46 58 46 59 50 37 53 60 37 41 43
37 59 43 59 45 62 60 49 55 52 45 62 49 46 48 43
61 40 45 45 36 45 61 61 35 59 60 54 35 38 42 58
46 41 59 45 52 43 58 60 44 37 37 37 56 60 62 51
35 45 42 42 45 36 44 53 45 39 43 55 47 38 53 42
42 49 38 46 55 44 41 52 56 47 62 41 38 40 59 50
52 46 42 48 52 62 58 42 49 44 48 55 58 48 56 45
