0 0 0 0 0 0 0 0 0 0 0 0 0 0 0 0
0 0 0 0 0 0 0 0 0 0 0 0 0 0 0 0
0 0 0 0 0 0 0 0 0 0 0 0 0 0 0 0
0 0 0 0 0 0 0 0 0 0 0 0 0 0 0 0
0 0 0 0 0 0 0 0 0 0 0 0 0 0 0 0
0 0 0 0 0 0 0 0 0 0 0 0 0 0 0 0
0 0 0 0 0 0 0 0 0 0 0 0 0 0 0 0
0 0 0 0 0 0 0 0 0 0 0 0 0 0 0 0
1 1 1 1 1 1 1 1 1 1 1 1 1 1 1 1
1 1 1 1 1 1 1 1 1 1 1 1 1 1 1 1
1 1 1 1 1 1 1 1 1 1 1 1 1 1 1 1
1 1 1 1 1 1 1 1 1 1 1 1 1 1 1 1
1 1 1 1 1 1 1 1 1 1 1 1 1 1 1 1
1 1 1 1 1 1 1 1 1 1 1 1 1 1 1 1
1 1 1 1 1 1 1 1 1 1 1 1 1 1 1 1
1 1 1 1 1 1 1 1 1 1 1 1 1 1 1 1
24 23 17 18 24 5 20 26 11 26 27 24 19 10 22 9
18 18 27 9 12 15 6 9 6 21 14 10 5 5 16 28
5 13 3 14 13 21 4 15 24 8 13 23 19 9 6 16
27 11 19 13 13 4 6 24 9 6 23 28 5 9 24 25
6 7 3 28 11 29 27 20 11 26 13 8 13 9 26 17
9 25 25 10 20 13 20 25 7 26 8 23 16 30 19 28
25 7 11 13 10 15 17 30 11 27 15 29 17 8 27 6
21 29 12 24 23 30 27 21 29 7 25 10 28 9 26 13
42 49 38 52 55 49 55 59 41 38 60 52 43 44 53 38
61 49 58 35 43 44 54 50 48 50 57 38 62 36 51 56
49 41 51 55 45 39 42 48 49 35 50 37 36 42 45 36
53 37 52 49 41 56 57 56 52 60 37 52 41 45 62 41
46 51 39 38 60 58 56 49 36 52 45 42 43 50 41 50
46 45 57 38 52 42 50 62 44 38 47 60 37 62 48 58
47 42 42 45 43 35 62 46 49 49 36 39 40 60 55 59
43 51 47 38 58 54 39 53 59 45 41 54 39 49 55 49
