0 0 0 0 0 0 0 0 0 0 0 0 0 0 0 0
0 0 0 0 0 0 0 0 0 0 0 0 0 0 0 0
0 0 0 0 0 0 0 0 0 0 0 0 0 0 0 0
0 0 0 0 0 0 0 0 0 0 0 0 0 0 0 0
0 0 0 0 0 0 0 0 0 0 0 0 0 0 0 0
0 0 0 0 0 0 0 0 0 0 0 0 0 0 0 0
0 0 0 0 0 0 0 0 0 0 0 0 0 0 0 0
0 0 0 0 0 0 0 0 0 0 0 0 0 0 0 0
1 1 1 1 1 1 1 1 1 1 1 1 1 1 1 1
1 1 1 1 1 1 1 1 1 1 1 1 1 1 1 1
1 1 1 1 1 1 1 1 1 1 1 1 1 1 1 1
1 1 1 1 1 1 1 1 1 1 1 1 1 1 1 1
1 1 1 1 1 1 1 1 1 1 1 1 1 1 1 1
1 1 1 1 1 1 1 1 1 1 1 1 1 1 1 1
1 1 1 1 1 1 1 1 1 1 1 1 1 1 1 1
1 1 1 1 1 1 1 1 1 1 1 1 1 1 1 1
10 7 23 23 15 25 14 8 10 21 14 15 10 3 20 4
9 3 5 10 17 10 14 3 16 11 13 19 15 19 17 11
20 4 15 30 14 14 26 30 20 16 16 30 26 29 18 15
13 30 17 17 5 7 21 10 4 20 27 14 24 20 8 30
5 29 22 4 15 3 25 29 27 13 30 19 12 28 15 23
16 6 17 11 30 10 29 22 18 29 4 23 3 11 26 7
7 18 22 18 16 25 22 3 11 23 26 22 3 19 3 24
13 13 14 19 20 22 4 22 27 12 3 13 28 23 7 14
53 41 52 55 40 47 50 44 58 44 45 35 35 40 47 50
47 40 53 61 37 41 56 42 50 50 36 42 47 35 43 49
40 35 51 61 61 41 57 37 59 49 55 47 39 55 36 55
46 59 40 37 51 59 44 40 56 42 59 55 56 54 49 61
62 46 49 44 51 57 55 56 60 52 39 47 47 59 59 36
57 46 59 57 39 48 48 46 55 48 37 60 52 60 46 44
48 44 46 56 44 36 41 54 52 54 43 45 35 57 39 50
42 37 53 47 47 35 55 58 48 40 40 36 47 46 48 52
