0 0 0 0 0 0 0 0 0 0 0 0 0 0 0 0
0 0 0 0 0 0 0 0 0 0 0 0 0 0 0 0
0 0 0 0 0 0 0 0 0 0 0 0 0 0 0 0
0 0 0 0 0 0 0 0 0 0 0 0 0 0 0 0
0 0 0 0 0 0 0 0 0 0 0 0 0 0 0 0
0 0 0 0 0 0 0 0 0 0 0 0 0 0 0 0
0 0 0 0 0 0 0 0 0 0 0 0 0 0 0 0
0 0 0 0 0 0 0 0 0 0 0 0 0 0 0 0
1 1 1 1 1 1 1 1 1 1 1 1 1 1 1 1
1 1 1 1 1 1 1 1 1 1 1 1 1 1 1 1
1 1 1 1 1 1 1 1 1 1 1 1 1 1 1 1
1 1 1 1 1 1 1 1 1 1 1 1 1 1 1 1
1 1 1 1 1 1 1 1 1 1 1 1 1 1 1 1
1 1 1 1 1 1 1 1 1 1 1 1 1 1 1 1
1 1 1 1 1 1 1 1 1 1 1 1 1 1 1 1
1 1 1 1 1 1 1 1 1 1 1 1 1 1 1 1
30 27 7 15 14 14 9 24 6 18 4 7 3 12 29 28
20 7 6 14 3 23 6 14 15 23 26 21 8 26 30 24
10 21 16 19 16 15 27 8 17 12 28 29 10 7 27 5
18 30 13 16 5 5 20 26 18 10 11 6 11 13 19 9
22 9 20 15 3 9 5 24 11 14 17 14 16 28 5 3
18 20 16 7 29 22 15 18 7 27 16 15 27 26 13 28
26 22 19 20 9 20 19 10 19 27 22 13 5 9 29 7
22 17 13 23 30 18 17 26 3 22 17 27 16 13 14 16
57 37 53 48 52 36 59 37 37 53 58 47 40 53 57 62
39 50 39 49 56 44 48 40 37 40 50 50 49 44 61 46
35 53 37 48 59 36 51 58 47 56 48 53 44 50 55 62
58 57 55 37 49 52 35 37 36 62 36 47 58 56 47 44
49 47 53 51 41 47 36 62 62 40 52 61 59 49 52 54
55 43 52 42 48 60 50 51 37 53 42 44 46 53 52 59
50 52 46 50 57 58 56 38 59 38 58 40 56 55 49 37
45 49 46 39 50 50 56 47 35 46 58 60 62 45 60 61
