0 0 0 0 0 0 0 0 0 0 0 0 0 0 0 0
0 0 0 0 0 0 0 0 0 0 0 0 0 0 0 0
0 0 0 0 0 0 0 0 0 0 0 0 0 0 0 0
0 0 0 0 0 0 0 0 0 0 0 0 0 0 0 0
0 0 0 0 0 0 0 0 0 0 0 0 0 0 0 0
0 0 0 0 0 0 0 0 0 0 0 0 0 0 0 0
0 0 0 0 0 0 0 0 0 0 0 0 0 0 0 0
0 0 0 0 0 0 0 0 0 0 0 0 0 0 0 0
1 1 1 1 1 1 1 1 1 1 1 1 1 1 1 1
1 1 1 1 1 1 1 1 1 1 1 1 1 1 1 1
1 1 1 1 1 1 1 1 1 1 1 1 1 1 1 1
1 1 1 1 1 1 1 1 1 1 1 1 1 1 1 1
1 1 1 1 1 1 1 1 1 1 1 1 1 1 1 1
1 1 1 1 1 1 1 1 1 1 1 1 1 1 1 1
1 1 1 1 1 1 1 1 1 1 1 1 1 1 1 1
1 1 1 1 1 1 1 1 1 1 1 1 1 1 1 1
11 26 9 13 22 26 8 14 13 11 25 18 12 3 26 15
16 15 11 6 14 22 4 22 14 9 25 4 9 29 4 22
10 10 26 18 26 17 27 22 9 5 12 24 14 20 12 11
12 25 3 17 26 9 28 10 28 27 27 19 22 4 10 23
19 22 5 7 29 17 21 13 27 22 15 10 22 11 3 15
3 26 5 15 11 5 17 22 8 13 11 13 6 11 6 26
13 10 4 15 30 15 19 7 17 24 10 22 25 26 9 20
7 15 13 22 27 29 26 16 14 23 19 18 22 10 19 16
38 35 43 58 51 58 37 35 44 45 44 38 47 43 39 48
42 56 54 50 45 50 42 42 61 60 43 43 52 53 53 35
49 60 57 56 41 55 56 54 39 42 48 59 39 37 41 55
53 43 41 57 43 45 43 53 44 49 46 59 49 57 35 62
42 56 48 54 37 36 42 53 62 40 47 36 38 39 58 52
60 51 62 44 56 58 37 49 57 40 59 55 43 58 44 54
53 36 60 40 59 59 45 48 44 43 59 47 60 35 52 42
54 58 50 39 50 57 58 54 50 36 58 42 42 52 56 60
