0 0 0 0 0 0 0 0 0 0 0 0 0 0 0 0
0 0 0 0 0 0 0 0 0 0 0 0 0 0 0 0
0 0 0 0 0 0 0 0 0 0 0 0 0 0 0 0
0 0 0 0 0 0 0 0 0 0 0 0 0 0 0 0
0 0 0 0 0 0 0 0 0 0 0 0 0 0 0 0
0 0 0 0 0 0 0 0 0 0 0 0 0 0 0 0
0 0 0 0 0 0 0 0 0 0 0 0 0 0 0 0
0 0 0 0 0 0 0 0 0 0 0 0 0 0 0 0
1 1 1 1 1 1 1 1 1 1 1 1 1 1 1 1
1 1 1 1 1 1 1 1 1 1 1 1 1 1 1 1
1 1 1 1 1 1 1 1 1 1 1 1 1 1 1 1
1 1 1 1 1 1 1 1 1 1 1 1 1 1 1 1
1 1 1 1 1 1 1 1 1 1 1 1 1 1 1 1
1 1 1 1 1 1 1 1 1 1 1 1 1 1 1 1
1 1 1 1 1 1 1 1 1 1 1 1 1 1 1 1
1 1 1 1 1 1 1 1 1 1 1 1 1 1 1 1
24 9 18 16 6 21 25 6 21 25 3 14 12 12 25 5
27 26 8 13 4 9 21 17 24 15 25 16 6 9 28 12
4 4 11 21 6 11 28 22 18 26 7 13 30 30 20 14
26 23 20 11 23 6 27 24 17 19 19 22 19 23 29 14
30 5 23 12 26 29 3 12 25 14 17 6 6 10 25 5
17 26 22 24 7 18 27 29 9 28 28 4 23 18 6 18
27 7 12 7 25 12 17 16 12 25 24 6 5 13 21 29
14 17 10 20 7 15 3 19 7 18 30 12 14 5 17 3
45 42 47 51 58 45 56 55 51 36 35 62 46 49 37 47
37 56 54 55 62 45 47 36 54 52 54 38 46 61 54 58
49 49 42 56 42 36 37 48 37 38 48 56 55 41 58 47
53 62 44 52 54 35 61 53 39 38 46 47 59 49 61 47
60 49 57 37 50 36 62 44 36 48 52 47 59 53 53 47
51 46 47 48 37 62 59 48 35 49 61 36 49 37 55 36
47 60 57 52 48 37 46 45 59 54 53 60 37 55 51 45
48 56 42 45 59 56 49 48 45 40 44 44 56 47 55 44
