0 0 0 0 0 0 0 0 0 0 0 0 0 0 0 0
0 0 0 0 0 0 0 0 0 0 0 0 0 0 0 0
0 0 0 0 0 0 0 0 0 0 0 0 0 0 0 0
0 0 0 0 0 0 0 0 0 0 0 0 0 0 0 0
0 0 0 0 0 0 0 0 0 0 0 0 0 0 0 0
0 0 0 0 0 0 0 0 0 0 0 0 0 0 0 0
0 0 0 0 0 0 0 0 0 0 0 0 0 0 0 0
0 0 0 0 0 0 0 0 0 0 0 0 0 0 0 0
1 1 1 1 1 1 1 1 1 1 1 1 1 1 1 1
1 1 1 1 1 1 1 1 1 1 1 1 1 1 1 1
1 1 1 1 1 1 1 1 1 1 1 1 1 1 1 1
1 1 1 1 1 1 1 1 1 1 1 1 1 1 1 1
1 1 1 1 1 1 1 1 1 1 1 1 1 1 1 1
1 1 1 1 1 1 1 1 1 1 1 1 1 1 1 1
1 1 1 1 1 1 1 1 1 1 1 1 1 1 1 1
1 1 1 1 1 1 1 1 1 1 1 1 1 1 1 1
25 6 12 6 30 14 12 18 18 22 9 17 3 22 11 16
11 25 29 30 9 27 29 30 21 18 3 13 17 21 14 24
27 8 28 13 14 29 22 7 23 27 29 9 4 5 8 23
5 18 28 17 4 4 24 26 3 15 7 16 8 12 8 25
3 5 16 11 15 19 7 19 16 20 26 4 22 11 29 12
13 6 9 9 16 21 25 17 21 10 14 5 27 23 9 21
30 16 21 11 18 30 11 17 13 19 28 4 24 16 9 10
8 17 24 20 23 3 22 23 5 27 30 19 11 25 22 22
61 48 44 42 58 52 61 51 44 41 45 57 49 62 44 51
58 53 52 40 56 48 54 58 42 39 37 62 61 44 54 53
54 48 37 44 62 39 39 36 55 39 52 35 35 48 45 50
44 46 49 46 53 35 40 62 36 38 44 38 59 37 51 44
40 44 59 37 58 47 62 60 57 42 46 37 37 57 37 56
40 38 48 38 59 37 42 58 57 50 41 61 47 41 52 62
49 39 39 44 58 45 43 35 36 43 61 56 39 47 37 43
43 53 47 62 49 59 55 57 52 40 59 40 50 48 48 55
