0 0 0 0 0 0 0 0 0 0 0 0 0 0 0 0
0 0 0 0 0 0 0 0 0 0 0 0 0 0 0 0
0 0 0 0 0 0 0 0 0 0 0 0 0 0 0 0
0 0 0 0 0 0 0 0 0 0 0 0 0 0 0 0
0 0 0 0 0 0 0 0 0 0 0 0 0 0 0 0
0 0 0 0 0 0 0 0 0 0 0 0 0 0 0 0
0 0 0 0 0 0 0 0 0 0 0 0 0 0 0 0
0 0 0 0 0 0 0 0 0 0 0 0 0 0 0 0
1 1 1 1 1 1 1 1 1 1 1 1 1 1 1 1
1 1 1 1 1 1 1 1 1 1 1 1 1 1 1 1
1 1 1 1 1 1 1 1 1 1 1 1 1 1 1 1
1 1 1 1 1 1 1 1 1 1 1 1 1 1 1 1
1 1 1 1 1 1 1 1 1 1 1 1 1 1 1 1
1 1 1 1 1 1 1 1 1 1 1 1 1 1 1 1
1 1 1 1 1 1 1 1 1 1 1 1 1 1 1 1
1 1 1 1 1 1 1 1 1 1 1 1 1 1 1 1
18 25 25 26 10 14 21 16 7 5 7 12 18 5 5 27
22 9 11 5 13 26 14 16 5 7 24 3 17 5 24 3
29 10 6 22 22 7 27 30 23 19 26 26 21 25 6 5
6 14 19 28 12 29 4 21 20 10 16 21 7 28 14 18
10 25 4 24 13 3 13 19 7 23 28 9 13 30 6 18
25 6 23 21 18 18 19 26 17 20 30 8 15 18 26 28
27 13 24 22 27 28 17 18 12 6 27 27 24 17 26 20
17 16 6 26 13 19 11 22 4 6 22 11 13 9 29 4
45 56 59 58 50 60 56 37 58 44 37 59 41 44 56 37
62 50 50 60 36 38 42 44 53 41 51 53 60 44 56 39
59 53 41 42 53 56 51 55 46 60 46 62 51 48 53 36
44 43 57 46 62 62 54 36 39 41 51 40 35 56 35 41
55 43 45 57 50 41 60 43 55 39 49 35 56 62 38 47
37 56 37 46 55 54 38 61 51 47 51 56 54 41 36 44
52 59 61 36 43 47 51 50 50 43 54 55 43 62 41 38
56 56 41 39 36 40 50 38 55 35 40 45 46 51 58 54
