0 0 0 0 0 0 0 0 0 0 0 0 0 0 0 0
0 0 0 0 0 0 0 0 0 0 0 0 0 0 0 0
0 0 0 0 0 0 0 0 0 0 0 0 0 0 0 0
0 0 0 0 0 0 0 0 0 0 0 0 0 0 0 0
0 0 0 0 0 0 0 0 0 0 0 0 0 0 0 0
0 0 0 0 0 0 0 0 0 0 0 0 0 0 0 0
0 0 0 0 0 0 0 0 0 0 0 0 0 0 0 0
0 0 0 0 0 0 0 0 0 0 0 0 0 0 0 0
1 1 1 1 1 1 1 1 1 1 1 1 1 1 1 1
1 1 1 1 1 1 1 1 1 1 1 1 1 1 1 1
1 1 1 1 1 1 1 1 1 1 1 1 1 1 1 1
1 1 1 1 1 1 1 1 1 1 1 1 1 1 1 1
1 1 1 1 1 1 1 1 1 1 1 1 1 1 1 1
1 1 1 1 1 1 1 1 1 1 1 1 1 1 1 1
1 1 1 1 1 1 1 1 1 1 1 1 1 1 1 1
1 1 1 1 1 1 1 1 1 1 1 1 1 1 1 1
8 5 3 17 14 25 5 9 27 20 28 29 3 13 11 18
29 21 12 18 3 22 3 13 3 4 12 3 25 13 9 14
25 26 8 30 24 15 6 17 13 24 3 16 11 29 21 30
24 14 17 30 5 4 10 6 21 17 7 18 25 11 15 25
7 20 12 18 30 18 19 21 16 30 26 12 21 7 30 23
13 5 21 20 29 28 13 26 21 13 4 22 11 7 6 6
5 13 28 7 18 13 29 15 30 23 30 24 6 14 27 6
3 17 4 27 25 5 14 5 10 28 24 4 21 28 24 18
62 49 43 51 56 60 46 55 50 35 60 43 44 35 49 57
44 56 61 61 45 43 40 55 60 45 47 57 59 44 47 60
55 60 49 54 52 41 49 44 53 52 59 44 43 45 38 46
35 49 54 62 40 47 37 44 52 44 42 43 42 55 57 48
36 46 38 38 51 38 56 54 43 36 51 52 43 46 62 54
46 50 46 37 58 47 37 49 48 41 59 60 40 52 42 45
61 39 54 40 51 59 45 35 53 35 39 47 58 48 58 56
52 46 35 59 36 35 56 39 43 49 36 62 37 37 37 39
