1 1 1 1 1 1 1 0 0 1 1 0 0 1 1 1
0 0 0 1 1 0 1 0 1 0 1 1 0 0 1 1
1 1 0 1 1 0 0 0 1 0 0 1 1 0 0 1
0 1 1 0 1 1 0 0 1 0 0 1 1 0 0 1
1 0 1 1 1 0 0 1 0 0 1 1 1 1 0 1
1 0 1 0 0 0 1 0 1 0 1 0 1 0 0 0
0 0 1 0 1 1 1 1 1 1 0 0 1 1 0 0
1 0 1 1 1 1 0 0 0 0 1 1 0 0 1 1
0 0 1 1 0 1 0 0 1 0 1 0 0 1 1 1
0 0 0 0 1 1 1 1 1 0 1 0 0 1 0 1
0 1 1 1 0 1 1 0 1 0 0 1 0 0 0 0
0 0 0 1 0 0 1 0 1 0 1 0 1 0 0 0
1 0 1 1 0 1 0 1 1 0 1 1 1 0 1 1
1 0 1 1 0 0 0 1 1 1 1 1 1 0 0 0
1 1 0 0 1 1 1 1 1 0 1 0 1 0 0 0
0 0 1 0 1 0 1 0 0 1 1 0 1 1 0 0
60 48 48 43 38 51 62 7 12 60 53 26 27 38 59 43
18 4 21 42 44 10 57 21 46 13 54 50 10 16 48 37
44 55 5 39 41 25 21 24 48 3 7 39 61 27 17 45
27 61 57 17 48 54 19 18 43 10 19 62 52 20 18 45
49 12 44 41 53 14 29 53 30 14 36 56 45 45 22 50
56 17 53 26 6 9 37 20 40 14 35 27 43 3 5 29
18 27 51 18 39 55 60 45 48 51 15 5 37 58 19 28
36 23 58 46 50 36 13 23 29 23 57 42 22 23 42 50
4 5 38 41 11 44 18 12 46 21 53 16 18 42 54 47
12 26 28 10 54 56 47 57 38 30 61 8 9 38 9 56
4 61 57 40 23 59 49 17 56 28 5 50 8 7 22 30
11 12 29 53 20 15 37 7 58 15 37 12 49 16 29 29
36 11 43 42 10 35 17 57 62 22 53 35 45 15 60 58
40 16 44 36 21 18 19 58 48 59 35 55 44 26 15 24
62 45 21 25 52 58 40 45 62 27 53 26 39 30 15 22
11 9 62 21 49 21 41 10 26 37 54 30 53 55 12 16
