0 0 0 0 0 0 0 0 0 0 0 0 0 0 0 0
1 1 1 1 1 1 1 1 1 1 1 1 1 1 1 1
0 0 0 0 0 0 0 0 0 0 0 0 0 0 0 0
1 1 1 1 1 1 1 1 1 1 1 1 1 1 1 1
0 0 0 0 0 0 0 0 0 0 0 0 0 0 0 0
1 1 1 1 1 1 1 1 1 1 1 1 1 1 1 1
0 0 0 0 0 0 0 0 0 0 0 0 0 0 0 0
1 1 1 1 1 1 1 1 1 1 1 1 1 1 1 1
0 0 0 0 0 0 0 0 0 0 0 0 0 0 0 0
1 1 1 1 1 1 1 1 1 1 1 1 1 1 1 1
0 0 0 0 0 0 0 0 0 0 0 0 0 0 0 0
1 1 1 1 1 1 1 1 1 1 1 1 1 1 1 1
0 0 0 0 0 0 0 0 0 0 0 0 0 0 0 0
1 1 1 1 1 1 1 1 1 1 1 1 1 1 1 1
0 0 0 0 0 0 0 0 0 0 0 0 0 0 0 0
1 1 1 1 1 1 1 1 1 1 1 1 1 1 1 1
22 7 12 11 19 26 27 21 18 11 18 22 10 18 25 23
37 60 57 51 42 41 49 44 46 40 36 48 35 39 50 45
25 22 10 4 5 3 18 28 22 30 27 11 11 21 11 14
47 56 44 55 56 41 35 38 52 56 43 60 41 51 42 47
17 19 27 23 10 4 24 29 27 14 28 18 25 5 29 30
62 61 53 59 61 59 62 35 44 57 43 45 50 39 39 59
7 18 19 14 14 12 13 4 9 15 23 28 26 11 24 6
42 62 35 58 58 57 37 49 49 53 59 51 46 42 49 53
8 17 18 11 22 26 16 6 23 13 13 3 13 17 8 16
44 45 60 37 35 39 37 54 53 57 39 55 59 62 56 51
8 7 18 22 16 21 3 23 5 5 3 13 20 30 22 19
44 58 46 61 36 49 36 51 43 48 55 53 35 35 36 62
9 15 8 17 11 25 17 23 20 28 7 22 25 11 19 19
49 43 62 56 39 37 39 52 40 37 47 42 43 50 40 45
11 6 5 8 9 9 13 15 22 23 12 29 24 6 15 6
38 39 48 50 60 51 37 44 37 49 60 54 43 50 60 45
