0 0 0 0 0 0 0 0 0 0 0 0 0 0 0 0
1 1 1 1 1 1 1 1 1 1 1 1 1 1 1 1
0 0 0 0 0 0 0 0 0 0 0 0 0 0 0 0
1 1 1 1 1 1 1 1 1 1 1 1 1 1 1 1
0 0 0 0 0 0 0 0 0 0 0 0 0 0 0 0
1 1 1 1 1 1 1 1 1 1 1 1 1 1 1 1
0 0 0 0 0 0 0 0 0 0 0 0 0 0 0 0
1 1 1 1 1 1 1 1 1 1 1 1 1 1 1 1
0 0 0 0 0 0 0 0 0 0 0 0 0 0 0 0
1 1 1 1 1 1 1 1 1 1 1 1 1 1 1 1
0 0 0 0 0 0 0 0 0 0 0 0 0 0 0 0
1 1 1 1 1 1 1 1 1 1 1 1 1 1 1 1
0 0 0 0 0 0 0 0 0 0 0 0 0 0 0 0
1 1 1 1 1 1 1 1 1 1 1 1 1 1 1 1
0 0 0 0 0 0 0 0 0 0 0 0 0 0 0 0
1 1 1 1 1 1 1 1 1 1 1 1 1 1 1 1
10 30 17 9 25 11 11 15 28 17 10 24 7 18 28 29
47 37 54 51 39 37 44 42 35 62 53 41 53 52 61 56
12 20 28 25 4 5 6 4 19 29 14 25 23 17 27 8
57 52 61 43 46 36 45 44 60 60 36 36 45 35 51 62
8 16 15 23 3 11 16 21 22 18 4 8 8 25 22 28
62 45 38 35 50 54 36 45 45 47 36 37 60 47 48 61
23 11 9 9 10 20 10 18 4 17 5 13 16 28 16 14
54 54 55 40 45 41 47 59 58 45 35 48 53 40 38 47
10 17 11 10 19 14 7 3 14 15 15 8 3 13 20 6
47 42 52 40 62 54 38 41 49 54 40 45 44 45 58 60
12 11 25 17 19 14 17 11 13 18 26 12 7 17 15 4
37 57 45 37 54 60 43 61 45 41 57 51 38 55 49 53
30 16 8 22 6 10 20 6 29 4 25 6 12 13 24 29
56 46 55 42 59 46 54 51 61 40 38 37 38 52 48 58
15 15 7 29 28 22 6 10 5 29 17 16 7 24 10 30
45 50 45 54 58 48 59 55 36 36 42 60 51 60 39 59
