0 0 0 0 0 0 0 0 0 0 0 0 0 0 0 0
1 1 1 1 1 1 1 1 1 1 1 1 1 1 1 1
0 0 0 0 0 0 0 0 0 0 0 0 0 0 0 0
1 1 1 1 1 1 1 1 1 1 1 1 1 1 1 1
0 0 0 0 0 0 0 0 0 0 0 0 0 0 0 0
1 1 1 1 1 1 1 1 1 1 1 1 1 1 1 1
0 0 0 0 0 0 0 0 0 0 0 0 0 0 0 0
1 1 1 1 1 1 1 1 1 1 1 1 1 1 1 1
0 0 0 0 0 0 0 0 0 0 0 0 0 0 0 0
1 1 1 1 1 1 1 1 1 1 1 1 1 1 1 1
0 0 0 0 0 0 0 0 0 0 0 0 0 0 0 0
1 1 1 1 1 1 1 1 1 1 1 1 1 1 1 1
0 0 0 0 0 0 0 0 0 0 0 0 0 0 0 0
1 1 1 1 1 1 1 1 1 1 1 1 1 1 1 1
0 0 0 0 0 0 0 0 0 0 0 0 0 0 0 0
1 1 1 1 1 1 1 1 1 1 1 1 1 1 1 1
14 5 18 24 8 7 17 29 5 27 13 28 24 3 23 20
51 60 62 49 54 36 44 42 44 43 60 59 49 56 35 62
25 5 30 22 9 24 6 28 29 23 22 8 26 3 7 29
60 39 36 59 41 53 40 50 51 56 41 60 40 61 42 54
16 27 4 15 26 6 7 29 11 26 7 27 5 13 16 25
45 43 39 43 61 47 48 52 38 57 36 57 60 43 55 48
29 22 8 29 23 8 8 27 11 8 4 19 29 18 20 16
41 38 39 36 50 38 52 36 57 38 59 52 48 49 55 62
29 30 29 21 17 23 19 5 14 22 4 10 14 14 28 20
54 49 61 36 62 50 58 61 61 60 38 59 46 40 45 45
13 9 7 10 16 30 28 17 8 6 7 15 13 13 11 14
50 61 38 40 37 51 61 44 48 55 59 48 52 55 43 37
23 15 13 9 20 21 16 19 22 18 21 21 19 25 8 19
42 50 51 35 35 39 50 45 46 53 57 57 48 52 41 38
18 30 11 22 9 5 4 9 14 20 9 6 18 16 25 16
62 53 43 45 55 44 60 46 43 38 38 39 36 58 53 50
