0 0 0 0 0 0 0 0 0 0 0 0 0 0 0 0
1 1 1 1 1 1 1 1 1 1 1 1 1 1 1 1
0 0 0 0 0 0 0 0 0 0 0 0 0 0 0 0
1 1 1 1 1 1 1 1 1 1 1 1 1 1 1 1
0 0 0 0 0 0 0 0 0 0 0 0 0 0 0 0
1 1 1 1 1 1 1 1 1 1 1 1 1 1 1 1
0 0 0 0 0 0 0 0 0 0 0 0 0 0 0 0
1 1 1 1 1 1 1 1 1 1 1 1 1 1 1 1
0 0 0 0 0 0 0 0 0 0 0 0 0 0 0 0
1 1 1 1 1 1 1 1 1 1 1 1 1 1 1 1
0 0 0 0 0 0 0 0 0 0 0 0 0 0 0 0
1 1 1 1 1 1 1 1 1 1 1 1 1 1 1 1
0 0 0 0 0 0 0 0 0 0 0 0 0 0 0 0
1 1 1 1 1 1 1 1 1 1 1 1 1 1 1 1
0 0 0 0 0 0 0 0 0 0 0 0 0 0 0 0
1 1 1 1 1 1 1 1 1 1 1 1 1 1 1 1
8 18 7 8 29 3 17 15 27 26 30 9 30 28 17 21
56 48 55 46 52 62 44 49 45 50 57 36 48 43 58 35
26 7 28 9 7 15 18 25 22 22 9 29 21 22 5 30
62 49 53 53 47 61 60 57 51 42 60 52 39 56 41 59
10 29 14 5 22 5 25 17 6 29 20 27 12 12 11 28
48 38 47 36 58 54 53 36 38 42 47 60 51 39 40 39
19 5 20 5 25 17 14 25 19 13 26 7 9 19 20 24
37 40 56 62 55 52 39 46 58 41 55 47 42 35 54 43
3 30 16 4 20 22 9 30 21 24 21 27 7 3 14 17
42 60 60 54 54 42 60 55 62 48 49 37 59 42 62 62
12 9 11 23 22 21 13 25 12 11 30 22 7 11 24 10
37 55 51 54 60 43 56 53 47 35 53 49 51 53 42 52
12 26 14 3 18 10 27 13 11 6 28 25 18 11 13 28
40 45 39 41 50 62 54 50 53 60 54 49 53 53 60 35
24 11 23 24 10 8 6 13 18 11 7 14 25 26 14 17
46 52 37 51 38 56 44 48 49 45 41 38 49 39 42 52
