0 0 0 0 0 0 0 0 0 0 0 0 0 0 0 0
1 1 1 1 1 1 1 1 1 1 1 1 1 1 1 1
0 0 0 0 0 0 0 0 0 0 0 0 0 0 0 0
1 1 1 1 1 1 1 1 1 1 1 1 1 1 1 1
0 0 0 0 0 0 0 0 0 0 0 0 0 0 0 0
1 1 1 1 1 1 1 1 1 1 1 1 1 1 1 1
0 0 0 0 0 0 0 0 0 0 0 0 0 0 0 0
1 1 1 1 1 1 1 1 1 1 1 1 1 1 1 1
0 0 0 0 0 0 0 0 0 0 0 0 0 0 0 0
1 1 1 1 1 1 1 1 1 1 1 1 1 1 1 1
0 0 0 0 0 0 0 0 0 0 0 0 0 0 0 0
1 1 1 1 1 1 1 1 1 1 1 1 1 1 1 1
0 0 0 0 0 0 0 0 0 0 0 0 0 0 0 0
1 1 1 1 1 1 1 1 1 1 1 1 1 1 1 1
0 0 0 0 0 0 0 0 0 0 0 0 0 0 0 0
1 1 1 1 1 1 1 1 1 1 1 1 1 1 1 1
24 16 23 30 17 6 19 20 16 7 24 14 27 21 25 22
59 60 50 47 47 55 58 37 37 53 52 42 54 56 56 50
10 9 4 23 8 27 6 27 26 11 7 5 17 21 5 12
35 43 43 37 38 61 60 62 38 49 56 61 49 57 41 53
12 5 6 29 6 6 3 7 27 24 26 30 8 30 23 12
52 59 48 48 36 35 52 51 54 40 41 39 39 50 35 53
20 22 5 16 19 5 23 19 12 7 9 18 15 11 8 10
52 50 52 51 59 56 52 40 36 35 39 46 52 58 49 56
20 9 7 19 4 20 16 26 22 12 14 16 21 8 16 12
60 36 49 59 36 40 38 40 50 60 36 38 56 43 56 62
18 6 16 4 15 3 12 15 12 17 28 30 25 19 21 17
39 62 61 54 49 51 38 45 49 38 60 44 43 39 62 52
18 18 14 20 4 24 9 22 3 3 7 11 11 3 24 4
60 36 39 44 47 62 41 51 35 46 46 50 46 51 58 47
24 20 25 7 9 22 10 12 11 26 13 24 28 11 17 3
53 40 43 53 56 52 52 58 35 35 40 49 52 45 56 45
