0 0 0 0 0 0 0 0 0 0 0 0 0 0 0 0
1 1 1 1 1 1 1 1 1 1 1 1 1 1 1 1
0 0 0 0 0 0 0 0 0 0 0 0 0 0 0 0
1 1 1 1 1 1 1 1 1 1 1 1 1 1 1 1
0 0 0 0 0 0 0 0 0 0 0 0 0 0 0 0
1 1 1 1 1 1 1 1 1 1 1 1 1 1 1 1
0 0 0 0 0 0 0 0 0 0 0 0 0 0 0 0
1 1 1 1 1 1 1 1 1 1 1 1 1 1 1 1
0 0 0 0 0 0 0 0 0 0 0 0 0 0 0 0
1 1 1 1 1 1 1 1 1 1 1 1 1 1 1 1
0 0 0 0 0 0 0 0 0 0 0 0 0 0 0 0
1 1 1 1 1 1 1 1 1 1 1 1 1 1 1 1
0 0 0 0 0 0 0 0 0 0 0 0 0 0 0 0
1 1 1 1 1 1 1 1 1 1 1 1 1 1 1 1
0 0 0 0 0 0 0 0 0 0 0 0 0 0 0 0
1 1 1 1 1 1 1 1 1 1 1 1 1 1 1 1
21 30 26 4 24 30 30 9 14 30 21 14 8 26 13 29
48 52 42 55 39 45 40 36 51 50 48 47 48 46 55 43
29 4 9 30 13 5 24 16 17 4 6 25 8 6 14 26
38 45 50 59 51 50 61 39 40 61 35 59 43 49 38 50
15 22 17 21 11 30 23 22 22 28 29 13 17 6 14 16
35 58 35 54 47 45 47 42 62 48 49 45 52 56 59 47
26 29 23 18 29 21 20 21 13 7 30 13 13 5 14 9
46 57 37 58 44 36 41 56 42 59 49 59 40 54 52 37
17 15 7 16 5 19 24 4 8 16 8 16 9 19 28 30
42 40 46 61 58 40 38 41 44 44 49 58 54 55 60 53
15 20 30 13 25 8 21 9 13 20 21 11 30 21 22 7
36 56 41 54 56 53 55 43 48 39 40 39 48 52 43 50
10 11 20 27 19 28 28 23 12 30 24 19 8 10 9 10
56 39 57 59 61 62 37 35 42 51 59 47 47 45 39 36
30 17 10 29 3 15 22 10 14 6 10 23 18 4 10 24
58 61 50 45 43 62 50 62 38 47 47 51 38 47 51 57
