0 0 0 0 0 0 0 0 0 0 0 0 0 0 0 0
1 1 1 1 1 1 1 1 1 1 1 1 1 1 1 1
0 0 0 0 0 0 0 0 0 0 0 0 0 0 0 0
1 1 1 1 1 1 1 1 1 1 1 1 1 1 1 1
0 0 0 0 0 0 0 0 0 0 0 0 0 0 0 0
1 1 1 1 1 1 1 1 1 1 1 1 1 1 1 1
0 0 0 0 0 0 0 0 0 0 0 0 0 0 0 0
1 1 1 1 1 1 1 1 1 1 1 1 1 1 1 1
0 0 0 0 0 0 0 0 0 0 0 0 0 0 0 0
1 1 1 1 1 1 1 1 1 1 1 1 1 1 1 1
0 0 0 0 0 0 0 0 0 0 0 0 0 0 0 0
1 1 1 1 1 1 1 1 1 1 1 1 1 1 1 1
0 0 0 0 0 0 0 0 0 0 0 0 0 0 0 0
1 1 1 1 1 1 1 1 1 1 1 1 1 1 1 1
0 0 0 0 0 0 0 0 0 0 0 0 0 0 0 0
1 1 1 1 1 1 1 1 1 1 1 1 1 1 1 1
23 17 5 30 18 25 29 7 12 23 27 7 12 7 14 22
36 52 39 49 38 40 39 46 57 46 61 56 51 41 35 48
14 14 19 29 24 24 7 19 19 23 3 5 27 8 5 22
57 53 45 57 38 56 50 59 52 47 58 50 35 42 46 59
19 3 10 30 3 18 18 19 19 12 9 21 4 26 16 17
46 59 35 40 57 47 62 62 60 36 42 55 61 44 52 51
17 14 6 18 27 18 6 24 22 6 25 9 5 23 14 25
41 59 52 36 47 51 42 59 58 50 54 61 55 54 44 53
19 19 12 26 12 19 14 19 9 25 14 21 4 11 29 7
47 61 48 56 60 40 39 62 46 53 45 50 56 55 39 36
3 15 20 4 27 24 27 14 28 30 10 21 27 12 7 16
59 43 58 38 51 62 47 52 48 53 47 56 56 45 58 46
15 23 3 8 29 26 10 11 24 9 17 13 21 14 28 27
48 52 59 43 45 58 62 60 41 52 49 59 44 42 47 57
17 23 24 16 7 19 13 15 17 11 14 28 24 7 14 16
43 58 52 53 55 62 37 39 39 45 49 37 35 45 58 39
