0 0 0 0 0 0 0 0 0 0 0 0 0 0 0 0
1 1 1 1 1 1 1 1 1 1 1 1 1 1 1 1
0 0 0 0 0 0 0 0 0 0 0 0 0 0 0 0
1 1 1 1 1 1 1 1 1 1 1 1 1 1 1 1
0 0 0 0 0 0 0 0 0 0 0 0 0 0 0 0
1 1 1 1 1 1 1 1 1 1 1 1 1 1 1 1
0 0 0 0 0 0 0 0 0 0 0 0 0 0 0 0
1 1 1 1 1 1 1 1 1 1 1 1 1 1 1 1
0 0 0 0 0 0 0 0 0 0 0 0 0 0 0 0
1 1 1 1 1 1 1 1 1 1 1 1 1 1 1 1
0 0 0 0 0 0 0 0 0 0 0 0 0 0 0 0
1 1 1 1 1 1 1 1 1 1 1 1 1 1 1 1
0 0 0 0 0 0 0 0 0 0 0 0 0 0 0 0
1 1 1 1 1 1 1 1 1 1 1 1 1 1 1 1
0 0 0 0 0 0 0 0 0 0 0 0 0 0 0 0
1 1 1 1 1 1 1 1 1 1 1 1 1 1 1 1
9 6 20 10 18 23 17 24 30 18 18 16 22 22 21 28
56 47 38 39 40 44 41 49 39 44 59 47 39 54 44 62
8 28 14 18 30 17 17 21 29 13 29 20 23 11 11 9
52 52 39 36 54 37 53 42 42 60 54 59 53 37 40 46
23 18 16 27 13 25 19 25 7 26 28 28 9 21 19 15
40 62 54 43 62 40 61 44 42 37 43 46 37 50 36 45
19 17 27 12 12 7 17 30 25 19 29 7 9 7 18 9
61 37 50 52 55 58 60 42 51 38 43 57 47 56 42 58
21 6 12 10 30 30 20 17 30 15 17 29 3 12 17 29
50 62 48 40 40 55 51 46 40 60 52 50 51 50 61 62
24 3 30 19 18 25 4 3 13 28 14 11 17 4 30 13
51 58 52 42 52 51 38 48 49 42 54 60 37 61 55 53
25 26 21 26 9 12 17 14 12 29 6 5 30 28 6 13
39 50 50 48 57 62 38 41 50 46 40 42 37 37 38 46
20 9 27 19 11 14 15 7 22 12 9 19 3 17 3 5
55 39 56 55 58 45 47 52 44 35 40 48 40 46 51 46
