0 0 0 0 0 0 0 0 0 0 0 0 0 0 0 0
1 1 1 1 1 1 1 1 1 1 1 1 1 1 1 1
0 0 0 0 0 0 0 0 0 0 0 0 0 0 0 0
1 1 1 1 1 1 1 1 1 1 1 1 1 1 1 1
0 0 0 0 0 0 0 0 0 0 0 0 0 0 0 0
1 1 1 1 1 1 1 1 1 1 1 1 1 1 1 1
0 0 0 0 0 0 0 0 0 0 0 0 0 0 0 0
1 1 1 1 1 1 1 1 1 1 1 1 1 1 1 1
0 0 0 0 0 0 0 0 0 0 0 0 0 0 0 0
1 1 1 1 1 1 1 1 1 1 1 1 1 1 1 1
0 0 0 0 0 0 0 0 0 0 0 0 0 0 0 0
1 1 1 1 1 1 1 1 1 1 1 1 1 1 1 1
0 0 0 0 0 0 0 0 0 0 0 0 0 0 0 0
1 1 1 1 1 1 1 1 1 1 1 1 1 1 1 1
0 0 0 0 0 0 0 0 0 0 0 0 0 0 0 0
1 1 1 1 1 1 1 1 1 1 1 1 1 1 1 1
14 19 22 20 17 24 4 28 24 11 11 13 22 5 6 24
40 59 62 46 37 42 38 36 38 57 56 59 52 49 55 46
4 22 22 24 9 12 11 18 9 14 26 23 15 22 29 15
42 46 40 37 41 48 47 58 46 39 60 57 40 49 40 57
6 23 12 19 18 18 10 19 20 27 13 10 4 27 25 22
53 46 38 52 40 57 48 53 57 42 52 42 49 43 55 43
30 24 10 26 8 22 3 18 29 9 14 12 19 6 4 7
48 45 50 57 40 60 41 42 43 54 56 40 61 62 49 40
10 3 19 7 22 27 27 14 3 4 10 29 22 12 11 5
41 49 41 53 49 40 52 60 35 45 50 62 59 51 49 42
22 25 3 5 18 30 3 28 11 23 27 24 17 3 29 12
36 52 60 47 49 55 39 60 59 59 56 42 40 56 41 37
20 5 28 3 26 30 20 17 24 5 29 14 14 30 27 20
37 59 60 55 52 48 49 48 55 60 44 52 45 54 49 36
8 22 8 7 13 25 14 14 10 7 12 3 9 18 24 6
59 44 56 58 53 47 41 47 42 43 56 41 37 45 51 50
