0 0 0 0 0 0 0 0 0 0 0 0 0 0 0 0
1 1 1 1 1 1 1 1 1 1 1 1 1 1 1 1
0 0 0 0 0 0 0 0 0 0 0 0 0 0 0 0
1 1 1 1 1 1 1 1 1 1 1 1 1 1 1 1
0 0 0 0 0 0 0 0 0 0 0 0 0 0 0 0
1 1 1 1 1 1 1 1 1 1 1 1 1 1 1 1
0 0 0 0 0 0 0 0 0 0 0 0 0 0 0 0
1 1 1 1 1 1 1 1 1 1 1 1 1 1 1 1
0 0 0 0 0 0 0 0 0 0 0 0 0 0 0 0
1 1 1 1 1 1 1 1 1 1 1 1 1 1 1 1
0 0 0 0 0 0 0 0 0 0 0 0 0 0 0 0
1 1 1 1 1 1 1 1 1 1 1 1 1 1 1 1
0 0 0 0 0 0 0 0 0 0 0 0 0 0 0 0
1 1 1 1 1 1 1 1 1 1 1 1 1 1 1 1
0 0 0 0 0 0 0 0 0 0 0 0 0 0 0 0
1 1 1 1 1 1 1 1 1 1 1 1 1 1 1 1
21 27 26 25 28 17 25 8 7 27 14 26 23 26 20 20
47 43 38 44 43 58 60 51 45 61 40 45 37 40 59 38
26 24 10 14 4 5 26 24 28 15 18 16 10 27 18 11
61 35 45 46 47 59 50 60 60 53 44 35 45 51 55 35
18 30 3 22 5 14 25 23 6 20 4 14 4 16 21 8
47 44 38 36 38 40 42 53 59 59 61 60 50 48 56 55
10 7 5 16 25 21 27 25 15 26 17 3 30 17 16 4
55 38 35 48 59 43 35 54 46 44 52 49 55 38 49 42
16 8 14 30 20 9 8 10 20 18 23 27 22 27 5 13
35 35 49 56 39 55 58 45 56 44 61 58 59 46 61 37
15 15 5 14 24 22 7 6 23 22 18 12 26 17 27 26
41 58 35 43 44 44 47 49 50 62 40 53 44 44 45 57
21 5 10 14 12 24 19 16 16 16 17 24 25 14 22 21
44 37 50 43 60 44 49 41 58 54 59 41 47 60 45 52
9 19 11 4 21 25 24 4 14 7 4 8 16 21 27 11
62 50 52 36 35 62 51 62 51 56 59 58 60 49 40 35
