0 1 1 1 1 0 0 1 0 1 0 1 1 1 1 0
0 1 0 1 0 0 0 1 1 0 0 1 0 1 0 0
1 0 0 1 1 0 0 1 0 0 1 1 0 1 0 0
1 1 1 0 1 1 0 1 0 1 1 1 1 0 1 1
0 1 1 0 0 1 1 0 0 1 1 0 0 0 0 0
0 0 1 0 1 1 1 1 0 1 0 0 1 0 0 0
0 1 0 0 0 1 0 1 0 0 0 0 0 1 0 1
1 1 0 0 1 0 0 1 0 1 0 0 0 1 1 1
0 0 1 0 1 1 1 1 0 0 0 1 1 0 0 1
0 1 0 0 0 1 0 1 0 1 0 0 1 0 0 0
1 1 1 1 1 1 1 0 0 1 1 1 0 1 0 0
0 0 0 0 1 0 0 0 1 1 1 1 0 1 1 0
1 0 0 1 0 1 0 0 1 1 0 1 1 1 1 0
1 0 0 0 1 1 0 0 0 1 1 1 0 0 0 0
1 0 0 0 1 1 0 1 0 0 0 0 1 0 0 1
0 1 1 0 0 0 0 1 0 0 0 1 1 1 0 1
8 47 36 38 38 11 25 50 8 54 12 42 51 47 36 20
19 52 16 59 5 9 11 62 39 19 4 58 3 57 27 12
47 7 19 39 37 7 18 59 6 9 47 38 13 50 25 23
37 55 49 30 61 40 30 54 14 52 58 61 59 17 48 54
4 48 43 24 7 44 61 9 6 62 56 19 27 29 11 6
23 25 60 19 48 51 36 35 27 55 10 27 60 12 13 4
8 36 29 27 6 62 17 59 30 4 9 30 10 44 5 45
59 59 30 20 57 19 5 53 6 61 26 19 28 56 38 36
29 30 40 18 55 38 45 50 15 17 7 62 56 9 22 53
26 46 11 18 25 48 30 40 28 48 29 5 55 6 3 18
43 36 55 40 51 57 47 19 25 51 58 43 5 58 14 12
14 29 20 16 44 14 3 8 56 52 43 55 13 62 61 27
51 25 15 51 16 52 21 26 59 59 22 59 58 49 61 19
61 28 30 23 35 54 28 4 5 35 42 60 17 27 16 25
40 5 24 19 44 44 30 62 12 3 14 18 61 23 16 60
15 39 36 21 30 7 28 37 13 23 27 48 35 59 5 44
