0 1 0 1 0 1 0 1 0 1 0 1 0 1 0 1
0 1 0 1 0 1 0 1 0 1 0 1 0 1 0 1
0 1 0 1 0 1 0 1 0 1 0 1 0 1 0 1
0 1 0 1 0 1 0 1 0 1 0 1 0 1 0 1
0 1 0 1 0 1 0 1 0 1 0 1 0 1 0 1
0 1 0 1 0 1 0 1 0 1 0 1 0 1 0 1
0 1 0 1 0 1 0 1 0 1 0 1 0 1 0 1
0 1 0 1 0 1 0 1 0 1 0 1 0 1 0 1
0 1 0 1 0 1 0 1 0 1 0 1 0 1 0 1
0 1 0 1 0 1 0 1 0 1 0 1 0 1 0 1
0 1 0 1 0 1 0 1 0 1 0 1 0 1 0 1
0 1 0 1 0 1 0 1 0 1 0 1 0 1 0 1
0 1 0 1 0 1 0 1 0 1 0 1 0 1 0 1
0 1 0 1 0 1 0 1 0 1 0 1 0 1 0 1
0 1 0 1 0 1 0 1 0 1 0 1 0 1 0 1
0 1 0 1 0 1 0 1 0 1 0 1 0 1 0 1
17 51 20 46 30 45 20 57 17 43 19 47 29 35 22 51
22 46 16 58 28 40 14 43 5 53 22 36 27 55 21 54
22 43 6 46 3 56 20 47 14 59 14 50 26 54 23 36
5 52 27 55 28 48 19 38 25 41 16 38 29 48 10 51
19 43 23 41 4 47 7 39 6 46 7 61 14 47 14 61
28 56 17 51 21 37 27 40 17 50 30 49 23 40 20 37
27 37 18 38 19 50 7 42 16 48 18 45 17 40 22 58
18 52 15 60 26 43 9 58 20 48 6 49 29 59 19 44
29 51 22 40 5 45 11 41 19 49 14 48 11 42 29 49
10 43 18 49 7 42 28 51 22 35 21 58 29 38 27 61
28 43 21 57 8 57 20 44 27 60 28 57 9 56 27 51
18 42 26 47 17 42 11 44 15 58 24 48 19 53 21 62
28 48 12 56 16 48 28 40 6 53 29 49 12 39 27 46
28 53 13 49 26 42 13 46 24 45 24 43 9 43 12 62
29 62 23 46 21 42 22 55 16 56 30 46 14 59 11 52
26 45 19 60 30 35 12 60 28 37 9 37 7 44 3 41
