0 1 0 1 0 1 0 1 0 1 0 1 0 1 0 1
0 1 0 1 0 1 0 1 0 1 0 1 0 1 0 1
0 1 0 1 0 1 0 1 0 1 0 1 0 1 0 1
0 1 0 1 0 1 0 1 0 1 0 1 0 1 0 1
0 1 0 1 0 1 0 1 0 1 0 1 0 1 0 1
0 1 0 1 0 1 0 1 0 1 0 1 0 1 0 1
0 1 0 1 0 1 0 1 0 1 0 1 0 1 0 1
0 1 0 1 0 1 0 1 0 1 0 1 0 1 0 1
0 1 0 1 0 1 0 1 0 1 0 1 0 1 0 1
0 1 0 1 0 1 0 1 0 1 0 1 0 1 0 1
0 1 0 1 0 1 0 1 0 1 0 1 0 1 0 1
0 1 0 1 0 1 0 1 0 1 0 1 0 1 0 1
0 1 0 1 0 1 0 1 0 1 0 1 0 1 0 1
0 1 0 1 0 1 0 1 0 1 0 1 0 1 0 1
0 1 0 1 0 1 0 1 0 1 0 1 0 1 0 1
0 1 0 1 0 1 0 1 0 1 0 1 0 1 0 1
16 54 19 36 4 42 15 52 13 37 27 39 13 50 18 58
27 43 11 39 29 45 24 57 14 58 28 56 23 62 18 37
15 42 10 60 20 43 25 44 18 54 12 35 23 53 6 41
10 56 15 48 27 40 8 43 5 49 21 45 30 40 23 35
20 52 15 46 12 61 16 36 4 53 27 61 16 61 30 60
16 45 9 56 27 57 20 62 6 50 12 56 13 41 17 39
16 36 17 45 24 53 7 58 25 59 9 61 15 41 17 37
8 47 11 54 4 37 5 51 19 50 25 43 30 51 23 41
23 49 22 53 22 44 13 39 16 36 28 37 24 40 28 38
15 47 3 48 19 55 13 48 29 38 26 60 3 62 24 44
3 35 18 59 18 47 12 52 4 48 30 44 14 61 10 51
23 52 4 55 21 42 30 57 12 55 6 52 27 38 8 57
8 35 25 50 17 40 9 48 13 53 29 38 5 62 18 45
28 57 15 61 20 49 17 51 24 41 24 37 12 57 15 45
20 52 14 55 13 44 15 57 15 62 17 61 10 45 28 41
25 48 25 54 23 35 19 44 16 49 8 50 24 48 17 48
