0 1 0 1 0 1 0 1 0 1 0 1 0 1 0 1
0 1 0 1 0 1 0 1 0 1 0 1 0 1 0 1
0 1 0 1 0 1 0 1 0 1 0 1 0 1 0 1
0 1 0 1 0 1 0 1 0 1 0 1 0 1 0 1
0 1 0 1 0 1 0 1 0 1 0 1 0 1 0 1
0 1 0 1 0 1 0 1 0 1 0 1 0 1 0 1
0 1 0 1 0 1 0 1 0 1 0 1 0 1 0 1
0 1 0 1 0 1 0 1 0 1 0 1 0 1 0 1
0 1 0 1 0 1 0 1 0 1 0 1 0 1 0 1
0 1 0 1 0 1 0 1 0 1 0 1 0 1 0 1
0 1 0 1 0 1 0 1 0 1 0 1 0 1 0 1
0 1 0 1 0 1 0 1 0 1 0 1 0 1 0 1
0 1 0 1 0 1 0 1 0 1 0 1 0 1 0 1
0 1 0 1 0 1 0 1 0 1 0 1 0 1 0 1
0 1 0 1 0 1 0 1 0 1 0 1 0 1 0 1
0 1 0 1 0 1 0 1 0 1 0 1 0 1 0 1
10 62 18 62 13 42 17 49 29 35 26 42 24 45 23 60
11 61 24 44 24 43 27 40 25 39 30 54 15 61 28 37
29 55 4 59 28 49 21 58 11 53 28 46 8 48 22 61
21 52 10 44 24 55 3 41 12 35 12 37 26 48 5 46
30 54 30 44 15 42 10 58 18 48 3 47 20 60 17 48
13 50 13 48 22 39 13 35 16 44 19 46 13 61 4 43
30 48 8 52 19 60 28 43 9 51 25 46 30 40 9 40
7 59 27 42 7 62 19 36 23 62 21 36 27 46 20 62
30 41 16 56 16 58 11 44 27 40 25 58 30 48 25 55
15 45 4 49 18 54 15 49 19 51 17 60 14 58 18 44
15 44 24 56 7 61 7 43 6 42 20 37 27 48 29 42
5 36 26 49 24 61 5 40 23 45 27 62 30 52 9 38
11 47 29 47 6 50 10 36 7 61 24 37 8 50 17 42
6 56 28 49 27 51 17 36 11 48 19 58 7 53 14 43
3 39 17 42 11 44 21 49 29 59 20 60 15 44 21 57
19 62 11 40 5 52 14 44 5 53 20 57 12 37 4 55
