0 1 0 1 0 1 0 1 0 1 0 1 0 1 0 1
0 1 0 1 0 1 0 1 0 1 0 1 0 1 0 1
0 1 0 1 0 1 0 1 0 1 0 1 0 1 0 1
0 1 0 1 0 1 0 1 0 1 0 1 0 1 0 1
0 1 0 1 0 1 0 1 0 1 0 1 0 1 0 1
0 1 0 1 0 1 0 1 0 1 0 1 0 1 0 1
0 1 0 1 0 1 0 1 0 1 0 1 0 1 0 1
0 1 0 1 0 1 0 1 0 1 0 1 0 1 0 1
0 1 0 1 0 1 0 1 0 1 0 1 0 1 0 1
0 1 0 1 0 1 0 1 0 1 0 1 0 1 0 1
0 1 0 1 0 1 0 1 0 1 0 1 0 1 0 1
0 1 0 1 0 1 0 1 0 1 0 1 0 1 0 1
0 1 0 1 0 1 0 1 0 1 0 1 0 1 0 1
0 1 0 1 0 1 0 1 0 1 0 1 0 1 0 1
0 1 0 1 0 1 0 1 0 1 0 1 0 1 0 1
0 1 0 1 0 1 0 1 0 1 0 1 0 1 0 1
23 36 26 38 16 58 4 44 3 58 10 61 28 60 30 51
3 44 5 54 8 40 19 46 16 56 23 47 15 47 20 60
29 55 11 39 24 38 17 48 30 46 6 55 7 52 4 47
18 45 4 40 28 54 19 41 23 56 21 39 25 52 21 60
3 41 5 60 7 56 17 59 29 62 17 35 3 37 13 46
22 60 21 42 20 46 28 52 9 38 29 43 30 62 8 42
3 54 19 36 17 45 27 39 16 46 14 60 11 38 25 55
21 47 10 52 19 60 13 35 25 50 20 61 17 55 3 39
19 40 12 50 15 57 24 53 9 60 28 52 25 45 14 51
26 59 4 46 28 50 9 41 15 38 17 48 30 38 4 37
12 58 4 35 28 51 25 47 4 51 29 52 24 54 19 61
7 49 18 38 9 40 29 43 24 40 27 36 22 57 4 60
11 44 12 36 13 37 17 45 24 59 19 56 6 50 27 56
16 53 8 50 17 41 25 60 10 41 5 54 15 48 23 43
5 53 12 46 3 47 13 51 26 59 3 43 14 52 27 46
30 43 27 56 7 45 25 46 11 42 23 48 21 35 20 57
