0 1 0 1 0 1 0 1 0 1 0 1 0 1 0 1
0 1 0 1 0 1 0 1 0 1 0 1 0 1 0 1
0 1 0 1 0 1 0 1 0 1 0 1 0 1 0 1
0 1 0 1 0 1 0 1 0 1 0 1 0 1 0 1
0 1 0 1 0 1 0 1 0 1 0 1 0 1 0 1
0 1 0 1 0 1 0 1 0 1 0 1 0 1 0 1
0 1 0 1 0 1 0 1 0 1 0 1 0 1 0 1
0 1 0 1 0 1 0 1 0 1 0 1 0 1 0 1
0 1 0 1 0 1 0 1 0 1 0 1 0 1 0 1
0 1 0 1 0 1 0 1 0 1 0 1 0 1 0 1
0 1 0 1 0 1 0 1 0 1 0 1 0 1 0 1
0 1 0 1 0 1 0 1 0 1 0 1 0 1 0 1
0 1 0 1 0 1 0 1 0 1 0 1 0 1 0 1
0 1 0 1 0 1 0 1 0 1 0 1 0 1 0 1
0 1 0 1 0 1 0 1 0 1 0 1 0 1 0 1
0 1 0 1 0 1 0 1 0 1 0 1 0 1 0 1
11 37 3 44 20 56 6 48 6 47 5 46 19 51 28 36
29 51 18 61 21 47 9 37 19 47 24 48 28 56 11 53
13 57 23 57 30 42 22 60 28 59 6 48 14 46 3 42
30 45 5 45 20 60 7 51 12 51 15 43 21 62 6 51
13 52 22 39 23 59 21 54 12 55 27 45 5 39 21 45
11 57 17 59 25 42 17 49 14 49 25 35 23 41 27 37
25 49 3 45 5 55 5 52 9 56 18 36 30 52 6 58
3 45 22 50 21 55 28 35 7 49 10 54 29 49 3 50
11 59 6 43 30 54 16 55 9 59 24 57 10 53 30 59
15 62 29 55 30 55 26 51 8 40 21 56 24 60 20 48
29 39 17 41 22 49 20 36 22 39 6 49 25 47 19 37
15 39 24 42 8 62 12 49 9 47 23 46 3 60 6 44
17 42 11 50 24 35 22 59 29 57 29 45 4 45 6 44
14 35 21 38 28 38 22 36 27 47 27 44 14 40 21 43
27 42 27 36 7 59 4 46 5 44 11 61 15 61 29 61
4 47 17 47 20 51 19 53 6 60 9 48 6 35 22 51
