0 1 0 1 0 1 0 1 0 1 0 1 0 1 0 1
0 1 0 1 0 1 0 1 0 1 0 1 0 1 0 1
0 1 0 1 0 1 0 1 0 1 0 1 0 1 0 1
0 1 0 1 0 1 0 1 0 1 0 1 0 1 0 1
0 1 0 1 0 1 0 1 0 1 0 1 0 1 0 1
0 1 0 1 0 1 0 1 0 1 0 1 0 1 0 1
0 1 0 1 0 1 0 1 0 1 0 1 0 1 0 1
0 1 0 1 0 1 0 1 0 1 0 1 0 1 0 1
0 1 0 1 0 1 0 1 0 1 0 1 0 1 0 1
0 1 0 1 0 1 0 1 0 1 0 1 0 1 0 1
0 1 0 1 0 1 0 1 0 1 0 1 0 1 0 1
0 1 0 1 0 1 0 1 0 1 0 1 0 1 0 1
0 1 0 1 0 1 0 1 0 1 0 1 0 1 0 1
0 1 0 1 0 1 0 1 0 1 0 1 0 1 0 1
0 1 0 1 0 1 0 1 0 1 0 1 0 1 0 1
0 1 0 1 0 1 0 1 0 1 0 1 0 1 0 1
12 36 4 57 20 62 18 58 14 47 18 56 24 51 6 46
16 41 12 39 26 41 25 55 23 55 20 61 9 54 16 62
30 47 22 60 25 37 22 36 18 45 12 56 15 36 24 49
12 48 23 42 20 46 7 58 19 38 10 51 9 41 8 62
30 39 25 54 17 39 14 58 25 53 29 53 8 40 12 58
13 54 11 61 13 48 24 49 23 53 25 47 7 37 17 52
22 35 5 46 11 58 7 47 26 58 26 40 24 36 18 54
5 53 4 41 12 61 19 35 17 49 27 52 11 54 8 40
16 56 8 37 27 35 21 45 30 42 6 60 4 42 14 36
4 38 16 54 7 50 15 46 3 39 11 45 21 49 20 55
29 55 14 61 18 35 26 54 18 37 14 46 30 62 12 42
7 52 6 52 4 38 25 38 5 49 15 45 19 60 4 47
13 39 29 38 29 58 3 57 16 45 24 61 8 36 27 45
11 42 28 39 28 56 14 52 28 36 8 59 13 55 7 38
24 56 4 38 4 61 8 48 4 40 20 38 11 51 29 50
10 55 15 56 23 39 22 40 29 47 28 36 23 48 12 47
