0 1 0 1 0 1 0 1 0 1 0 1 0 1 0 1
0 1 0 1 0 1 0 1 0 1 0 1 0 1 0 1
0 1 0 1 0 1 0 1 0 1 0 1 0 1 0 1
0 1 0 1 0 1 0 1 0 1 0 1 0 1 0 1
0 1 0 1 0 1 0 1 0 1 0 1 0 1 0 1
0 1 0 1 0 1 0 1 0 1 0 1 0 1 0 1
0 1 0 1 0 1 0 1 0 1 0 1 0 1 0 1
0 1 0 1 0 1 0 1 0 1 0 1 0 1 0 1
0 1 0 1 0 1 0 1 0 1 0 1 0 1 0 1
0 1 0 1 0 1 0 1 0 1 0 1 0 1 0 1
0 1 0 1 0 1 0 1 0 1 0 1 0 1 0 1
0 1 0 1 0 1 0 1 0 1 0 1 0 1 0 1
0 1 0 1 0 1 0 1 0 1 0 1 0 1 0 1
0 1 0 1 0 1 0 1 0 1 0 1 0 1 0 1
0 1 0 1 0 1 0 1 0 1 0 1 0 1 0 1
0 1 0 1 0 1 0 1 0 1 0 1 0 1 0 1
6 38 22 43 18 40 30 37 4 49 20 49 16 42 17 35
7 54 30 54 3 47 26 50 6 35 11 53 22 38 4 57
9 45 13 54 30 35 13 56 6 38 8 36 3 36 23 50
25 39 19 59 28 38 21 52 17 39 14 44 14 36 30 56
16 53 24 55 12 40 6 61 17 45 30 35 12 36 23 40
9 47 14 39 15 36 10 37 12 51 9 51 27 55 17 58
5 56 7 45 11 48 17 50 7 61 17 44 7 55 4 60
8 47 27 54 28 56 29 36 21 53 6 48 20 56 4 59
28 36 7 54 14 41 18 59 26 59 8 43 4 58 20 42
15 56 26 47 15 60 23 53 9 35 12 60 7 42 22 51
25 59 28 36 15 53 26 59 24 55 11 47 26 53 9 39
26 44 15 46 8 44 18 62 28 49 29 38 26 36 16 56
30 59 7 55 20 51 18 61 3 52 14 57 27 41 20 54
17 49 21 48 10 59 16 46 10 53 18 49 14 58 9 44
9 56 22 36 10 35 16 51 18 52 5 56 16 60 19 49
8 43 21 52 20 45 26 43 27 41 11 42 7 52 7 47
