0 1 0 1 0 1 0 1 0 1 0 1 0 1 0 1
0 1 0 1 0 1 0 1 0 1 0 1 0 1 0 1
0 1 0 1 0 1 0 1 0 1 0 1 0 1 0 1
0 1 0 1 0 1 0 1 0 1 0 1 0 1 0 1
0 1 0 1 0 1 0 1 0 1 0 1 0 1 0 1
0 1 0 1 0 1 0 1 0 1 0 1 0 1 0 1
0 1 0 1 0 1 0 1 0 1 0 1 0 1 0 1
0 1 0 1 0 1 0 1 0 1 0 1 0 1 0 1
0 1 0 1 0 1 0 1 0 1 0 1 0 1 0 1
0 1 0 1 0 1 0 1 0 1 0 1 0 1 0 1
0 1 0 1 0 1 0 1 0 1 0 1 0 1 0 1
0 1 0 1 0 1 0 1 0 1 0 1 0 1 0 1
0 1 0 1 0 1 0 1 0 1 0 1 0 1 0 1
0 1 0 1 0 1 0 1 0 1 0 1 0 1 0 1
0 1 0 1 0 1 0 1 0 1 0 1 0 1 0 1
0 1 0 1 0 1 0 1 0 1 0 1 0 1 0 1
29 47 5 41 29 41 8 44 10 38 14 43 28 57 11 62
7 39 25 54 12 44 7 48 9 50 13 55 19 54 3 54
11 54 21 58 11 46 10 46 13 44 16 47 24 53 12 54
18 48 12 53 30 39 15 47 12 51 7 57 17 43 20 46
21 37 18 50 9 37 4 42 26 57 11 53 9 47 8 59
5 44 3 53 3 49 11 37 4 47 20 43 30 45 19 59
17 49 20 62 22 54 13 37 14 56 9 57 5 49 27 47
22 61 10 35 30 58 10 45 27 37 18 36 12 46 11 47
4 49 22 50 22 36 7 42 21 61 21 51 6 53 13 53
25 36 3 38 26 39 3 57 3 56 8 38 7 59 5 41
28 43 24 47 24 41 7 56 10 62 5 40 23 43 30 36
20 54 26 57 27 44 17 41 30 40 13 49 23 57 20 61
21 36 16 40 23 53 20 44 23 50 8 40 9 35 5 49
17 43 3 47 23 35 27 39 8 41 14 44 17 43 19 53
27 41 10 41 10 61 22 43 15 42 12 45 18 44 3 58
21 39 18 52 15 40 25 36 4 62 29 54 9 60 25 37
