0 1 0 1 0 1 0 1 0 1 0 1 0 1 0 1
0 1 0 1 0 1 0 1 0 1 0 1 0 1 0 1
0 1 0 1 0 1 0 1 0 1 0 1 0 1 0 1
0 1 0 1 0 1 0 1 0 1 0 1 0 1 0 1
0 1 0 1 0 1 0 1 0 1 0 1 0 1 0 1
0 1 0 1 0 1 0 1 0 1 0 1 0 1 0 1
0 1 0 1 0 1 0 1 0 1 0 1 0 1 0 1
0 1 0 1 0 1 0 1 0 1 0 1 0 1 0 1
0 1 0 1 0 1 0 1 0 1 0 1 0 1 0 1
0 1 0 1 0 1 0 1 0 1 0 1 0 1 0 1
0 1 0 1 0 1 0 1 0 1 0 1 0 1 0 1
0 1 0 1 0 1 0 1 0 1 0 1 0 1 0 1
0 1 0 1 0 1 0 1 0 1 0 1 0 1 0 1
0 1 0 1 0 1 0 1 0 1 0 1 0 1 0 1
0 1 0 1 0 1 0 1 0 1 0 1 0 1 0 1
0 1 0 1 0 1 0 1 0 1 0 1 0 1 0 1
8 58 25 39 20 48 12 52 13 60 18 45 20 48 14 36
17 59 20 45 7 45 6 47 20 49 12 40 9 59 13 41
4 37 7 59 8 54 21 54 14 36 24 54 19 48 20 54
8 37 15 47 25 35 18 51 26 56 24 51 25 50 3 46
22 57 8 38 20 48 9 45 9 53 21 43 8 52 29 58
15 57 28 57 6 42 28 38 14 39 14 61 16 59 14 41
30 50 9 38 17 43 22 40 22 43 13 57 26 59 7 60
12 46 9 58 19 37 4 37 26 49 13 49 22 54 14 42
7 45 13 38 6 45 16 48 20 38 29 53 3 59 4 41
23 62 6 60 27 52 8 37 24 58 4 54 6 47 30 60
29 41 17 46 23 45 21 45 17 44 4 44 22 49 8 35
29 59 3 41 18 45 29 40 28 57 15 48 22 42 8 40
8 48 14 40 24 36 19 40 10 56 10 55 27 45 3 43
16 50 24 38 16 58 24 45 21 51 6 54 28 38 9 37
26 60 12 62 23 55 16 36 25 36 13 39 15 36 24 49
6 55 10 55 3 54 14 48 21 48 10 62 14 48 18 59
