0 1 0 1 0 1 0 1 0 1 0 1 0 1 0 1
0 1 0 1 0 1 0 1 0 1 0 1 0 1 0 1
0 1 0 1 0 1 0 1 0 1 0 1 0 1 0 1
0 1 0 1 0 1 0 1 0 1 0 1 0 1 0 1
0 1 0 1 0 1 0 1 0 1 0 1 0 1 0 1
0 1 0 1 0 1 0 1 0 1 0 1 0 1 0 1
0 1 0 1 0 1 0 1 0 1 0 1 0 1 0 1
0 1 0 1 0 1 0 1 0 1 0 1 0 1 0 1
0 1 0 1 0 1 0 1 0 1 0 1 0 1 0 1
0 1 0 1 0 1 0 1 0 1 0 1 0 1 0 1
0 1 0 1 0 1 0 1 0 1 0 1 0 1 0 1
0 1 0 1 0 1 0 1 0 1 0 1 0 1 0 1
0 1 0 1 0 1 0 1 0 1 0 1 0 1 0 1
0 1 0 1 0 1 0 1 0 1 0 1 0 1 0 1
0 1 0 1 0 1 0 1 0 1 0 1 0 1 0 1
0 1 0 1 0 1 0 1 0 1 0 1 0 1 0 1
25 51 4 43 30 54 27 51 28 50 15 47 18 37 7 43
23 40 17 48 27 52 3 58 13 41 17 40 29 36 27 53
23 58 20 62 29 40 16 53 13 55 26 56 17 52 12 52
23 49 15 56 12 52 6 44 7 45 5 56 24 41 29 54
21 45 14 39 12 45 25 54 16 43 14 36 30 50 17 62
9 59 28 56 19 50 16 53 7 41 18 36 18 51 17 36
25 37 4 61 26 37 23 62 7 52 6 37 20 38 30 50
28 46 25 54 26 49 25 48 9 43 24 39 19 46 10 36
28 45 4 48 16 47 14 36 29 47 30 41 28 54 24 60
8 35 16 43 18 57 28 52 5 42 14 46 26 43 16 53
17 39 5 48 9 54 26 35 18 36 18 50 26 44 23 54
15 46 26 55 23 40 3 44 21 51 23 54 22 39 26 58
10 37 11 60 19 39 22 61 6 36 18 40 29 38 15 62
3 36 14 61 8 39 11 48 29 45 22 59 9 56 18 39
4 49 9 36 26 35 13 53 5 51 20 55 30 52 11 57
18 56 14 50 3 61 5 35 4 59 9 48 30 53 3 57
