1 0 1 0 1 0 0 0 1 0 0 1 0 1 0 1
1 0 1 1 0 1 0 0 1 0 0 0 1 1 0 0
1 0 1 1 0 0 0 1 1 0 1 0 0 1 1 1
1 0 1 0 0 1 0 1 1 0 1 1 0 0 0 1
1 0 1 1 1 0 1 1 0 1 0 1 1 1 0 0
0 0 0 1 1 1 1 1 1 1 0 0 1 0 0 0
0 0 1 1 0 0 1 1 1 1 1 0 0 0 0 1
1 1 0 1 1 0 0 1 1 0 0 0 1 0 1 1
0 1 1 0 0 1 1 1 0 1 0 1 0 1 1 0
1 1 1 0 0 1 1 0 1 0 0 0 1 1 1 1
1 1 1 1 0 0 1 0 1 1 0 1 0 1 0 0
1 0 0 0 1 0 1 1 1 0 0 0 1 1 1 0
0 0 1 1 1 0 0 0 1 0 0 0 1 1 0 1
0 0 0 0 1 1 1 1 1 1 1 1 0 0 1 1
0 0 0 0 1 0 0 0 0 1 0 1 0 0 1 1
0 0 0 1 0 1 0 1 1 1 0 0 0 1 0 1
50 18 61 9 46 27 7 13 51 18 14 39 10 52 11 59
35 17 43 40 11 52 9 9 62 18 11 29 58 58 10 27
41 10 58 51 6 9 25 57 55 8 47 8 26 40 43 56
36 21 60 9 4 40 9 58 52 28 61 37 14 11 5 50
39 17 36 44 59 26 45 56 15 56 18 58 53 53 13 29
7 7 13 43 56 53 57 41 55 56 27 6 56 17 15 19
25 18 62 39 13 26 43 61 48 38 35 18 28 7 15 57
52 42 3 53 57 26 20 52 45 14 13 20 54 26 37 57
26 60 45 29 3 60 51 58 24 56 9 42 21 55 42 29
53 41 42 21 29 47 59 27 59 12 27 7 37 41 43 62
35 56 62 41 9 30 48 18 43 62 4 37 26 56 30 11
45 15 21 16 38 22 43 36 60 13 8 9 38 57 41 14
28 28 41 41 52 15 10 20 57 28 28 24 51 48 9 37
10 12 6 13 37 51 36 55 61 54 54 62 9 11 43 61
28 10 10 22 62 11 21 22 9 35 5 43 17 24 42 51
13 9 19 36 25 50 15 39 49 44 20 19 29 47 26 56
