1 0 0 1 0 0 0 1 0 0 0 1 0 1 0 0
1 0 0 1 1 0 1 0 0 1 0 0 0 0 0 0
0 0 1 1 1 1 1 1 1 1 1 1 1 1 1 0
0 1 0 1 0 1 1 1 1 1 0 0 0 1 1 1
1 1 1 0 0 1 1 1 0 1 0 0 0 0 0 0
1 0 1 0 0 0 1 1 1 0 0 1 1 0 0 1
0 1 0 1 0 0 0 0 0 0 1 1 0 1 0 1
1 0 0 1 0 1 0 1 0 1 0 0 0 1 0 0
1 0 0 1 0 0 1 0 1 1 0 1 1 1 0 1
0 0 1 1 1 0 0 1 0 1 1 1 1 0 1 1
1 1 1 1 0 1 0 1 1 1 1 0 0 1 1 0
0 0 0 1 0 1 0 0 1 0 0 0 1 0 1 1
1 1 1 0 1 1 1 0 1 0 0 0 1 1 1 1
1 0 1 1 0 0 1 0 1 1 0 0 0 1 0 0
0 0 0 1 1 0 1 1 0 0 0 1 1 0 0 1
1 1 0 0 0 1 0 1 1 1 1 0 1 0 0 0
62 28 29 50 27 19 10 36 12 11 17 54 5 37 30 7
37 24 20 59 57 9 55 15 4 44 5 8 19 6 26 10
19 22 37 57 50 53 45 59 45 35 54 54 43 61 45 4
14 51 11 35 18 53 49 39 46 45 9 3 20 39 55 39
56 44 55 20 20 37 35 52 7 51 8 5 3 9 22 19
48 10 47 4 16 17 59 37 58 30 6 58 43 4 29 46
20 45 28 53 17 26 10 26 15 19 59 36 25 47 24 41
40 10 25 62 26 62 29 36 27 49 9 22 25 41 11 15
42 9 5 49 18 5 45 4 53 47 7 40 35 58 24 47
20 3 42 56 51 3 9 49 27 52 37 35 60 22 39 41
51 37 61 52 11 52 24 55 62 50 43 13 12 40 59 3
7 24 18 53 25 37 22 25 36 23 30 21 36 27 53 61
51 54 39 3 47 44 35 9 50 17 12 15 57 62 57 57
59 13 52 41 11 20 39 9 36 37 10 20 10 45 30 29
8 13 17 39 49 14 49 45 5 3 13 39 41 8 17 42
38 57 15 18 11 57 4 58 57 39 50 26 42 29 4 3
