0 1 0 1 0 1 0 1 1 0 1 1 1 1 0 1
0 1 0 1 0 0 1 0 0 1 1 1 1 1 0 1
0 1 1 0 0 1 1 1 1 1 1 1 0 0 1 0
1 0 1 1 1 1 1 1 1 1 1 0 1 1 0 1
1 0 1 1 1 0 0 1 0 1 0 1 1 1 0 0
1 0 0 0 1 1 0 0 0 0 1 1 1 1 1 0
0 1 1 0 0 1 1 0 1 1 0 0 0 1 0 1
0 0 1 1 1 0 1 1 0 0 0 1 1 1 0 1
1 0 0 1 1 1 0 0 1 1 0 0 0 0 0 1
1 1 0 0 0 0 1 0 0 0 1 0 0 0 0 1
1 0 1 1 1 0 1 1 0 0 0 1 1 0 1 1
1 1 0 0 1 1 0 1 1 1 1 1 1 0 0 1
1 1 0 1 0 1 1 1 1 0 0 1 0 0 0 0
1 0 0 1 1 1 1 1 1 0 0 0 1 1 1 0
0 1 1 0 1 0 1 0 1 0 1 0 1 0 1 0
1 1 1 1 1 1 0 1 1 0 0 1 1 0 1 1
11 40 24 51 9 41 13 36 55 3 40 50 44 54 15 40
16 54 29 49 5 4 44 12 9 38 49 38 50 37 28 53
21 37 37 30 28 56 60 57 55 39 59 40 6 4 37 13
38 5 50 36 48 54 50 36 43 55 45 13 47 41 28 40
38 7 61 43 56 12 29 47 6 59 17 45 39 36 29 18
45 12 28 19 43 55 15 17 10 3 45 56 36 49 52 12
18 37 36 9 6 40 42 23 35 40 8 7 19 47 28 52
24 15 48 51 41 25 51 42 9 3 18 56 60 43 13 44
53 25 29 58 49 38 13 16 43 47 18 18 7 26 24 50
45 46 8 9 19 25 49 11 14 11 46 20 28 19 9 41
61 21 61 54 51 23 47 37 23 19 25 47 43 30 59 52
54 52 15 14 46 57 28 62 51 41 48 60 46 23 8 47
61 62 26 47 11 58 57 37 35 4 26 40 26 10 27 30
41 29 22 52 44 53 56 57 44 17 24 7 37 60 38 12
19 51 41 21 39 29 41 22 48 18 43 7 49 15 52 24
61 48 60 37 61 41 22 45 40 3 19 41 49 30 48 41
