0 0 0 0 0 1 1 0 0 0 0 0 1 1 0 1
1 0 1 0 0 1 0 0 1 0 0 1 1 1 1 1
0 0 0 0 1 1 0 1 1 0 0 1 0 0 1 0
1 1 0 0 0 0 0 1 0 1 1 0 1 1 0 1
1 0 0 1 1 1 0 1 0 1 1 1 1 0 0 0
0 1 0 1 1 0 0 0 0 1 0 1 0 0 1 0
1 0 0 0 1 1 1 1 1 0 0 1 1 0 0 0
0 0 0 1 1 0 0 1 0 0 1 1 1 0 1 0
1 1 0 0 0 1 1 0 0 0 1 1 0 1 1 1
1 0 0 1 1 0 1 1 0 1 1 1 0 1 1 0
0 1 0 0 1 0 0 0 0 0 1 0 0 1 1 1
1 1 0 0 1 1 1 1 1 1 0 0 0 0 1 1
0 1 0 0 0 0 0 0 0 1 0 0 0 1 0 1
0 1 0 0 1 1 1 1 0 1 0 0 0 1 0 0
1 0 0 0 0 0 1 0 1 0 0 1 0 0 0 1
0 0 0 1 0 0 0 0 0 0 1 0 0 0 0 0
23 14 13 26 17 54 55 6 27 16 5 20 37 37 11 45
48 3 44 28 8 62 7 20 37 23 29 51 51 62 43 46
16 18 19 22 52 52 15 53 41 9 15 62 20 9 55 19
36 48 20 16 26 17 16 51 8 61 38 12 47 53 23 41
57 7 4 44 62 49 24 42 29 49 53 36 44 15 19 18
10 58 3 60 50 14 15 5 14 52 20 40 8 4 40 24
45 11 6 17 35 50 54 40 61 7 21 46 36 9 26 14
12 16 9 49 51 10 3 56 14 9 61 39 36 30 58 9
56 53 4 4 11 54 43 7 5 6 48 45 16 46 58 62
36 15 21 39 53 21 37 37 10 53 60 61 25 37 54 23
29 39 18 20 55 16 27 13 30 30 42 16 27 48 37 38
59 53 7 5 45 37 56 40 35 59 17 27 11 18 59 58
11 56 4 24 29 23 3 26 21 40 12 19 8 39 4 58
26 55 17 7 58 44 61 46 7 59 25 21 28 45 25 7
40 5 4 17 12 14 44 21 44 20 9 37 16 23 24 35
12 6 17 62 28 12 27 14 23 30 38 18 10 5 26 5
