1 1 1 0 1 0 1 0 1 1 1 0 0 1 0 1
1 1 0 1 0 0 0 0 0 1 0 1 1 1 1 1
0 1 0 1 0 0 1 1 0 0 1 1 1 0 0 0
1 0 1 0 1 0 1 1 0 0 0 1 1 0 1 1
0 0 1 0 1 1 1 1 1 1 0 1 1 1 1 0
0 1 0 1 1 1 0 1 0 0 1 0 1 0 1 0
1 0 0 0 1 0 0 0 0 1 1 0 0 0 1 0
0 1 1 0 1 1 1 0 1 1 0 1 0 1 1 0
1 0 0 0 1 0 0 1 0 1 1 0 1 1 0 0
1 0 0 0 1 1 1 0 1 1 1 0 0 0 1 1
1 0 1 0 1 1 0 0 1 1 0 1 1 1 0 1
1 1 1 0 1 1 1 1 0 1 0 1 1 0 0 1
1 1 1 1 1 0 0 1 0 0 1 1 1 1 0 1
1 0 1 1 1 0 1 0 0 1 1 0 0 1 0 1
1 1 1 1 1 0 0 1 1 1 0 0 0 1 1 1
1 0 0 1 1 0 1 0 0 0 1 1 0 1 1 1
56 55 37 10 41 14 58 8 55 55 46 13 3 62 4 46
40 40 25 43 30 19 25 20 11 38 27 36 38 48 51 36
12 57 10 37 26 9 61 47 11 12 47 52 44 10 29 8
42 22 35 19 48 25 60 61 7 8 28 44 61 20 49 55
24 6 42 26 37 42 37 37 56 44 8 51 52 44 61 19
21 40 3 51 49 59 4 56 15 13 46 13 56 25 42 11
51 11 13 30 40 26 3 29 4 57 51 5 28 19 53 18
23 59 37 16 45 48 53 29 52 38 21 62 3 44 52 24
36 28 10 20 62 16 12 44 4 46 51 9 54 50 12 23
57 18 22 18 46 54 37 22 57 45 58 16 12 19 36 53
37 13 51 10 48 40 25 25 62 43 20 49 52 36 5 41
38 60 45 16 44 56 41 56 14 50 8 41 60 11 25 54
55 36 52 39 53 16 17 37 3 23 45 40 53 60 18 53
50 20 50 48 50 13 59 12 9 45 38 8 4 52 14 54
51 57 41 45 40 17 16 54 43 50 17 8 9 40 48 47
48 16 22 38 53 27 59 25 27 7 61 35 17 35 54 61
