2 6 4 6 6 4 4 2 6 3
0 3 4 5 2 1 2 7 0 7
1 3 3 2 4 4 5 2 7 5
0 7 3 0 6 2 5 3 5 5
2 5 3 1 3 4 0 2 0 2
7 5 4 4 3 0 4 0 7 5
1 0 0 6 6 0 7 0 2 2
7 7 1 6 7 4 4 3 6 6
2 7 6 4 6 6 0 5 0 7
4 7 1 1 4 7 2 6 4 2
3 0 7 6 4 6 3 6 7 0
7 6 2 5 6 3 2 4 2 5
5 1 0 5 3 5 0 1 0 6
2 7 3 6 7 1 1 6 7 4
0 2 2 2 3 6 5 4 7 7
1 2 6 4 5 0 5 5 3 4
6 4 1 0 6 6 6 5 7 2
1 0 0 3 4 2 7 3 4 4
0 6 1 2 6 3 5 5 5 1
7 0 7 4 4 7 6 3 3 5
6 5 2 6 4 2 3 5 1 3
3 7 6 3 5 4 5 0 0 5
5 7 5 1 4 0 3 7 1 4
7 2 7 5 3 4 3 7 3 2
0 1 4 6 6 5 2 2 5 3
3 7 0 3 2 5 6 4 4 3
0 0 6 5 2 0 0 3 0 7
7 6 5 2 0 4 2 6 2 3
4 0 1 0 5 4 5 7 6 7
3 6 1 1 4 6 3 4 6 0
0 7 2 2 1 3 6 5 5 1
5 2 5 1 5 1 1 1 4 2
7 5 0 0 7 2 1 1 3 2
0 1 5 0 7 5 2 3 4 1
0 6 3 6 5 6 0 3 2 2
1 3 0 1 5 5 0 4 1 6
4 0 0 3 5 2 6 0 7 0
3 5 4 3 5 2 7 6 0 0
5 5 5 7 4 4 6 7 2 4
4 7 1 2 6 1 1 0 7 7
3 1 7 2 4 0 5 4 3 2
1 7 2 3 6 2 2 0 1 3
1 6 6 4 3 1 7 5 1 6
3 2 4 0 4 3 4 4 5 6
0 1 6 4 7 3 1 4 6 4
1 7 5 4 1 0 4 7 3 4
0 1 3 2 3 2 3 4 7 3
4 6 5 3 4 3 1 0 6 1
1 4 6 0 6 1 5 0 2 0
3 5 6 0 5 5 6 0 7 7
1 0 0 5 6 5 2 6 2 5
1 2 4 3 0 4 2 5 0 3
1 4 3 4 5 5 5 5 0 3
5 6 0 4 4 6 1 4 4 4
1 6 0 0 0 0 5 7 0 2
1 2 1 4 7 1 2 7 5 2
7 6 1 4 3 1 6 3 4 1
1 1 5 7 1 1 2 0 7 6
6 0 7 7 2 0 6 2 7 2
5 6 1 5 0 4 2 5 6 3
6 2 5 1 4 0 6 7 3 0
5 1 0 1 0 5 7 7 1 0
4 1 6 0 1 5 7 2 2 4
6 6 4 2 6 7 5 6 4 1
1 1 3 3 1 5 0 7 1 5
6 2 4 4 4 0 5 4 5 7
6 2 2 6 0 5 6 3 2 5
5 0 0 5 4 0 3 3 5 2
7 5 4 3 7 1 4 5 7 1
4 5 1 3 2 2 2 2 0 0
5 4 2 3 2 1 0 1 2 5
3 4 7 3 3 0 1 0 4 6
6 1 3 0 6 2 5 7 6 2
0 3 0 6 3 4 2 4 1 2
3 3 6 2 4 2 0 0 3 5
0 3 6 4 2 5 2 2 1 5
5 6 5 2 7 2 5 5 4 0
1 2 6 6 4 2 0 4 1 3
6 6 1 5 6 6 2 1 7 4
1 2 2 3 7 1 3 0 4 3
7 3 7 6 6 2 0 1 1 3
2 7 6 5 5 0 5 1 6 0
7 3 0 2 0 6 6 0 4 4
4 3 3 2 2 6 4 2 3 1
4 5 3 7 6 4 6 3 2 5
2 6 5 1 4 1 3 0 5 5
4 2 5 3 4 3 0 1 0 3
0 1 1 3 7 2 1 3 7 7
1 7 3 5 0 3 7 4 5 3
1 5 6 1 5 1 3 7 0 0
6 5 4 0 3 4 6 7 5 2
2 5 7 2 4 7 7 3 5 7
3 3 4 6 1 4 1 5 0 2
3 5 6 7 1 6 0 1 2 7
2 0 5 3 1 7 5 7 5 5
7 3 2 5 3 5 7 3 0 4
7 5 0 4 7 7 2 6 4 4
6 3 0 0 7 2 0 3 7 2
5 4 0 5 1 4 7 0 2 0
6 2 6 1 6 0 2 1 6 7
30 80 56 75 78 51 52 33 81 45
5 40 51 68 30 19 33 92 9 93
18 45 39 29 53 54 66 28 88 66
5 92 40 7 80 33 69 44 68 67
29 68 44 19 40 54 9 30 5 31
90 67 51 53 41 9 51 6 92 63
18 8 8 77 79 8 87 5 28 29
89 92 19 76 91 51 54 39 81 80
28 90 78 54 77 80 5 69 4 93
52 88 16 18 55 90 31 80 57 32
45 8 89 76 53 75 43 80 91 5
92 75 28 68 81 40 31 53 28 64
66 20 8 67 43 63 9 19 8 75
31 93 40 76 89 20 19 77 90 56
8 33 27 31 42 79 67 52 88 91
15 29 79 54 69 4 69 64 45 56
81 56 15 4 80 81 81 65 92 32
19 4 5 41 51 28 92 45 51 55
5 77 17 32 75 45 69 69 67 21
91 7 90 52 56 89 75 45 45 65
76 68 32 75 51 30 39 66 21 40
40 91 80 43 64 56 64 9 6 65
65 87 68 20 55 4 43 89 15 53
90 28 92 68 42 54 39 93 42 27
5 19 54 80 77 67 28 29 66 41
40 93 7 40 32 64 81 52 57 42
5 6 79 65 32 7 6 45 6 89
90 75 66 29 9 51 29 81 31 40
55 6 15 6 67 52 63 88 77 93
45 78 15 21 54 80 39 56 79 5
3 92 28 32 21 41 77 65 64 18
64 27 68 20 66 19 18 21 54 30
92 64 3 3 88 30 16 16 44 32
5 15 65 6 88 69 33 41 51 19
3 81 45 78 66 78 9 45 29 30
15 41 5 19 68 64 9 53 19 76
54 5 9 45 63 30 79 8 88 5
43 66 53 43 65 29 92 75 4 7
63 64 69 87 55 54 79 92 30 56
57 93 16 30 75 17 18 5 90 90
41 17 92 33 52 3 67 56 44 28
21 91 32 39 76 28 30 7 18 39
18 75 79 54 42 21 90 65 18 77
39 27 53 9 55 43 52 52 64 81
9 20 79 53 90 45 18 54 76 53
20 88 63 53 16 3 56 87 39 51
3 19 44 31 45 30 41 57 90 40
53 81 69 44 51 42 19 7 81 17
15 56 78 6 76 19 64 9 27 9
42 68 80 7 66 65 80 3 93 93
21 5 7 68 78 64 32 80 33 64
17 30 53 45 5 52 30 66 3 39
19 57 42 54 69 66 68 68 5 44
66 79 6 55 55 79 15 52 55 56
20 78 8 4 4 3 69 92 6 28
19 28 17 53 89 16 28 92 67 29
90 77 16 56 40 20 78 45 52 21
21 21 68 93 19 16 29 9 90 78
75 5 87 87 29 5 75 31 87 29
69 77 20 63 4 53 29 63 81 42
80 31 63 20 53 9 79 87 40 3
67 19 4 19 9 67 91 89 15 3
53 15 77 3 15 64 88 28 32 51
80 75 54 29 79 88 65 79 55 17
16 18 43 44 18 66 3 92 19 64
81 30 55 54 55 9 69 55 68 91
80 28 27 76 3 63 76 44 30 68
67 4 9 68 54 8 42 45 65 28
87 66 56 43 89 20 53 63 87 20
54 67 18 39 33 27 30 31 9 9
65 54 33 42 28 15 3 19 31 65
42 52 87 45 43 5 16 7 56 77
76 15 39 3 75 32 64 92 81 27
3 41 7 81 40 52 27 54 21 27
44 41 81 32 54 27 7 5 41 67
4 44 76 57 29 66 32 32 21 65
63 76 66 33 89 28 67 65 56 7
20 30 80 80 54 33 7 57 16 45
78 81 15 68 81 81 30 20 91 52
17 32 33 44 88 19 45 8 52 39
87 45 87 80 81 31 9 20 19 40
31 87 80 64 68 6 66 20 76 4
91 44 4 30 4 75 81 4 54 56
57 41 45 27 32 78 55 31 45 17
51 63 40 90 76 57 77 41 33 64
28 75 63 21 54 15 41 8 66 63
56 30 65 41 57 39 7 16 5 43
7 19 19 41 91 27 15 40 93 93
19 89 43 65 4 42 93 51 67 40
19 69 75 19 65 16 40 90 8 4
81 66 52 7 43 54 76 89 68 33
27 63 87 29 54 93 93 40 69 87
42 42 55 75 20 54 15 65 7 29
41 68 81 87 19 81 6 20 32 87
28 3 63 39 21 87 65 92 63 69
87 44 32 63 39 66 92 44 6 57
92 63 5 53 89 87 32 78 54 55
81 40 9 9 87 32 4 40 90 33
64 57 5 65 16 51 88 3 29 7
75 32 77 15 79 4 29 15 80 89
