3 5 3 6 7 5 1 2 3 2 1 0 6 7 3 5
2 2 3 3 5 1 3 6 3 1 1 7 4 4 2 0
4 5 4 5 6 3 1 0 2 2 4 5 4 7 0 7
6 1 6 5 0 0 3 2 3 4 6 6 2 1 6 0
1 7 7 2 1 5 2 6 1 4 1 7 7 6 4 2
3 7 0 2 3 7 1 3 1 2 3 4 2 3 7 6
7 6 7 7 2 1 2 1 3 2 3 7 4 0 7 0
5 7 7 1 2 0 0 2 4 5 7 3 5 1 1 5
0 2 1 3 0 3 7 5 3 0 3 6 7 1 6 5
5 0 2 7 0 0 7 3 5 7 1 0 4 7 2 7
1 1 3 1 5 4 4 1 5 0 6 1 6 5 1 5
0 5 6 5 7 2 3 4 0 5 4 6 3 6 0 3
4 0 2 6 5 6 7 1 7 4 7 5 5 6 5 0
4 2 4 2 0 6 0 5 2 2 2 6 5 6 6 3
7 6 1 3 4 1 0 5 1 5 0 7 2 6 6 1
4 5 7 0 7 7 5 7 1 6 5 4 6 6 2 1
45 67 42 76 92 68 18 29 39 30 16 6 78 87 43 66
27 31 40 42 64 17 39 78 43 17 18 89 55 56 27 7
55 65 51 69 79 43 17 8 28 29 54 67 56 90 8 87
77 16 76 63 6 3 44 28 45 51 79 77 30 20 78 4
18 89 87 32 19 68 33 75 20 57 17 92 89 79 57 30
39 87 8 30 42 92 19 45 16 32 39 52 30 40 91 81
91 76 93 93 33 16 28 17 45 31 42 93 53 3 91 9
68 87 88 19 33 5 7 27 54 67 90 44 65 19 20 66
6 28 16 40 9 43 93 63 39 7 42 80 90 18 80 65
67 4 28 87 4 7 87 41 63 87 21 3 56 87 28 88
16 16 43 20 64 53 53 17 66 3 78 18 81 63 16 69
5 63 80 68 87 28 39 54 5 69 56 77 42 76 7 41
51 3 31 80 64 77 92 20 89 54 92 69 67 77 64 7
57 30 54 27 5 76 5 65 31 32 30 75 67 79 79 39
93 78 19 43 56 21 3 68 17 63 5 92 28 81 80 16
56 65 93 4 89 89 64 93 21 80 68 53 78 79 31 15
