3 4 2 6 5 3 4 0 3 3 6 7 7 4 0 0
1 2 3 6 3 6 0 0 4 6 7 3 2 7 7 6
0 1 7 3 0 1 3 4 6 4 2 4 2 0 4 4
4 7 6 1 6 7 7 3 5 3 2 1 2 0 6 6
6 3 5 0 7 6 5 3 6 6 5 0 0 7 2 5
3 5 2 1 4 5 0 7 5 1 1 0 6 5 7 4
3 0 6 1 5 7 1 6 2 0 0 5 4 3 0 2
3 4 0 5 4 4 6 6 3 2 0 7 0 5 1 5
4 4 7 7 2 6 5 5 1 2 4 2 4 2 7 1
1 7 4 4 7 4 5 4 5 3 3 1 6 7 3 1
6 0 6 6 2 0 2 6 6 6 6 3 1 5 1 3
3 5 4 0 4 0 1 0 5 3 1 1 4 1 1 6
2 0 1 4 6 5 1 2 2 5 3 4 2 3 2 4
7 7 2 4 7 4 0 5 2 0 4 3 7 0 6 0
5 1 7 5 7 0 1 2 0 4 7 5 4 1 3 4
5 4 5 7 4 5 1 7 3 0 1 6 7 1 7 7
42 53 30 79 69 45 56 7 43 42 76 90 90 55 4 5
21 32 40 76 42 75 5 9 56 80 92 43 27 91 92 77
6 21 88 45 7 18 40 53 76 51 29 51 29 3 52 55
55 91 79 17 75 93 88 44 63 44 27 21 29 8 80 81
80 44 68 3 87 75 69 42 80 76 69 5 3 88 28 69
42 63 28 16 54 68 7 87 66 18 16 3 78 68 87 53
44 7 77 16 64 90 16 80 32 4 8 66 55 43 4 30
43 54 6 67 53 53 81 75 43 33 7 87 5 67 21 65
52 54 90 87 30 81 69 63 19 31 57 33 57 31 90 15
19 90 55 52 89 53 64 52 64 41 42 15 80 89 40 15
75 3 75 78 32 6 28 79 78 79 76 39 16 69 21 40
42 64 56 5 55 3 18 5 63 40 18 20 51 20 15 75
29 5 17 55 79 68 16 31 28 69 39 57 33 40 28 54
93 93 30 55 90 55 7 65 29 3 52 39 88 7 76 3
64 18 90 65 89 7 19 31 5 55 92 67 51 15 43 55
67 55 66 93 51 69 17 88 43 7 15 77 90 16 87 87
