0 0 0 0 0 0 0 0 1 1 1 1 1 1 1 1
2 2 2 2 2 2 2 2 3 3 3 3 3 3 3 3
4 4 4 4 4 4 4 4 5 5 5 5 5 5 5 5
6 6 6 6 6 6 6 6 7 7 7 7 7 7 7 7
0 0 0 0 0 0 0 0 1 1 1 1 1 1 1 1
2 2 2 2 2 2 2 2 3 3 3 3 3 3 3 3
4 4 4 4 4 4 4 4 5 5 5 5 5 5 5 5
6 6 6 6 6 6 6 6 7 7 7 7 7 7 7 7
0 0 0 0 0 0 0 0 1 1 1 1 1 1 1 1
2 2 2 2 2 2 2 2 3 3 3 3 3 3 3 3
4 4 4 4 4 4 4 4 5 5 5 5 5 5 5 5
6 6 6 6 6 6 6 6 7 7 7 7 7 7 7 7
0 0 0 0 0 0 0 0 1 1 1 1 1 1 1 1
2 2 2 2 2 2 2 2 3 3 3 3 3 3 3 3
4 4 4 4 4 4 4 4 5 5 5 5 5 5 5 5
6 6 6 6 6 6 6 6 7 7 7 7 7 7 7 7
3 4 5 6 7 8 9 3 15 16 17 18 19 20 21 15
27 28 29 30 31 32 33 27 39 40 41 42 43 44 45 39
51 52 53 54 55 56 57 51 63 64 65 66 67 68 69 63
75 76 77 78 79 80 81 75 87 88 89 90 91 92 93 87
4 5 6 7 8 9 3 4 16 17 18 19 20 21 15 16
28 29 30 31 32 33 27 28 40 41 42 43 44 45 39 40
52 53 54 55 56 57 51 52 64 65 66 67 68 69 63 64
76 77 78 79 80 81 75 76 88 89 90 91 92 93 87 88
5 6 7 8 9 3 4 5 17 18 19 20 21 15 16 17
29 30 31 32 33 27 28 29 41 42 43 44 45 39 40 41
53 54 55 56 57 51 52 53 65 66 67 68 69 63 64 65
77 78 79 80 81 75 76 77 89 90 91 92 93 87 88 89
6 7 8 9 3 4 5 6 18 19 20 21 15 16 17 18
30 31 32 33 27 28 29 30 42 43 44 45 39 40 41 42
54 55 56 57 51 52 53 54 66 67 68 69 63 64 65 66
78 79 80 81 75 76 77 78 90 91 92 93 87 88 89 90
