1 5 4 3 4 6 4 6 7 7 7 3 4 6 2 6
6 1 3 0 6 1 1 0 7 0 7 7 3 1 4 0
3 4 3 3 2 6 3 6 3 2 7 3 0 5 1 6
4 2 6 4 5 6 0 1 2 7 5 6 0 0 7 0
4 7 7 6 7 2 7 7 0 6 2 6 2 4 5 1
1 0 4 7 7 7 3 3 6 6 2 2 4 1 0 0
0 7 4 7 5 5 6 4 2 1 5 5 3 6 6 7
1 0 4 4 3 2 7 2 0 2 0 3 2 2 6 3
5 4 0 2 7 6 3 5 5 4 0 3 6 5 4 5
2 1 7 6 0 1 0 5 6 1 1 0 5 0 5 6
1 5 6 0 4 1 4 5 1 4 3 7 1 6 6 2
1 4 0 2 3 4 7 5 2 1 0 5 7 3 3 5
2 1 6 3 1 7 4 7 1 3 6 5 6 4 2 5
2 5 4 0 7 7 5 4 3 1 6 2 5 3 0 0
2 7 2 4 3 6 5 2 5 7 7 5 2 6 6 2
7 5 4 2 5 7 0 3 3 7 7 4 2 7 6 2
18 69 57 41 51 78 55 78 90 87 92 45 53 80 28 81
75 16 39 3 81 19 20 8 87 8 90 90 41 18 56 9
39 57 43 39 28 76 39 77 40 32 87 45 3 64 18 81
56 31 75 56 68 80 5 18 33 92 69 77 5 8 92 9
56 92 88 80 90 27 87 87 3 77 30 75 28 53 63 15
18 3 56 90 92 91 41 45 79 77 27 32 56 15 5 4
3 92 53 89 63 64 78 54 28 15 68 66 44 78 75 87
16 4 52 52 41 33 91 29 5 30 7 45 28 31 79 44
63 55 7 30 89 76 44 68 68 54 6 44 76 69 52 64
33 15 92 77 8 16 7 66 78 20 15 6 64 6 63 75
15 63 81 9 52 17 56 67 16 57 44 90 20 77 77 32
20 54 9 29 45 57 90 64 28 20 5 68 90 43 45 64
27 20 75 44 15 92 54 87 15 39 78 65 75 55 30 68
28 68 54 5 88 92 66 56 43 21 76 31 66 39 4 5
27 89 31 57 41 80 66 28 64 93 87 69 33 75 76 31
92 64 51 33 68 93 3 42 41 88 91 53 33 87 79 33
