6 4 0 1 6 4 1 7 5 1
2 0 4 0 0 0 1 7 4 2
7 3 5 0 2 4 6 5 7 2
7 1 2 3 1 0 2 3 4 0
3 3 2 2 0 4 7 3 1 1
0 4 7 7 7 1 5 0 6 1
5 1 1 1 6 0 5 4 0 2
2 2 5 6 7 3 7 6 7 2
5 7 6 3 2 5 7 5 2 3
2 6 2 7 3 0 3 3 0 3
4 3 7 3 1 2 7 1 6 5
2 5 7 0 5 0 7 1 4 0
0 5 2 1 6 5 0 4 5 2
0 6 0 7 2 4 1 6 3 3
7 2 4 2 1 3 5 1 0 5
5 4 6 2 5 1 6 2 1 5
7 4 6 2 2 3 7 0 1 4
6 6 7 2 5 7 4 3 7 1
1 1 5 2 4 4 7 3 5 2
7 0 1 7 4 7 4 4 5 5
3 5 0 0 7 4 5 3 7 2
0 1 4 6 6 3 2 1 5 6
4 1 3 2 7 0 6 3 4 1
5 1 1 4 5 1 2 6 2 4
7 6 2 2 3 7 0 4 1 0
4 3 3 4 6 3 1 2 7 5
0 7 4 0 3 2 6 6 0 0
1 3 0 0 7 5 4 1 6 6
5 3 4 1 2 5 4 5 0 7
3 3 0 6 5 6 1 5 6 5
1 1 3 7 7 1 5 4 5 7
7 5 4 2 7 7 5 1 0 6
7 0 6 5 3 4 4 3 1 3
2 1 1 7 7 6 2 0 2 1
1 6 1 5 4 4 3 4 6 1
2 0 3 6 5 1 5 1 6 4
6 0 1 5 0 2 2 3 2 4
5 1 0 0 7 7 0 7 5 3
2 4 7 3 6 1 6 0 4 4
0 3 0 3 3 0 2 1 7 6
0 3 2 5 2 5 2 6 6 7
5 7 2 7 4 3 3 1 3 0
3 1 7 7 7 0 3 7 3 4
1 5 7 1 2 0 7 2 5 0
0 6 6 4 4 4 6 1 0 0
6 4 4 0 5 0 3 7 0 3
2 1 2 4 1 7 0 1 3 0
1 6 5 1 4 5 4 3 1 0
4 1 2 3 5 4 1 7 7 4
3 2 7 3 2 4 7 2 0 3
7 5 2 0 1 1 0 7 3 7
7 4 6 1 7 0 5 1 3 1
7 7 5 2 4 0 0 0 3 2
7 0 7 1 1 0 3 0 1 6
0 0 2 0 7 6 6 4 5 3
1 4 3 6 6 6 6 3 5 7
0 3 2 7 6 0 5 2 6 7
1 1 1 0 1 0 0 0 5 2
1 3 6 6 5 2 1 2 4 5
2 4 1 2 7 6 6 2 3 5
7 7 2 1 2 1 4 0 3 0
7 0 7 6 6 4 5 1 2 5
6 1 7 5 1 3 1 7 1 3
7 2 4 5 1 0 1 6 6 1
6 1 6 0 4 3 2 6 3 5
6 1 0 4 4 7 2 5 3 5
3 3 5 2 6 7 5 1 1 5
4 6 2 6 2 5 2 1 2 7
7 5 4 3 5 5 6 5 4 2
0 4 3 7 1 2 2 1 7 6
5 4 2 2 2 1 3 5 1 0
3 1 3 1 3 4 3 5 4 4
1 7 6 4 5 1 2 4 6 7
2 6 0 0 2 4 3 5 7 5
1 0 2 6 6 4 4 6 0 6
5 7 3 3 6 0 3 0 5 0
5 1 6 4 5 6 5 2 5 2
3 5 1 3 7 3 0 2 0 3
0 7 5 7 5 4 6 7 1 5
1 3 3 0 0 2 0 6 3 2
5 5 4 1 3 1 6 3 0 1
4 4 4 3 5 4 7 5 1 4
4 6 5 7 1 6 4 3 5 0
4 3 4 7 2 4 5 5 6 7
7 6 5 2 3 1 5 4 3 4
1 4 5 2 1 6 4 4 1 6
1 4 2 7 4 0 0 4 5 6
7 1 2 7 1 6 1 7 6 1
2 2 6 7 6 6 4 2 6 1
1 1 0 0 0 6 5 3 3 7
0 2 4 6 5 3 4 2 2 2
6 2 4 2 2 6 4 0 5 7
4 4 2 5 0 0 7 3 7 6
5 2 0 4 4 2 5 3 2 0
5 2 0 6 5 4 5 6 2 2
5 7 0 1 7 0 1 2 3 7
0 5 5 7 6 1 3 5 3 1
3 3 4 7 0 1 6 0 6 5
2 0 6 4 2 0 2 3 0 5
4 1 0 3 6 6 6 1 0 4
81 57 6 20 80 53 18 93 65 18
30 5 54 3 6 9 17 93 56 27
88 43 69 6 28 53 81 64 90 28
90 17 29 42 21 5 27 41 52 4
39 42 29 30 6 54 88 45 17 21
8 55 93 89 93 21 63 5 80 18
69 16 21 20 76 6 63 53 8 31
27 32 64 77 88 43 87 77 92 28
65 88 76 45 28 68 91 68 30 43
33 76 30 87 41 9 43 40 5 39
52 42 92 43 19 32 91 21 76 66
31 67 87 8 63 5 93 20 57 7
7 69 32 17 81 66 9 57 69 31
6 81 7 87 29 51 17 81 40 41
93 29 51 32 15 39 69 15 7 69
66 53 76 30 69 18 77 31 15 65
89 51 75 29 33 39 88 3 21 56
78 78 88 28 63 91 51 41 90 16
20 15 64 27 57 56 91 43 63 27
87 9 17 88 52 87 51 52 63 64
42 63 4 5 87 51 64 43 90 33
9 20 53 80 77 42 33 15 65 75
51 15 42 33 91 5 77 39 53 17
68 16 20 54 66 21 33 79 27 51
89 79 27 32 42 87 7 55 16 9
52 45 45 51 75 43 18 28 92 67
8 92 52 9 39 32 75 78 7 3
15 40 4 3 87 64 57 17 78 78
65 40 57 16 27 65 57 69 5 92
44 44 9 79 63 78 19 63 76 67
16 18 43 88 88 17 66 53 65 88
88 68 52 28 91 93 65 16 9 79
91 6 80 63 43 53 56 42 19 43
30 18 16 93 90 77 27 3 28 17
15 77 15 64 56 54 39 51 76 21
27 7 42 80 68 18 68 20 80 57
77 3 16 67 8 29 27 45 27 55
63 16 6 8 89 92 5 87 65 43
27 52 88 45 77 19 77 8 53 54
8 43 3 42 43 7 31 20 88 77
6 41 32 69 29 66 31 76 80 88
63 89 32 93 53 42 45 19 44 8
45 20 92 91 88 7 41 91 43 55
16 67 91 18 27 3 92 30 65 4
5 75 77 53 57 51 79 21 6 6
80 52 56 3 65 6 39 93 3 41
32 15 30 53 17 91 5 16 43 7
19 79 64 15 52 66 51 43 18 9
53 19 28 45 65 56 16 88 87 52
45 33 88 43 30 53 92 27 9 45
89 68 31 6 16 15 5 91 44 91
87 55 77 20 93 5 67 17 42 15
89 93 68 30 57 6 4 5 41 27
88 6 87 15 19 6 40 6 19 76
9 8 31 4 87 78 78 56 66 41
19 54 44 78 77 79 78 41 63 91
4 42 28 89 75 7 64 33 78 89
20 18 21 8 15 3 9 8 67 32
19 44 80 76 64 33 16 33 56 65
29 56 15 33 93 80 81 32 42 64
90 87 33 16 33 17 57 3 43 3
89 9 90 79 79 54 63 16 29 67
78 17 92 69 21 45 21 89 16 41
87 27 56 68 18 6 17 81 78 19
80 16 75 3 53 41 31 78 39 64
76 18 7 51 55 92 33 69 39 63
42 45 67 29 77 92 69 19 18 64
55 80 28 79 29 67 29 19 33 87
87 67 53 45 63 68 76 66 56 31
8 55 42 93 20 31 32 17 91 78
69 51 30 32 27 17 42 63 17 9
43 18 45 19 41 56 43 69 54 57
17 93 79 52 66 21 29 52 77 87
33 80 4 4 33 57 44 65 87 65
16 9 31 78 78 54 52 76 6 81
64 93 43 39 77 8 39 6 68 4
63 17 77 56 65 76 63 32 65 28
43 67 21 42 92 40 8 31 7 42
8 93 68 90 66 52 80 87 15 67
20 45 45 4 8 30 4 80 39 32
68 69 54 18 43 19 77 41 3 20
56 53 53 39 63 57 89 65 15 54
51 81 65 93 19 78 51 41 65 7
52 44 53 89 28 53 68 66 76 92
90 78 66 29 40 16 65 54 45 54
15 54 64 27 15 75 57 51 18 78
19 53 30 87 55 8 9 56 65 79
88 17 32 89 17 75 19 93 81 16
29 32 78 92 80 79 57 28 77 15
21 17 4 4 7 76 68 45 45 87
9 31 53 77 69 40 57 32 32 29
80 27 56 30 32 81 51 3 66 90
52 56 33 66 8 9 92 45 92 80
67 33 4 53 51 31 65 40 27 9
67 29 6 78 68 52 67 79 27 30
64 89 3 16 92 8 19 28 42 90
4 69 64 89 78 18 39 67 41 17
44 44 52 87 4 20 80 6 79 64
31 4 80 53 30 3 28 44 9 64
56 20 4 44 81 75 76 18 6 55
