0 0 0 0 0 0 0 0 0 0 0 0 0 0 0 0
1 1 1 1 1 1 1 1 1 1 1 1 1 1 1 1
2 2 2 2 2 2 2 2 2 2 2 2 2 2 2 2
3 3 3 3 3 3 3 3 3 3 3 3 3 3 3 3
4 4 4 4 4 4 4 4 4 4 4 4 4 4 4 4
5 5 5 5 5 5 5 5 5 5 5 5 5 5 5 5
6 6 6 6 6 6 6 6 6 6 6 6 6 6 6 6
7 7 7 7 7 7 7 7 7 7 7 7 7 7 7 7
0 0 0 0 0 0 0 0 0 0 0 0 0 0 0 0
1 1 1 1 1 1 1 1 1 1 1 1 1 1 1 1
2 2 2 2 2 2 2 2 2 2 2 2 2 2 2 2
3 3 3 3 3 3 3 3 3 3 3 3 3 3 3 3
4 4 4 4 4 4 4 4 4 4 4 4 4 4 4 4
5 5 5 5 5 5 5 5 5 5 5 5 5 5 5 5
6 6 6 6 6 6 6 6 6 6 6 6 6 6 6 6
7 7 7 7 7 7 7 7 7 7 7 7 7 7 7 7
3 4 5 6 7 8 9 3 4 5 6 7 8 9 3 4
15 16 17 18 19 20 21 15 16 17 18 19 20 21 15 16
27 28 29 30 31 32 33 27 28 29 30 31 32 33 27 28
39 40 41 42 43 44 45 39 40 41 42 43 44 45 39 40
51 52 53 54 55 56 57 51 52 53 54 55 56 57 51 52
63 64 65 66 67 68 69 63 64 65 66 67 68 69 63 64
75 76 77 78 79 80 81 75 76 77 78 79 80 81 75 76
87 88 89 90 91 92 93 87 88 89 90 91 92 93 87 88
5 6 7 8 9 3 4 5 6 7 8 9 3 4 5 6
17 18 19 20 21 15 16 17 18 19 20 21 15 16 17 18
29 30 31 32 33 27 28 29 30 31 32 33 27 28 29 30
41 42 43 44 45 39 40 41 42 43 44 45 39 40 41 42
53 54 55 56 57 51 52 53 54 55 56 57 51 52 53 54
65 66 67 68 69 63 64 65 66 67 68 69 63 64 65 66
77 78 79 80 81 75 76 77 78 79 80 81 75 76 77 78
89 90 91 92 93 87 88 89 90 91 92 93 87 88 89 90
