0 1 2 3 4 5 6 7 0 1 2 3 4 5 6 7
0 1 2 3 4 5 6 7 0 1 2 3 4 5 6 7
0 1 2 3 4 5 6 7 0 1 2 3 4 5 6 7
0 1 2 3 4 5 6 7 0 1 2 3 4 5 6 7
0 1 2 3 4 5 6 7 0 1 2 3 4 5 6 7
0 1 2 3 4 5 6 7 0 1 2 3 4 5 6 7
0 1 2 3 4 5 6 7 0 1 2 3 4 5 6 7
0 1 2 3 4 5 6 7 0 1 2 3 4 5 6 7
0 1 2 3 4 5 6 7 0 1 2 3 4 5 6 7
0 1 2 3 4 5 6 7 0 1 2 3 4 5 6 7
0 1 2 3 4 5 6 7 0 1 2 3 4 5 6 7
0 1 2 3 4 5 6 7 0 1 2 3 4 5 6 7
0 1 2 3 4 5 6 7 0 1 2 3 4 5 6 7
0 1 2 3 4 5 6 7 0 1 2 3 4 5 6 7
0 1 2 3 4 5 6 7 0 1 2 3 4 5 6 7
0 1 2 3 4 5 6 7 0 1 2 3 4 5 6 7
3 15 27 39 51 63 75 87 4 16 28 40 52 64 76 88
5 17 29 41 53 65 77 89 6 18 30 42 54 66 78 90
7 19 31 43 55 67 79 91 8 20 32 44 56 68 80 92
9 21 33 45 57 69 81 93 3 15 27 39 51 63 75 87
4 16 28 40 52 64 76 88 5 17 29 41 53 65 77 89
6 18 30 42 54 66 78 90 7 19 31 43 55 67 79 91
8 20 32 44 56 68 80 92 9 21 33 45 57 69 81 93
3 15 27 39 51 63 75 87 4 16 28 40 52 64 76 88
5 17 29 41 53 65 77 89 6 18 30 42 54 66 78 90
7 19 31 43 55 67 79 91 8 20 32 44 56 68 80 92
9 21 33 45 57 69 81 93 3 15 27 39 51 63 75 87
4 16 28 40 52 64 76 88 5 17 29 41 53 65 77 89
6 18 30 42 54 66 78 90 7 19 31 43 55 67 79 91
8 20 32 44 56 68 80 92 9 21 33 45 57 69 81 93
3 15 27 39 51 63 75 87 4 16 28 40 52 64 76 88
5 17 29 41 53 65 77 89 6 18 30 42 54 66 78 90
