2 0 5 3 3 2 3 1 6 7 5 2 0 6 1 7
7 7 2 7 5 0 2 4 7 6 6 6 2 2 2 6
7 6 0 4 1 1 5 7 1 0 2 7 0 6 4 6
7 3 0 0 4 0 1 2 1 1 6 0 7 0 7 5
3 7 3 0 7 6 0 5 0 4 1 0 0 0 3 5
5 4 5 1 5 6 7 1 7 2 4 0 1 2 7 1
2 0 4 1 6 6 2 6 3 0 2 0 2 2 2 7
1 0 4 3 1 2 1 0 4 6 5 0 0 5 0 2
2 7 2 1 6 2 3 4 6 2 3 5 6 7 2 1
7 4 6 3 6 0 1 7 7 6 7 1 2 2 2 1
6 3 1 1 5 4 1 7 0 7 5 5 5 1 0 3
1 0 4 6 0 0 3 1 7 5 1 5 3 0 3 1
7 3 1 5 1 5 7 4 0 4 5 3 3 0 7 2
5 6 0 6 2 6 0 3 5 4 1 2 2 4 0 1
1 3 3 6 5 0 4 0 6 7 3 0 3 6 1 6
5 7 3 5 1 3 3 7 2 1 5 4 2 5 4 1
33 7 66 41 40 29 43 21 76 92 68 30 9 81 16 93
87 91 28 92 69 5 30 52 90 78 77 77 28 30 30 77
87 77 7 57 18 15 65 87 15 5 30 90 8 76 56 75
91 40 9 8 51 8 19 30 21 16 80 4 89 9 91 69
41 89 40 9 88 75 9 64 8 53 15 5 5 7 40 64
64 53 65 19 65 79 90 21 90 29 51 6 18 33 89 15
27 8 56 16 76 80 33 78 39 5 31 9 33 29 30 92
20 8 54 40 17 28 16 8 52 76 68 7 4 65 6 31
32 90 30 21 79 27 45 53 76 32 44 67 79 87 27 21
87 57 81 44 76 6 15 87 88 77 91 19 32 32 28 15
77 40 16 18 64 52 20 88 7 87 64 69 68 17 4 43
19 6 57 75 8 8 44 16 92 68 20 66 39 4 40 18
90 43 20 68 16 69 91 57 7 55 63 39 43 7 88 27
68 81 5 76 31 75 6 39 64 54 18 30 28 52 8 16
21 45 41 75 63 6 54 7 75 92 44 5 42 80 19 76
69 91 45 66 19 40 43 87 30 21 65 53 33 68 54 21
