7 3 6 4 3 5 7 7 2 3 2 3 3 4 4 6
6 7 3 6 6 5 6 0 6 1 0 3 1 4 7 4
5 7 1 2 4 4 1 7 5 3 1 2 5 1 5 7
0 3 6 1 7 2 0 0 2 5 0 2 3 0 1 2
5 6 0 7 7 4 7 1 3 5 0 0 2 7 7 4
3 3 5 1 4 4 2 6 7 6 4 2 6 6 0 2
3 1 7 7 6 2 2 0 2 2 4 4 5 1 3 7
2 7 6 6 2 2 0 6 5 1 7 1 0 3 1 2
2 4 6 0 0 3 4 6 2 7 5 6 2 4 3 5
2 0 5 5 5 4 2 6 0 3 6 1 4 5 7 7
3 7 1 3 7 3 1 1 1 6 6 2 3 2 4 2
6 2 5 1 1 4 0 6 1 4 6 3 3 2 6 7
0 6 6 7 0 5 0 5 6 1 4 2 2 2 6 1
1 3 1 1 0 7 6 6 1 1 7 3 4 7 1 6
4 0 6 4 3 3 3 6 6 1 0 4 6 3 0 1
1 2 3 4 1 2 7 1 6 6 3 2 3 1 1 5
89 39 75 57 42 66 88 92 29 45 30 45 42 54 57 75
81 91 39 77 78 63 79 4 76 21 5 43 17 51 87 56
67 91 19 32 54 52 16 92 65 42 15 33 68 16 67 89
5 41 75 21 90 33 6 9 27 68 3 29 42 6 18 32
64 77 9 92 89 57 87 21 39 65 8 5 27 90 92 53
39 41 65 18 55 55 31 78 87 75 57 31 78 81 7 33
42 20 88 90 77 33 29 8 27 33 52 54 68 20 39 88
27 88 79 77 28 31 8 75 66 20 92 21 7 44 21 31
29 56 75 9 4 40 52 80 29 90 63 80 32 51 44 66
30 9 64 67 64 51 30 81 4 39 75 19 55 68 87 89
45 93 16 39 89 44 15 15 17 77 76 33 44 30 55 27
76 29 64 15 19 51 5 78 16 57 80 44 43 28 80 91
4 80 76 93 7 68 6 65 75 17 55 30 30 32 79 19
20 41 21 21 9 91 75 75 21 16 93 43 57 89 21 80
55 7 79 53 45 44 41 80 80 17 8 52 76 45 7 21
19 27 40 55 21 29 90 17 75 76 40 33 42 15 21 64
