5 7 0 2 1 0 2 1 6 2
7 0 3 2 6 7 5 4 6 5
2 3 4 7 7 5 3 5 6 3
1 5 1 4 0 5 6 4 4 0
5 1 4 0 6 7 7 7 2 4
1 6 1 1 2 3 3 4 1 6
1 6 0 5 7 4 0 0 1 1
7 7 5 1 3 1 5 5 1 1
3 2 4 4 6 6 2 5 1 0
6 0 3 3 2 3 2 2 1 2
7 2 3 5 1 0 2 6 3 6
6 5 4 5 3 5 0 4 5 6
1 4 4 2 6 2 5 5 0 3
7 2 6 4 1 5 3 2 2 7
6 3 4 6 2 1 4 4 3 4
4 3 0 1 2 3 4 3 1 2
4 5 5 3 0 6 5 0 6 3
6 2 2 2 5 1 0 5 4 7
2 5 2 4 3 7 4 6 7 1
4 3 2 6 2 2 7 2 4 0
5 6 6 1 4 3 1 0 4 5
5 1 1 7 6 7 0 7 4 7
3 6 4 3 5 4 4 3 7 5
7 1 5 2 2 0 4 5 5 7
6 0 1 3 3 2 1 1 0 3
0 7 3 5 7 3 0 0 2 5
3 7 3 7 7 6 1 0 5 5
6 0 5 7 0 4 6 5 5 6
4 7 2 0 1 4 4 2 0 1
7 1 2 7 6 3 2 1 3 7
3 0 5 6 7 4 7 2 7 7
6 2 6 1 6 6 1 1 1 0
5 3 3 0 6 6 4 5 2 6
7 4 1 0 0 0 6 7 0 7
4 4 5 2 5 0 1 7 7 7
2 3 0 6 3 0 0 0 0 7
2 3 7 4 0 1 1 4 5 5
1 5 1 4 6 2 1 4 7 2
6 3 3 5 2 7 6 5 0 0
6 4 6 6 7 2 1 6 3 7
4 1 5 2 7 4 2 7 2 5
5 2 5 3 6 4 3 6 5 1
6 0 4 1 5 7 6 3 7 1
1 3 5 6 6 4 5 0 5 1
5 1 5 2 4 6 4 5 2 7
0 1 6 0 7 0 5 1 3 2
3 3 7 3 4 3 3 2 4 7
2 5 2 1 5 2 6 4 4 3
1 5 7 0 5 1 1 4 0 7
1 5 7 7 4 5 5 0 7 5
2 0 7 7 7 5 1 6 1 0
4 7 6 3 6 4 2 3 0 3
7 2 7 4 1 4 1 6 7 7
0 4 0 1 5 1 0 7 2 0
4 3 0 6 7 2 7 6 7 6
6 4 5 4 7 6 5 7 7 6
5 3 6 3 5 1 6 4 3 4
1 5 0 0 5 3 6 4 0 5
1 1 1 3 0 3 0 7 7 6
7 6 3 1 4 0 0 0 3 5
5 5 6 4 2 3 2 0 3 6
2 4 4 4 6 5 2 7 6 5
1 7 1 1 5 3 7 3 1 6
2 2 1 1 0 3 2 7 4 6
0 2 5 7 2 1 0 0 3 0
2 5 7 0 3 4 5 3 7 6
0 5 2 6 1 7 6 4 7 0
3 7 0 3 7 6 6 2 4 7
3 0 3 4 4 4 2 3 4 2
3 4 0 6 6 2 5 7 7 0
1 1 2 4 5 5 7 7 2 3
6 6 4 6 7 4 4 3 4 0
2 7 6 6 7 4 5 3 6 3
2 7 7 3 4 1 2 2 1 6
7 2 6 2 0 1 3 0 1 4
1 6 3 6 5 3 4 4 1 5
5 6 3 5 6 2 4 4 2 0
1 1 5 7 6 4 1 0 4 7
4 3 3 3 0 1 5 2 3 2
2 7 6 7 4 4 4 1 1 3
3 3 3 0 3 2 1 4 6 0
5 0 2 3 7 6 7 6 0 4
4 2 2 1 4 7 1 6 6 6
6 0 4 1 7 1 4 4 3 6
5 1 3 6 0 1 1 5 5 6
1 7 0 1 2 5 0 2 2 7
5 6 4 6 0 2 4 7 4 5
4 3 0 0 3 5 5 2 6 2
6 3 0 4 7 7 4 2 3 5
4 1 2 0 4 0 5 5 7 4
3 1 1 5 6 5 0 5 6 3
1 0 6 3 5 3 1 5 4 7
1 7 7 4 1 7 5 1 7 2
5 5 3 3 1 3 5 7 6 2
1 4 3 6 5 0 6 2 3 2
6 6 5 2 6 6 2 1 1 2
3 6 2 7 3 2 3 5 3 2
7 0 1 2 4 1 3 1 0 7
0 3 7 3 5 5 2 2 3 7
7 2 3 5 3 4 2 5 1 7
63 91 3 28 17 9 32 15 76 30
92 4 44 31 81 93 67 52 78 69
31 40 55 90 92 65 39 64 81 42
17 63 15 51 6 63 79 52 54 3
67 20 55 4 80 87 92 93 27 53
21 81 18 20 29 43 41 51 16 79
17 80 9 67 87 52 9 3 17 21
91 90 67 17 45 16 63 66 20 17
41 33 56 51 80 77 32 64 21 5
78 4 45 43 27 40 27 27 16 33
90 29 40 69 19 8 28 76 40 78
78 66 53 64 42 68 5 52 66 75
18 51 53 28 77 32 68 66 5 43
90 31 81 51 21 64 44 33 29 90
79 42 57 76 31 21 51 54 40 53
55 39 8 19 27 39 57 44 20 32
54 67 69 45 5 78 65 3 75 45
78 30 28 27 67 21 7 69 57 89
29 66 31 55 42 91 54 81 89 19
56 41 31 77 32 30 92 32 57 6
64 79 77 17 54 42 21 9 51 69
67 17 20 89 76 91 8 93 56 92
42 77 51 45 68 51 57 41 91 63
91 19 67 31 28 9 57 63 68 92
76 6 16 43 45 32 20 18 9 41
8 92 39 66 91 43 9 9 33 64
42 90 42 87 88 80 21 7 67 63
76 3 68 91 5 51 81 63 64 80
55 91 30 6 17 57 56 29 6 20
92 18 31 88 77 41 30 21 41 90
42 6 69 77 90 51 93 31 87 87
80 32 75 21 80 78 16 15 16 5
69 45 42 9 76 77 51 66 29 78
89 53 20 3 8 4 81 90 6 87
56 51 69 31 69 6 18 92 91 90
33 45 9 77 39 9 8 6 9 92
33 44 90 56 8 15 15 56 67 69
19 69 20 52 79 30 17 53 92 27
78 41 44 66 29 92 81 68 9 9
81 55 75 78 87 28 20 81 40 91
57 17 64 28 88 56 31 89 29 65
68 33 64 41 76 53 45 81 63 16
78 9 51 20 64 87 80 41 89 21
17 39 69 80 78 55 65 6 64 19
63 20 69 30 57 78 56 63 33 87
3 19 75 9 93 8 66 21 42 28
42 39 89 45 51 43 39 27 54 90
30 63 32 15 66 31 77 56 53 42
18 64 92 4 67 19 16 53 5 87
15 64 90 89 52 68 64 9 90 63
32 5 87 89 91 68 21 80 20 5
54 93 75 40 78 51 27 40 8 40
88 29 92 52 16 51 19 76 87 88
4 57 9 19 64 20 7 90 30 9
53 45 9 78 87 29 91 78 91 79
76 54 63 53 90 75 68 92 92 80
65 41 80 40 63 15 79 51 40 55
21 69 8 8 67 45 76 51 9 68
18 21 16 45 4 45 7 90 87 79
91 77 43 20 54 9 4 7 45 69
69 64 79 52 27 44 28 8 43 81
27 55 56 51 78 64 28 88 76 65
17 87 19 21 64 44 87 41 21 77
27 28 15 15 8 39 28 92 51 75
5 28 64 89 30 18 7 5 42 3
30 63 93 9 44 57 65 43 88 75
9 66 33 79 21 90 81 55 89 3
42 89 4 39 87 79 77 30 54 89
44 9 40 54 51 54 28 45 51 27
44 56 5 78 76 29 68 91 87 9
17 17 27 54 69 65 92 89 27 45
76 78 52 76 92 55 57 39 57 4
32 91 81 78 87 57 67 45 81 41
30 90 92 44 51 19 32 28 16 77
89 30 78 29 3 16 39 3 19 52
17 81 39 77 68 45 57 55 16 65
65 81 40 69 75 31 51 51 30 6
20 19 68 92 80 53 19 6 51 93
53 40 41 41 7 19 63 33 39 30
27 88 81 89 52 51 54 20 20 41
40 42 45 9 43 29 21 56 79 7
63 6 32 40 92 75 89 80 6 51
54 29 33 19 52 90 17 81 79 77
80 5 55 18 88 18 57 51 42 79
64 17 42 80 8 15 15 67 67 77
20 87 4 17 29 68 6 30 29 87
68 80 56 80 3 30 56 87 52 63
55 44 9 3 40 68 66 30 78 33
78 44 5 52 87 91 54 30 44 63
55 21 31 9 57 9 65 66 87 54
43 18 19 65 77 67 6 64 76 41
19 7 78 44 65 44 19 63 53 90
18 87 90 52 16 88 63 21 87 31
66 63 41 43 17 39 66 92 81 28
16 56 44 80 63 4 76 29 41 30
81 75 67 31 78 77 32 16 16 29
42 80 31 92 40 33 43 64 42 28
88 9 18 32 57 19 40 17 3 91
4 41 87 41 64 65 28 29 43 91
93 32 44 67 39 57 31 66 20 90
