0 6 5 3 7 5 6 6 0 0 5 3 4 5 1 3
4 3 7 1 4 5 2 4 4 0 4 3 5 5 0 5
6 4 5 1 3 1 4 3 2 1 5 4 7 3 4 2
2 1 4 6 7 0 1 4 5 2 2 1 3 1 3 2
0 3 0 5 0 0 4 5 5 4 1 2 4 4 3 7
5 2 3 6 3 3 3 3 3 2 5 2 6 7 5 3
4 2 4 2 3 2 2 6 7 6 5 0 2 3 2 3
3 7 7 1 0 3 0 7 2 4 6 1 3 5 6 1
1 7 3 6 3 1 7 7 3 2 7 7 0 7 3 6
1 7 4 6 6 4 6 7 0 0 1 6 4 2 1 3
5 2 3 7 3 7 7 4 3 1 0 7 6 1 3 2
5 2 0 2 5 0 2 5 0 5 0 6 6 6 4 2
1 6 0 3 3 0 2 0 7 4 0 6 6 4 2 6
1 4 1 0 0 2 1 1 0 0 1 3 0 2 3 1
4 4 6 4 7 1 7 6 2 7 4 0 7 2 2 7
4 6 0 0 1 7 6 6 0 7 3 6 4 0 3 5
7 77 69 40 87 68 81 79 8 9 63 39 51 63 21 45
57 44 92 19 56 69 32 55 55 8 55 45 65 65 4 67
76 51 63 20 39 21 51 43 29 21 64 54 87 42 52 33
32 16 57 77 87 8 15 51 66 30 27 18 43 20 44 32
9 45 7 65 9 8 52 65 65 53 15 28 51 55 41 90
63 32 44 79 41 39 44 44 40 33 68 30 80 89 68 40
56 27 51 28 42 31 33 75 93 81 63 8 32 40 33 41
45 91 87 21 7 44 4 89 30 57 81 15 41 67 77 17
18 90 39 80 41 20 89 89 43 32 89 92 6 87 43 80
20 93 53 81 75 52 75 93 5 8 19 81 51 30 21 45
64 28 44 88 42 89 87 55 39 20 5 87 76 21 43 32
63 28 8 27 65 8 30 66 9 63 4 75 81 78 54 28
16 79 9 42 42 9 32 8 87 55 5 80 81 57 31 76
18 56 21 8 4 29 19 19 5 4 17 40 4 30 40 18
56 54 80 56 91 21 93 80 27 89 52 3 89 30 30 93
55 76 6 9 21 91 81 80 7 92 42 80 53 9 43 69
