3 6 1 6 2 4 4 1 6 3 0 3 3 4 2 0
7 7 2 0 7 1 0 6 6 5 2 7 2 3 0 5
5 0 7 2 1 6 5 6 6 5 1 4 3 5 1 6
7 3 5 1 2 3 3 0 2 0 2 4 1 0 4 4
1 4 6 1 2 5 2 5 7 2 0 4 6 2 5 0
2 0 4 2 0 7 3 5 5 1 5 2 6 6 6 0
5 5 2 6 7 0 0 3 0 6 4 2 3 1 0 4
5 5 0 0 4 1 2 6 3 5 3 3 0 1 7 4
1 4 4 1 3 3 3 4 1 6 6 0 1 6 1 6
3 3 1 5 5 5 6 3 1 3 4 5 7 2 6 1
3 6 0 1 4 3 0 3 4 1 4 2 0 4 5 5
0 4 7 0 3 6 4 2 0 6 5 6 0 5 3 7
7 2 1 7 6 4 7 3 3 7 4 2 0 6 7 6
4 0 0 2 2 0 0 6 5 2 7 7 2 3 0 2
0 6 3 2 1 4 1 4 4 5 2 1 4 0 5 5
7 1 3 6 4 3 3 5 2 6 0 2 1 1 5 2
39 75 18 75 30 54 52 21 81 39 3 43 40 57 29 8
89 91 32 5 88 21 3 80 80 68 30 93 28 41 4 67
66 5 88 32 17 76 64 80 78 65 19 51 42 68 20 80
93 45 65 20 27 39 40 6 27 4 32 55 18 6 54 55
18 55 77 19 28 65 32 68 93 31 5 54 81 30 67 4
31 9 51 29 8 92 40 66 65 19 69 29 78 79 79 9
66 66 28 78 87 8 7 39 3 78 55 32 40 18 9 51
66 69 4 6 54 15 31 81 44 67 41 39 7 19 93 53
21 55 53 16 45 42 40 54 21 75 80 8 15 79 17 76
43 42 21 68 69 64 81 39 17 42 54 65 90 31 76 17
41 76 6 16 55 43 7 41 52 21 52 28 7 57 67 66
8 53 87 6 42 81 51 32 3 78 64 81 7 67 41 91
88 30 15 93 79 56 89 41 40 87 54 30 6 78 93 81
55 9 9 27 27 7 6 81 63 31 93 90 33 44 8 30
3 79 40 27 19 56 15 51 55 69 33 19 55 3 66 67
90 15 43 80 57 42 43 66 32 76 7 27 15 16 66 33
