7 0 2 7 5 1 2 3 3 0 5 4 2 6 2 2
4 2 6 7 3 6 0 1 3 7 1 5 3 4 3 3
2 3 3 5 2 4 4 6 0 7 7 2 4 0 1 1
1 1 3 7 3 2 5 7 6 2 2 2 4 5 2 2
6 7 6 2 0 7 7 5 6 2 6 4 2 6 1 1
3 3 1 4 4 1 7 1 5 0 7 2 4 7 7 1
3 2 7 7 2 4 2 1 3 6 0 7 2 7 2 2
3 2 2 1 2 1 7 6 6 5 3 3 1 3 0 4
7 3 7 5 1 2 2 7 2 6 2 6 6 2 2 2
1 1 0 6 6 1 3 2 3 3 6 5 2 6 2 3
2 2 5 6 7 5 2 0 2 3 3 2 0 3 2 1
5 2 6 1 4 2 5 3 6 2 0 3 1 5 0 7
7 1 3 1 6 2 1 6 4 1 0 2 0 1 0 7
4 3 3 3 0 2 4 1 7 1 5 0 5 0 0 6
0 5 7 5 7 0 5 3 6 7 1 2 1 7 2 4
0 1 3 3 3 2 3 5 5 7 3 0 1 5 6 2
90 7 33 90 69 16 28 44 41 5 66 53 30 75 28 29
51 33 78 89 39 80 5 21 43 90 18 66 39 52 44 45
29 45 39 66 33 53 52 77 9 91 93 30 53 7 17 16
16 19 44 87 41 29 67 92 77 30 28 32 52 66 30 30
76 93 81 32 7 87 91 67 75 27 78 57 28 81 18 18
39 44 15 57 51 21 88 20 64 5 90 28 52 89 93 21
43 28 87 91 27 51 30 19 39 77 8 92 31 89 27 32
41 33 31 15 30 16 88 78 75 63 40 40 18 45 3 51
90 43 90 67 18 27 29 92 29 75 33 76 79 31 29 30
15 16 7 81 78 18 40 30 44 39 81 66 32 76 28 44
30 33 68 75 93 68 28 9 33 42 39 30 9 42 28 18
66 28 79 17 53 32 65 42 79 30 4 45 19 68 7 91
87 15 43 20 80 30 15 77 55 19 8 29 3 21 9 91
57 40 44 39 7 28 53 18 88 20 64 9 67 9 7 75
9 63 93 64 90 8 63 43 80 87 19 33 18 87 31 53
4 18 41 43 43 28 45 63 65 90 44 6 20 66 76 31
