2 2 7 5 7 7 1 1 2 6
7 5 1 6 0 2 1 1 5 1
2 1 2 6 7 7 3 4 5 4
7 2 7 0 3 2 7 4 7 6
5 6 0 6 1 2 0 2 4 6
5 7 3 5 5 2 3 5 5 5
3 1 7 6 4 5 0 4 3 3
1 0 6 4 1 1 2 1 5 2
7 6 4 2 7 6 2 7 5 6
2 0 0 6 6 5 6 6 1 3
5 2 0 1 3 0 5 0 6 3
2 7 5 1 5 2 5 7 6 3
3 6 2 2 1 0 1 1 2 4
1 4 5 5 2 4 7 3 3 5
7 7 7 0 2 6 7 7 6 6
0 3 6 2 1 4 1 4 3 1
7 0 4 7 5 5 2 2 5 1
3 1 4 7 2 4 1 7 4 7
1 7 7 1 6 6 7 7 7 1
4 0 7 3 1 1 3 2 4 2
6 5 0 4 4 0 2 5 5 2
7 5 3 0 4 5 7 3 5 0
5 5 4 2 7 1 0 3 7 7
0 4 7 2 3 2 4 6 1 3
0 3 2 0 7 2 2 2 3 1
4 2 7 3 7 1 3 1 7 6
0 4 2 2 2 7 6 3 0 0
4 0 0 3 0 6 5 7 5 6
4 3 3 4 3 0 6 3 6 3
0 6 3 4 3 6 2 5 5 5
2 1 1 3 6 5 3 1 5 6
2 6 0 1 5 6 4 7 1 6
0 5 1 0 1 2 7 4 3 6
3 4 4 4 3 1 0 1 2 7
4 7 0 2 3 3 1 6 3 6
7 5 1 6 1 6 2 0 7 6
2 4 3 0 1 5 4 6 3 4
5 5 5 6 5 7 4 4 5 1
3 6 4 2 2 3 3 4 2 0
3 3 7 6 1 5 5 5 1 5
7 2 2 0 3 1 3 0 5 1
4 3 2 1 5 4 2 4 4 5
2 6 6 4 7 1 2 1 0 6
3 7 1 0 5 6 1 7 4 1
2 3 0 7 1 1 2 6 2 0
6 7 4 5 5 0 4 1 7 2
4 1 5 7 4 0 1 0 5 2
2 2 0 7 2 7 3 1 3 3
1 6 1 3 2 1 4 6 7 6
5 2 4 1 6 2 3 7 3 5
6 0 0 7 4 5 0 3 7 7
7 6 0 6 4 3 3 4 0 2
4 4 1 0 1 0 6 2 3 4
3 5 3 7 4 0 5 2 0 2
7 1 7 3 7 1 1 3 4 0
6 2 7 0 3 3 6 1 5 5
4 7 2 5 0 2 0 6 4 2
1 4 1 5 2 0 0 4 5 3
6 1 6 4 1 1 6 0 5 2
2 1 6 5 5 5 2 5 6 1
1 3 6 5 0 3 6 3 6 4
3 5 5 0 5 1 3 3 5 2
6 1 3 3 1 1 7 5 0 0
2 2 6 5 5 0 6 1 3 5
4 6 1 1 5 1 3 6 4 3
1 6 1 3 1 1 1 5 5 7
4 4 7 6 2 1 2 4 4 4
0 2 2 4 1 1 6 7 7 7
4 7 7 6 1 1 7 2 5 3
3 0 2 5 0 5 3 6 7 0
5 5 6 3 4 1 7 5 5 5
5 4 6 6 5 1 3 4 6 2
4 1 7 3 0 4 4 7 7 3
3 1 1 3 5 0 3 5 6 7
6 1 2 6 0 2 3 0 6 7
7 0 2 7 0 1 6 2 7 6
7 2 0 6 7 4 5 4 6 2
2 7 0 7 4 5 3 2 6 7
6 1 7 6 3 6 6 1 1 2
4 6 0 5 0 2 3 5 2 2
6 2 2 3 4 0 7 5 2 5
7 7 7 2 6 2 5 5 6 0
4 2 3 3 3 7 2 4 3 1
7 7 0 3 1 3 3 3 2 3
0 2 1 6 7 0 0 0 7 1
3 1 3 1 5 6 0 6 3 5
7 4 2 0 2 0 2 3 4 0
7 5 4 7 2 4 6 1 4 2
2 7 5 0 0 7 6 1 5 3
6 0 4 0 1 2 5 5 3 6
7 3 1 2 1 3 5 2 2 0
6 5 2 5 7 1 0 7 1 5
6 5 0 5 4 3 4 4 2 5
0 0 3 5 2 2 1 7 1 5
4 4 1 2 6 3 7 7 5 3
0 6 3 4 2 4 1 6 6 7
7 0 1 1 5 5 1 0 4 3
7 5 1 6 1 1 3 1 7 0
7 7 4 1 0 5 5 7 1 7
4 7 7 6 0 5 1 3 5 6
30 31 88 68 90 90 16 20 33 80
87 64 21 80 9 33 15 17 64 16
30 18 31 78 90 89 44 55 64 57
90 29 87 7 45 29 91 55 93 81
68 79 3 79 21 27 4 33 55 77
67 93 44 65 67 28 45 66 63 63
44 19 90 76 56 67 5 55 39 43
17 4 77 53 19 17 31 17 66 30
92 75 52 30 90 77 29 90 64 79
31 6 5 75 81 69 78 75 16 45
65 28 5 17 44 5 68 6 75 40
32 92 68 20 67 33 66 90 79 39
44 76 29 28 20 9 18 21 27 52
15 57 64 68 33 51 91 43 43 66
89 89 89 4 31 78 89 93 80 79
6 45 75 31 15 53 15 56 43 17
87 9 57 88 64 64 32 32 68 18
45 15 53 91 33 56 20 90 54 93
19 91 90 19 76 78 90 88 87 21
53 7 88 39 17 18 40 27 53 28
81 67 8 55 57 7 33 65 65 29
88 65 42 6 52 66 91 41 68 7
67 68 53 28 92 19 9 45 87 93
3 57 89 31 42 30 56 75 15 40
8 45 33 7 88 33 33 31 39 18
56 33 89 42 87 17 41 18 93 80
4 51 33 30 27 92 79 39 3 9
52 5 5 41 4 75 69 87 69 78
56 43 45 51 44 6 79 43 81 45
9 77 40 52 45 78 29 69 64 65
33 16 20 44 79 69 40 18 68 77
33 77 7 17 64 81 55 90 16 75
5 67 21 7 19 27 92 55 39 80
39 57 51 55 42 17 4 19 33 91
53 87 8 32 43 43 21 77 40 77
88 65 20 81 18 75 30 3 92 75
28 55 40 5 21 67 53 81 40 52
63 67 66 78 67 87 56 55 64 16
42 77 56 33 33 44 39 51 33 5
43 44 89 81 21 65 63 69 16 68
92 32 30 9 44 21 41 4 66 15
52 42 33 19 63 54 33 52 53 65
31 77 75 52 90 16 29 19 6 78
41 87 15 3 63 76 20 89 55 19
32 42 9 91 15 16 32 80 31 4
78 89 57 68 67 8 52 15 91 27
53 15 67 88 55 4 16 7 69 29
27 27 4 91 31 91 45 17 41 45
19 76 18 44 33 15 55 76 91 76
63 32 52 21 80 29 41 87 43 67
75 3 3 93 52 65 5 39 90 89
89 81 8 75 54 40 44 55 8 30
56 53 19 9 17 5 80 33 45 55
41 68 44 92 55 6 67 31 5 27
90 17 88 41 93 18 19 44 54 3
78 29 87 6 44 42 81 17 66 67
53 90 30 67 8 33 9 76 54 27
20 56 20 65 29 5 8 53 65 45
76 17 80 52 21 16 80 4 67 32
30 17 75 63 66 65 31 63 75 21
20 43 76 63 3 42 77 44 75 53
40 64 69 6 65 17 43 39 68 32
78 17 40 41 18 18 89 67 7 3
30 27 80 65 68 9 76 16 42 69
53 75 15 15 65 15 42 77 51 43
15 75 15 44 17 19 15 66 64 91
53 57 92 75 31 19 29 52 57 52
9 31 27 55 20 20 81 88 89 92
51 91 88 75 18 18 91 31 66 41
41 6 31 66 6 63 42 80 91 7
68 69 79 42 55 21 87 66 66 69
67 51 79 79 63 17 42 51 77 30
51 15 88 40 6 53 54 89 93 40
43 20 17 41 69 3 44 69 78 88
75 15 30 81 3 30 42 5 76 87
93 7 28 89 5 21 76 31 92 76
92 31 9 79 90 55 64 57 78 33
30 87 7 89 57 63 41 28 81 89
78 20 93 77 45 75 81 18 19 29
53 78 3 65 4 32 43 69 33 30
78 28 32 40 54 8 93 66 28 64
90 92 87 31 80 28 63 67 75 3
55 32 41 40 40 92 33 54 45 15
93 90 4 43 21 42 39 43 30 42
4 33 18 78 93 9 7 4 87 17
40 16 45 21 64 76 6 77 44 63
91 54 31 6 30 9 33 42 52 7
90 69 56 93 30 55 81 18 56 31
30 93 66 8 9 90 77 15 66 40
76 8 57 3 15 29 67 68 43 81
89 40 17 33 16 42 66 28 32 5
76 63 29 63 87 20 5 93 16 63
75 67 8 69 52 42 53 52 28 63
5 9 40 66 28 30 20 90 20 65
51 55 21 30 77 44 87 90 66 39
5 81 39 54 29 53 16 78 76 90
93 6 16 20 67 63 16 6 57 42
92 65 16 81 17 19 40 20 88 7
92 91 56 18 4 68 67 93 19 88
54 90 93 80 3 65 17 42 63 78
