7 1 1 3 3 6 1 7 3 6 7 2 6 5 2 3
0 2 0 2 7 2 3 3 3 4 7 2 3 7 5 6
5 7 3 3 3 7 6 7 5 1 0 5 4 7 1 7
7 4 0 4 1 7 0 2 4 1 6 0 2 7 2 2
1 4 4 0 7 3 1 2 3 2 1 7 5 0 7 6
4 0 4 0 3 4 7 0 2 1 0 3 5 4 6 5
5 4 3 4 6 4 1 1 7 3 1 1 4 4 2 7
3 4 5 4 6 6 2 4 3 0 2 1 2 3 2 7
0 6 2 4 2 7 6 7 4 4 7 6 4 3 0 2
3 5 1 5 6 5 4 5 2 3 1 5 5 3 6 4
3 3 3 4 5 4 6 0 2 0 6 7 5 1 1 5
6 7 1 2 6 5 5 6 1 7 1 4 4 2 0 4
5 1 4 1 2 7 1 4 5 0 5 0 4 2 5 4
3 5 2 6 3 1 4 4 3 6 6 0 4 6 6 5
0 5 7 1 1 4 4 3 1 2 1 4 2 6 1 2
0 7 0 4 1 2 2 6 4 2 4 7 1 5 5 2
90 18 15 43 45 79 17 87 43 76 92 28 79 63 32 44
6 28 6 31 92 32 43 39 41 57 87 32 39 91 67 81
69 90 43 40 39 92 81 87 64 19 6 65 55 87 19 90
87 51 8 57 16 90 3 31 55 15 80 5 28 90 33 32
18 54 56 9 89 43 16 32 41 33 19 87 66 6 88 81
54 4 56 6 42 51 88 3 30 16 4 40 63 55 78 69
63 53 41 51 78 51 20 16 88 42 17 15 52 52 33 93
44 51 69 56 75 78 31 53 43 5 29 20 28 44 30 92
6 81 28 56 32 88 75 88 56 57 91 80 55 41 3 27
43 64 18 67 75 69 52 68 32 39 19 67 69 40 80 53
41 41 45 57 64 52 79 4 29 8 80 87 65 16 18 69
76 89 21 28 75 66 68 76 15 87 19 51 55 28 3 54
65 19 54 18 28 93 17 57 63 4 63 4 55 33 65 53
41 65 29 78 39 21 54 56 39 76 78 9 54 76 79 65
5 63 90 18 17 54 53 41 17 29 15 51 27 79 16 30
3 93 8 55 15 30 28 79 57 31 51 92 18 64 67 28
