4 1 2 0 6 0 0 4 2 5
1 6 1 6 1 4 7 5 5 7
6 1 3 0 1 6 4 1 7 0
1 3 7 5 6 1 4 3 1 6
3 3 3 2 2 0 6 4 0 1
1 5 4 3 6 2 6 5 4 1
3 1 7 2 3 0 1 7 1 2
1 2 1 6 4 1 3 2 1 0
2 2 1 7 3 2 4 0 0 1
2 3 4 3 6 5 7 0 4 2
4 1 7 1 2 6 1 2 4 0
0 0 2 2 5 2 5 5 6 0
4 6 6 3 2 3 4 0 4 0
6 4 2 3 4 6 2 1 0 3
0 1 6 6 4 2 7 0 1 1
6 5 6 6 1 0 1 5 6 0
7 5 7 6 1 1 0 5 3 7
7 4 3 1 7 7 1 4 2 7
4 5 3 5 5 1 1 0 4 1
4 4 7 6 3 4 2 0 3 2
5 0 3 2 4 6 0 6 0 3
7 6 5 5 2 1 6 6 3 1
7 0 2 3 1 1 4 2 6 3
4 2 5 0 3 0 4 2 2 5
7 7 2 6 0 2 4 3 2 0
1 6 4 3 4 1 6 5 4 0
1 5 6 2 7 1 6 1 4 3
7 0 0 7 4 5 1 0 5 3
0 5 5 7 6 4 0 2 0 4
7 6 4 4 4 6 0 3 6 2
0 1 2 1 5 7 5 5 1 4
6 1 0 1 6 0 0 3 3 5
7 0 1 0 7 3 1 1 5 5
5 5 7 5 6 4 1 2 3 7
3 0 4 5 2 6 7 5 6 6
5 4 2 7 7 0 6 7 0 5
7 5 2 2 4 1 1 0 5 1
6 3 5 4 0 4 6 4 7 4
0 2 6 5 4 0 4 0 2 0
1 0 6 1 4 6 0 0 6 0
5 3 2 7 6 7 4 6 2 0
5 7 1 0 0 6 0 2 4 0
0 5 3 4 7 2 3 1 2 0
2 5 0 5 0 5 0 1 0 1
2 0 2 5 6 4 3 7 6 0
7 2 3 5 5 7 4 4 0 3
2 0 3 2 5 2 0 0 6 3
5 4 7 2 1 2 7 6 4 3
2 7 1 3 3 4 3 6 5 6
4 7 5 4 7 0 2 7 3 3
3 2 4 4 7 5 3 2 7 4
3 3 3 7 3 0 4 1 3 2
6 7 6 6 0 5 1 1 2 7
1 7 2 1 1 4 3 2 0 3
4 3 3 0 5 6 3 2 2 4
3 2 2 3 0 2 7 0 2 3
2 1 5 0 5 2 4 3 4 0
0 4 6 0 2 6 1 7 2 3
4 7 0 7 3 1 5 2 2 5
0 6 6 1 4 5 0 7 7 2
5 6 5 5 4 2 3 0 3 1
0 0 7 5 7 5 4 3 4 5
6 6 3 4 5 6 1 0 3 3
4 7 5 2 4 7 2 7 0 7
7 5 7 6 0 5 4 1 3 4
7 5 5 5 3 6 7 7 5 3
4 3 1 0 5 4 0 5 3 2
6 0 3 0 6 5 7 5 0 4
4 0 7 2 6 7 2 7 1 4
5 6 1 6 6 0 5 7 0 4
6 5 2 5 0 1 3 4 3 5
4 3 7 7 2 7 1 5 6 5
6 6 3 2 0 6 6 6 6 5
5 7 7 2 0 4 3 1 2 6
4 4 2 0 4 6 1 3 2 6
2 4 4 2 7 5 1 2 5 2
4 2 1 5 5 2 7 3 6 4
7 3 3 7 2 6 4 3 2 7
3 4 0 6 7 2 4 5 6 3
1 3 2 0 5 4 2 0 0 2
1 3 0 5 3 4 0 3 3 0
7 4 7 0 6 7 1 6 3 4
5 1 0 2 1 0 5 6 7 2
7 6 7 4 2 4 4 2 7 5
2 0 4 1 5 5 1 2 0 0
2 0 3 7 7 5 2 7 1 5
0 6 3 5 7 5 1 1 4 3
5 1 1 2 7 0 2 3 6 0
2 7 1 4 2 1 3 6 3 6
3 0 6 5 3 6 3 1 4 5
7 3 7 5 3 5 6 0 6 1
1 5 2 0 2 4 6 1 6 2
6 4 3 2 3 0 6 5 6 6
6 5 5 6 1 2 3 0 5 1
4 3 1 5 6 3 3 4 0 1
0 3 6 3 1 7 6 0 4 4
1 4 0 4 3 5 6 6 2 5
7 1 1 3 4 0 6 0 3 2
4 6 1 2 0 4 0 3 6 7
7 6 3 3 0 6 2 0 7 5
51 17 30 9 75 3 9 53 30 68
17 77 16 80 16 56 89 67 64 91
77 21 41 9 17 79 52 16 89 7
15 43 88 66 78 18 53 44 21 77
42 41 45 27 27 3 80 52 5 19
17 65 57 44 78 31 75 65 55 18
41 19 87 31 42 7 20 92 21 29
18 30 20 81 54 19 41 33 20 5
33 33 21 91 39 30 55 6 4 21
32 42 54 42 81 66 91 8 51 31
55 21 90 18 30 78 20 32 54 7
8 3 30 27 67 27 67 67 77 3
54 75 78 39 29 44 52 9 56 4
81 54 32 42 53 77 27 21 6 45
3 16 81 77 56 30 92 3 16 20
78 63 80 77 21 6 18 68 77 3
87 65 90 77 18 17 4 67 42 87
89 57 43 19 88 92 19 53 31 92
57 66 42 69 64 18 19 3 56 15
54 55 90 77 44 55 27 5 43 29
68 3 43 29 54 75 4 77 5 39
89 76 66 63 28 15 80 75 40 18
91 4 33 40 16 18 54 27 76 44
52 27 64 8 40 3 51 31 30 64
88 89 32 77 8 28 55 43 33 3
21 81 51 41 55 21 79 69 51 3
15 67 78 33 92 18 75 21 57 39
87 9 9 93 57 69 16 6 67 40
4 64 68 93 80 52 9 29 7 57
89 75 56 51 52 79 7 40 76 31
4 15 28 15 65 90 69 67 19 53
81 15 5 18 75 6 3 41 44 66
93 4 16 5 87 44 17 19 69 66
66 67 92 66 79 53 20 31 43 90
41 3 51 69 30 80 91 65 79 78
68 53 28 89 93 9 76 92 6 69
93 67 32 29 54 18 17 9 63 15
75 45 63 53 8 53 77 57 93 54
9 27 75 66 56 3 56 4 31 7
21 9 77 17 57 81 4 5 76 7
64 43 29 93 81 88 54 80 28 4
69 92 16 3 9 78 5 30 53 6
7 68 43 57 91 31 39 16 31 8
30 67 4 66 6 65 3 15 5 17
28 6 32 63 79 54 43 89 75 7
91 27 42 67 66 88 56 54 8 40
29 3 44 29 65 31 3 6 77 41
65 55 88 31 19 33 90 75 53 45
33 89 20 43 43 53 39 79 69 75
51 88 65 55 90 3 28 90 42 41
41 29 54 56 90 68 41 31 91 54
43 45 41 87 41 8 56 19 43 29
81 91 81 77 4 66 19 18 27 90
17 89 33 18 16 55 41 29 8 40
51 44 39 4 65 81 45 28 30 52
42 29 28 43 6 27 89 7 33 45
32 19 67 5 66 29 54 44 55 8
8 55 80 4 27 80 19 92 29 39
53 87 3 91 44 15 64 30 33 67
9 78 79 17 54 69 6 87 90 32
64 76 68 68 56 33 44 3 42 21
4 3 88 67 92 69 53 39 53 66
77 81 42 52 65 79 19 3 39 44
57 88 67 32 51 88 33 87 5 89
92 64 87 81 8 64 54 21 44 53
92 66 68 68 40 80 92 90 64 39
55 40 18 8 66 55 3 69 44 27
77 6 42 4 77 64 93 68 3 55
51 9 91 29 77 87 30 90 16 55
67 77 19 79 76 7 68 92 9 56
81 64 27 69 3 15 45 54 43 68
55 39 88 88 29 90 17 66 77 68
75 75 45 33 7 75 76 76 75 64
63 87 89 29 3 52 40 20 30 76
54 53 33 3 52 78 19 43 29 76
28 57 55 32 90 64 18 28 64 27
51 33 17 69 64 30 90 45 78 54
92 40 44 93 29 81 55 41 29 93
43 57 6 78 90 32 57 69 76 44
16 43 28 7 67 54 29 9 8 31
15 43 9 66 39 52 8 45 40 5
89 57 93 8 77 88 21 81 45 53
65 15 5 33 16 4 64 78 89 32
92 77 89 55 30 55 53 31 89 67
33 3 57 17 66 69 18 28 3 9
29 5 39 93 93 69 28 90 17 64
9 77 45 65 91 63 21 18 55 44
69 15 19 32 93 3 30 44 81 4
27 93 18 54 33 19 44 76 41 81
39 9 77 69 44 81 41 18 53 68
91 45 93 65 39 63 78 4 77 16
20 63 30 6 28 54 79 19 81 33
79 57 42 28 40 3 77 67 76 77
75 67 64 77 20 33 45 4 66 18
54 45 18 68 76 39 39 53 6 19
4 39 81 39 15 93 78 6 54 54
18 51 4 55 43 67 79 81 30 67
92 21 21 39 52 7 75 5 44 27
53 75 21 30 6 54 9 43 78 90
89 79 42 43 5 77 29 8 93 64
