7 0 0 5 1 3 2 7 7 2 0 2 7 6 4 2
1 1 2 2 7 2 3 2 5 3 1 5 1 1 4 2
1 3 1 7 7 6 0 2 7 1 3 3 2 5 2 4
6 1 5 2 6 1 7 0 4 7 4 7 7 7 6 6
5 3 1 5 4 5 4 6 4 5 1 7 0 4 6 3
7 1 4 0 6 6 4 5 0 5 5 7 5 4 5 0
6 7 5 4 5 1 6 3 2 7 3 2 6 3 3 4
1 0 4 4 5 4 7 2 6 1 3 3 2 4 0 0
0 6 6 5 0 7 2 2 7 2 1 2 4 5 7 2
3 4 0 1 1 0 1 7 5 1 0 6 5 5 7 7
6 2 5 7 1 0 7 1 2 2 1 7 2 2 7 1
6 1 2 5 7 1 4 0 0 3 6 3 0 7 4 2
6 0 7 2 1 7 4 5 6 0 6 5 3 7 7 3
7 5 2 5 5 1 0 0 0 0 7 6 2 0 2 0
0 7 7 4 4 0 0 1 2 3 3 3 2 3 1 6
3 2 4 2 6 7 0 6 5 4 6 2 3 2 4 4
87 4 3 64 19 39 29 89 92 33 4 27 91 75 56 30
16 17 28 28 92 32 39 27 69 39 20 66 16 17 54 33
18 44 21 93 91 75 4 28 93 18 40 41 32 64 30 55
75 17 63 32 75 20 87 4 57 88 54 92 93 89 76 75
63 43 15 64 52 65 56 80 54 66 19 88 9 55 75 45
90 17 55 6 79 78 51 67 6 68 68 91 67 53 69 6
79 93 65 56 67 21 79 42 32 93 39 28 77 44 39 54
21 7 57 52 66 52 90 33 79 20 43 43 33 51 7 9
3 75 81 69 3 92 32 31 89 29 15 29 55 67 91 32
41 56 7 17 17 3 15 90 66 21 8 79 66 63 93 90
78 27 69 90 18 7 90 18 28 30 17 89 30 28 91 17
80 16 31 66 92 18 54 5 7 44 75 42 5 92 54 33
80 6 92 32 19 93 56 66 78 9 77 66 41 88 93 43
91 67 33 68 64 17 6 5 5 5 87 81 27 3 30 9
9 91 92 55 53 3 5 17 31 45 44 39 31 45 19 78
39 31 54 31 76 89 5 79 69 52 78 33 42 32 52 56
