5 1 7 0 6 2 5 2 2 2 0 4 6 7 2 5
0 6 3 0 1 0 4 0 7 5 3 4 5 4 5 6
3 1 7 6 0 1 0 6 7 4 3 5 0 3 0 6
2 2 6 2 6 7 4 2 1 1 1 7 6 0 7 4
5 1 6 7 5 0 0 2 3 4 4 1 0 0 3 5
3 2 7 3 3 6 4 3 5 0 4 6 0 6 2 6
3 2 6 4 7 5 5 1 5 3 2 0 3 0 4 4
4 6 5 5 6 2 3 7 7 2 0 3 4 5 5 5
3 6 0 1 5 6 4 0 4 3 2 5 7 3 5 3
5 1 7 7 6 6 6 4 3 0 0 3 7 5 2 1
2 3 4 5 3 1 3 0 0 0 2 0 7 1 2 3
5 0 6 4 7 2 5 7 2 2 7 0 3 1 1 0
4 5 4 7 6 4 3 3 5 1 1 2 4 0 0 0
2 0 5 4 0 4 3 4 0 7 6 0 0 2 4 6
6 0 4 0 3 4 7 7 5 5 4 7 7 7 5 7
6 6 4 4 4 1 7 7 6 0 6 5 7 1 6 5
69 19 87 6 80 31 69 31 32 27 7 57 77 87 29 66
8 81 39 8 17 6 52 5 92 66 39 57 64 55 66 81
40 17 93 79 4 16 4 77 93 52 40 69 8 42 6 77
29 32 78 30 75 89 51 27 16 19 21 91 80 6 92 54
68 18 81 91 69 8 6 28 45 53 56 17 6 9 43 65
41 32 92 41 40 76 51 39 63 3 55 78 7 76 32 81
42 32 79 52 93 64 63 21 65 42 31 6 43 4 57 53
53 76 63 67 81 28 45 88 91 31 5 45 57 63 68 63
41 78 5 18 64 76 53 7 56 41 29 65 92 39 69 43
63 17 92 88 79 78 78 51 42 6 4 40 91 63 33 18
32 39 56 67 45 15 40 3 5 6 28 4 87 21 27 41
68 9 80 56 91 28 69 87 31 28 89 7 39 21 21 3
57 67 55 90 76 54 45 41 65 19 17 27 56 9 3 9
32 5 64 56 3 53 39 54 5 90 75 6 8 31 54 78
77 3 51 4 40 55 91 90 63 68 51 90 89 90 65 93
77 80 53 53 55 18 90 92 77 4 75 63 92 18 81 66
