2 7 3 1 5 0 3 6 3 7 0 2 6 5 5 1
2 0 2 0 3 3 1 3 2 7 0 4 1 7 4 3
5 1 2 1 5 7 1 3 7 3 7 5 6 0 3 2
7 6 3 3 2 2 6 5 5 4 1 0 2 3 2 7
4 2 7 0 0 2 1 3 2 2 7 3 6 5 3 2
5 3 1 7 1 5 1 4 0 4 3 4 4 6 2 4
0 5 4 0 5 2 4 0 6 7 4 2 2 3 7 7
1 2 6 1 4 5 2 3 5 4 3 4 4 5 4 3
6 7 5 4 2 1 4 0 2 5 7 7 7 7 2 6
3 6 2 1 1 7 5 4 1 6 7 6 1 0 2 4
1 5 6 4 2 1 7 3 6 2 7 7 0 6 2 1
3 7 7 7 4 6 1 7 7 7 0 1 6 4 0 5
7 7 2 2 4 1 6 2 2 7 6 4 3 1 2 0
0 6 7 3 5 6 0 1 6 3 2 1 7 3 3 3
3 3 1 1 2 7 1 6 4 3 5 0 7 7 5 5
6 1 4 7 6 1 3 5 5 2 5 1 0 2 3 3
27 92 40 21 65 7 44 79 45 90 8 28 77 66 63 20
32 8 29 4 41 42 21 41 27 88 4 57 20 87 53 41
69 17 33 18 65 91 20 40 90 40 89 69 77 6 39 30
88 78 40 44 27 29 79 64 66 52 15 4 30 44 31 92
53 27 91 3 9 33 17 45 33 30 91 39 79 66 41 31
64 44 19 89 21 64 15 55 6 57 40 57 53 79 30 57
5 65 52 4 65 31 56 6 80 91 53 31 31 41 91 91
15 27 76 18 55 67 32 41 66 54 43 54 51 67 52 43
78 89 67 51 28 15 51 7 31 68 91 87 91 89 32 75
39 81 31 17 21 92 68 52 21 81 90 78 17 9 30 57
19 65 77 53 27 17 87 44 80 28 90 87 8 77 33 21
39 91 90 92 57 76 20 91 93 92 4 21 75 54 9 68
87 87 33 29 53 17 79 30 30 93 75 53 40 19 27 6
9 77 93 39 68 77 7 19 80 44 28 18 91 39 41 42
43 45 20 19 30 89 20 77 56 40 65 4 87 90 64 69
77 16 57 89 75 16 41 67 66 28 67 21 5 31 41 43
