6 6 1 5 6 0 6 5 3 7
3 5 3 1 0 7 3 4 6 3
6 5 2 7 4 5 7 4 2 1
0 7 0 0 3 0 0 1 2 0
1 6 6 3 2 5 7 2 6 5
1 1 7 2 7 7 5 7 4 0
3 2 0 0 4 0 1 7 1 5
5 2 7 2 1 0 5 6 6 6
4 5 5 3 7 4 2 0 0 4
1 4 1 0 2 2 4 4 3 3
3 0 6 7 0 2 2 4 5 5
3 1 3 0 0 1 7 7 4 7
5 1 2 3 5 7 0 4 3 0
1 1 0 0 5 2 4 2 6 1
0 0 7 2 5 0 2 1 5 7
7 7 2 6 7 4 4 4 2 1
0 0 6 6 3 5 2 4 5 6
7 7 3 5 2 6 2 2 7 4
4 4 6 1 5 4 5 3 0 2
6 4 7 0 4 4 0 0 6 4
5 1 4 0 7 0 6 2 7 5
6 6 1 5 5 5 7 5 5 2
1 2 2 0 7 7 0 0 1 4
0 6 5 7 1 2 6 6 2 4
5 3 5 1 5 2 2 2 4 5
1 5 2 6 3 5 6 6 4 3
5 6 7 7 4 6 4 1 4 3
0 7 5 3 3 5 3 2 2 7
6 7 5 5 7 6 6 3 4 0
2 4 5 0 7 5 5 1 5 7
4 3 4 7 2 2 5 4 1 0
1 0 7 1 6 7 2 3 4 5
7 3 1 5 2 1 6 3 7 4
0 7 6 1 0 6 5 2 2 7
6 6 2 3 6 4 5 4 7 1
1 0 1 1 7 5 2 6 1 0
6 6 1 0 3 5 1 4 5 2
7 5 5 1 7 0 2 4 4 3
3 2 7 0 7 0 0 6 3 4
6 6 7 2 1 1 3 7 2 2
4 5 7 1 1 2 4 6 3 2
5 5 0 2 2 1 5 7 6 0
3 7 4 2 6 2 5 2 7 6
6 2 5 3 6 4 6 1 2 6
5 6 7 5 3 1 0 0 0 5
1 7 3 1 4 1 4 6 2 6
7 5 4 7 2 0 6 3 6 5
3 7 0 5 3 2 2 4 7 1
1 2 4 6 0 4 3 3 4 4
0 5 1 6 7 6 0 0 3 6
1 6 1 4 1 4 6 0 5 0
3 5 5 7 4 4 0 3 2 0
1 5 1 5 3 0 2 7 0 3
7 6 2 5 1 4 7 2 3 0
1 4 7 1 7 5 3 4 3 0
7 5 2 4 6 3 7 7 4 4
2 4 1 6 5 1 1 5 7 7
6 6 3 7 3 6 2 4 2 2
7 0 7 3 0 2 5 3 4 3
7 4 1 5 6 6 1 7 5 1
0 1 2 0 2 4 6 2 2 1
2 5 4 7 4 6 7 5 7 0
5 7 1 0 6 4 7 0 1 7
7 1 0 0 2 2 2 1 2 3
0 5 4 1 7 6 5 2 1 5
6 1 7 0 0 2 5 3 7 6
5 4 5 6 0 4 6 2 4 7
5 2 1 4 6 5 2 7 0 2
0 1 3 0 0 6 4 3 1 2
6 4 2 4 2 6 1 6 7 6
0 1 0 5 6 7 7 7 2 5
1 0 0 1 1 2 7 2 3 1
1 2 1 3 4 1 7 1 0 1
6 5 7 3 1 3 0 6 4 6
2 6 7 0 3 0 5 7 0 3
3 3 4 3 6 3 2 1 5 7
7 6 1 0 3 6 5 0 0 1
4 0 0 6 4 0 0 3 0 6
1 5 4 2 1 1 5 3 2 1
7 0 6 3 5 1 5 4 2 1
2 2 7 6 7 0 4 4 2 3
4 1 0 6 7 7 2 7 4 6
4 0 1 0 5 3 7 1 6 0
6 0 2 3 6 2 5 1 6 5
5 4 3 4 1 0 4 1 1 1
5 2 6 6 1 6 7 4 3 1
0 1 6 3 1 0 0 6 7 6
4 6 4 7 2 3 2 5 7 6
2 6 1 4 7 3 7 6 6 2
7 2 0 4 2 3 0 7 2 4
7 0 0 2 3 2 5 1 5 5
6 6 0 3 1 3 7 2 6 0
5 4 4 1 0 6 6 4 2 7
4 4 6 0 4 3 2 1 5 4
2 0 2 7 6 3 2 5 3 3
1 0 4 5 2 7 3 0 6 4
4 2 4 5 3 7 3 4 3 0
2 0 3 1 6 0 7 5 5 1
1 4 4 5 1 0 7 4 3 7
7 7 2 2 3 2 4 7 7 7
77 77 17 66 78 9 80 67 40 93
39 66 45 15 9 90 41 51 77 42
77 65 32 88 55 69 88 54 32 20
5 87 9 7 40 4 5 19 33 7
16 80 77 40 32 67 92 31 75 63
16 17 87 27 92 91 69 91 54 3
39 29 7 4 54 5 21 89 17 65
65 30 92 27 19 3 69 76 76 77
54 63 64 44 89 57 27 5 7 53
18 55 20 4 30 29 52 57 40 39
42 7 80 91 5 31 30 56 68 69
40 17 40 4 3 16 92 89 53 93
66 18 33 41 65 91 6 54 39 7
19 17 7 5 68 32 54 32 75 15
7 6 93 32 68 9 27 21 63 93
87 89 29 78 91 55 54 54 27 19
3 6 77 75 45 65 30 54 69 79
90 92 39 69 27 77 31 30 92 57
55 57 80 19 66 57 64 44 9 28
76 52 87 7 53 51 8 7 77 53
65 18 55 8 87 3 79 31 91 63
76 77 21 65 68 64 89 65 66 28
15 30 33 3 88 87 6 5 19 54
9 78 66 90 20 32 81 81 28 55
63 43 68 20 69 30 27 30 55 69
18 66 29 80 43 69 78 78 53 39
63 80 92 91 56 76 55 21 56 44
4 93 65 41 44 67 44 29 28 93
75 90 63 67 87 77 75 40 56 7
33 56 64 9 89 68 64 20 63 93
56 40 55 89 32 27 69 55 20 4
17 9 89 21 80 87 27 39 57 65
93 39 17 68 31 20 78 39 91 52
6 93 78 15 7 80 69 33 27 91
78 77 32 42 76 56 68 57 87 20
19 7 19 19 93 68 32 76 18 5
75 79 20 9 45 68 21 55 67 30
90 68 65 16 90 8 28 57 52 43
42 33 89 6 87 8 7 77 40 53
79 81 93 32 16 20 42 88 31 29
51 69 93 16 16 30 52 81 44 28
69 63 3 30 27 19 65 93 79 7
45 87 56 30 80 32 69 30 87 76
78 33 64 42 77 53 81 17 31 76
69 81 91 64 39 15 3 5 4 64
20 90 39 19 57 20 55 75 30 79
89 67 55 90 29 9 76 40 75 68
41 92 8 66 45 30 31 55 88 21
21 33 51 80 3 52 42 44 53 57
8 68 16 75 93 76 6 9 40 76
15 81 16 57 17 53 78 9 66 9
40 69 65 89 51 55 7 39 30 9
20 67 18 64 45 3 32 88 4 45
88 79 33 65 21 51 87 28 44 9
18 55 89 17 88 69 39 51 45 3
90 63 29 51 81 40 88 89 56 55
27 52 15 76 69 16 18 67 90 91
81 75 39 92 39 80 33 52 28 29
93 5 93 43 9 33 66 44 51 39
90 55 17 68 76 78 21 87 65 15
7 21 29 7 28 51 77 30 33 19
31 68 51 91 52 81 88 65 88 6
63 89 20 9 75 52 87 7 21 89
88 19 6 3 29 29 30 19 29 44
4 67 53 20 88 80 64 27 19 65
77 15 92 8 6 30 63 39 92 77
66 56 63 80 3 52 77 31 55 92
65 32 17 51 75 68 29 92 6 31
4 19 45 3 3 80 54 40 15 32
77 52 27 55 28 78 19 75 92 81
9 19 3 63 79 92 91 90 32 69
15 3 8 15 17 28 92 29 39 17
17 28 17 43 54 18 93 19 6 15
75 67 89 40 15 45 5 81 56 81
27 81 92 9 41 4 64 88 5 39
40 42 54 45 76 45 33 20 64 88
89 75 18 7 39 77 65 7 4 19
55 9 5 77 57 9 7 43 7 80
16 69 57 31 20 20 66 42 33 18
91 8 81 45 69 15 65 55 33 18
31 28 92 78 93 3 56 54 30 45
55 17 8 81 90 88 27 92 56 75
53 9 17 3 69 43 89 21 76 3
78 7 27 44 76 30 63 16 77 63
67 54 41 53 15 7 54 16 18 17
66 33 76 79 16 81 88 55 45 18
7 20 77 40 16 6 8 78 89 78
55 80 52 87 31 44 30 69 91 78
30 78 17 57 90 44 92 76 80 27
89 31 9 57 28 44 4 93 32 55
89 5 9 33 43 28 64 20 69 67
81 79 7 41 18 43 93 32 79 4
67 52 54 18 8 77 75 57 29 87
57 57 75 9 51 42 31 19 68 54
29 7 30 92 80 40 32 69 40 45
16 9 55 67 33 90 44 8 79 57
54 27 51 65 43 87 44 57 39 4
32 6 40 17 81 7 91 66 69 16
21 56 54 64 19 9 92 57 42 91
89 90 28 30 42 29 52 89 92 90
