4 7 3 0 5 4 2 5 6 6 2 2 7 4 7 7
2 1 7 7 3 5 6 4 4 0 4 4 1 3 6 3
5 0 7 0 5 0 3 0 7 7 2 1 1 0 3 4
3 3 5 6 3 5 5 4 2 2 7 1 2 3 0 4
1 1 3 6 7 4 5 3 5 6 4 2 5 4 2 3
4 0 3 2 2 0 6 6 0 3 3 1 0 0 1 3
0 2 1 7 6 7 6 0 2 4 2 2 0 5 4 5
2 6 4 7 1 0 1 7 3 5 3 7 2 1 6 0
7 5 2 3 2 2 3 3 1 7 1 2 2 4 5 4
0 0 6 2 7 7 4 3 5 5 0 7 6 6 6 7
4 3 1 3 5 5 6 1 0 1 4 5 0 3 2 4
5 0 4 1 3 6 4 5 7 4 6 0 1 3 3 7
1 0 1 0 5 2 3 1 6 6 1 5 5 0 1 2
6 5 1 3 0 5 3 0 3 3 0 4 1 2 7 6
1 3 7 4 6 0 4 5 2 5 3 7 5 3 6 5
3 1 4 2 6 3 4 7 4 3 0 4 5 1 1 1
55 92 43 6 67 52 27 69 76 80 30 27 92 54 92 89
27 16 89 88 39 66 76 53 55 8 55 52 16 42 76 45
65 7 93 5 65 8 45 9 89 93 33 16 20 9 40 56
40 44 68 79 40 66 65 57 29 30 92 20 32 45 4 57
17 18 39 79 89 57 67 39 67 80 52 28 68 53 33 42
57 6 42 31 27 4 78 76 3 45 41 21 6 3 18 39
6 28 15 93 81 91 78 4 33 51 31 29 7 64 53 67
32 75 55 87 18 6 19 88 44 68 45 90 32 19 75 6
93 69 29 42 31 29 42 45 19 92 16 32 27 53 68 52
4 8 76 27 93 89 55 42 67 66 3 93 80 79 76 89
52 39 15 39 67 68 77 20 3 15 52 64 8 45 30 57
66 9 53 19 40 79 55 67 89 53 75 7 18 45 40 88
20 6 18 6 66 27 41 15 80 75 17 64 64 8 15 29
81 64 17 45 6 63 43 9 39 39 9 53 19 28 93 78
18 43 93 52 79 9 55 65 33 65 44 88 66 43 81 65
45 16 53 28 77 44 57 87 52 42 4 55 67 20 21 17
