6 7 2 0 0 6 1 7 2 4
1 6 2 0 7 7 7 2 0 0
6 7 4 7 2 3 7 0 1 1
6 1 1 1 2 6 5 4 0 1
0 0 2 7 4 1 1 5 0 5
2 7 0 6 6 5 6 6 4 6
3 7 3 2 1 6 1 2 4 1
3 2 7 0 5 2 3 2 2 7
6 0 2 5 1 0 1 6 6 2
7 2 7 0 7 1 1 7 7 1
1 1 1 6 6 3 2 3 5 1
6 2 5 2 1 5 5 4 5 4
4 7 5 4 0 2 3 7 2 4
2 4 3 6 4 2 2 1 3 6
4 6 5 4 6 2 4 0 7 4
1 3 7 6 5 4 4 7 2 6
4 6 4 2 1 3 3 0 1 3
7 1 7 3 1 3 4 5 2 7
4 0 2 7 2 3 5 7 7 0
6 5 7 3 1 1 5 3 0 0
1 0 4 1 0 5 0 2 2 0
3 5 5 7 1 5 7 6 6 1
7 2 4 3 4 2 4 1 6 2
0 7 4 3 3 7 3 5 1 6
2 5 5 5 4 1 5 1 3 5
4 4 5 4 3 2 1 2 4 0
7 1 0 6 1 4 0 2 3 4
1 7 0 1 2 5 5 5 4 6
5 4 3 0 3 5 5 5 6 0
4 4 7 5 5 2 0 2 7 6
6 5 7 0 2 0 7 1 0 2
1 5 2 0 2 1 5 7 6 5
6 6 0 6 5 0 3 3 6 4
5 3 5 4 2 7 1 1 2 6
6 0 4 1 0 7 1 1 2 1
5 7 0 0 1 3 5 4 1 0
5 6 0 6 1 0 0 2 7 2
1 7 1 5 0 4 3 7 4 2
6 1 4 4 4 7 4 0 1 3
6 5 0 1 1 2 0 7 7 4
3 0 4 0 2 6 3 5 5 5
3 5 1 4 3 6 0 3 0 6
6 4 7 3 6 5 5 3 6 0
1 4 5 0 2 6 2 6 2 5
6 0 5 7 6 1 0 7 6 1
7 2 6 7 1 4 7 3 2 2
3 2 7 4 0 5 1 3 7 6
5 4 0 6 4 1 3 6 7 4
4 7 7 3 6 2 0 7 7 1
2 2 5 6 6 0 1 7 5 4
7 0 5 6 0 2 1 6 0 3
4 2 0 0 2 5 7 4 2 2
0 4 4 5 1 1 6 0 7 6
3 7 4 5 7 4 0 7 5 7
1 2 1 1 2 7 7 5 6 0
7 7 4 2 2 0 2 1 4 2
7 3 5 6 7 6 7 5 1 0
5 3 4 3 4 4 4 4 0 6
6 7 6 6 0 7 7 4 3 1
6 4 1 3 0 1 5 6 5 6
6 3 0 7 4 7 1 6 6 3
2 7 0 4 2 1 5 7 4 0
7 0 7 3 7 2 2 0 5 4
2 2 7 2 7 3 5 5 4 2
5 0 3 2 5 4 6 3 5 5
4 1 7 3 6 1 2 5 3 5
1 4 5 3 1 4 7 7 0 2
2 2 5 1 7 1 5 6 1 5
5 2 5 4 2 1 4 7 4 0
0 0 0 5 4 5 5 5 2 0
1 2 7 3 7 7 0 3 1 5
0 4 6 3 7 2 7 5 2 2
7 6 1 1 0 0 0 1 6 6
4 1 4 7 0 2 3 5 5 6
5 1 3 4 7 1 7 1 3 1
1 3 0 7 0 0 1 1 6 1
0 7 7 2 5 0 6 6 0 6
1 0 4 0 0 3 5 2 2 1
3 7 3 7 5 1 6 4 3 5
4 4 5 2 2 3 7 7 3 0
7 4 3 4 1 5 2 3 4 4
3 5 3 7 3 6 0 2 5 1
0 6 2 6 6 3 5 4 5 3
7 1 4 0 2 4 5 2 5 6
4 5 5 5 1 5 1 2 5 3
3 4 0 0 2 1 5 1 3 0
6 2 1 3 4 6 1 5 7 0
7 2 4 0 1 2 0 0 1 5
5 0 7 0 5 1 6 4 3 5
3 4 7 7 2 5 4 3 4 7
7 7 3 2 0 0 1 0 5 1
2 0 6 0 7 2 1 5 4 1
6 5 0 7 3 2 2 5 1 0
1 2 4 1 3 6 2 3 5 6
5 3 6 0 0 2 5 1 5 2
4 4 2 0 1 5 6 0 6 2
3 4 5 4 1 0 4 1 3 3
7 1 7 3 6 6 0 2 1 6
0 4 5 7 2 5 4 0 1 4
0 7 4 1 0 4 3 5 4 6
76 88 28 9 9 77 16 88 32 53
18 77 28 7 88 89 93 29 5 3
78 88 55 87 28 44 89 6 15 16
78 15 15 18 30 81 67 54 6 17
9 9 29 93 53 21 15 64 4 64
28 93 6 75 78 66 81 76 51 79
44 91 45 28 21 81 21 32 53 18
41 32 92 8 65 33 43 30 33 92
75 6 32 65 19 7 16 75 78 33
87 29 93 5 90 20 18 92 93 19
19 19 19 81 79 44 33 43 66 19
80 33 66 27 19 63 67 56 68 54
55 93 63 53 6 30 42 93 27 54
30 52 44 76 57 27 27 21 42 81
55 76 65 54 77 27 53 9 87 56
20 42 90 77 69 51 54 88 28 80
51 77 54 33 15 39 42 9 17 42
91 16 88 43 18 45 55 68 28 89
56 4 33 92 30 39 65 92 92 4
76 67 88 44 15 15 65 40 5 3
15 8 54 19 8 64 5 30 31 4
41 63 66 89 20 65 88 81 78 15
87 30 53 40 52 31 52 19 78 27
6 87 56 43 41 90 43 65 18 80
33 68 66 63 55 17 63 15 39 64
57 51 65 56 45 28 18 29 53 5
92 18 9 75 19 51 6 28 39 54
21 87 3 19 31 69 66 69 55 79
64 54 43 5 40 63 63 69 76 5
56 53 92 65 64 27 9 27 92 79
81 69 91 6 27 6 92 19 7 27
20 69 31 8 31 17 64 92 81 65
78 79 9 79 67 6 44 44 77 53
63 44 69 57 28 89 19 15 32 75
78 3 52 19 9 89 17 20 29 18
64 93 7 3 17 45 67 55 17 8
67 79 6 75 19 8 3 32 92 33
21 93 21 63 6 53 44 92 52 28
80 17 55 55 56 92 56 6 15 45
80 68 6 17 16 31 6 90 88 53
40 5 56 4 29 75 45 63 65 69
41 64 17 52 43 79 8 41 6 76
77 55 89 42 81 66 66 44 77 9
21 57 67 4 27 75 29 75 32 69
78 3 63 90 76 19 7 91 81 18
92 32 77 88 20 54 88 45 28 28
41 28 89 53 7 63 21 44 91 81
66 54 3 79 55 21 43 76 88 52
51 90 87 43 81 31 6 91 88 21
29 33 68 75 76 4 15 90 64 53
90 4 67 75 3 29 21 75 5 41
56 27 6 4 28 69 89 52 28 32
4 56 55 63 19 21 76 3 87 77
40 91 51 68 90 51 5 87 64 87
20 32 17 20 33 91 90 64 78 6
91 87 54 32 30 3 33 15 56 32
90 44 65 75 87 77 89 69 15 5
68 43 51 43 57 51 55 51 5 80
75 89 79 79 8 91 89 53 45 17
78 54 18 42 7 19 65 81 64 79
75 44 4 87 51 89 15 81 76 44
32 89 9 57 33 18 68 91 56 6
88 7 89 40 87 28 33 8 69 52
32 33 89 33 88 42 63 65 56 28
68 6 45 31 64 56 77 45 65 66
52 15 88 45 79 19 29 63 44 67
17 54 68 45 17 56 93 87 3 29
29 33 69 16 91 20 67 77 21 63
66 30 65 55 31 16 57 91 55 7
4 6 4 68 55 63 68 69 28 4
21 32 90 39 88 88 9 41 21 67
6 51 76 42 91 28 91 65 32 33
90 75 15 20 7 6 9 21 75 76
52 17 56 88 6 31 39 64 66 81
66 20 41 55 87 15 92 16 39 16
20 39 7 92 9 7 21 17 77 17
9 87 90 32 65 3 81 80 7 81
19 3 51 6 9 45 65 27 29 20
44 92 40 89 63 19 79 55 39 66
54 54 64 30 27 43 87 90 41 5
87 56 40 55 17 67 27 45 56 52
42 69 43 88 43 81 7 27 65 17
9 75 31 76 81 39 66 56 67 43
92 21 55 3 27 55 68 30 68 75
55 63 68 64 17 65 15 32 63 39
43 56 5 8 28 21 66 15 39 7
77 28 20 41 52 78 18 69 93 4
92 31 56 7 17 33 4 6 16 68
69 6 88 6 64 19 81 55 39 66
41 55 88 87 29 63 57 45 51 90
87 88 43 28 4 3 16 5 69 15
33 7 77 3 92 33 18 69 53 20
81 64 5 89 44 28 30 67 15 3
15 30 57 17 42 81 31 45 63 76
64 44 76 3 9 29 68 19 66 31
54 52 32 7 17 65 80 9 77 27
40 56 69 51 21 9 57 21 44 45
91 15 89 40 80 77 4 33 16 80
5 57 65 87 30 63 53 5 19 56
6 93 52 15 6 53 41 66 51 76
