1 7 3 4 0 3 2 1 7 6 5 6 2 5 5 1
6 1 2 0 1 5 6 5 0 1 0 6 2 5 6 0
3 0 3 5 2 6 1 6 6 4 2 7 3 1 2 2
2 6 1 1 2 6 0 7 0 3 3 1 2 6 6 0
1 3 4 6 2 3 0 6 4 6 5 6 1 5 4 5
6 3 2 3 3 3 6 0 5 4 0 2 7 4 5 6
7 1 3 7 5 0 7 7 2 0 1 1 2 5 7 5
7 2 6 5 2 2 2 1 4 7 5 7 0 4 1 5
5 2 3 7 2 2 7 2 2 2 6 4 5 7 2 7
6 3 5 1 0 0 3 7 7 2 4 5 2 7 1 7
7 4 3 0 4 5 2 6 6 7 0 1 6 3 0 6
5 0 5 4 3 2 7 2 1 6 4 1 7 1 3 0
0 2 7 7 1 0 2 7 5 4 1 3 3 0 7 1
2 0 3 7 0 7 1 3 4 3 6 0 5 6 1 2
2 5 6 1 2 1 1 5 2 0 4 6 2 0 4 3
6 6 5 5 1 3 2 4 7 0 1 5 5 6 2 0
21 90 43 55 3 40 33 15 90 76 66 78 27 69 63 20
80 17 31 3 17 64 77 63 4 18 8 78 28 67 78 6
43 6 42 69 30 80 20 79 76 52 30 88 39 15 28 27
30 81 17 16 33 78 6 88 6 40 39 21 33 80 81 8
19 40 55 80 31 40 6 78 52 79 66 78 15 66 56 65
78 43 31 41 39 39 81 3 64 53 3 30 90 54 66 81
87 18 40 92 67 7 93 90 33 9 17 18 32 68 93 63
90 33 79 69 28 30 27 21 52 87 68 89 3 57 15 69
64 30 40 90 32 28 91 32 32 32 81 54 64 88 32 91
76 40 63 16 7 8 40 90 89 32 53 65 28 87 21 89
90 53 44 4 52 64 29 80 79 87 9 15 76 39 7 81
67 4 63 53 40 27 93 33 19 81 57 20 93 20 45 5
9 29 87 90 21 7 33 88 67 55 20 45 42 3 89 19
30 3 43 93 3 90 19 39 57 44 80 9 63 76 19 28
28 67 78 20 27 18 20 64 30 6 51 76 32 4 51 45
81 76 63 69 15 43 28 52 93 4 20 66 64 76 29 4
