4 4 1 6 5 2 2 0 4 5 1 7 1 5 4 5
5 5 1 4 4 7 6 5 0 6 5 3 4 0 0 2
0 6 0 5 3 0 5 3 5 4 7 2 3 3 4 1
4 0 2 3 5 6 3 7 5 4 6 0 7 0 6 2
2 2 1 7 2 2 5 4 2 2 4 7 2 7 1 6
0 3 5 0 0 1 7 2 0 4 3 2 6 6 0 3
3 0 7 3 1 5 5 5 7 5 6 1 5 2 4 6
5 7 5 3 5 0 0 6 4 7 4 5 6 3 0 1
7 7 3 6 4 7 0 1 1 3 3 3 0 1 3 1
6 7 1 2 7 6 2 5 1 3 0 4 5 1 6 3
6 1 5 1 7 4 6 2 4 0 2 0 2 5 4 2
7 7 7 4 7 0 7 7 2 6 0 6 1 1 2 3
4 3 3 7 7 5 1 5 2 2 0 0 5 5 2 2
4 0 4 2 5 7 5 0 3 3 2 1 5 1 0 7
7 3 0 5 6 3 0 4 5 3 7 4 6 4 4 3
5 1 0 4 1 3 5 7 2 0 5 0 1 4 2 6
52 55 19 75 66 31 28 3 56 68 16 89 20 66 54 67
63 66 16 56 56 88 76 63 4 79 64 39 55 4 6 31
6 81 7 69 39 9 67 42 69 53 92 31 40 43 53 17
52 5 28 41 67 78 45 93 66 55 80 3 87 3 75 33
30 27 21 91 32 29 68 54 33 30 57 88 28 92 17 81
4 40 64 8 8 18 87 27 5 53 43 28 78 79 4 45
45 6 89 40 18 67 68 63 89 68 75 17 63 31 52 77
67 93 65 41 64 7 5 80 55 93 55 65 80 45 8 21
91 88 44 80 53 89 9 20 16 39 42 45 6 19 40 21
75 89 21 30 93 80 33 63 17 41 8 51 64 21 79 42
79 16 65 17 88 51 76 31 55 5 30 8 29 67 51 32
87 87 90 52 91 6 93 88 32 75 6 80 20 15 30 44
55 40 41 87 91 69 15 68 32 27 8 4 69 66 30 33
55 8 52 29 63 90 67 8 45 44 31 18 67 20 9 89
87 41 3 69 81 42 9 52 64 45 91 53 81 54 51 41
64 18 5 55 18 43 68 89 32 5 69 6 16 52 27 76
