6 3 2 2 3 1 0 1 4 4
0 2 4 1 2 2 3 5 7 7
7 1 5 7 2 5 7 5 1 4
6 3 6 1 7 0 2 7 7 0
4 4 4 6 1 4 2 3 6 5
6 2 0 4 5 5 5 1 2 1
1 4 1 1 1 3 4 1 6 2
7 4 6 0 0 3 2 7 1 2
5 6 4 7 1 3 0 0 5 1
4 7 7 0 1 3 3 4 7 4
7 3 2 4 1 1 6 7 1 6
3 0 4 7 7 4 5 1 5 7
0 6 5 3 0 6 0 7 2 7
5 6 7 7 0 1 7 3 4 0
1 6 3 5 2 3 4 0 1 6
6 2 0 7 1 7 3 6 7 7
0 1 5 5 4 1 0 1 4 4
4 2 6 6 0 5 3 4 5 3
2 5 0 0 5 2 4 4 6 2
4 4 7 0 3 4 4 4 1 4
7 3 3 6 3 1 5 3 0 3
2 6 1 3 4 0 3 1 3 0
1 5 7 1 1 4 0 6 3 7
0 0 1 5 3 6 7 6 2 1
1 1 6 4 1 4 2 0 2 1
2 1 2 3 0 4 0 4 3 4
6 7 4 0 5 4 7 0 0 0
2 7 6 4 2 1 6 6 6 7
2 1 2 1 6 1 0 0 4 2
3 2 5 2 4 6 2 7 1 7
0 3 5 3 6 1 1 2 4 3
3 2 4 1 7 7 4 7 7 2
4 1 1 2 3 4 5 3 5 6
7 2 6 0 6 0 3 7 5 1
3 2 4 4 4 0 6 4 5 1
3 6 0 5 4 5 2 3 1 6
3 5 0 3 4 0 2 5 6 4
7 7 7 0 5 2 5 7 0 4
7 5 6 0 2 6 3 6 1 3
3 3 4 4 6 7 5 0 6 3
1 4 3 4 2 2 1 6 0 2
0 4 6 5 4 1 5 2 3 1
3 5 6 2 2 1 2 2 4 5
7 1 4 2 3 1 1 1 7 1
2 3 7 5 6 7 5 2 2 0
6 6 5 1 2 3 4 1 6 1
2 0 3 2 7 1 4 0 0 7
3 4 1 1 0 6 6 3 0 6
4 3 4 7 7 6 2 2 1 2
3 6 2 2 3 7 7 5 6 1
0 7 2 6 5 1 5 5 6 6
0 5 0 6 0 2 1 5 5 0
3 0 2 3 1 2 6 5 1 3
2 7 4 0 7 2 7 2 6 4
5 4 7 3 6 7 5 3 7 0
7 7 5 2 3 1 5 0 3 1
6 4 2 1 4 0 0 3 2 2
6 6 5 4 2 6 2 4 6 3
3 3 7 2 7 1 3 5 6 1
1 6 6 0 1 2 6 6 7 5
4 5 2 7 6 6 0 7 3 3
4 1 4 1 3 4 2 5 3 0
0 2 7 4 0 3 0 1 0 0
7 3 0 5 3 3 3 4 0 3
7 1 7 3 7 3 1 5 7 3
4 1 4 6 4 2 6 6 1 4
6 5 2 7 0 7 4 1 3 3
5 0 2 3 0 4 3 6 6 4
3 6 2 2 0 2 5 3 3 6
4 4 0 5 2 3 2 7 7 4
4 0 2 2 4 0 6 2 3 2
3 3 4 3 1 1 1 0 1 0
4 4 3 0 4 4 0 0 7 3
3 3 0 0 2 5 3 7 7 1
0 6 1 7 0 5 3 4 7 3
3 0 7 2 0 1 6 3 4 5
2 1 2 6 2 6 1 6 0 1
5 0 6 0 1 6 5 0 0 7
0 3 0 3 2 3 3 5 0 3
1 0 2 2 3 3 6 7 0 5
0 3 6 4 5 6 1 3 5 2
2 1 3 1 6 2 3 4 4 6
1 0 2 0 4 3 5 1 7 6
5 5 0 3 6 2 5 1 0 5
7 5 2 0 7 5 1 0 1 2
1 7 5 6 2 3 3 1 6 1
7 2 4 2 0 1 6 2 7 2
1 7 1 4 1 2 2 7 3 4
6 2 2 7 3 1 0 0 1 2
2 4 7 6 0 6 7 4 3 7
5 2 1 6 2 2 2 0 6 1
3 1 3 3 1 2 0 1 3 3
6 0 5 2 7 4 6 1 5 2
5 2 1 6 4 2 7 5 5 5
0 7 6 7 0 5 0 5 2 0
7 4 7 0 5 4 5 2 0 3
4 7 1 2 7 0 0 1 6 6
0 7 3 7 0 7 3 1 1 3
2 0 0 6 3 7 3 0 5 4
1 7 3 2 4 1 5 6 3 4
76 41 31 29 40 17 7 20 53 55
4 31 53 19 32 30 44 67 87 92
91 20 69 92 29 65 87 63 21 56
79 45 77 17 93 8 31 93 90 8
53 57 53 79 19 53 32 41 76 65
80 32 9 53 67 67 63 17 27 17
15 57 20 18 15 43 56 15 75 31
90 51 79 6 7 40 33 88 15 33
64 79 56 92 21 42 7 9 64 16
53 93 88 8 20 41 41 56 91 54
92 43 32 51 17 16 78 87 16 75
44 9 54 88 90 52 67 19 65 87
6 78 66 42 8 75 9 91 27 90
64 77 91 93 7 15 90 39 53 7
16 80 42 68 27 41 53 8 15 78
78 33 7 90 21 92 44 80 93 87
9 16 66 65 55 20 7 21 53 54
51 29 76 76 5 64 43 51 68 39
29 69 4 7 67 28 56 56 75 31
55 57 87 9 43 52 54 56 20 56
90 40 41 81 39 17 67 42 9 44
30 80 16 42 52 9 40 18 45 9
20 67 89 17 16 51 6 78 41 91
4 4 21 69 44 77 92 76 30 19
19 17 76 52 17 56 28 3 32 15
27 18 27 40 5 55 6 54 42 51
81 91 57 4 68 52 90 5 4 9
27 92 76 51 32 18 80 79 78 92
27 18 28 19 75 19 5 6 52 33
41 29 64 29 56 79 32 92 19 93
6 44 65 39 77 18 19 29 54 39
39 33 53 15 91 87 54 90 91 32
52 21 19 30 43 55 65 43 64 76
89 33 80 5 76 9 42 91 69 17
45 32 54 51 53 6 79 51 66 15
40 75 4 66 57 67 33 44 20 75
44 66 9 41 56 5 32 64 77 57
92 90 93 3 69 29 69 88 5 54
92 64 77 7 28 75 44 76 20 43
43 44 51 54 79 89 63 4 78 44
17 54 40 54 30 32 18 81 5 32
8 51 76 67 55 15 66 32 41 16
39 63 81 33 29 20 29 29 55 64
87 20 56 27 44 19 20 19 93 17
27 45 89 65 78 87 64 28 29 6
78 78 69 15 33 39 51 21 80 18
27 5 39 27 93 19 51 8 4 87
43 51 20 18 4 78 75 43 7 79
51 40 53 88 91 81 30 31 19 29
44 81 32 33 41 92 93 69 76 16
6 93 31 81 68 18 64 65 75 81
6 65 5 80 6 30 20 67 64 7
40 6 29 40 16 32 79 67 19 41
30 93 55 7 93 33 88 29 79 57
66 54 87 39 79 88 68 42 92 4
93 92 67 31 45 15 67 6 40 21
76 55 29 15 55 7 8 45 33 32
80 78 64 53 28 76 28 54 80 43
44 45 87 31 87 19 40 68 79 21
21 76 75 6 20 28 81 80 90 65
55 69 29 90 81 76 3 88 39 40
51 17 51 18 41 53 27 66 41 5
4 27 89 54 7 42 6 17 9 7
93 40 9 65 44 42 40 55 6 44
92 20 91 42 89 41 20 65 90 41
53 19 57 79 57 27 80 80 16 53
79 66 27 88 4 87 51 19 44 45
64 7 27 39 8 55 42 75 79 54
42 81 31 30 3 29 63 43 41 80
52 55 3 64 31 40 33 92 87 56
54 4 27 32 52 9 76 29 45 30
44 45 53 39 18 21 20 3 19 8
55 56 41 9 52 56 7 3 87 42
43 44 5 9 33 64 44 91 92 21
9 81 15 88 4 67 45 56 89 41
40 6 90 30 7 16 77 45 53 65
31 20 29 77 30 80 15 75 4 16
67 9 79 7 18 79 64 8 6 93
6 42 3 43 33 42 45 64 6 39
16 5 28 33 42 45 77 87 4 63
6 41 78 56 64 78 19 44 65 29
32 15 40 21 75 30 44 55 54 76
15 7 32 3 54 45 63 17 89 78
65 64 7 40 76 31 69 18 4 65
87 67 29 9 90 65 19 6 21 32
15 92 66 79 32 42 41 15 78 19
89 27 52 30 3 19 79 29 91 30
16 88 21 51 16 32 32 87 44 52
76 32 29 91 42 21 5 8 16 28
27 54 90 76 3 79 88 51 42 93
64 30 21 80 29 27 32 9 78 18
42 15 43 43 20 32 9 19 39 41
76 7 68 29 90 51 76 20 63 27
63 30 20 80 54 28 92 67 67 63
9 88 81 92 4 63 8 69 28 9
92 56 88 9 67 53 64 33 7 39
53 91 16 31 88 3 8 18 80 76
3 91 45 88 8 90 43 16 18 42
33 8 5 79 42 88 39 3 67 56
21 93 45 32 52 16 66 81 39 54
