6 3 2 1 1 3 4 4 6 5 0 5 1 1 2 6
1 2 7 5 2 1 6 6 1 0 1 7 2 5 2 1
0 7 3 7 4 7 2 0 6 5 0 7 0 1 0 6
0 5 7 7 1 1 3 0 7 1 0 5 1 6 6 7
6 6 1 3 6 2 0 6 6 3 5 3 6 6 4 6
3 3 6 0 3 4 7 6 0 4 3 3 7 7 3 4
1 3 5 6 7 0 5 3 7 5 6 1 0 2 7 5
7 0 4 6 0 0 4 5 3 1 2 0 7 5 3 4
0 3 2 2 4 0 4 0 4 1 2 5 1 6 7 7
1 1 5 6 6 2 6 1 3 2 2 4 1 0 0 2
2 6 1 1 5 4 0 5 1 0 3 4 0 2 2 1
4 0 1 4 4 4 3 6 7 7 6 1 6 4 1 1
7 0 5 1 0 7 5 4 7 3 2 5 0 6 4 5
0 5 4 5 0 5 7 1 3 7 1 3 6 3 6 6
1 5 5 5 3 5 7 3 3 7 2 7 0 1 4 0
0 5 5 4 4 2 5 3 3 1 4 2 5 0 1 0
81 43 27 20 19 39 56 53 81 65 4 64 18 19 30 80
18 33 88 69 29 16 80 77 16 4 18 91 33 67 28 21
4 93 40 93 53 93 31 9 79 67 9 89 5 19 9 77
5 65 88 93 16 16 42 6 89 16 4 66 18 79 77 91
80 79 21 39 81 31 9 76 81 43 67 42 80 78 55 75
41 43 77 9 41 55 90 77 9 51 42 45 87 93 41 55
15 39 65 79 88 8 67 42 92 67 76 15 3 27 90 65
88 3 52 77 9 3 54 68 41 17 33 8 89 64 40 55
7 41 32 30 55 4 55 5 53 15 32 63 15 77 89 92
21 20 65 79 75 31 78 18 42 29 31 51 19 5 8 30
30 79 18 17 66 54 6 69 20 6 41 57 9 29 31 15
56 4 18 55 52 57 44 78 87 92 77 16 78 57 20 15
93 7 68 15 6 92 63 55 89 42 31 63 5 81 51 66
7 63 54 68 5 69 92 20 43 91 15 39 75 44 75 75
18 63 65 68 39 64 87 45 45 89 30 92 6 20 54 3
3 66 67 55 55 32 63 41 40 21 56 32 66 3 17 8
