7 1 1 3 0 1 6 2 2 0 6 2 6 4 2 2
7 2 2 4 5 0 0 2 4 7 5 7 3 1 0 6
1 7 5 6 4 1 4 4 0 3 5 4 6 3 3 1
1 6 2 0 7 7 7 1 4 2 0 1 1 2 3 2
0 1 1 3 7 6 3 3 5 2 0 1 3 4 0 1
5 3 4 0 0 0 5 1 6 7 5 2 2 2 6 6
7 2 1 3 0 2 1 4 2 5 3 6 5 1 0 0
1 5 7 6 0 6 4 7 2 0 7 0 1 6 2 2
6 0 6 3 5 6 6 4 6 5 4 5 5 4 7 1
4 3 2 7 3 6 4 0 0 7 3 4 4 6 5 5
4 2 1 7 3 1 7 7 7 0 5 3 5 7 7 2
3 5 1 2 7 4 1 7 1 1 0 4 1 1 1 2
0 6 0 4 1 6 7 6 4 6 0 3 6 1 3 3
2 2 2 2 7 0 7 0 1 6 4 5 2 7 6 3
7 1 5 3 1 7 3 3 0 5 1 7 3 3 5 7
5 0 6 6 2 1 5 0 6 2 7 3 6 1 2 6
93 21 19 40 3 19 76 31 28 8 79 28 77 51 28 31
91 32 33 52 63 3 6 30 53 92 64 90 45 21 7 76
17 90 66 78 54 16 53 57 8 39 68 53 77 45 42 21
16 77 32 9 90 89 88 15 57 29 6 17 15 30 44 28
3 21 20 42 87 79 42 40 64 28 6 19 41 52 3 15
63 45 52 4 7 8 63 16 78 92 63 31 28 29 76 80
88 27 18 43 7 30 18 55 33 68 39 78 68 18 9 9
16 65 91 76 6 81 56 87 31 3 89 3 18 75 33 33
80 5 78 40 69 78 81 53 81 66 57 65 63 55 87 19
57 44 31 90 45 79 53 4 9 88 45 53 57 75 69 69
55 31 16 91 39 16 91 88 93 5 67 45 64 91 91 30
44 68 18 33 87 54 19 89 17 21 7 51 21 15 15 30
3 76 7 57 17 76 91 76 54 78 9 43 79 17 41 44
29 33 31 33 88 7 88 5 17 77 55 63 30 89 79 39
91 16 69 43 15 89 45 43 9 63 19 91 44 39 65 91
66 9 78 77 33 16 63 7 78 28 92 43 77 16 32 75
