0 1 5 4 7 2 6 7 1 0
5 3 1 5 3 6 4 4 7 0
3 0 6 7 4 0 3 1 6 4
5 5 0 2 0 5 5 0 4 5
7 0 2 1 1 1 7 4 3 6
4 4 1 7 4 0 0 3 2 7
5 0 6 6 1 6 3 6 7 7
6 7 6 1 0 5 2 5 7 0
5 4 3 0 5 3 6 6 4 5
0 1 6 7 1 5 0 2 3 5
4 5 1 7 2 3 0 7 5 5
3 6 0 5 5 6 3 7 4 5
0 7 4 2 5 6 4 1 6 0
2 7 6 7 1 4 1 5 7 4
0 6 5 1 0 5 5 4 1 6
1 5 4 5 4 5 1 3 4 3
1 5 6 0 3 0 3 4 1 5
3 5 3 5 6 4 4 2 3 7
7 6 3 0 5 2 6 6 7 1
0 2 7 2 1 1 4 3 4 3
0 1 7 5 4 5 0 2 4 6
7 6 0 2 1 6 5 4 6 7
6 7 4 5 2 3 7 7 2 5
0 7 0 3 3 0 5 5 5 4
4 6 6 5 0 5 7 7 4 5
6 0 3 1 2 0 7 4 7 7
7 5 2 1 1 3 1 5 6 4
2 2 2 3 7 4 4 4 6 0
3 1 0 6 0 4 1 1 1 7
0 1 1 3 3 2 0 6 7 1
3 7 0 6 6 3 4 7 1 5
5 3 6 3 3 4 5 0 1 0
0 6 4 4 7 2 5 6 7 5
2 7 3 6 0 6 6 3 3 5
3 2 5 7 2 5 0 0 5 7
0 6 1 5 2 6 2 3 5 4
5 4 1 4 2 6 0 0 3 2
5 4 2 2 3 2 1 5 5 0
7 5 2 5 0 3 0 5 2 2
1 6 1 4 4 4 1 2 4 0
6 3 6 6 0 2 1 5 4 2
3 0 6 4 4 7 7 7 6 4
6 5 2 3 6 2 3 1 5 0
0 2 5 4 0 7 0 2 1 2
3 7 1 1 3 2 1 7 4 2
7 3 4 7 1 5 6 0 6 4
7 3 5 6 2 7 4 3 7 7
2 6 1 5 7 4 5 7 7 6
5 0 7 3 6 6 4 7 1 2
5 0 2 7 0 1 2 1 2 1
6 1 6 0 1 2 0 1 4 4
1 3 6 0 0 2 5 0 3 0
7 7 1 4 2 5 3 2 7 6
6 2 2 4 0 0 1 3 7 7
7 6 5 3 1 1 2 1 1 4
6 7 3 4 7 7 1 0 1 4
7 2 2 2 5 1 1 6 6 5
1 1 2 7 6 1 5 6 4 3
7 0 7 3 3 3 4 2 7 2
0 3 3 0 7 3 3 0 2 4
3 6 7 6 0 3 4 2 3 7
1 2 7 5 1 4 4 7 2 7
1 5 7 4 5 4 4 1 5 6
4 2 3 4 4 6 1 2 6 7
1 6 2 4 0 2 2 2 7 4
6 7 4 4 4 5 3 0 4 5
0 2 2 6 6 6 2 0 7 6
1 3 2 1 4 5 4 0 2 1
3 7 5 3 0 1 3 0 2 7
2 3 6 5 4 1 1 1 2 1
4 4 6 7 6 6 6 4 7 1
2 7 4 1 0 1 5 6 7 0
3 2 7 5 3 2 5 0 0 6
6 3 4 4 0 6 0 6 6 1
1 1 6 4 0 2 3 3 2 2
7 1 2 2 7 5 5 1 7 5
0 3 5 0 0 2 2 7 1 1
0 7 1 5 7 2 7 5 7 2
3 5 7 2 2 3 4 3 4 3
4 0 0 5 6 1 4 5 7 6
5 2 0 4 2 2 5 1 6 4
2 4 4 6 7 6 7 5 6 3
1 4 7 4 3 4 2 1 0 3
4 0 3 3 1 0 7 5 3 5
5 7 2 5 1 3 5 1 3 2
1 1 1 6 2 5 2 1 1 1
7 1 4 4 7 7 0 6 2 0
1 6 2 5 1 5 7 1 6 6
3 4 4 1 6 6 5 1 6 2
7 2 3 6 3 0 3 3 0 3
7 6 7 7 7 5 6 6 7 4
0 3 1 0 3 3 2 7 7 2
0 2 1 0 7 4 4 7 4 4
2 0 7 1 0 3 7 6 4 2
1 1 5 0 4 3 0 5 6 4
5 6 7 5 2 3 1 3 7 5
4 5 7 1 4 3 0 2 2 4
3 5 3 2 6 2 7 0 7 1
5 4 6 6 0 5 7 1 4 3
6 3 6 2 7 0 7 2 6 0
5 15 66 51 93 31 75 89 18 9
64 44 18 66 43 76 57 56 93 8
41 4 81 88 57 9 45 18 75 56
65 64 9 33 6 66 66 9 55 64
93 5 27 19 18 21 93 53 42 77
56 57 21 93 53 5 6 43 33 92
69 5 80 78 15 80 41 78 91 93
78 90 76 19 5 63 27 64 93 9
68 51 40 5 64 45 78 77 57 67
7 20 76 92 17 64 8 28 39 65
53 65 21 88 27 41 9 92 69 65
45 76 5 68 67 77 44 90 56 64
4 92 52 30 69 75 54 21 75 3
30 93 81 91 15 55 15 69 90 52
4 80 69 20 9 67 69 57 19 79
15 64 52 67 56 67 18 44 56 41
19 63 78 6 40 4 41 51 21 67
42 66 45 69 80 54 56 28 42 87
90 75 44 4 69 29 76 75 91 16
9 32 92 33 15 18 52 42 51 44
4 18 92 66 56 69 6 33 55 79
93 75 6 28 18 79 68 53 77 93
77 91 52 65 30 45 91 93 28 64
7 90 5 39 39 6 64 67 65 56
55 75 79 69 6 67 89 89 56 63
76 8 40 17 27 9 91 54 93 88
93 65 32 16 15 40 20 67 80 52
32 31 28 43 90 52 55 56 81 5
45 15 6 77 4 55 18 21 20 92
8 20 15 43 39 28 3 77 88 18
41 93 7 79 81 40 51 90 15 68
63 44 77 41 41 55 67 5 15 8
4 77 54 54 90 27 63 79 88 66
28 90 39 79 5 75 81 39 43 68
44 32 67 91 32 67 6 9 67 87
7 81 15 66 29 80 33 41 69 54
63 54 20 57 27 81 6 7 44 28
67 55 31 31 43 32 17 66 69 4
90 68 29 64 4 39 5 68 31 29
21 81 19 57 52 55 19 32 51 9
81 43 75 76 4 29 21 69 53 33
43 5 76 55 55 91 90 92 79 57
77 67 27 45 80 33 40 17 65 9
8 31 65 53 4 91 9 30 16 32
43 89 21 21 40 33 16 93 56 30
90 40 51 91 16 63 75 3 80 52
90 41 67 77 32 89 56 45 90 92
27 81 16 67 92 54 64 91 93 81
65 8 93 43 77 77 55 91 15 33
64 8 27 88 7 16 32 17 33 17
75 17 75 7 17 27 5 17 57 52
19 40 79 9 8 31 65 5 44 4
90 87 19 56 31 67 41 33 92 80
77 29 32 51 8 4 19 43 91 89
87 81 66 44 19 19 30 16 16 56
78 93 44 51 93 90 18 9 16 55
91 28 28 33 65 15 19 81 80 64
18 19 28 93 75 21 66 79 53 42
91 9 93 42 43 44 52 31 88 32
6 44 40 4 87 43 39 8 28 54
44 79 93 79 7 45 56 30 45 87
20 30 91 68 19 56 53 88 29 93
20 63 87 57 63 53 56 18 68 75
52 33 39 53 55 76 19 32 80 89
18 80 29 56 5 28 30 28 89 52
75 92 55 53 53 64 40 4 54 67
3 31 30 78 78 77 32 5 91 81
21 43 30 16 56 66 56 5 29 15
45 92 68 45 7 19 39 4 31 89
30 45 78 63 52 15 20 21 31 21
54 57 75 91 75 76 79 52 93 20
32 88 53 21 5 17 63 80 87 4
42 28 88 68 45 32 65 8 7 77
78 41 52 55 8 78 7 77 75 20
16 16 81 56 4 32 44 43 30 31
92 18 28 29 89 64 63 20 88 65
3 42 68 4 4 29 27 88 19 18
8 88 19 67 93 32 91 66 87 30
39 66 93 27 29 44 54 41 57 42
51 4 7 66 80 20 54 66 87 76
66 29 4 56 30 29 66 15 78 53
27 52 57 78 90 80 89 64 81 39
19 56 87 51 42 54 33 20 8 44
56 9 40 45 20 6 90 69 43 68
64 93 27 63 18 39 65 16 45 27
18 16 18 78 32 67 31 17 20 18
92 17 57 51 90 89 8 78 31 3
20 77 28 68 18 63 88 20 81 77
45 54 52 19 76 78 67 19 77 28
92 29 40 81 40 8 45 40 4 39
93 81 88 91 91 65 75 77 92 56
4 41 20 4 40 45 27 92 88 27
9 29 20 3 87 55 57 93 53 57
33 9 92 17 6 40 93 79 52 31
21 18 69 8 51 40 4 67 76 55
66 76 89 68 28 43 16 41 89 68
56 65 89 18 57 41 3 29 32 55
42 64 45 33 77 28 92 4 93 19
66 54 76 79 9 63 90 19 57 39
75 43 81 33 88 8 93 31 78 8
