5 4 6 2 0 4 7 0 5 5 2 5 7 6 1 5
5 2 0 3 0 0 7 5 1 0 2 2 5 2 5 0
7 4 5 0 5 5 4 2 0 0 2 3 3 1 1 0
4 0 7 7 5 1 5 7 6 0 5 2 0 4 7 3
5 3 0 1 0 7 2 0 6 4 1 7 0 3 2 2
2 5 1 5 0 6 2 0 4 6 0 1 7 2 1 7
2 1 5 1 1 1 6 2 3 4 7 7 1 2 3 4
5 2 6 1 0 3 4 0 5 0 7 3 7 5 7 7
5 2 6 2 5 7 1 1 1 1 0 7 4 5 3 4
4 5 3 4 6 6 2 6 1 3 4 4 2 3 1 1
1 7 2 2 1 4 7 6 1 2 4 4 2 0 4 7
6 1 7 5 0 6 7 0 6 6 0 4 1 4 7 5
1 6 2 2 2 1 3 0 6 3 1 0 5 0 6 4
7 4 6 2 4 5 6 5 5 4 1 1 1 7 2 5
5 0 2 6 0 5 1 1 2 0 2 2 6 1 6 2
0 5 3 3 0 5 3 3 1 4 2 1 5 1 4 4
69 51 77 33 8 56 93 8 67 65 32 67 92 77 15 68
66 32 6 44 4 4 93 66 21 9 33 29 63 31 63 3
87 53 67 7 68 64 54 33 5 7 28 45 41 20 16 8
52 3 89 93 65 18 69 89 77 4 69 28 4 52 89 42
67 40 4 20 8 92 32 5 81 51 19 89 7 39 31 31
30 63 16 63 5 76 31 8 52 78 9 20 90 27 15 92
32 18 64 18 20 16 80 27 45 54 87 89 16 32 40 56
67 28 77 18 7 41 57 7 69 7 89 43 87 65 92 89
65 27 76 31 65 92 19 18 16 18 5 87 56 63 44 56
54 67 40 54 75 81 29 76 17 41 56 51 28 40 15 17
16 90 33 28 15 57 88 80 19 33 54 56 28 7 53 92
75 21 88 68 7 78 89 3 80 75 8 52 17 54 89 63
15 77 33 28 28 21 41 8 79 40 21 6 68 6 77 57
87 57 80 32 51 67 79 63 63 54 20 15 18 90 28 67
67 5 27 75 3 63 19 15 33 6 29 29 81 15 78 32
6 64 41 41 6 67 43 43 21 53 32 17 67 19 54 57
