6 0 7 0 6 4 5 1 4 7 0 5 4 1 2 0
7 6 5 0 2 6 3 4 6 1 1 3 5 0 6 5
4 2 5 4 1 3 0 4 6 5 2 1 7 1 7 7
0 0 1 5 2 0 7 5 3 6 0 4 0 3 4 0
2 3 5 2 2 7 4 7 3 0 3 5 5 3 0 7
4 0 6 0 5 2 3 0 0 4 4 5 6 0 7 2
0 7 0 2 0 5 0 0 3 7 6 4 4 1 2 1
5 6 6 1 4 3 7 4 2 0 5 4 6 7 0 1
0 5 1 0 7 1 4 7 0 7 2 7 5 0 0 3
2 7 4 4 2 3 3 5 4 7 5 1 2 5 2 1
1 2 6 7 1 5 2 5 5 1 3 2 3 5 4 0
7 3 5 2 1 0 2 7 7 2 5 6 7 2 2 1
7 6 2 3 7 0 4 2 4 1 7 3 4 5 1 2
1 6 1 3 4 5 3 5 1 7 0 3 2 6 1 2
6 5 7 0 2 0 3 1 0 6 3 5 2 3 1 6
3 2 3 5 6 1 2 0 4 3 1 4 7 3 6 0
79 8 88 4 80 57 68 20 52 93 7 69 52 15 27 6
92 76 68 6 29 80 42 52 75 16 15 40 66 7 77 69
57 33 66 53 15 45 5 52 78 66 32 19 89 18 92 87
4 3 21 69 31 5 92 67 41 75 3 57 6 40 51 7
32 43 63 30 29 90 57 88 45 9 40 66 68 45 6 89
56 9 75 6 68 32 44 3 8 57 54 68 75 4 90 30
7 93 5 32 6 63 9 3 39 93 81 52 56 16 30 21
66 81 81 17 54 43 89 53 28 8 68 54 80 89 9 17
3 64 19 4 91 19 56 91 8 89 29 93 63 6 5 41
33 88 55 52 28 41 42 69 52 87 69 19 27 68 31 21
17 33 75 91 17 68 31 68 65 17 43 33 45 69 52 9
90 40 68 29 16 5 32 89 92 33 66 81 90 27 28 19
90 76 27 43 87 7 54 30 52 16 93 43 54 65 15 33
20 80 18 39 51 66 45 67 21 87 3 42 31 80 19 28
76 63 91 7 32 5 39 20 5 79 44 67 31 43 20 76
39 32 42 67 77 18 32 8 52 44 20 56 88 40 75 3
