2 0 2 6 7 7 3 6 4 6
6 0 2 5 4 5 3 3 7 1
3 1 5 3 3 3 3 2 0 3
0 0 1 2 4 0 1 4 4 0
7 5 0 2 6 4 0 5 3 1
3 2 2 5 2 2 3 1 0 6
4 3 1 3 5 4 2 2 4 5
4 3 5 5 3 1 2 3 6 1
1 4 5 1 1 5 2 1 2 6
1 7 2 2 0 3 4 5 4 7
5 2 6 2 3 5 2 4 6 7
0 7 4 6 2 1 4 1 1 2
6 1 5 2 5 6 4 1 4 3
7 1 0 4 2 7 6 1 3 3
1 2 1 7 0 5 7 2 3 7
2 4 4 3 7 7 6 2 3 4
6 4 1 3 2 5 1 3 2 1
7 1 6 1 4 4 0 0 0 6
7 5 1 1 0 2 3 5 2 0
0 4 1 1 2 0 4 5 5 5
6 5 2 5 2 1 2 2 0 5
0 1 6 7 6 2 4 2 3 1
1 1 4 3 2 6 7 6 2 4
6 4 0 6 3 5 2 1 3 3
6 5 1 2 3 0 5 3 4 4
7 2 0 7 6 6 6 7 2 2
6 3 1 7 3 6 7 5 6 2
2 2 3 6 5 6 0 1 4 5
6 3 4 5 5 2 2 6 4 3
5 4 5 1 0 7 7 0 5 7
2 1 2 6 4 6 5 5 7 4
2 0 7 7 7 7 1 4 6 4
7 2 2 4 0 1 2 5 0 5
0 1 4 4 4 4 1 0 4 7
6 3 4 2 5 6 5 1 1 1
2 0 1 1 6 7 3 7 5 6
5 4 1 1 6 6 4 0 1 3
6 5 0 6 0 1 4 4 2 1
0 3 7 3 3 2 0 7 6 7
1 0 0 0 6 6 3 7 4 2
4 1 3 6 4 0 0 1 4 0
2 6 5 0 7 0 7 4 5 7
1 4 4 4 7 5 5 2 5 0
4 6 2 0 0 0 5 4 4 7
2 5 4 0 2 2 3 6 0 3
7 0 3 7 3 7 3 7 6 5
5 5 0 0 7 1 6 1 1 6
7 2 7 6 0 3 0 4 3 1
7 3 4 1 4 7 6 3 2 5
5 2 0 6 5 7 4 6 4 7
2 1 0 1 6 2 1 5 2 7
3 7 6 3 2 7 7 4 0 4
6 0 5 6 1 5 0 6 3 7
3 7 5 4 0 6 6 3 1 5
5 7 6 1 2 3 4 4 3 4
7 7 1 0 3 1 5 5 3 5
4 3 6 3 3 5 7 6 5 2
3 3 6 6 5 4 0 5 0 2
2 6 1 0 3 6 7 6 3 6
0 2 4 2 5 0 1 6 3 7
5 4 7 4 6 4 7 4 7 6
5 5 4 5 0 2 5 3 6 0
2 5 1 7 5 3 5 5 5 0
7 3 7 6 0 4 2 5 3 4
6 3 5 7 2 3 6 2 1 2
0 4 1 4 6 2 4 1 7 7
5 2 3 7 7 0 2 5 5 0
5 5 5 2 4 2 7 6 6 5
1 2 2 3 5 2 4 3 2 6
1 7 1 7 1 3 2 1 2 3
4 2 0 4 5 0 1 3 6 5
4 4 6 0 7 0 0 4 0 0
2 3 3 3 1 5 1 3 2 6
2 5 1 1 5 2 0 0 6 3
6 2 4 5 5 2 4 2 7 1
6 3 0 3 0 5 3 5 7 1
1 0 0 1 5 6 1 2 2 6
4 1 4 2 0 5 0 3 2 5
5 6 6 4 5 7 3 7 6 7
7 3 5 7 2 0 2 0 6 2
5 3 7 2 6 0 7 5 6 3
7 6 1 1 1 7 4 0 5 6
4 3 5 4 7 3 6 7 2 1
2 4 2 4 1 0 1 3 1 0
3 7 4 7 4 0 1 5 5 0
0 2 5 0 0 4 2 2 4 6
1 2 6 2 1 4 7 0 7 2
4 3 6 6 3 6 0 3 2 4
6 1 1 3 0 1 2 2 5 6
3 1 4 3 2 0 1 1 4 1
2 3 0 7 5 5 1 4 6 5
4 5 0 6 5 2 5 4 7 3
2 4 6 7 4 7 3 3 6 7
4 1 3 2 3 0 4 1 2 0
3 4 4 5 7 1 7 6 1 2
5 1 3 0 3 4 5 6 1 4
5 6 3 4 3 5 3 6 2 5
4 7 1 1 3 7 2 2 5 3
2 4 1 0 0 5 6 3 7 4
2 6 2 3 7 5 1 3 6 1
30 3 31 81 91 88 45 76 55 79
78 3 27 66 56 67 40 40 92 15
43 15 63 39 44 41 40 33 3 42
3 6 15 31 56 5 16 53 54 9
92 65 6 28 80 56 8 69 39 20
40 33 32 66 28 28 43 17 7 79
53 44 19 45 66 55 28 27 51 66
54 39 63 66 41 18 31 45 75 21
18 56 66 18 21 66 30 18 30 77
18 92 29 29 6 42 56 67 54 90
68 31 75 29 43 67 32 53 75 93
6 93 54 75 28 19 51 20 16 30
78 17 65 29 66 75 53 20 53 43
93 19 3 51 30 88 80 16 40 39
16 29 21 89 8 65 92 31 42 92
32 56 53 44 89 93 76 32 40 53
80 52 18 44 28 65 15 39 32 17
93 18 76 17 54 53 8 9 6 80
88 67 21 17 4 32 43 66 33 4
9 56 21 19 30 3 51 68 64 64
78 67 29 69 31 17 28 29 6 63
7 21 76 91 81 31 51 28 45 18
20 21 56 40 33 77 89 81 31 51
81 53 4 75 44 69 27 18 40 41
75 66 18 30 44 5 65 42 57 55
92 29 3 87 78 76 79 91 31 32
76 40 18 87 44 80 89 68 80 31
30 28 42 78 67 79 6 16 53 68
76 39 57 65 63 30 31 79 52 44
63 55 69 17 8 93 89 8 63 87
33 21 27 79 56 79 66 65 88 55
27 7 93 88 93 90 15 57 77 55
92 29 33 56 7 18 30 66 7 64
8 19 54 54 51 56 15 8 53 91
79 44 55 32 69 80 63 17 18 20
31 5 16 20 76 91 44 90 65 79
65 54 21 21 76 76 56 9 15 40
77 64 7 79 9 18 56 53 27 18
6 44 93 40 40 33 8 90 81 87
19 8 6 8 79 77 42 92 53 28
51 17 42 77 57 3 7 19 56 7
33 75 65 9 90 4 93 51 69 91
21 52 52 55 91 68 63 27 66 5
51 75 32 8 6 6 63 57 56 90
32 66 56 5 29 33 39 76 6 45
91 4 45 88 41 92 43 93 78 68
66 67 6 9 91 21 76 15 16 77
92 28 87 77 6 45 8 52 45 16
93 44 54 17 57 89 79 45 32 69
66 27 9 80 67 92 56 75 55 87
31 19 3 17 79 27 17 69 28 91
41 90 81 39 27 92 90 52 3 52
78 3 65 77 19 68 4 75 39 90
45 90 65 56 7 79 78 41 19 68
67 93 77 16 30 39 51 51 40 52
88 87 15 4 41 17 65 68 42 68
53 40 80 43 41 67 93 76 67 29
39 43 75 77 65 57 5 66 4 32
29 79 17 9 42 75 92 75 43 76
7 28 57 32 68 4 21 79 42 93
65 54 92 53 76 52 87 55 91 76
65 65 53 66 5 29 68 40 81 6
28 68 19 88 69 45 68 63 65 9
92 42 89 75 7 57 33 68 45 55
78 43 65 91 30 40 78 33 17 27
4 57 16 57 79 28 53 16 91 91
64 31 44 89 93 4 30 68 65 9
69 68 66 31 55 33 87 80 75 65
19 31 33 45 66 28 55 40 31 78
19 93 16 87 21 41 32 21 30 40
54 33 8 53 66 3 20 44 79 63
56 53 81 4 88 9 6 57 8 6
28 44 45 40 19 65 19 40 30 76
30 65 16 21 66 31 5 9 76 41
79 31 53 66 64 33 54 31 91 15
81 43 5 40 9 64 40 63 93 20
17 8 7 20 67 77 15 29 32 78
52 20 56 28 8 64 3 40 32 67
63 81 75 54 67 87 44 89 77 87
87 44 66 89 31 9 33 6 75 29
68 39 88 28 81 4 93 65 75 41
89 81 15 20 21 90 53 5 67 80
56 43 68 52 92 43 80 87 28 16
32 55 33 53 16 9 16 39 19 9
43 93 56 87 53 4 15 68 66 6
3 29 69 9 7 51 29 27 55 80
17 33 80 32 18 52 93 4 87 30
56 40 79 81 43 80 9 40 31 53
75 15 18 45 3 15 31 29 67 80
40 18 55 40 29 3 17 20 53 18
33 39 9 92 65 66 15 54 75 68
55 68 4 75 64 28 69 54 88 40
29 55 75 92 51 92 40 45 77 90
56 17 39 33 40 3 55 15 33 8
41 56 52 65 89 18 93 81 16 32
69 20 40 3 42 52 67 80 19 52
64 78 42 52 41 64 43 75 31 64
55 92 20 16 45 90 28 29 68 45
27 56 19 5 7 66 78 39 87 52
29 75 27 40 87 64 16 45 75 21
