5 7 3 0 5 4 7 5 5 1 3 7 7 0 6 7
1 3 7 7 7 4 1 7 6 6 3 7 2 3 6 1
4 5 4 5 4 2 3 2 1 2 2 1 7 3 5 2
1 2 4 7 0 1 1 2 4 1 2 2 1 2 7 5
4 2 6 1 0 2 5 2 4 2 5 5 5 2 5 7
7 2 6 2 7 4 2 5 1 2 0 7 6 0 3 2
0 0 1 6 4 7 7 6 4 4 2 6 4 2 3 4
6 2 5 0 6 1 4 4 0 5 2 4 5 3 1 3
0 4 7 0 6 2 0 2 4 7 5 6 6 7 0 2
2 5 3 7 6 2 4 7 6 7 5 2 4 0 1 6
7 5 2 5 7 3 7 7 0 1 5 5 1 5 0 3
0 2 2 3 4 2 5 5 5 3 2 5 6 1 3 4
5 7 7 4 1 0 2 1 5 5 1 4 3 1 3 6
1 7 5 4 2 7 2 7 5 5 7 2 4 1 2 3
6 4 7 6 7 1 0 1 7 1 5 1 3 1 1 2
2 3 6 0 6 5 6 7 4 6 1 3 1 1 2 5
65 90 41 9 67 57 87 67 64 20 40 90 92 6 75 90
18 40 89 93 89 53 19 88 80 78 41 93 32 40 78 16
52 69 55 64 54 31 40 31 16 27 31 21 89 42 69 29
19 29 51 92 3 21 15 31 57 21 27 30 17 32 87 64
52 31 79 19 7 28 69 32 53 29 65 64 64 32 68 89
88 28 81 32 90 52 33 65 21 30 9 91 81 6 41 33
8 8 18 77 51 87 91 78 53 52 30 80 54 27 44 52
75 32 65 5 80 15 52 53 3 65 30 52 67 39 16 44
4 54 89 9 77 28 6 32 54 87 63 77 79 89 5 33
27 68 41 91 75 30 57 91 81 92 68 33 53 7 20 79
92 69 30 65 87 40 92 90 5 15 65 63 21 65 9 41
4 29 32 40 56 31 64 69 68 41 32 66 79 20 42 54
69 90 87 53 18 5 30 18 68 64 20 55 42 21 45 78
16 90 63 57 27 89 27 87 63 68 92 27 53 21 27 43
79 54 93 80 89 18 8 19 89 17 67 18 41 21 18 27
32 43 77 4 79 64 77 88 56 75 18 41 15 17 32 65
