0 1 2 1 3 6 4 7 6 7 6 4 0 2 7 6
6 1 3 2 2 3 5 0 7 0 2 2 2 7 5 6
4 7 7 2 2 3 7 4 3 4 5 4 3 0 1 1
4 4 3 0 0 1 7 4 6 1 4 5 4 5 6 5
2 2 7 1 3 6 5 7 6 5 0 2 7 6 6 1
1 3 0 0 5 2 1 2 0 0 7 6 3 7 4 5
1 7 2 7 7 5 0 7 1 4 2 6 2 7 2 3
1 7 4 4 7 7 1 2 4 3 2 1 5 4 0 5
3 7 4 2 1 2 4 3 2 3 3 1 1 5 1 7
7 2 6 0 0 2 0 5 1 0 6 1 3 2 4 0
7 2 1 3 1 6 4 7 5 5 5 1 4 5 3 1
7 0 2 6 5 7 2 1 0 5 5 1 6 1 6 0
7 5 7 0 2 4 5 0 7 3 0 5 4 2 2 7
1 7 3 6 5 3 7 3 7 5 4 6 0 7 2 5
5 7 2 2 1 0 2 1 2 5 0 4 3 2 2 7
2 3 0 0 4 3 5 5 0 0 2 7 5 3 2 4
3 15 29 21 45 76 51 91 80 87 81 56 9 31 92 81
79 20 40 28 30 45 68 3 91 3 28 28 30 89 63 79
56 89 92 32 30 45 92 53 44 53 66 55 45 6 20 15
53 55 43 5 9 17 91 51 80 20 55 64 53 64 77 66
32 30 93 21 43 81 69 89 75 68 3 27 90 77 79 17
17 41 7 5 69 33 15 27 4 8 91 75 43 90 54 64
21 90 33 92 87 69 8 88 18 51 27 76 28 90 27 45
20 88 51 57 93 87 16 30 52 43 30 19 69 57 9 66
43 93 51 30 16 33 52 45 28 42 45 15 20 65 21 89
92 29 80 8 6 27 8 65 19 7 80 18 40 28 53 3
91 33 20 42 19 80 55 89 63 69 67 18 54 64 39 15
87 9 27 78 67 92 33 19 8 65 69 18 76 16 77 9
91 67 89 8 33 53 65 3 92 42 8 65 51 30 33 93
18 93 44 80 67 44 89 44 91 66 56 79 6 93 28 66
69 93 31 31 18 5 28 17 33 64 5 53 43 29 29 89
32 39 8 9 54 39 67 69 5 5 28 87 68 42 28 52
