7 0 3 0 4 6 3 2 3 3
4 3 5 1 6 5 0 4 0 7
1 4 2 6 0 7 4 0 4 3
7 5 1 6 7 3 0 4 6 4
4 1 0 6 4 1 1 6 6 4
6 7 2 5 6 0 6 2 5 4
4 1 7 1 0 4 4 4 4 2
1 6 0 7 6 5 6 5 3 5
5 6 0 7 0 2 4 2 2 1
5 0 3 1 7 2 7 3 1 0
3 3 6 7 7 5 3 7 5 0
4 6 7 4 6 3 4 5 7 7
1 3 6 7 1 6 7 7 7 3
5 1 1 4 2 1 2 4 3 4
6 5 2 2 0 7 4 5 2 7
0 4 7 3 3 3 4 3 2 4
5 7 5 1 4 1 0 3 3 5
6 4 7 5 0 5 2 1 6 5
4 4 5 1 6 5 3 4 1 1
7 2 6 7 5 1 4 7 2 4
6 0 4 1 3 6 1 0 4 7
6 3 0 4 6 4 7 5 0 2
2 7 6 1 1 3 0 1 4 7
1 4 5 4 2 7 0 0 7 0
5 0 3 1 2 7 1 3 7 2
6 4 7 3 7 3 2 0 3 0
5 7 4 3 1 4 0 3 0 1
4 1 3 1 1 7 1 2 7 4
1 7 6 7 7 2 6 7 7 0
1 2 6 3 7 2 5 2 7 7
3 3 7 6 0 3 6 7 7 3
7 4 1 6 0 2 5 1 2 1
2 3 1 3 4 2 6 1 3 1
3 7 1 4 4 4 1 7 2 2
5 0 6 2 5 7 7 4 5 4
4 7 6 2 4 7 1 7 1 1
0 5 5 4 1 4 3 0 4 6
4 6 1 4 0 1 0 2 7 2
0 6 6 0 2 2 1 6 0 3
3 5 0 6 7 6 7 1 0 4
4 5 4 5 1 0 7 3 6 5
2 0 2 2 6 5 5 3 2 1
6 6 5 0 2 4 4 5 0 3
6 0 4 1 5 1 2 2 5 2
7 1 7 5 0 0 6 0 0 3
7 5 6 2 3 0 5 0 6 1
2 2 2 7 0 3 4 4 3 7
5 6 0 3 5 4 4 4 4 6
4 4 1 2 5 0 1 2 5 5
1 6 2 1 5 3 5 1 4 3
3 6 1 0 6 0 1 4 5 2
5 3 0 3 3 3 3 1 0 0
2 7 0 1 7 2 2 2 4 4
0 3 2 7 6 5 5 1 5 3
4 1 4 1 1 4 6 5 7 4
3 2 4 1 2 1 3 1 4 0
2 0 4 3 4 3 3 0 3 3
1 3 6 5 4 3 6 7 4 5
4 7 5 5 7 7 7 3 1 6
3 2 5 1 0 5 5 1 4 3
2 5 7 0 5 5 5 5 7 5
6 1 5 4 4 1 0 4 4 4
4 4 3 6 2 2 3 1 3 7
0 5 0 7 7 2 3 6 7 7
2 7 4 0 5 4 3 7 2 0
4 5 6 4 0 5 5 3 7 6
5 6 4 7 3 1 1 0 0 4
0 7 4 6 5 0 0 7 0 0
6 1 6 4 4 3 0 1 7 7
0 1 2 0 6 5 4 7 0 2
2 3 1 3 4 6 4 7 2 1
1 6 2 3 3 4 3 6 1 4
7 6 3 2 3 7 5 5 5 5
0 6 4 1 4 7 5 0 6 5
4 3 1 7 3 3 3 4 0 7
5 0 3 6 4 2 5 7 1 2
3 3 4 3 2 2 0 7 4 1
3 0 3 1 0 6 3 7 2 0
5 7 0 2 0 0 6 2 7 6
1 3 4 2 5 6 6 5 7 5
1 1 2 4 6 3 0 4 0 1
5 6 4 4 3 5 3 2 0 7
4 4 7 5 5 6 0 2 1 6
2 5 2 6 1 6 5 3 5 5
0 5 3 3 3 3 7 5 0 5
4 0 7 1 6 3 3 5 6 7
1 0 1 1 5 7 6 5 0 5
1 5 2 5 2 7 1 1 6 0
0 4 0 1 0 0 6 7 5 6
5 6 4 5 4 3 3 5 0 4
1 6 5 0 4 5 7 1 5 4
6 3 1 0 2 2 6 5 7 7
0 3 3 4 0 6 5 1 3 7
7 0 0 3 0 4 3 2 4 3
2 1 5 6 3 5 0 4 3 4
6 7 7 0 0 0 3 6 3 1
0 0 2 4 2 6 1 2 2 7
3 7 3 6 4 7 5 5 3 5
0 3 6 0 5 0 0 7 6 6
4 4 4 0 7 2 4 6 1 1
90 9 41 3 55 76 43 29 43 39
55 41 66 20 76 67 6 57 8 87
18 51 30 81 3 92 52 5 54 42
90 65 19 76 87 44 9 52 79 56
55 20 9 77 55 17 15 80 75 54
75 92 29 64 75 9 76 31 69 51
57 15 87 20 3 51 56 51 55 33
17 80 3 93 79 69 76 65 45 64
68 76 7 93 8 27 57 30 32 16
66 6 39 21 93 33 91 45 19 7
41 40 76 88 90 67 39 88 64 7
57 77 91 57 80 43 54 67 89 93
19 45 77 92 20 75 89 90 93 40
69 16 15 57 33 17 32 56 39 54
79 63 27 28 8 91 51 64 30 87
5 56 89 39 42 43 54 42 29 53
64 93 69 15 53 17 5 44 42 65
79 53 87 68 5 67 33 17 79 65
56 56 69 17 79 67 39 55 16 15
88 27 75 89 65 15 55 91 29 51
76 6 57 16 44 80 19 9 51 87
75 45 4 53 75 53 92 67 9 30
31 89 78 16 15 42 8 20 51 87
15 57 63 56 27 88 7 4 93 9
68 4 39 15 32 88 15 40 87 32
81 55 93 42 92 39 32 4 43 6
66 91 52 41 20 52 4 41 3 20
51 19 43 19 18 90 21 28 89 57
17 90 75 87 88 31 80 91 89 6
15 30 78 41 90 27 65 30 93 93
40 44 87 78 4 43 80 89 93 45
88 57 17 79 3 27 64 17 28 19
30 43 19 39 52 29 81 15 40 20
43 88 15 57 56 53 15 89 30 33
67 9 80 30 65 90 91 55 65 51
57 90 81 32 56 91 17 92 18 17
9 67 64 51 19 56 43 6 53 81
55 77 16 56 7 18 3 29 91 30
9 79 79 6 33 28 21 79 3 42
39 69 7 77 90 77 90 18 4 51
57 69 57 68 15 7 90 42 76 65
29 8 30 31 79 67 65 45 31 15
76 80 69 6 31 55 51 67 9 41
81 6 51 19 68 19 33 31 65 29
90 21 90 65 8 4 75 6 3 41
93 69 80 33 42 5 66 6 78 20
32 30 31 89 4 43 51 56 41 88
68 79 6 40 68 54 56 52 54 77
54 56 16 28 67 3 15 27 66 69
20 75 33 19 67 45 63 17 51 40
39 80 21 8 79 5 20 51 64 33
66 40 9 42 39 44 42 19 6 7
27 88 8 19 91 27 27 30 52 51
6 39 31 92 76 67 67 15 63 43
52 19 51 17 16 53 77 68 89 56
44 27 55 15 30 21 41 19 55 5
27 7 55 42 51 43 43 7 45 41
20 41 77 63 51 45 78 92 55 66
52 89 64 67 88 93 89 44 18 76
44 30 67 20 5 68 63 17 55 41
30 67 91 9 68 66 68 66 92 66
78 15 68 53 56 15 9 56 56 56
53 52 42 75 30 31 40 21 41 89
3 66 8 92 93 31 40 81 91 93
32 93 51 6 67 51 39 88 31 5
53 65 76 54 9 66 66 40 90 77
67 79 56 89 44 15 16 8 5 51
3 91 57 76 68 4 4 90 6 7
75 18 77 55 51 40 3 18 92 91
4 19 33 5 76 66 51 90 4 28
31 44 17 41 56 78 55 93 27 18
16 76 31 39 40 55 39 76 21 55
89 77 44 29 41 93 65 68 67 69
9 81 51 17 51 91 67 8 76 65
56 39 20 93 42 43 40 51 5 87
69 4 43 75 55 29 68 87 16 28
43 44 53 40 33 30 4 90 53 19
42 7 42 16 5 77 40 87 28 7
67 88 3 33 7 3 76 28 92 76
15 45 56 30 68 79 79 69 88 66
18 20 31 55 80 45 3 51 8 18
69 77 57 54 40 64 39 32 7 88
57 56 93 68 66 78 4 30 17 77
29 64 33 81 17 81 63 40 64 66
7 66 42 39 45 39 92 66 9 67
56 6 88 15 77 41 44 64 80 90
16 5 20 19 68 91 77 65 4 64
18 65 32 64 29 89 21 18 79 9
9 52 8 21 5 9 76 91 67 81
66 79 51 69 52 42 40 67 3 51
15 80 64 3 56 66 93 20 67 52
75 45 16 6 29 32 79 69 89 87
9 39 39 53 3 76 65 21 44 88
89 7 5 44 5 55 41 30 55 42
28 16 67 76 45 67 8 55 42 56
77 91 92 4 5 3 44 79 43 20
4 9 28 52 28 78 18 27 29 92
42 89 45 79 53 90 63 65 44 68
6 40 78 9 64 4 5 90 81 75
51 52 52 6 93 30 53 76 17 19
