0 4 0 6 7 6 7 2 5 5 0 7 3 4 2 7
2 1 1 0 1 0 3 5 0 0 1 6 1 0 2 5
1 7 6 2 1 0 2 6 3 5 0 5 3 1 2 2
4 4 1 6 2 5 6 0 3 5 3 1 5 4 2 1
3 0 2 0 7 2 6 7 7 2 3 3 5 7 0 3
3 2 4 5 2 6 4 0 3 0 3 4 5 1 7 3
4 2 3 4 4 1 7 2 4 5 4 5 3 7 7 3
5 1 0 3 7 7 2 6 1 1 7 5 4 3 7 2
7 7 5 6 0 5 0 6 0 1 1 5 1 0 7 3
3 5 1 1 1 2 4 6 5 3 5 2 0 4 5 7
6 2 6 7 0 1 5 0 1 4 3 4 4 0 3 4
7 0 1 0 1 7 7 7 1 6 1 3 1 1 0 5
4 0 4 6 7 2 1 3 6 0 6 5 2 2 2 7
5 7 6 5 0 4 3 7 6 6 2 0 6 0 6 3
0 4 6 4 4 0 7 0 4 5 5 3 7 3 3 0
0 5 3 0 4 1 2 0 0 4 1 6 5 1 3 3
7 52 9 80 89 75 92 27 68 66 3 88 45 56 27 90
29 18 21 4 20 7 44 67 5 5 20 80 21 3 29 67
17 87 78 29 17 3 29 78 41 63 9 65 43 19 33 32
54 52 20 76 32 69 79 6 40 65 43 20 67 57 32 21
40 7 31 6 88 33 77 87 91 27 39 42 63 90 8 42
44 33 51 69 28 78 55 9 39 5 39 55 67 21 92 42
52 31 45 54 53 15 88 29 51 69 57 64 40 91 87 42
63 15 3 45 91 88 29 79 15 17 88 68 51 39 89 28
91 90 69 77 5 68 8 77 9 16 21 63 19 5 87 42
42 69 16 16 15 30 53 75 63 44 68 28 9 57 63 93
75 31 77 91 7 20 68 7 17 52 43 55 55 7 42 56
89 6 17 4 15 93 89 88 18 76 20 44 20 21 6 65
52 7 56 77 92 28 18 42 79 5 75 69 27 30 30 92
65 92 78 66 4 55 41 90 75 75 28 7 75 4 79 42
8 55 81 54 57 3 91 8 55 64 65 39 93 40 40 8
7 68 41 9 53 21 32 7 6 55 19 76 66 18 41 39
