1 6 0 1 2 2 0 7 2 5
7 2 6 6 6 4 1 4 6 6
6 6 0 3 4 1 1 5 3 1
7 1 6 4 0 4 0 2 1 0
4 6 6 4 6 7 0 7 0 1
6 0 3 0 4 7 1 0 7 3
1 3 3 6 3 2 3 1 4 5
4 1 3 7 2 6 6 2 4 0
4 2 5 4 3 6 4 5 4 4
1 2 2 1 3 0 6 1 3 2
5 3 1 5 3 4 6 6 5 2
7 0 7 1 1 6 3 7 6 4
4 5 7 4 6 0 5 5 5 1
5 4 0 4 2 4 3 4 0 7
2 4 6 2 5 0 5 3 2 0
5 5 1 7 7 4 6 7 7 1
0 0 7 7 2 4 6 1 4 2
5 6 0 0 7 7 0 2 5 1
1 4 1 2 1 0 5 6 3 0
0 4 5 2 5 0 7 7 7 3
5 6 2 4 2 4 2 3 5 6
0 4 7 5 3 6 2 6 6 3
6 0 3 4 7 4 6 1 0 4
4 7 0 2 0 0 7 1 0 2
7 5 5 2 7 3 4 2 3 0
2 3 2 1 5 1 4 5 5 0
4 4 7 7 2 5 2 6 3 0
6 7 1 0 1 1 2 0 2 5
1 7 3 7 5 3 4 7 3 0
0 3 2 6 1 6 4 6 5 0
5 6 6 2 7 5 4 0 5 0
5 0 7 0 4 5 2 6 2 2
3 3 6 5 3 3 3 3 5 3
3 1 1 3 5 4 5 5 3 4
3 4 6 3 0 5 2 6 4 6
1 2 1 7 2 0 4 0 4 1
4 3 2 6 7 3 1 0 7 0
3 5 0 3 1 7 6 1 1 2
3 3 7 1 6 7 3 6 5 2
1 7 0 7 1 3 0 4 4 6
0 6 0 1 3 3 5 7 1 0
3 7 3 4 2 2 0 1 4 4
2 0 6 2 4 4 5 4 0 0
4 5 6 0 1 2 1 5 1 7
5 1 6 2 3 2 6 3 2 6
2 1 2 3 1 3 1 1 0 1
4 2 7 5 3 1 2 6 2 2
5 0 0 0 6 0 4 0 3 7
5 0 0 0 2 6 2 6 4 5
1 1 6 3 4 1 1 7 1 3
0 2 4 3 4 6 4 0 1 0
3 4 3 2 0 7 1 1 4 5
2 2 5 4 7 6 1 6 4 5
6 3 4 5 7 7 1 4 0 4
5 6 7 4 2 6 3 3 2 6
5 5 4 4 7 7 6 3 6 2
1 6 1 3 5 4 1 0 5 6
0 1 5 1 2 5 6 1 3 5
4 6 7 1 3 7 0 1 3 4
1 0 2 6 0 5 5 0 3 6
5 4 4 2 3 3 0 2 1 3
5 2 5 3 4 1 3 3 2 6
7 6 2 5 0 2 3 4 5 5
1 7 7 6 0 1 7 6 3 5
6 7 3 3 3 0 5 0 1 3
1 5 5 3 4 7 3 2 2 1
1 4 5 6 5 5 5 1 7 2
4 5 5 4 0 2 5 2 3 6
6 5 5 0 0 3 4 4 7 2
2 2 5 2 1 4 4 0 5 2
2 7 6 1 0 7 1 4 0 0
1 3 7 2 2 2 5 6 3 0
5 6 1 3 7 2 5 7 5 6
2 6 4 5 4 7 7 2 7 0
7 2 7 7 0 0 4 4 3 2
1 4 1 4 1 2 7 1 5 0
4 6 1 7 0 4 2 1 3 3
7 5 1 2 5 0 5 0 4 6
1 7 1 3 0 1 2 2 0 4
2 5 2 6 1 4 4 3 2 2
2 0 3 1 6 3 1 2 1 0
6 6 6 7 2 0 4 0 5 5
3 3 4 7 7 5 2 5 6 6
1 1 2 6 6 2 0 3 7 6
0 0 4 5 1 3 0 2 1 4
5 6 7 0 4 4 7 6 4 7
0 5 7 2 0 2 6 5 0 7
6 4 5 4 7 7 0 7 2 5
1 7 6 5 0 0 0 4 0 1
7 1 3 3 2 0 0 1 0 3
1 5 7 5 3 5 3 0 2 7
1 1 0 0 3 2 2 1 3 3
2 7 0 5 7 4 7 2 2 2
1 7 0 7 3 7 4 1 1 5
7 3 4 5 4 2 3 4 0 3
5 0 4 0 6 3 6 0 3 4
7 4 7 6 1 0 5 7 4 0
7 7 4 1 5 7 3 1 3 0
4 3 4 0 4 0 6 5 2 4
3 1 7 4 6 3 6 6 3 7
19 75 3 15 32 30 7 92 28 66
88 31 76 78 79 52 15 51 81 76
78 75 8 44 54 15 20 66 40 18
88 19 78 51 4 53 7 27 20 8
55 80 77 54 80 88 8 90 8 19
75 8 44 7 57 91 15 5 92 39
21 41 44 78 41 31 45 17 52 66
57 16 43 88 29 79 79 31 53 4
57 27 69 54 45 78 56 68 54 56
19 30 32 19 39 9 77 19 40 33
64 45 19 65 43 54 80 75 65 33
92 8 90 17 16 76 39 91 80 57
54 66 90 51 79 9 65 68 63 20
68 53 8 53 27 56 45 54 7 89
31 52 79 33 67 6 67 40 27 7
63 69 20 93 88 54 81 92 92 15
7 3 91 91 28 57 76 19 51 28
68 75 7 9 93 91 4 27 66 19
18 56 20 28 19 6 66 75 40 3
7 52 64 28 68 5 93 91 87 39
66 77 28 52 27 53 31 40 64 81
3 54 92 64 40 75 33 81 76 39
79 9 40 51 92 52 78 20 8 57
56 92 3 27 3 7 92 15 5 30
89 64 68 30 87 39 53 28 45 9
28 39 28 16 67 17 57 66 68 6
57 53 92 89 31 64 28 81 39 9
80 87 15 5 17 19 32 9 32 64
20 93 42 91 65 44 51 90 43 6
6 42 33 77 15 78 56 77 64 7
66 80 77 29 92 65 56 8 66 6
64 8 91 3 57 68 33 80 28 33
40 41 75 63 42 40 45 40 67 40
43 15 21 45 66 55 69 63 39 52
40 53 78 41 3 63 32 80 51 78
20 29 19 87 27 3 52 9 52 15
57 41 33 77 88 44 20 7 91 3
40 69 8 44 17 93 81 18 21 28
45 45 88 19 79 87 39 80 69 30
17 89 5 90 15 42 6 56 51 77
8 81 6 17 45 39 66 87 15 7
41 87 44 52 31 28 6 21 57 56
30 6 76 27 53 55 64 53 8 4
55 69 75 6 15 31 18 63 20 91
65 21 76 32 40 33 79 45 29 79
27 20 32 40 19 39 21 18 7 19
51 31 89 67 42 19 33 76 30 29
64 5 6 3 75 5 55 6 39 93
63 6 7 5 31 77 27 75 51 63
19 18 81 43 52 21 16 87 17 41
8 27 53 42 54 80 53 8 18 3
43 52 39 31 4 93 19 17 51 63
30 28 64 56 92 78 20 81 52 63
81 39 57 65 91 91 16 57 4 55
64 78 90 51 27 76 40 42 29 81
69 69 52 52 88 87 81 43 78 29
15 80 21 39 65 57 19 8 68 75
7 19 68 19 29 64 78 20 42 65
55 77 87 17 40 93 9 19 39 55
17 5 29 77 9 69 69 5 45 76
65 54 55 31 43 41 4 33 19 45
64 27 68 39 54 16 45 41 27 80
90 80 29 66 7 28 45 56 63 63
17 87 87 81 6 16 90 77 43 63
80 89 43 39 42 7 69 6 18 41
18 66 65 44 51 90 40 29 28 16
20 51 63 79 67 63 63 21 87 31
53 66 63 56 6 29 67 31 42 80
77 66 66 8 3 43 55 57 92 31
29 32 69 27 17 53 56 8 68 29
28 93 80 16 6 89 21 53 8 3
21 40 88 27 33 30 67 81 41 3
66 80 21 42 93 28 64 91 65 79
30 81 54 69 56 88 88 28 93 7
90 28 87 92 7 6 51 54 43 29
19 54 17 54 17 30 92 15 67 7
55 76 17 87 9 52 28 17 42 40
93 67 18 32 67 9 67 8 55 80
18 91 16 43 8 18 27 29 9 55
31 65 27 76 15 51 55 42 28 32
33 5 44 17 79 42 21 28 19 9
78 75 80 91 29 9 57 6 69 64
39 42 54 89 92 65 33 68 79 79
16 19 33 81 78 27 3 45 91 80
9 3 52 66 16 45 8 30 15 57
63 80 91 4 51 54 87 75 51 92
3 64 89 33 5 32 76 63 6 91
75 53 65 54 92 88 9 90 27 65
19 91 77 69 9 7 3 55 3 19
87 18 45 43 29 6 6 17 3 42
19 63 91 66 39 64 39 3 31 91
20 17 9 5 44 32 28 21 42 40
32 92 9 68 92 52 89 33 29 32
20 89 5 92 44 88 53 16 18 65
90 43 55 67 56 28 45 56 7 40
66 7 54 3 80 44 77 5 42 51
89 54 89 75 21 7 66 87 55 3
92 88 54 15 67 87 40 16 45 6
51 45 55 7 51 4 79 68 28 57
41 15 89 52 76 42 75 79 39 93
