3 0 6 6 6 4 2 7 5 4 1 5 7 6 5 2
1 4 0 7 6 7 2 2 3 3 6 1 1 3 0 1
7 2 6 0 6 5 0 2 1 5 2 1 6 6 4 2
1 7 3 6 1 7 7 6 2 3 0 1 5 6 7 5
3 4 7 3 7 7 6 1 5 5 7 7 7 0 0 4
3 3 5 3 1 1 1 3 5 0 5 0 5 1 0 1
4 5 5 2 4 2 3 6 3 1 3 5 0 2 5 6
5 6 6 7 5 2 6 7 2 3 6 5 4 3 7 4
1 7 0 7 7 2 6 7 2 0 3 3 4 5 3 0
0 2 6 1 1 5 5 1 5 6 1 5 7 2 2 2
6 6 6 2 2 6 2 3 4 7 6 2 7 1 3 2
0 4 2 0 3 1 1 3 6 2 4 3 5 5 0 1
7 4 3 3 7 5 3 3 7 0 5 2 4 0 3 6
4 7 1 4 0 3 6 3 2 2 0 7 4 3 5 4
5 3 4 6 5 7 1 2 0 5 5 2 3 5 0 3
5 7 4 2 6 5 4 6 0 6 5 2 0 6 5 6
39 3 81 77 75 51 27 90 68 56 15 64 92 75 66 33
15 54 4 92 79 92 31 30 40 43 78 21 19 43 4 17
93 28 78 4 80 65 5 32 15 66 33 15 78 80 56 27
20 91 44 79 18 90 87 80 33 42 4 17 69 77 90 63
39 57 91 45 87 90 76 16 68 67 93 89 91 6 4 57
40 43 66 39 17 19 15 44 69 5 66 5 68 20 7 21
53 64 66 31 56 29 42 75 44 19 40 63 8 32 63 76
67 81 77 87 66 33 75 92 31 44 79 63 53 43 87 55
21 90 9 87 92 33 80 91 30 7 39 44 56 63 42 6
9 27 77 16 19 67 69 18 67 76 16 68 90 33 32 28
78 79 79 32 27 76 28 40 53 88 76 32 92 18 44 32
6 51 28 7 44 18 19 42 76 31 52 43 65 68 4 18
93 55 39 42 88 64 42 40 90 8 63 29 56 8 45 78
55 87 16 55 3 44 78 43 29 31 5 90 52 40 68 57
63 41 54 75 69 91 19 28 6 67 69 27 45 67 9 44
68 89 55 31 77 66 56 77 4 77 63 33 9 79 64 76
