0 3 4 1 6 2 0 5 0 4 5 0 5 4 0 0
3 7 3 6 7 3 0 4 5 6 6 6 2 5 0 5
6 3 5 7 1 1 3 3 2 3 3 5 4 7 3 6
3 7 2 3 1 2 4 7 1 0 0 2 3 1 0 7
5 1 1 6 2 4 3 1 7 7 7 3 1 3 7 3
5 4 7 2 7 4 7 7 7 4 2 4 3 4 1 5
6 7 6 3 6 5 6 0 3 5 3 2 1 4 1 5
4 0 4 1 0 1 5 5 4 6 6 7 6 1 1 4
7 2 2 4 7 2 5 4 3 5 0 6 3 4 6 1
4 1 0 4 6 7 3 4 4 6 6 7 2 4 4 2
1 0 3 5 3 5 0 2 2 2 5 7 5 4 4 0
4 0 4 6 5 2 4 0 3 6 2 3 2 3 5 2
0 0 3 3 6 4 7 2 7 1 4 2 7 2 7 1
3 1 2 3 0 2 2 0 3 0 1 6 4 7 2 6
5 4 1 7 2 6 1 1 4 3 2 4 0 0 0 6
3 4 3 1 2 0 3 1 6 0 3 5 6 7 3 7
6 40 57 21 80 32 7 65 8 53 64 9 68 53 5 4
39 93 42 77 89 45 7 55 64 75 80 77 29 63 7 67
77 39 68 92 18 18 42 43 31 45 45 67 56 89 42 79
44 90 32 43 18 33 52 87 21 3 9 30 43 19 5 90
66 15 18 76 28 53 43 18 89 89 87 44 19 45 91 40
68 55 87 27 89 52 93 87 92 54 27 52 43 51 16 64
79 91 75 40 79 63 81 9 45 69 44 28 15 53 21 64
53 8 57 16 4 17 69 65 57 76 81 87 78 18 18 54
90 30 27 56 88 33 67 52 40 68 9 77 39 53 76 17
52 15 5 57 78 93 42 57 55 80 76 89 28 53 55 29
20 7 40 65 40 63 4 33 33 29 65 91 67 54 55 4
51 8 53 80 63 30 57 5 44 79 29 43 28 41 67 33
6 7 39 43 78 53 90 31 93 16 55 32 91 30 91 21
44 15 27 41 8 29 30 4 45 9 16 79 55 89 33 79
65 52 18 89 29 76 20 15 56 45 33 53 6 8 7 80
44 53 42 15 27 4 43 16 79 3 41 67 78 91 43 89
