3 1 5 5 6 3 1 6 7 3
0 5 3 2 4 5 6 1 5 2
3 3 5 7 4 1 5 3 3 2
3 6 1 7 7 4 3 0 1 4
4 7 4 5 6 1 3 4 3 3
1 0 7 1 6 3 1 2 6 1
2 0 5 4 1 1 5 0 7 7
3 3 6 5 7 7 0 1 5 4
3 1 7 5 2 4 4 5 6 2
7 2 7 7 1 3 6 3 4 2
6 1 2 2 5 4 1 4 6 3
7 3 1 0 2 1 5 0 5 2
7 4 5 0 2 7 4 4 0 1
5 1 2 4 1 3 1 4 3 5
5 6 5 3 2 3 0 4 2 3
5 6 2 7 0 4 7 4 1 7
4 4 5 6 2 2 3 0 7 4
6 2 2 3 7 3 0 5 6 0
2 1 1 5 7 3 3 6 6 7
2 4 6 7 0 6 1 0 3 5
4 1 3 5 3 2 7 5 1 7
5 2 3 1 4 1 3 1 6 5
5 3 4 4 0 7 6 5 4 7
1 7 7 2 4 0 2 5 0 1
4 7 6 0 0 7 4 4 0 4
1 1 6 1 4 0 0 6 7 1
2 7 7 4 6 7 2 3 6 4
0 1 3 0 5 7 1 2 3 3
1 2 4 2 3 2 0 5 3 3
6 6 5 7 5 3 1 2 7 3
4 3 3 0 0 6 3 0 5 3
0 7 6 5 5 1 3 7 3 6
4 3 6 4 2 2 7 2 6 4
6 1 4 5 1 1 5 7 7 7
6 4 1 4 1 6 2 6 6 1
2 1 6 5 1 4 5 7 2 1
5 0 1 2 5 7 6 1 3 5
0 7 4 3 7 7 0 6 3 4
1 0 2 0 3 4 6 6 0 7
1 4 4 0 4 3 7 1 1 0
6 4 6 0 1 6 6 4 5 7
0 6 1 6 7 7 0 0 5 2
2 0 1 6 6 7 2 4 7 0
3 5 0 7 0 5 7 2 0 4
2 5 0 4 1 1 6 7 2 3
7 6 1 2 1 1 3 2 3 4
3 3 1 4 6 6 4 1 3 7
3 3 7 3 4 3 1 0 2 7
3 2 4 1 1 7 2 7 0 6
3 7 2 6 6 1 4 7 3 3
0 7 2 6 5 1 7 3 5 5
6 3 6 0 4 1 6 7 5 7
5 7 4 6 0 4 6 3 3 5
4 5 0 2 7 6 0 0 4 0
6 0 5 2 2 2 2 6 5 7
3 0 6 7 4 2 6 0 2 4
2 5 4 7 7 3 6 0 7 5
0 3 2 5 1 3 3 2 6 6
5 4 1 2 2 4 6 4 5 1
7 7 2 4 3 3 5 2 4 0
4 5 7 4 7 1 1 4 2 7
5 2 2 3 1 0 3 4 5 4
0 2 6 1 6 3 2 3 7 2
3 7 0 2 1 6 6 1 0 0
7 4 2 5 1 0 7 4 2 7
5 3 7 6 5 0 0 3 7 3
4 6 2 1 6 1 3 2 0 4
1 0 1 6 3 6 2 4 6 0
3 3 0 3 4 5 7 1 7 5
6 6 4 2 7 2 6 4 4 5
6 7 1 2 5 5 2 6 3 6
4 6 4 4 7 3 4 5 0 0
5 0 6 4 4 5 4 6 6 4
1 4 4 6 0 6 7 6 1 0
5 7 2 5 3 4 4 4 1 5
4 6 1 1 1 6 2 4 0 7
0 7 3 2 2 0 3 4 4 3
5 4 4 4 5 1 5 6 4 5
2 2 0 0 4 5 6 1 3 6
6 2 2 7 4 7 5 2 1 4
7 7 0 6 1 3 4 6 4 2
2 3 3 5 4 5 3 0 7 5
5 1 0 3 3 4 4 4 5 5
4 7 4 1 7 1 6 6 6 1
2 2 5 1 0 1 1 0 2 7
4 3 6 0 4 4 7 6 5 0
4 1 1 6 3 5 1 4 1 4
3 3 5 4 6 5 7 3 2 5
0 6 0 6 7 0 6 1 3 5
1 4 5 4 2 5 2 4 7 7
5 6 0 6 5 7 0 1 2 3
7 1 0 6 0 2 3 7 5 7
5 2 2 7 6 3 1 6 7 6
5 6 7 4 6 1 7 7 1 4
4 1 3 3 5 5 3 6 4 6
0 5 1 5 2 6 3 0 6 0
6 1 0 6 2 5 0 7 2 3
7 5 6 7 6 3 6 0 5 6
7 6 7 5 1 6 5 0 2 7
4 1 7 5 2 6 1 2 0 0
42 16 64 65 80 44 20 80 93 42
5 63 44 27 51 66 77 21 64 33
40 45 65 91 57 16 65 43 39 30
43 76 21 87 92 52 42 9 17 57
54 88 56 68 77 15 42 52 45 45
19 7 91 20 76 43 18 31 77 18
27 8 69 51 21 15 64 8 88 87
45 42 79 64 88 87 7 18 65 57
45 18 87 65 33 52 55 67 79 30
88 28 89 87 21 44 80 40 53 28
75 17 33 28 64 54 18 53 75 39
89 44 19 5 28 20 64 6 69 29
90 52 69 4 29 90 54 52 4 15
67 18 31 57 19 42 19 52 45 68
63 78 66 43 30 40 8 55 28 40
68 80 30 92 5 52 89 55 15 93
51 55 67 76 30 31 45 7 93 53
77 32 29 45 88 44 9 65 81 5
27 21 21 65 88 39 44 76 81 88
28 55 78 87 9 79 19 4 42 65
52 20 40 69 45 31 87 68 18 90
67 32 45 21 57 20 45 15 76 68
63 44 51 55 4 92 76 69 52 90
15 90 93 27 56 4 33 63 3 19
52 90 80 6 7 93 57 56 3 54
16 20 81 21 54 8 6 81 92 19
27 88 87 53 80 89 32 41 76 51
5 18 42 8 65 90 21 33 39 40
17 31 57 32 39 31 4 69 45 44
81 81 63 91 66 40 21 32 87 42
54 40 39 4 7 81 41 3 69 42
3 92 78 68 69 15 45 92 41 75
55 44 76 54 28 32 88 27 76 55
76 17 57 65 17 17 66 90 92 90
78 57 18 51 16 80 27 80 80 17
32 21 76 63 16 54 63 88 28 19
69 9 17 32 64 93 77 18 41 67
5 91 55 45 91 87 8 80 43 51
18 7 30 9 42 51 77 79 3 87
19 51 51 9 51 44 89 20 16 9
81 52 77 5 19 81 77 53 65 89
3 78 15 78 88 92 8 4 68 28
28 9 21 78 80 89 28 55 91 7
44 68 8 87 7 68 91 30 6 55
33 66 4 52 17 19 80 92 32 42
87 75 18 32 19 16 40 33 40 52
41 41 18 55 80 75 54 15 43 89
41 40 93 44 57 39 19 9 29 91
41 29 52 16 16 93 32 89 4 77
43 89 32 75 81 19 56 88 45 44
7 89 29 79 67 19 93 41 65 63
79 45 77 6 56 18 79 90 66 92
64 93 55 77 9 57 77 44 45 69
57 65 4 31 92 77 4 6 54 7
80 4 68 31 33 30 29 81 66 88
44 5 75 88 56 29 75 3 30 56
30 68 57 89 87 45 77 7 91 63
3 44 30 66 21 40 39 29 80 79
65 57 21 30 27 53 81 54 69 17
87 91 30 55 43 43 64 31 52 9
57 64 93 53 93 15 19 56 28 88
66 29 27 43 21 8 42 53 66 57
3 29 77 21 78 45 27 39 87 28
45 88 8 32 16 75 76 18 9 9
92 53 28 64 15 5 93 52 31 93
63 44 88 78 66 6 3 44 92 42
53 77 31 19 81 16 44 30 6 56
17 4 19 76 41 80 33 52 75 9
40 40 9 44 51 66 87 20 93 67
77 81 55 31 89 32 76 54 51 69
78 92 15 29 64 63 33 75 40 81
56 77 55 53 92 41 53 68 4 7
65 5 81 56 57 66 51 80 79 53
21 54 53 81 3 80 93 78 15 8
69 88 30 66 42 52 51 54 16 66
57 75 19 18 18 81 28 57 7 91
8 87 45 32 30 9 45 52 54 44
65 53 52 53 69 15 64 79 51 63
28 33 3 3 52 69 79 15 42 75
77 27 28 87 55 92 69 29 20 55
87 88 8 78 21 43 54 80 53 29
27 45 45 63 51 63 40 5 87 67
64 16 4 44 45 57 54 57 65 63
57 90 57 16 87 21 81 77 78 19
30 27 63 19 7 16 21 5 29 90
52 39 76 3 57 53 93 81 66 9
51 20 18 78 43 66 21 52 18 53
39 45 63 52 78 63 87 42 32 69
3 79 3 78 91 7 80 16 40 67
18 54 64 54 30 68 31 57 91 91
69 80 6 75 64 87 7 19 27 40
92 18 6 77 9 33 39 87 68 93
69 31 31 89 81 42 20 81 90 81
65 80 87 52 77 19 92 93 18 56
54 15 44 44 64 64 44 81 53 75
8 64 21 66 31 78 39 7 81 6
77 19 6 79 28 66 7 91 33 45
92 64 78 93 77 43 77 6 66 81
89 80 90 69 21 79 63 6 30 92
52 18 87 68 33 80 18 28 5 8
