5 7 5 4 3 4 4 5 2 1 3 5 4 2 6 2
2 2 2 7 2 0 0 4 1 3 6 4 6 7 0 2
2 7 0 1 5 6 0 1 0 6 3 0 3 3 2 6
5 5 5 4 6 5 3 2 2 5 3 5 1 3 2 1
4 4 6 1 7 5 5 0 2 7 1 4 2 0 3 3
5 7 3 5 5 4 1 6 0 4 5 1 6 7 0 2
5 0 7 5 5 0 6 6 7 7 5 3 0 4 0 0
6 1 0 3 2 3 0 4 6 5 1 5 7 7 3 1
7 0 2 7 2 7 0 1 7 6 7 5 0 2 0 2
1 7 7 0 6 4 4 7 1 6 5 1 3 0 3 2
5 7 2 5 5 5 3 3 2 6 5 5 3 4 7 4
4 5 6 3 7 1 2 0 7 5 6 1 7 1 2 1
0 5 7 6 7 0 4 6 5 7 7 7 6 2 2 7
5 4 4 6 1 6 1 5 1 2 2 6 6 4 6 2
1 2 0 5 1 2 1 4 2 4 1 1 2 4 6 3
4 6 2 4 1 2 1 4 0 5 4 2 3 4 0 5
69 90 69 57 45 52 52 69 29 20 39 69 54 30 81 28
28 29 29 89 33 5 3 51 20 45 76 55 79 93 4 27
31 92 6 15 64 80 8 20 3 76 42 9 40 42 30 80
65 65 66 52 80 69 43 32 30 64 39 64 17 40 33 19
57 51 80 16 91 67 64 9 29 90 18 52 33 5 41 40
69 89 45 63 69 52 15 80 6 56 65 21 76 91 7 32
67 5 93 63 69 9 78 79 93 93 64 45 8 53 7 7
76 15 6 42 31 43 4 53 75 65 16 66 87 89 39 18
88 7 33 87 28 91 9 17 93 75 91 66 8 27 3 27
21 92 90 4 79 51 51 93 16 79 69 19 44 4 42 27
64 93 28 64 69 66 42 43 28 80 64 65 42 54 88 54
54 67 78 41 89 20 29 3 87 64 75 18 91 19 27 16
3 69 90 81 92 9 56 80 64 88 87 87 79 32 27 90
68 56 55 79 21 80 18 66 17 27 31 79 75 56 76 33
15 33 5 65 15 27 15 56 29 54 19 16 32 54 78 40
56 76 32 51 17 33 19 53 4 68 56 32 44 52 8 63
