2 2 3 7 2 0 5 3 2 2 3 0 7 6 4 4
7 4 7 3 3 0 7 0 5 3 3 0 0 4 7 1
4 1 7 4 7 6 5 3 2 3 3 6 3 1 0 3
6 0 1 7 4 3 5 4 0 3 0 2 3 0 3 4
4 1 5 1 1 1 7 6 4 0 5 5 1 2 0 1
1 4 7 4 4 6 6 4 6 0 5 0 5 7 0 4
7 1 1 2 4 2 1 2 2 6 4 3 7 2 6 7
1 2 5 2 3 5 5 5 7 4 4 2 5 2 7 7
6 1 1 0 1 0 0 3 1 6 6 6 6 1 4 0
0 4 4 1 1 7 7 6 3 5 0 2 7 7 2 5
5 3 2 1 1 4 0 7 4 1 3 2 4 4 4 6
1 4 1 3 5 7 5 1 3 1 3 5 7 0 0 3
5 4 3 6 1 4 6 6 6 5 2 1 7 3 6 6
5 4 3 6 3 6 6 5 0 5 0 2 4 0 0 0
2 3 5 4 4 6 4 2 1 7 6 0 2 0 4 3
2 5 5 3 0 7 0 4 3 6 1 5 4 3 2 4
33 30 42 91 32 7 69 45 29 32 40 4 92 80 51 52
91 51 88 43 41 7 87 8 63 42 42 3 5 57 92 20
53 20 88 56 89 80 67 43 31 44 40 78 43 21 9 39
75 3 15 90 51 41 66 51 3 41 9 31 43 4 44 51
53 21 63 18 17 15 87 79 54 4 66 67 20 27 8 20
15 57 90 57 52 76 79 51 79 4 67 7 64 90 8 51
92 19 18 31 57 31 20 28 33 76 53 39 92 30 75 90
18 29 65 31 41 69 65 64 91 57 52 31 64 28 91 91
80 15 17 3 15 5 4 42 20 81 76 76 80 21 56 7
8 57 51 21 16 92 91 78 43 64 4 33 90 89 30 68
68 43 28 21 15 55 8 88 52 17 42 33 57 57 52 79
17 51 18 41 64 91 68 20 39 21 42 69 91 3 4 45
67 53 44 79 17 55 81 75 78 67 29 17 93 43 77 79
66 57 44 77 40 77 78 63 5 69 6 33 51 9 7 9
29 40 66 51 53 75 53 29 21 90 80 9 31 9 54 41
33 69 63 43 9 91 4 55 39 80 20 66 54 43 27 54
