0 7 3 7 3 7 2 6 5 0 6 6 5 0 5 4
3 0 6 4 5 5 6 7 4 3 2 0 1 1 2 0
5 7 1 6 5 5 4 0 3 1 6 3 5 2 2 5
6 0 1 2 3 6 5 6 1 6 2 2 5 2 4 4
7 6 5 2 6 0 7 3 6 2 4 2 4 3 2 1
2 7 5 5 4 2 6 5 4 3 6 4 5 0 3 3
3 2 1 6 6 0 6 6 5 0 4 1 5 6 2 3
7 2 7 7 7 6 0 2 0 6 5 3 0 1 4 3
6 3 4 3 7 7 6 4 6 4 3 5 7 5 3 3
6 4 2 2 5 5 2 1 5 4 6 3 4 3 3 1
0 6 4 5 6 2 5 6 0 4 1 3 6 6 0 1
5 4 2 1 7 1 7 7 7 5 2 0 1 5 1 6
7 6 6 6 4 6 3 5 0 4 0 1 0 5 4 4
2 3 2 4 5 2 5 4 4 4 1 1 2 7 5 6
3 7 5 6 5 0 3 1 2 3 3 0 7 6 6 1
3 0 4 2 1 4 7 6 0 5 0 5 1 3 2 7
4 91 44 92 42 87 33 79 64 3 80 81 63 5 68 54
44 8 78 53 67 67 75 91 53 43 29 4 19 16 31 8
65 93 19 81 69 64 54 6 43 20 75 41 65 31 32 66
78 5 20 27 44 81 65 77 18 79 33 27 64 33 53 57
93 79 65 27 78 9 91 42 80 32 52 31 56 44 30 15
31 89 66 69 57 29 80 68 53 40 79 52 66 3 44 41
45 31 17 80 76 6 77 78 63 7 51 17 67 80 28 45
93 29 87 88 88 75 8 32 6 79 63 39 5 15 52 42
79 44 51 42 89 92 78 54 79 56 40 68 91 67 41 45
75 55 30 28 64 64 28 16 66 56 80 45 52 40 41 15
8 80 53 65 77 32 65 80 3 56 19 45 80 79 5 16
63 54 33 16 92 17 91 90 88 68 33 5 18 64 20 78
87 79 78 79 57 76 44 63 8 52 6 15 6 66 53 51
32 40 28 55 63 29 63 51 51 57 21 17 33 93 63 80
40 93 64 80 65 3 45 15 30 43 45 8 88 81 77 17
39 4 52 31 16 53 87 78 4 64 5 66 15 43 27 92
