2 7 7 5 1 7 5 6 7 7 1 5 1 3 0 6
1 6 0 6 7 3 3 3 3 3 1 7 6 6 2 4
0 3 5 5 1 7 0 1 2 3 4 7 0 7 0 5
0 0 2 2 2 3 2 5 4 6 0 3 6 1 6 7
7 4 5 3 0 3 3 4 6 4 3 2 0 7 5 7
6 4 4 5 2 2 7 2 6 0 1 7 5 4 5 5
6 6 7 4 6 1 6 3 6 6 0 0 2 0 3 7
5 2 6 3 6 0 7 4 7 7 2 3 7 6 4 3
6 2 3 3 6 1 0 5 4 3 1 1 2 7 0 5
6 1 7 5 3 6 3 1 6 4 1 4 2 4 7 3
3 1 7 0 4 0 3 4 1 2 0 1 2 1 3 0
3 2 1 6 7 1 7 6 4 1 0 4 7 3 2 0
5 0 4 3 7 6 1 4 0 6 6 4 1 7 3 0
1 2 1 6 4 1 1 0 5 0 0 7 3 2 2 1
0 1 1 2 5 6 4 7 4 5 7 2 1 2 2 1
2 1 1 4 6 5 6 7 6 0 2 2 3 3 2 1
30 93 93 65 20 91 68 78 91 88 18 64 15 45 5 78
15 78 4 76 93 44 41 42 43 43 21 88 79 78 27 54
8 40 67 69 21 90 7 16 31 40 51 87 4 92 8 63
9 6 29 30 29 45 33 64 53 75 9 42 76 17 75 87
92 53 63 44 8 41 41 55 76 55 40 30 4 93 69 91
80 56 56 66 33 31 93 27 78 7 18 87 67 53 68 66
77 78 88 55 76 15 77 40 77 75 7 5 29 9 39 88
64 30 81 41 79 7 92 55 87 91 31 40 89 76 56 42
77 31 41 42 78 17 5 69 56 42 20 20 33 90 9 65
79 16 92 67 43 80 40 16 80 56 18 55 28 56 88 41
41 20 87 7 54 4 45 55 17 33 9 18 27 15 44 7
42 29 17 80 89 18 89 77 54 16 3 55 87 40 33 5
63 4 52 41 87 76 16 53 4 77 81 54 20 90 42 4
15 31 17 79 53 19 21 3 69 6 7 90 41 27 28 21
5 21 19 33 66 80 57 92 56 66 90 32 19 27 29 17
29 21 18 57 79 65 75 92 75 3 27 33 45 44 31 19
