5 2 5 6 4 2 7 1 5 1
0 5 3 1 7 3 6 3 4 2
4 7 6 2 1 2 7 4 5 1
2 2 1 5 1 7 2 6 5 4
1 0 3 1 1 6 7 5 6 3
0 0 6 0 7 3 4 7 0 0
4 5 3 3 6 7 5 7 3 3
5 2 2 2 5 3 3 2 3 0
3 0 6 3 2 6 4 5 1 6
4 6 3 0 2 4 3 1 0 3
4 4 7 2 7 6 7 1 7 5
2 5 7 3 5 0 6 4 4 6
7 2 6 1 0 3 0 2 1 0
2 1 6 5 4 5 7 1 2 0
4 3 4 3 6 3 0 3 1 2
0 3 2 6 3 3 4 5 7 1
5 5 2 2 0 5 0 7 7 3
7 0 5 5 2 1 3 0 2 1
7 1 2 0 0 4 7 5 0 3
2 5 4 1 2 2 6 5 3 1
2 7 7 1 1 4 0 6 2 7
0 2 1 7 2 4 4 7 6 1
5 5 7 4 4 7 4 0 5 7
0 1 2 4 5 6 7 4 7 6
5 0 6 1 1 6 0 6 5 6
3 1 7 6 5 4 2 4 6 1
1 0 7 4 4 5 6 4 2 7
0 7 3 5 0 2 6 7 5 2
2 5 7 4 6 2 0 0 1 7
4 1 0 1 5 6 5 0 2 1
0 3 3 4 3 2 6 7 0 6
6 4 3 6 5 5 0 7 0 5
5 7 6 5 4 6 4 0 7 3
0 4 6 6 6 2 3 4 4 1
6 1 4 2 6 1 3 6 1 1
0 2 6 6 4 3 0 0 7 6
0 3 5 0 3 1 3 5 4 3
7 0 3 2 0 4 3 6 6 5
4 6 3 4 1 6 0 7 5 3
7 3 6 1 4 7 7 0 3 3
7 5 5 1 6 0 3 6 3 6
2 5 2 4 3 2 2 6 7 4
1 0 7 2 3 0 7 3 6 2
6 0 4 3 0 1 5 7 5 1
7 3 3 6 6 1 6 1 7 7
6 3 7 3 6 5 4 5 6 0
3 0 2 6 6 5 6 4 0 3
3 0 6 1 3 6 3 7 0 5
0 4 0 4 5 6 7 4 5 5
3 4 6 0 2 7 1 0 4 4
4 3 7 7 5 4 0 6 0 3
3 7 7 7 3 5 3 0 3 2
4 1 0 4 2 5 4 6 2 5
0 2 6 0 7 4 1 2 2 0
0 3 3 1 6 1 5 5 3 3
2 2 3 1 2 2 7 6 6 4
1 0 7 3 7 2 6 1 0 7
3 2 3 1 3 2 6 2 6 7
5 4 4 4 1 6 3 3 2 7
5 1 6 4 6 6 5 7 7 6
7 4 0 1 4 4 1 2 0 0
2 1 6 4 7 4 5 0 7 7
7 4 1 3 7 7 3 3 1 6
2 5 7 2 2 2 6 7 3 4
3 1 6 0 6 3 6 5 2 4
1 4 0 7 2 2 4 3 3 3
6 6 6 6 4 2 3 6 7 3
5 3 7 4 5 3 6 5 1 7
3 0 7 6 3 0 4 6 0 2
1 6 5 4 5 4 4 0 4 4
6 5 3 4 7 0 7 2 4 5
6 6 0 2 0 3 7 0 0 4
7 5 4 3 1 5 6 0 4 0
6 5 5 7 3 5 7 6 5 4
5 0 5 0 1 7 1 7 2 5
2 6 0 6 7 3 0 3 4 6
0 6 3 2 3 1 6 3 2 0
0 5 2 6 3 0 4 2 2 6
4 1 5 0 1 3 6 5 5 6
4 6 1 4 0 1 0 6 6 6
6 7 2 3 0 0 1 3 1 3
3 4 4 0 1 7 2 6 0 1
4 3 0 3 7 2 2 2 2 7
2 5 5 2 3 0 1 2 7 4
6 5 7 7 6 6 4 2 1 1
4 0 2 5 1 0 6 3 3 0
7 5 1 2 1 1 6 0 5 7
0 3 6 5 1 5 2 4 7 4
5 2 2 2 3 7 5 6 2 2
6 1 7 1 4 1 3 7 3 6
2 2 0 1 7 1 3 4 0 5
7 3 6 0 7 4 2 0 1 5
3 4 5 6 1 3 2 2 6 6
6 7 4 3 0 6 1 2 0 0
0 3 4 5 1 6 1 2 0 3
2 0 3 5 2 0 2 3 5 0
0 1 6 7 2 0 7 5 0 6
5 7 7 7 1 5 7 1 0 3
5 0 0 0 2 0 5 7 7 7
6 7 1 4 5 2 1 6 2 6
66 29 64 80 56 28 88 18 64 16
4 64 45 15 91 44 80 41 57 27
52 89 80 29 21 32 92 56 64 21
33 32 15 65 20 90 28 77 67 55
18 6 43 21 20 75 89 65 79 45
8 7 75 6 88 41 56 92 4 8
56 67 45 41 78 93 64 87 40 41
63 33 31 32 65 44 44 27 41 9
41 7 80 42 31 76 52 64 16 79
52 81 40 9 33 51 42 20 3 43
57 56 91 30 92 79 92 17 90 65
31 68 93 44 67 6 77 51 53 76
89 27 75 17 3 40 8 29 17 5
30 21 79 67 56 69 91 20 33 3
52 42 57 42 78 44 3 44 20 33
7 42 31 79 40 40 56 67 87 19
68 67 32 28 7 69 6 90 87 44
87 4 69 65 30 17 41 3 31 17
88 20 27 3 9 53 90 64 6 39
32 63 56 21 28 27 77 68 41 20
33 92 90 15 18 57 4 77 27 87
4 28 17 92 29 56 54 91 77 15
67 67 90 55 53 92 57 8 67 87
6 17 28 57 69 78 88 51 93 75
63 8 80 15 19 80 9 81 65 81
40 15 93 81 68 51 27 51 79 18
18 3 88 54 57 64 79 54 27 90
9 93 41 67 7 29 76 87 67 28
31 65 90 53 78 33 8 6 20 89
56 19 4 18 63 76 67 6 31 20
3 42 41 54 39 30 81 92 9 77
80 53 39 78 63 69 3 91 6 69
67 91 75 66 56 76 54 5 93 39
6 57 79 79 80 31 44 52 56 15
75 20 57 31 77 16 43 77 15 18
8 29 78 81 52 43 6 4 91 78
5 39 68 8 40 19 39 68 52 44
87 7 41 29 6 52 39 75 76 66
51 80 45 53 17 77 8 88 66 41
90 39 78 16 52 89 92 3 39 40
87 64 69 19 79 6 42 76 42 75
30 69 29 57 39 33 28 78 93 53
18 3 91 31 45 8 89 40 80 27
77 9 52 44 5 18 68 90 66 16
89 40 42 76 76 20 75 15 87 87
80 45 92 43 81 67 57 64 81 8
44 4 28 77 76 64 81 56 4 39
42 7 77 15 42 80 41 91 4 68
8 52 4 52 64 78 92 55 68 69
43 53 76 8 31 93 16 5 53 52
51 41 87 89 63 55 4 78 8 42
39 90 92 87 40 63 40 4 44 28
51 18 5 57 27 68 52 80 33 64
7 32 79 3 92 57 18 30 32 9
4 41 42 20 80 17 65 63 40 44
27 27 42 19 27 31 92 76 80 54
16 8 88 44 93 31 75 18 8 93
41 33 40 21 43 29 75 33 75 88
69 54 53 54 20 76 40 43 27 89
65 15 77 54 76 81 64 91 90 81
88 56 9 20 53 55 15 33 7 8
28 15 81 51 90 53 67 7 92 92
93 55 18 41 89 87 39 43 20 78
33 66 91 29 31 29 81 90 39 52
40 17 75 4 78 43 75 67 27 55
21 56 5 91 33 29 57 43 43 41
75 79 77 78 52 33 43 77 92 42
64 41 90 56 69 39 77 65 20 87
43 9 89 77 43 9 57 77 9 29
19 78 69 52 64 52 51 9 54 57
79 68 42 56 89 9 91 27 55 64
75 79 9 27 5 44 88 9 5 56
87 64 53 44 21 66 77 4 53 3
79 68 65 90 42 63 93 81 65 56
64 3 63 3 21 93 21 89 31 69
31 79 4 78 89 39 7 39 57 77
3 77 43 27 39 16 75 42 31 9
5 68 32 77 44 9 53 32 30 75
51 16 66 7 18 39 76 63 67 81
56 79 16 51 7 21 9 78 77 76
79 89 33 39 9 7 20 45 17 40
41 53 55 3 19 89 29 81 3 19
54 41 3 43 93 28 27 31 33 88
32 63 67 32 39 8 21 31 91 52
81 65 89 89 75 76 52 27 21 21
53 8 27 63 16 8 78 39 39 6
89 68 16 28 18 18 79 6 66 87
6 39 75 69 15 66 33 57 88 53
65 30 33 27 40 89 64 75 32 31
78 21 87 17 55 18 44 90 40 78
32 29 6 20 92 17 41 52 6 67
89 45 81 8 89 54 33 3 18 67
39 53 69 80 18 44 29 33 81 76
81 93 53 40 5 78 21 30 8 5
4 45 57 67 16 81 20 28 4 45
27 5 41 69 29 6 31 42 65 4
7 20 76 92 29 3 93 67 7 77
66 92 90 88 19 69 87 15 6 40
66 6 3 9 31 5 68 88 87 91
75 90 15 51 66 32 15 81 28 75
