1 4 3 2 6 4 6 6 3 6 2 4 1 5 6 5
7 3 4 0 3 7 4 6 6 4 5 2 7 1 1 0
7 6 1 3 0 6 4 7 2 2 5 5 7 0 6 5
4 6 5 5 6 3 1 2 5 6 7 2 7 4 6 0
1 2 5 2 4 5 0 3 5 6 6 5 3 7 6 7
2 4 4 3 3 0 5 1 1 2 1 4 3 4 2 3
4 3 2 3 5 6 7 2 3 7 3 0 3 3 2 7
3 4 4 2 1 2 0 4 0 1 6 4 2 1 0 4
6 7 4 4 4 5 3 0 2 3 4 2 0 4 1 1
7 0 7 3 0 5 6 5 2 4 4 4 4 7 2 1
3 7 5 5 4 1 3 5 1 3 2 5 1 0 0 3
7 1 3 6 5 4 2 4 0 7 7 6 0 4 1 5
2 2 3 0 2 0 6 6 2 1 7 1 3 6 7 7
0 1 7 2 0 4 7 2 0 0 3 6 4 0 3 7
5 6 1 3 4 6 4 0 0 3 4 2 3 6 0 5
2 0 6 0 4 3 7 5 0 6 2 4 1 6 5 0
17 56 45 33 77 51 80 77 42 76 30 52 19 67 79 64
92 41 57 5 45 90 57 77 77 56 69 30 89 19 17 7
88 79 21 43 9 80 56 90 27 31 64 65 89 3 81 69
53 78 67 69 79 42 18 28 67 79 88 29 89 54 81 3
15 27 64 29 53 67 6 45 67 76 80 65 42 90 78 93
32 56 52 42 40 8 67 21 19 31 20 52 39 57 32 42
52 42 27 45 68 79 88 32 45 93 40 5 45 44 29 90
40 51 53 27 16 31 8 52 6 20 78 53 27 20 7 54
78 91 51 52 54 63 44 6 30 42 55 29 6 52 20 18
90 5 89 40 5 67 79 63 33 51 54 55 54 88 27 17
43 92 64 68 55 17 40 64 18 43 32 67 16 3 6 45
92 18 43 78 66 51 32 54 4 89 92 75 5 53 17 67
32 28 43 7 33 3 81 79 33 20 91 19 43 77 93 89
8 15 87 28 3 57 87 28 8 3 41 75 57 8 39 93
63 81 18 39 55 77 55 7 8 40 53 31 44 75 9 66
30 7 78 9 55 42 92 63 3 75 32 57 20 78 68 8
