0 2 5 5 0 7 3 6 1 5 4 1 7 1 2 6
6 0 2 6 7 0 4 0 4 6 6 2 2 3 7 4
0 5 7 2 4 4 3 3 4 1 5 5 7 2 5 2
1 4 3 2 5 4 5 1 6 0 3 2 1 2 7 6
1 0 3 6 1 6 7 2 4 1 6 4 1 2 6 2
0 1 0 7 0 2 1 4 4 1 0 7 3 1 1 3
5 2 0 3 3 3 4 0 2 2 5 3 3 4 0 0
3 2 6 4 6 6 2 7 1 0 7 7 6 4 6 5
0 0 1 5 3 6 7 1 2 5 0 6 5 3 0 2
0 5 2 0 4 5 5 1 3 3 7 4 0 1 1 2
5 5 7 5 5 1 6 1 4 7 5 2 7 3 3 0
7 7 0 6 7 2 0 3 0 0 1 5 0 3 4 7
0 0 1 0 4 2 4 6 5 1 4 6 5 3 0 1
6 1 0 5 7 3 2 5 5 6 4 1 0 0 2 6
1 4 3 7 5 0 6 7 7 1 4 7 3 4 5 2
7 1 2 7 1 2 7 3 6 0 5 0 3 2 2 0
5 33 66 64 6 90 42 80 19 65 52 15 91 15 30 78
76 9 28 81 92 3 53 4 52 81 76 33 27 40 88 56
5 66 91 27 57 55 39 40 51 17 65 69 91 33 69 28
21 56 44 28 64 54 67 18 80 9 45 33 18 29 93 77
18 7 45 80 19 76 90 28 56 19 76 56 18 30 78 29
7 15 6 87 8 32 18 57 53 15 4 89 45 16 18 40
63 32 5 42 39 44 56 7 31 30 66 39 42 52 4 7
45 30 80 53 80 77 31 91 15 6 91 87 75 55 78 64
4 6 21 65 42 75 89 19 27 65 4 75 67 42 9 28
8 67 28 4 51 65 66 19 40 40 89 57 5 17 18 30
63 64 93 68 68 15 78 15 51 93 66 29 91 43 41 5
92 93 7 80 90 29 5 42 9 6 19 63 8 41 53 90
5 6 15 8 54 33 52 79 67 16 55 75 64 43 8 17
79 19 8 66 91 39 30 65 66 77 51 20 6 8 33 76
19 51 39 92 68 8 81 90 90 21 53 91 42 53 68 32
87 21 30 93 18 28 91 44 77 3 64 3 42 32 30 4
