6 5 5 0 5 7 6 4 5 6
5 0 5 2 2 7 6 1 3 1
7 0 4 4 2 2 4 7 7 6
2 0 5 2 5 0 0 0 0 3
2 3 7 5 2 7 2 1 5 7
1 6 4 6 7 3 0 4 7 1
2 6 0 7 4 0 6 1 7 5
6 4 3 7 1 2 6 4 5 1
0 3 1 6 0 1 7 6 3 1
5 6 1 4 2 3 0 0 5 2
0 3 3 1 6 7 0 1 2 7
5 2 6 5 6 6 0 7 1 5
2 7 5 0 1 1 0 5 2 0
0 7 4 1 3 6 0 1 5 1
0 6 0 6 6 7 5 5 3 4
5 4 5 5 3 5 5 5 5 6
4 6 5 6 4 0 2 1 5 4
4 7 4 7 1 0 7 0 6 5
3 0 6 6 4 2 3 2 6 3
4 2 6 1 1 0 3 3 2 4
7 0 4 5 1 3 1 0 6 6
6 7 6 6 0 5 4 2 2 2
1 5 1 2 2 3 3 7 3 2
3 3 7 4 7 0 0 1 3 0
5 5 2 6 6 7 4 6 6 6
0 7 4 5 1 5 3 7 7 6
1 2 7 1 2 6 0 6 2 3
2 3 3 5 1 3 0 5 0 6
0 2 3 2 3 7 4 2 3 5
3 4 0 0 0 7 5 4 3 0
2 0 5 7 1 1 5 6 7 1
6 1 3 0 5 1 6 4 2 7
3 5 5 1 3 0 1 4 3 5
0 3 0 2 2 7 3 4 3 4
2 5 5 7 2 3 6 4 6 2
3 2 1 0 0 5 5 3 0 3
0 0 7 6 3 3 0 7 3 7
3 7 1 1 0 4 1 6 7 4
4 1 0 1 4 2 3 2 7 4
2 3 4 5 1 0 6 0 4 4
2 1 7 6 5 0 4 2 0 0
4 0 5 2 7 4 6 3 7 6
0 0 5 7 4 2 2 5 6 4
0 6 5 4 7 7 4 7 4 5
1 3 3 0 0 5 2 3 0 4
3 0 0 4 6 4 4 7 2 6
7 4 2 6 4 6 1 0 0 3
2 3 3 5 5 7 2 4 6 1
1 3 1 7 7 1 0 7 6 5
1 0 1 3 4 6 4 2 7 0
3 3 5 1 3 6 4 0 3 3
4 6 2 1 1 4 5 2 1 0
6 7 3 1 3 5 2 4 6 1
7 6 1 1 6 1 7 2 1 6
7 1 6 5 4 7 7 3 2 4
4 5 4 0 3 1 3 4 0 1
0 6 7 5 6 7 1 4 4 5
5 4 0 6 3 6 0 4 7 5
3 6 2 5 3 5 6 4 6 1
5 2 4 7 0 6 3 2 4 7
5 4 3 7 5 2 5 5 7 6
4 2 0 3 6 2 2 2 5 7
5 7 6 4 7 2 4 0 2 7
3 3 5 7 3 0 7 5 1 6
0 6 0 3 0 4 4 6 5 4
6 2 0 7 3 5 1 2 6 6
0 5 0 0 0 7 0 2 0 5
4 3 4 3 1 0 0 1 1 6
1 0 2 7 6 0 0 7 6 0
5 1 2 4 2 3 5 1 1 4
3 6 6 4 4 4 0 6 6 0
4 4 5 1 1 2 1 7 6 3
4 1 1 1 6 2 1 4 4 0
3 4 2 2 2 5 0 4 2 5
3 2 4 2 5 7 3 2 6 7
4 3 6 7 4 0 4 1 1 7
2 1 6 6 7 6 3 4 7 1
1 3 4 6 2 4 3 3 4 3
1 3 0 5 2 5 0 5 7 2
6 6 5 1 6 0 0 1 0 0
4 2 6 3 5 4 0 0 5 5
5 6 0 5 2 5 1 1 7 3
1 1 4 0 4 3 6 7 7 4
5 1 4 6 7 2 6 1 1 1
3 0 1 1 0 6 5 5 4 7
5 5 1 7 6 5 0 2 5 0
0 4 3 3 0 6 6 7 2 2
7 3 7 5 6 5 6 2 3 7
1 6 4 7 3 6 1 6 4 5
3 2 6 7 0 6 5 1 6 7
6 0 6 1 3 3 1 5 5 1
5 5 1 4 7 4 6 2 1 0
3 0 4 6 6 6 5 4 0 6
5 1 7 1 5 2 0 2 6 5
6 6 7 5 5 1 2 0 1 1
2 5 4 7 5 4 5 4 4 3
5 4 3 0 6 1 3 4 3 2
7 1 2 5 4 4 0 4 4 5
0 1 4 1 2 7 1 3 4 7
6 4 0 5 5 0 2 1 1 5
80 67 66 5 67 87 80 56 64 78
69 4 65 29 28 90 75 21 39 20
90 5 52 51 32 30 54 88 92 78
27 9 64 28 63 9 3 6 5 40
32 39 90 69 27 92 27 18 66 87
20 81 54 77 89 45 8 56 93 18
29 80 9 92 56 3 77 21 91 68
77 55 40 89 17 29 81 55 67 19
4 42 18 78 9 15 91 75 43 21
69 75 15 53 31 43 3 9 66 30
9 41 43 20 80 93 9 16 32 90
66 31 79 69 77 79 5 92 20 63
27 93 63 5 17 16 4 68 33 7
9 90 52 18 45 75 7 18 63 21
5 80 6 79 78 88 69 63 41 54
65 53 68 67 39 63 63 64 63 79
53 77 67 75 57 5 33 16 68 57
54 91 54 89 20 4 88 9 76 66
41 8 76 75 57 29 40 29 77 45
51 29 79 17 15 3 45 39 33 56
93 3 56 65 19 45 21 3 78 79
78 90 77 81 5 68 55 28 27 33
17 69 17 28 29 45 43 88 41 28
42 44 92 53 91 5 9 21 41 9
65 64 30 81 77 88 54 80 77 76
7 87 57 67 18 68 43 89 93 75
21 32 93 16 33 79 9 77 33 44
27 43 39 69 17 44 3 69 3 81
3 28 44 28 40 87 55 30 44 63
45 52 5 4 9 89 69 55 40 8
33 8 68 90 16 21 69 76 89 18
78 15 40 9 67 19 77 56 31 89
42 68 69 18 45 6 17 55 42 67
8 45 5 30 27 92 40 53 45 53
27 68 69 92 30 45 81 52 79 32
40 28 17 6 3 64 69 44 9 42
3 6 88 76 41 40 8 87 41 91
43 87 20 18 3 55 20 77 87 55
57 18 7 20 51 31 44 33 87 55
33 45 57 69 16 7 76 9 51 57
32 16 92 81 65 8 53 29 8 8
55 8 64 33 89 54 80 41 92 78
4 3 64 92 53 33 28 65 78 51
5 75 65 54 90 92 51 88 55 68
19 41 41 8 5 64 33 45 9 52
44 7 4 56 75 52 52 88 30 81
93 56 28 77 55 76 17 7 3 44
30 40 44 63 69 87 30 54 80 15
21 41 17 93 91 15 5 92 79 63
18 5 19 40 57 78 53 29 91 5
45 43 66 16 40 79 57 7 45 42
57 75 30 16 21 57 69 29 18 7
79 91 42 21 45 67 29 56 81 15
87 77 19 17 77 18 92 31 18 81
92 19 80 68 56 89 89 39 27 55
54 66 56 9 39 16 39 52 6 19
8 78 93 64 77 91 17 52 52 65
63 54 7 81 44 75 9 55 90 67
44 80 32 69 42 66 75 52 75 19
66 27 53 90 7 80 43 31 51 90
68 57 45 92 66 31 64 66 91 80
53 33 7 44 79 27 27 32 69 88
63 91 78 54 91 33 51 6 32 93
44 41 66 90 41 6 89 65 16 77
3 81 8 42 6 54 52 79 65 55
76 32 9 90 42 67 17 28 80 79
3 64 8 6 7 89 3 30 3 69
56 45 57 39 19 3 4 21 19 79
18 9 29 89 77 9 9 89 80 4
65 17 32 56 31 43 65 17 18 55
39 79 79 54 55 56 6 75 75 8
54 51 67 21 15 31 20 90 76 43
55 15 20 19 80 32 20 57 53 6
45 57 28 33 27 63 7 57 28 63
45 28 51 29 65 87 39 27 80 87
51 43 78 90 54 4 55 17 16 87
31 19 76 78 91 79 41 57 89 19
19 44 56 80 27 54 45 42 55 44
19 40 5 63 31 65 4 63 87 33
80 75 65 20 81 9 4 19 9 6
55 31 78 41 63 51 8 3 65 65
68 78 3 68 28 66 20 15 89 41
20 21 51 4 57 43 81 93 92 53
63 20 55 76 90 27 79 18 15 21
44 9 21 21 4 76 69 65 52 90
66 66 20 90 78 65 7 29 63 9
4 55 41 42 6 75 80 88 33 30
89 41 93 68 78 67 79 28 40 92
18 76 55 93 45 77 18 75 54 66
40 33 75 88 3 76 66 15 77 93
78 4 77 21 44 43 16 69 65 15
69 68 17 57 87 55 78 30 21 8
40 6 52 80 81 80 65 51 3 78
65 16 89 17 65 29 7 30 76 64
79 77 89 67 65 18 28 5 20 17
27 63 57 93 66 56 66 55 54 43
65 52 43 7 80 21 40 52 44 31
90 18 33 65 55 56 5 51 54 67
7 19 51 17 27 87 20 40 52 92
79 55 8 69 67 6 31 19 19 68
