3 1 1 4 1 6 6 2 0 4
6 3 2 1 5 5 0 2 4 5
7 2 7 1 5 5 7 4 3 0
2 5 6 6 6 7 2 0 6 4
2 5 4 3 3 7 3 6 0 3
4 5 7 1 6 7 0 5 0 4
5 2 0 2 3 4 7 5 7 1
4 3 5 6 0 7 6 5 5 7
6 2 0 2 5 4 6 1 4 6
0 1 4 4 5 5 2 3 0 6
5 1 3 7 3 0 2 4 0 2
2 1 4 1 3 1 5 4 2 5
3 5 6 0 0 3 3 3 1 0
1 2 5 5 4 2 0 6 2 4
3 6 1 1 6 6 1 2 0 5
2 0 7 2 0 1 6 4 7 2
1 7 0 0 1 4 2 2 2 2
0 2 1 3 4 7 2 6 4 5
3 6 1 3 5 4 3 1 6 2
2 2 5 3 2 5 0 6 6 7
3 1 6 1 4 6 6 3 6 3
0 6 5 6 1 0 3 6 6 7
0 5 4 0 2 6 7 0 1 0
1 2 2 6 5 3 7 3 4 2
7 2 3 1 7 2 5 0 0 1
7 0 5 3 4 1 6 3 6 4
2 6 6 2 1 0 1 3 0 7
5 4 5 3 1 6 5 1 2 1
1 7 3 2 4 1 5 0 4 5
5 7 4 3 3 6 6 4 5 5
2 2 0 0 7 6 0 1 7 2
3 2 2 5 0 6 6 6 3 6
0 1 5 6 0 1 6 3 2 1
4 4 6 2 7 4 4 1 6 2
7 3 0 7 6 7 0 7 0 1
2 5 1 2 4 4 5 6 6 2
6 6 3 7 4 3 3 2 7 0
2 6 6 0 3 3 7 3 1 6
0 4 2 5 6 4 7 0 2 6
3 5 6 5 2 4 3 6 0 1
1 0 1 6 5 1 7 3 5 6
4 3 4 5 2 6 0 0 4 1
7 3 4 4 7 0 5 1 6 7
6 3 6 2 1 2 1 0 7 2
4 7 7 6 6 2 3 3 0 7
6 2 2 1 0 1 7 5 6 7
3 4 5 0 1 0 4 2 2 4
4 1 1 6 3 5 1 3 6 6
3 3 0 1 0 7 7 2 0 1
3 3 5 3 3 4 2 4 6 5
6 7 2 6 7 4 2 4 7 2
0 0 0 2 3 5 7 7 6 1
4 3 1 6 7 7 4 7 6 1
6 4 0 5 3 6 6 4 2 1
2 1 7 1 0 0 4 6 4 1
0 6 0 3 3 2 0 0 0 2
4 6 1 5 6 4 6 2 0 2
6 7 2 0 1 6 6 4 5 1
6 1 3 6 1 3 4 3 3 0
4 3 2 2 3 5 3 0 3 5
3 2 3 1 7 0 4 4 4 1
1 0 0 4 1 7 4 4 6 1
3 7 4 3 2 3 7 2 2 5
4 2 0 2 6 2 2 4 3 4
5 2 3 2 5 4 1 3 3 1
7 6 7 3 2 5 7 3 2 3
2 3 0 5 5 4 2 4 6 5
5 6 5 3 0 1 4 5 0 3
2 3 2 6 3 2 6 1 4 6
0 3 4 7 1 4 2 3 6 6
4 3 1 3 0 6 5 0 7 6
5 1 7 4 6 3 0 5 1 0
1 2 4 5 1 1 0 3 1 6
1 1 7 4 0 2 1 2 0 7
3 6 4 0 0 0 0 6 4 6
5 0 6 2 2 2 7 1 4 5
1 2 2 3 1 2 7 6 6 0
0 4 7 3 1 7 6 0 6 3
4 0 1 7 3 0 0 7 3 1
1 2 7 4 5 0 4 4 3 2
6 7 2 2 6 7 3 5 7 0
7 2 7 3 0 4 5 4 3 5
6 7 3 7 1 1 4 2 4 6
0 2 1 1 2 5 5 4 6 0
0 2 4 6 4 7 0 4 0 1
7 1 6 2 2 4 7 1 6 4
3 4 4 7 4 7 0 6 0 6
1 5 3 1 2 6 4 6 0 5
2 0 4 6 1 4 2 3 0 3
1 7 3 6 0 0 7 1 2 0
4 7 3 4 6 6 2 1 6 2
1 1 3 4 2 6 6 1 6 5
4 5 4 1 4 3 1 0 4 4
0 3 4 0 0 5 1 1 2 2
5 0 2 4 7 3 5 7 3 5
2 3 0 0 3 5 3 0 1 2
1 0 2 4 4 1 6 0 0 0
3 4 5 5 2 6 5 2 0 2
3 0 0 6 5 7 1 5 7 7
3 7 2 6 7 1 5 3 5 5
41 15 18 55 19 80 78 30 3 54
75 43 27 16 66 69 9 28 54 65
91 27 91 20 66 67 92 52 45 9
28 67 78 79 76 90 31 5 75 55
29 68 51 44 44 92 39 79 3 42
52 66 88 18 81 88 9 65 9 57
67 29 7 32 45 51 92 69 90 17
54 40 66 80 6 88 81 67 66 93
78 27 8 30 69 52 76 18 53 77
9 19 55 53 67 66 30 42 4 78
67 18 45 90 44 7 29 51 6 29
27 16 51 15 39 16 64 52 33 64
43 65 80 4 8 40 41 42 17 8
20 32 65 65 54 29 7 79 27 51
43 78 21 19 77 76 21 30 8 63
33 4 88 31 4 19 75 51 89 33
21 91 6 7 18 54 29 33 28 29
6 32 20 40 51 88 30 80 51 64
44 77 16 39 67 55 40 17 77 27
27 33 66 41 28 67 8 75 76 93
40 21 78 19 55 79 76 42 75 44
9 78 68 76 16 4 43 77 77 87
4 67 52 3 28 80 89 9 18 7
17 30 28 76 69 45 91 42 51 27
93 30 43 19 89 27 69 7 5 19
88 3 67 40 53 20 76 40 80 51
29 75 77 27 21 4 20 43 4 93
66 56 67 45 15 78 66 18 30 21
16 93 39 33 57 16 69 7 54 68
64 90 53 44 42 77 79 54 65 67
29 33 9 4 90 78 4 19 87 27
41 30 30 67 5 79 81 79 43 77
8 18 68 78 8 15 78 45 28 17
52 56 77 32 87 54 54 18 77 30
89 40 8 87 76 87 6 89 9 20
32 66 19 30 55 51 63 81 81 31
80 81 41 89 56 41 45 30 87 4
31 76 78 9 44 39 91 42 21 80
4 55 28 64 79 55 93 5 29 75
40 63 81 66 32 55 44 78 5 17
18 5 15 79 68 20 92 39 65 78
53 39 51 67 33 81 6 7 55 17
88 40 54 56 87 6 66 20 75 90
75 45 80 33 21 32 21 5 93 28
57 90 93 77 78 33 39 39 6 93
81 32 33 18 7 17 89 68 81 88
45 57 69 3 19 3 55 29 30 51
56 17 16 76 42 67 21 41 81 76
41 40 4 17 6 88 87 29 6 21
45 40 65 41 39 56 28 51 78 65
80 87 32 80 92 57 27 52 88 30
5 9 4 28 44 63 89 88 80 18
53 45 17 81 93 92 57 88 78 21
76 51 7 64 42 75 75 56 30 21
30 21 87 16 5 3 54 80 52 20
9 78 3 41 42 31 3 6 6 28
55 79 15 65 81 56 75 32 8 30
79 91 27 4 16 80 76 56 67 20
77 17 40 79 15 45 52 43 39 7
53 41 33 30 40 64 42 4 43 64
39 33 41 17 89 8 51 55 54 19
15 6 6 53 21 88 51 53 77 18
45 93 51 45 27 39 87 30 31 69
53 28 7 27 80 28 31 52 44 53
64 32 44 27 69 51 18 42 44 21
88 77 91 40 30 67 89 39 32 44
32 39 8 68 68 55 31 57 81 65
67 79 66 41 3 15 55 69 9 39
27 45 27 78 44 27 81 16 53 79
8 43 51 89 18 54 27 41 77 76
56 40 19 44 7 77 64 7 89 79
64 15 90 53 77 44 3 69 17 6
21 27 53 64 20 17 8 42 17 81
21 16 92 57 5 31 19 27 9 87
45 75 54 8 9 3 4 81 51 75
68 4 81 28 30 28 93 16 51 69
16 33 28 39 15 30 88 80 81 7
9 51 89 39 16 93 76 9 81 39
56 5 18 89 43 9 6 89 43 19
18 29 92 51 69 8 57 55 41 29
76 89 32 27 78 87 41 68 90 5
93 33 91 44 3 54 66 52 45 64
81 91 43 93 21 21 57 32 54 76
5 27 18 19 28 67 66 54 75 3
8 30 57 79 54 88 6 55 3 20
92 15 75 28 28 55 93 20 76 57
40 54 56 89 52 91 6 78 5 77
19 68 45 18 31 76 54 75 8 66
29 6 56 80 15 51 30 45 3 44
17 90 41 80 4 6 87 15 27 8
51 89 40 52 75 75 33 18 80 29
16 19 39 51 29 76 81 17 75 67
56 65 56 15 54 42 21 5 55 53
7 40 54 3 6 69 20 17 31 32
68 9 27 54 90 42 68 88 45 64
27 45 4 3 42 64 43 5 16 31
16 9 28 54 57 15 80 8 8 4
42 56 68 66 29 77 69 28 8 30
42 4 4 78 66 87 16 68 92 90
44 92 28 76 88 18 65 40 68 67
