6 2 7 3 6 4 5 7 4 4 5 3 2 7 7 0
4 4 3 7 3 5 7 3 2 4 5 1 7 3 0 5
6 0 4 5 4 0 6 0 5 6 7 2 1 7 1 7
5 3 5 5 3 3 7 0 7 1 3 2 0 5 7 5
7 1 4 6 3 1 7 3 1 3 4 2 6 3 0 4
0 1 2 6 4 0 4 0 4 4 1 6 2 2 6 1
2 2 7 4 6 2 3 4 3 3 6 1 4 7 6 6
7 3 6 3 4 1 5 1 4 6 7 1 7 2 5 2
3 7 3 0 1 0 6 0 0 3 6 3 0 0 0 7
1 0 0 2 1 6 0 6 0 4 7 5 0 6 4 0
4 7 2 7 0 4 6 6 3 7 4 2 7 7 0 0
6 1 3 0 4 2 0 1 5 5 7 3 6 5 1 1
4 7 7 3 1 4 5 6 6 5 1 1 6 3 0 1
4 4 5 5 1 2 3 4 1 4 0 2 4 3 6 2
3 6 4 0 6 5 4 0 3 7 1 5 1 7 5 1
5 4 2 0 4 5 4 4 3 6 7 4 1 4 2 0
77 32 88 42 75 53 68 88 55 52 68 41 31 88 87 8
56 51 41 87 44 63 93 42 27 57 69 19 88 45 9 68
79 9 51 65 53 9 78 7 63 81 90 29 21 91 21 93
65 41 63 64 40 39 89 7 90 18 40 32 8 66 88 69
90 18 51 79 45 19 91 40 17 39 54 31 78 41 9 54
9 19 32 78 52 6 57 7 52 55 15 78 29 28 80 20
28 33 90 54 75 30 40 52 42 44 78 19 55 87 75 75
87 45 75 42 56 18 64 21 52 75 89 18 93 27 65 31
40 87 39 9 20 8 81 4 5 42 76 45 6 4 3 90
20 9 7 29 16 77 7 79 7 52 90 65 3 75 53 3
55 91 31 93 7 52 75 77 43 92 53 30 88 92 4 6
76 19 42 5 53 27 5 18 65 66 88 44 78 67 18 16
53 92 93 39 17 57 63 77 79 67 20 16 75 39 8 19
57 52 65 63 15 28 43 56 16 55 4 32 52 40 79 33
43 76 56 3 80 69 51 8 40 92 19 66 17 88 69 17
67 51 30 4 53 67 52 52 39 77 88 56 15 57 28 8
