1 7 6 3 0 4 7 2 1 3 4 0 6 0 1 2
0 0 1 6 5 2 5 1 5 5 6 7 5 7 1 5
6 1 3 3 6 5 5 5 4 3 1 4 4 7 2 2
2 2 1 2 7 2 7 0 1 0 6 3 3 4 0 7
5 0 2 7 2 0 4 2 5 2 7 7 5 0 0 5
7 2 2 0 6 1 1 1 7 6 6 4 6 3 2 3
0 1 3 4 5 5 6 4 1 0 0 4 2 6 0 6
5 5 0 3 5 6 7 1 3 6 5 6 0 1 5 5
4 5 6 4 3 7 4 2 3 2 4 3 7 7 1 0
6 7 7 4 0 6 4 2 2 0 1 1 1 7 5 0
7 3 2 5 7 3 6 3 3 0 3 3 0 1 1 0
7 5 7 4 1 5 0 4 4 5 6 5 2 1 1 2
1 0 0 7 1 6 5 0 3 5 7 2 0 1 6 1
2 6 6 0 0 2 6 1 3 6 3 1 1 3 0 2
4 2 5 2 2 7 0 3 2 2 3 7 7 7 3 6
5 6 2 3 1 1 0 0 6 4 5 0 3 5 4 3
21 90 81 41 9 53 92 31 20 42 54 8 79 6 17 28
5 4 17 77 68 31 69 18 68 63 76 88 65 87 19 63
77 16 40 44 80 64 67 69 55 40 18 54 55 87 33 29
33 30 20 31 88 30 89 4 17 9 80 45 45 54 6 90
68 6 28 89 30 5 54 27 64 30 90 92 65 3 6 69
89 31 28 9 76 19 18 20 92 75 78 53 80 42 33 44
6 15 41 57 68 63 78 54 16 9 9 57 30 75 3 76
63 63 6 43 66 79 93 16 42 77 64 76 5 17 65 66
57 68 75 52 40 91 52 28 40 29 55 42 91 87 19 3
77 89 91 54 8 78 56 27 29 6 20 21 21 90 68 9
90 44 29 69 93 40 80 45 39 6 40 43 6 15 19 6
89 64 88 55 19 63 8 52 55 64 78 65 27 20 20 31
17 3 6 93 20 80 63 8 40 65 92 33 6 21 76 19
31 77 76 5 7 33 75 17 39 78 40 17 15 43 3 29
52 33 68 31 29 88 8 42 28 30 39 91 88 90 45 76
67 75 30 44 15 20 5 6 79 55 68 4 42 67 54 41
