7 2 6 4 0 3 0 7 7 0 7 7 5 0 3 2
7 7 0 7 3 0 2 6 0 3 6 1 2 3 4 0
5 6 7 3 5 3 6 2 3 7 6 1 6 0 0 6
3 7 2 5 1 5 2 6 6 2 4 1 4 4 0 0
5 5 2 3 6 4 1 5 3 4 1 7 2 6 5 2
4 5 6 4 3 6 0 3 5 3 2 1 3 4 7 0
5 5 3 3 3 7 7 4 4 3 3 3 1 1 1 0
7 6 3 1 0 4 7 3 1 6 6 6 5 5 1 6
4 7 0 1 5 4 7 6 3 7 3 6 4 7 6 4
1 4 2 2 5 0 0 3 6 4 6 0 7 2 5 0
2 1 3 4 3 7 5 0 6 0 1 2 6 4 6 1
3 0 0 6 5 2 6 7 6 5 0 5 5 6 1 5
1 5 6 1 0 1 2 7 6 7 6 0 0 6 0 6
6 4 6 1 5 1 7 2 2 4 0 2 7 1 0 4
4 7 1 2 6 2 6 5 0 2 0 4 5 1 1 5
4 4 7 6 3 6 6 2 5 6 0 5 5 4 6 1
93 31 80 51 6 43 3 88 93 9 91 93 68 5 43 31
92 87 7 89 44 5 31 79 6 39 78 17 32 44 56 5
66 79 90 39 63 45 78 30 45 91 76 16 80 6 9 80
39 90 30 68 15 63 31 81 80 32 52 19 52 54 3 8
65 69 29 43 78 57 18 69 39 53 16 91 33 79 64 31
56 68 80 52 42 80 5 43 66 40 29 19 42 54 93 4
63 66 39 42 43 88 92 51 52 43 41 40 16 15 19 9
88 77 41 17 8 53 93 40 18 79 78 79 68 68 15 77
52 90 3 15 67 52 88 78 45 90 41 78 57 93 77 52
19 57 33 33 63 6 5 43 79 55 75 4 93 27 66 4
32 18 40 55 43 92 64 8 80 9 16 31 78 53 77 20
39 5 5 79 63 28 77 90 79 68 7 63 69 77 19 66
16 68 76 20 3 18 31 88 79 93 76 5 6 79 4 77
80 56 77 16 63 15 88 27 33 55 7 29 93 15 9 55
51 87 17 30 80 29 76 65 3 33 4 53 68 16 21 66
56 57 91 77 39 77 78 27 66 78 8 69 68 51 76 19
