0 7 5 2 3 0 2 7 3 3 7 0 3 4 3 1
2 6 3 6 3 5 6 2 7 7 0 5 0 3 1 6
5 1 5 6 7 2 6 3 5 1 5 6 0 2 7 6
6 3 4 1 2 0 3 7 4 3 0 2 0 4 4 6
3 2 5 6 3 2 5 4 2 0 5 1 2 3 4 3
6 3 5 7 2 0 7 5 6 4 1 1 0 5 4 2
0 2 2 5 6 1 2 2 5 4 3 4 5 7 3 7
7 4 2 0 1 0 4 0 1 2 4 3 4 4 5 3
4 3 3 0 3 2 7 3 1 4 6 3 2 2 4 6
7 1 2 5 1 0 6 4 0 6 6 0 1 7 2 6
5 4 5 4 3 1 6 4 3 7 5 7 7 1 2 4
1 0 1 2 6 3 6 2 7 2 7 1 3 6 6 7
6 3 6 3 1 4 6 3 4 1 4 3 5 7 3 4
1 3 6 0 4 3 3 7 3 7 2 0 4 3 4 4
0 3 0 0 5 6 4 2 1 3 0 2 6 2 2 1
7 1 3 7 5 0 6 6 6 6 0 5 6 5 5 7
3 89 67 31 42 3 30 92 44 39 91 8 40 52 39 19
28 76 40 75 39 64 80 28 87 93 8 65 5 40 21 77
65 16 69 81 89 33 79 44 63 17 68 76 9 27 91 75
75 45 56 20 33 9 39 93 52 42 7 28 9 54 51 81
43 28 68 80 45 27 69 57 32 9 63 20 28 42 51 40
80 44 68 92 33 5 92 64 76 52 20 15 7 65 51 30
6 33 31 67 79 20 29 27 65 54 41 52 67 93 45 87
92 51 27 4 17 9 52 6 19 32 57 39 55 56 68 45
53 42 45 9 44 33 89 40 19 51 80 42 33 30 52 78
91 18 31 65 20 6 81 52 6 81 77 5 17 92 33 75
68 54 69 54 41 21 77 57 42 87 68 89 88 17 27 55
18 9 19 31 81 40 75 30 87 32 93 15 41 76 76 87
81 39 75 45 17 52 75 43 52 16 56 40 65 92 40 54
19 45 75 3 53 41 41 87 44 87 29 9 54 44 53 55
9 44 5 9 68 76 52 27 18 39 4 33 79 33 28 17
89 15 44 91 66 4 77 79 77 75 6 68 81 65 63 91
