4 4 7 7 4 4 2 6 0 4
3 0 0 6 3 6 6 2 6 6
2 1 0 0 6 4 0 1 7 5
2 2 7 5 7 0 3 4 2 1
4 4 3 0 4 3 7 3 1 4
5 7 5 4 0 2 4 3 3 5
6 0 3 7 7 4 2 7 5 2
1 3 0 3 3 5 2 2 6 2
5 3 2 5 2 5 0 2 1 0
3 2 5 1 0 2 2 0 2 7
1 3 6 4 2 6 7 5 6 1
0 2 1 1 1 0 1 6 1 0
5 4 6 4 6 3 6 2 7 2
0 5 2 2 2 7 5 7 7 4
0 1 0 5 7 3 7 6 1 0
6 7 7 6 2 0 4 7 1 0
3 7 3 1 3 5 6 1 0 0
5 2 7 3 2 3 7 6 4 1
6 1 0 0 3 2 5 7 2 7
4 2 6 1 4 2 4 7 3 3
3 1 0 6 7 7 1 1 2 0
6 7 4 1 7 5 7 1 2 7
7 4 1 6 0 3 6 7 1 2
1 3 5 0 2 2 6 7 6 6
3 3 1 3 5 0 6 4 2 6
5 3 0 7 7 0 5 1 2 2
5 5 0 2 1 3 6 0 6 6
3 5 4 6 5 7 1 6 7 7
7 4 7 6 3 4 2 6 6 6
7 5 5 7 4 5 1 2 6 5
1 6 6 0 6 4 6 2 6 2
6 2 5 1 5 2 5 3 4 0
2 0 6 6 5 7 7 7 4 1
0 7 0 0 1 5 3 4 3 5
0 4 3 4 2 3 2 4 2 7
7 5 2 3 0 5 4 4 0 7
1 4 0 6 5 7 1 1 5 2
0 3 4 3 2 4 7 0 6 4
7 7 5 0 2 5 4 0 5 2
0 5 6 1 2 0 4 3 2 2
1 5 4 1 1 5 2 0 7 6
6 1 0 5 7 0 6 0 7 7
6 0 1 6 4 2 1 3 3 4
1 0 1 2 4 4 4 4 3 5
1 6 0 4 2 0 4 1 7 2
1 5 6 4 7 5 4 2 7 1
7 1 0 4 4 5 7 0 0 1
0 0 1 0 6 7 2 6 3 6
4 5 0 0 3 3 6 1 2 2
7 7 1 4 1 4 2 0 2 5
2 4 5 5 5 6 6 4 6 2
3 1 2 5 7 4 6 3 0 4
2 4 2 6 6 1 5 0 4 2
6 1 5 0 2 2 1 6 1 0
5 3 4 7 7 3 6 4 0 1
0 2 4 7 6 0 3 3 5 3
3 7 5 1 2 3 6 3 4 4
4 3 6 4 3 6 1 6 5 3
4 1 0 3 1 1 5 5 6 7
3 0 2 7 3 4 4 1 5 0
4 1 5 1 5 6 0 6 0 4
4 7 2 5 7 1 3 3 0 3
4 2 5 4 3 2 6 4 0 4
4 6 4 1 0 5 1 0 7 6
7 2 1 7 4 2 1 6 4 7
7 5 7 1 5 2 2 3 6 6
1 4 4 1 7 7 0 1 2 3
0 5 5 0 0 2 3 7 7 1
0 3 4 1 2 0 6 4 1 1
0 2 6 6 1 6 0 0 4 6
6 6 1 2 4 1 4 5 1 3
6 4 7 5 2 6 7 2 4 5
3 5 7 2 3 2 1 5 2 2
4 2 2 0 2 0 2 1 7 6
5 7 5 6 3 7 2 7 4 1
0 4 7 7 2 3 4 6 6 1
5 3 3 6 0 3 4 3 7 3
7 3 7 2 5 6 2 7 1 3
2 7 7 1 4 1 5 0 2 3
4 2 1 5 2 6 5 3 6 0
5 5 4 0 7 0 0 0 5 4
1 5 6 4 4 3 0 5 7 4
3 4 0 6 0 3 5 4 6 7
6 1 1 2 4 2 2 1 0 5
5 7 5 7 7 3 0 7 5 1
2 6 4 4 2 7 2 4 0 0
3 6 0 2 5 0 4 6 1 0
4 0 4 2 0 1 5 2 4 4
5 3 2 1 0 4 0 6 4 4
4 2 2 5 7 4 2 4 4 1
0 7 6 2 1 3 2 4 5 3
0 5 2 1 2 3 7 4 2 4
1 0 4 0 0 2 4 3 3 7
0 4 1 4 1 7 7 5 4 4
1 5 3 0 6 1 3 0 3 7
7 1 6 0 3 1 7 4 1 3
3 1 3 3 4 5 4 0 7 7
4 5 5 1 1 7 4 3 2 3
2 4 1 2 5 1 2 2 6 0
0 6 2 3 2 0 0 6 5 4
57 54 92 88 56 56 28 76 3 55
40 5 8 76 41 80 76 31 81 80
27 20 6 3 81 53 5 18 90 68
29 30 87 68 91 3 44 53 28 20
51 55 44 5 56 40 87 44 18 53
68 92 67 55 9 32 54 42 41 63
75 7 42 88 89 54 32 93 69 29
17 41 5 40 44 69 30 29 80 33
65 41 31 67 29 66 4 31 16 9
45 30 63 19 6 33 33 9 31 92
19 44 76 52 28 77 89 67 77 17
7 33 19 21 18 3 16 79 16 8
65 57 81 53 75 42 76 27 87 29
6 68 32 28 31 92 64 88 88 53
3 15 7 69 90 40 92 81 15 8
80 88 87 79 27 8 54 89 15 7
43 93 45 17 43 66 79 20 6 3
69 30 91 45 29 42 91 75 51 18
76 18 4 3 40 30 66 93 32 89
53 31 78 19 56 31 53 89 43 39
44 21 6 77 87 93 21 19 32 7
78 87 52 17 90 66 93 20 33 89
87 56 18 76 9 43 76 90 20 28
21 41 67 8 31 33 78 92 78 77
43 44 16 42 65 8 78 56 27 76
69 43 3 91 89 3 64 19 31 31
66 66 7 29 16 39 76 3 80 80
41 66 54 76 68 88 16 76 90 88
92 57 93 81 45 54 31 76 80 77
90 69 66 87 52 68 17 33 76 69
19 80 77 6 76 51 78 31 79 29
80 32 67 17 64 30 68 39 57 9
32 6 81 75 65 87 91 90 56 16
8 88 7 9 21 65 39 51 40 67
5 55 41 54 27 40 33 55 27 92
90 65 27 44 8 64 55 56 5 90
16 56 6 79 63 93 19 17 66 28
7 42 51 41 33 51 89 8 76 56
88 87 63 4 32 69 53 4 65 31
9 64 78 19 27 8 54 43 30 30
18 68 55 16 17 64 33 4 87 76
81 21 4 68 87 6 75 7 90 87
78 8 21 79 55 33 20 40 45 55
20 6 15 33 54 54 56 54 45 63
15 80 9 52 33 7 56 20 90 29
16 66 78 56 91 65 51 33 88 16
87 20 3 56 57 65 93 6 8 18
3 5 21 9 81 90 32 81 43 80
55 67 8 5 40 40 77 21 31 30
88 87 18 57 16 56 30 7 31 69
30 57 65 64 67 76 81 52 79 30
40 17 28 64 90 56 76 45 8 52
33 51 29 75 79 16 68 5 52 30
79 21 67 4 27 29 17 81 15 4
65 45 53 89 89 40 79 54 3 19
7 27 55 93 77 8 44 41 63 44
41 88 65 21 30 44 79 40 52 57
51 43 75 54 41 79 16 77 64 45
54 16 6 42 18 20 64 66 77 87
40 8 31 91 43 57 52 15 65 8
52 20 65 15 65 77 7 77 7 51
57 90 31 64 93 17 44 41 6 43
52 30 67 54 45 30 78 55 6 57
51 78 53 16 9 69 21 9 93 81
91 30 16 92 51 32 15 76 52 88
92 68 91 20 67 29 31 42 81 75
17 55 55 20 93 91 8 19 33 39
3 64 63 5 8 33 39 91 93 20
7 39 54 19 27 8 81 52 19 15
4 27 79 76 15 80 6 4 53 79
79 78 19 33 56 18 55 63 15 43
75 53 89 64 32 76 93 31 53 67
44 67 88 31 39 30 19 68 29 27
53 33 29 7 27 4 29 16 91 76
64 93 64 79 44 87 32 93 54 21
6 51 92 90 30 43 54 76 75 21
67 40 45 76 9 45 54 40 92 41
89 40 90 30 67 81 29 90 15 40
28 92 87 19 54 18 65 9 30 44
55 31 18 66 30 81 69 45 78 4
63 67 55 8 91 9 7 6 66 55
18 63 77 52 51 40 4 68 88 51
45 54 3 75 7 41 69 54 76 87
75 15 20 28 56 29 32 18 9 63
66 90 67 92 92 43 9 93 65 15
29 79 54 55 33 91 28 51 5 9
40 78 9 33 64 6 54 81 15 8
56 8 51 29 9 17 68 33 51 54
69 39 30 15 7 57 4 76 51 51
54 31 27 63 89 52 32 54 53 18
4 88 79 30 21 42 29 56 69 39
8 67 30 21 28 43 87 56 32 55
17 7 51 4 8 27 57 40 44 87
4 51 19 51 21 92 91 65 55 54
16 69 41 6 77 21 41 3 44 88
93 19 81 4 40 18 89 55 17 42
41 21 44 41 54 67 53 3 88 91
54 65 64 16 16 88 57 39 29 45
32 51 20 33 65 19 32 27 76 9
9 80 31 40 29 6 8 77 68 52
