3 4 0 0 3 4 7 7 5 6 5 0 4 6 4 2
2 4 2 3 5 7 2 3 2 3 1 1 0 6 2 2
6 7 6 1 0 5 3 4 4 6 0 0 7 5 6 1
1 6 7 4 0 5 0 7 4 5 3 4 3 0 3 7
3 1 0 5 7 0 7 0 6 5 6 1 6 4 3 0
7 0 1 0 6 4 3 4 5 4 0 1 0 0 0 5
5 2 3 3 2 4 0 2 5 5 3 6 3 5 6 3
0 2 5 6 0 3 2 1 2 1 0 0 3 5 5 3
5 1 1 4 4 5 0 1 7 1 4 6 5 0 5 6
6 2 1 7 6 5 4 6 4 1 6 0 7 2 5 0
1 7 2 0 0 6 1 0 0 4 4 3 2 4 6 5
0 2 0 1 1 4 5 0 5 4 4 0 5 2 1 3
1 0 1 0 2 4 4 4 7 7 2 3 3 3 6 6
2 7 2 4 5 6 5 0 5 3 1 5 1 2 6 1
2 6 0 4 1 7 3 6 3 0 2 1 5 4 3 3
3 0 5 7 0 5 4 3 0 6 3 0 0 0 6 4
43 55 4 9 41 51 90 87 69 78 65 9 56 80 52 27
32 57 32 43 66 92 28 41 29 45 21 18 4 75 29 33
76 88 79 21 6 68 45 54 57 77 8 9 89 69 77 21
15 78 90 52 6 66 8 92 57 65 40 51 44 6 39 90
44 17 9 66 90 5 91 4 80 64 80 15 81 51 43 9
89 6 18 7 78 57 41 51 65 56 5 20 5 6 7 63
64 33 39 40 33 54 7 29 69 65 44 76 39 69 78 42
5 33 64 75 5 42 30 16 27 18 6 9 40 66 63 40
67 16 21 54 55 66 5 19 90 20 56 77 68 6 63 80
80 31 20 87 79 65 57 76 55 19 78 4 91 31 66 4
15 89 33 4 8 80 17 6 6 54 53 44 27 53 77 65
6 27 4 21 20 53 67 9 66 55 51 7 63 31 19 39
21 7 15 5 28 53 54 57 89 88 29 44 41 45 77 79
32 93 29 56 67 80 64 3 63 42 18 66 16 31 81 19
31 79 3 54 15 91 39 79 43 6 30 18 67 51 39 43
43 4 66 87 3 64 51 42 5 76 40 7 6 6 75 53
