7 4 1 2 3 7 5 7 3 1
5 4 7 1 1 4 4 0 6 4
6 5 2 3 1 3 5 6 6 4
7 7 0 5 2 5 7 7 1 2
0 2 4 7 5 5 7 7 0 0
6 7 2 3 6 6 2 4 7 2
5 7 4 2 0 6 6 6 3 7
4 7 1 5 0 1 5 2 5 3
4 7 7 6 0 6 6 5 7 3
6 3 7 3 1 6 7 3 6 4
1 1 4 2 2 3 0 6 3 3
6 7 0 2 1 3 6 6 6 4
7 0 0 4 5 1 0 7 0 2
0 1 1 6 6 6 3 6 7 3
6 7 4 2 5 4 0 6 0 7
4 7 3 5 0 2 1 7 6 3
3 6 3 7 7 4 5 7 1 4
6 7 3 7 2 4 2 4 6 5
3 2 6 7 5 7 6 0 5 6
5 1 0 7 6 3 6 5 7 4
1 4 2 5 2 3 3 7 5 1
7 4 2 5 3 0 6 3 1 7
4 0 7 3 0 5 5 1 7 3
1 6 6 7 1 3 0 5 1 3
5 4 3 0 2 6 7 6 6 2
2 3 6 1 7 5 2 0 0 7
0 0 2 0 4 1 2 4 0 7
0 5 3 4 3 4 3 6 6 4
1 5 0 4 7 2 3 0 4 5
0 3 4 4 5 5 3 3 5 7
0 2 6 3 5 6 0 0 0 4
7 3 2 6 6 0 3 4 1 0
5 3 6 0 7 1 4 2 6 7
5 1 0 5 5 4 4 7 0 7
5 3 7 7 2 1 2 3 5 7
0 2 2 7 2 2 6 0 4 4
4 3 0 7 2 1 5 7 7 3
1 1 0 3 5 1 5 4 1 3
7 6 3 2 6 1 4 2 1 2
0 1 1 6 2 5 0 6 5 6
6 5 4 3 3 5 7 1 7 3
0 3 6 1 7 3 6 3 6 3
3 5 4 4 1 3 3 5 2 5
1 3 2 2 0 7 1 5 1 2
0 7 2 1 6 6 7 5 6 4
5 0 4 6 1 1 4 3 0 5
0 5 2 6 7 6 2 4 6 1
2 0 5 2 7 6 4 6 4 4
6 1 1 4 1 5 2 6 1 6
4 6 3 0 5 5 4 4 3 1
4 7 7 2 2 3 4 0 1 7
1 5 7 5 2 7 7 6 1 4
2 0 2 6 1 1 6 1 4 0
7 2 6 7 4 2 6 1 2 5
4 2 5 2 0 5 4 5 7 2
3 0 1 3 2 4 0 6 1 5
7 3 3 3 2 4 3 5 1 6
0 5 7 0 5 3 4 0 0 6
2 7 5 7 7 4 3 7 7 6
7 0 1 6 2 5 0 1 1 6
6 4 0 3 2 2 7 5 7 1
4 3 2 6 4 7 2 0 7 2
1 5 2 0 7 0 5 2 7 4
4 3 6 7 7 7 7 0 1 4
5 3 2 1 0 7 6 7 5 2
7 1 6 0 1 6 3 4 5 2
3 5 6 0 5 5 0 3 2 2
5 3 3 1 7 6 3 1 2 1
0 7 7 4 3 6 7 7 0 3
5 4 5 5 5 0 0 2 0 1
1 1 0 7 2 6 6 6 7 0
7 6 1 1 1 7 0 4 4 2
0 7 1 5 5 2 3 3 3 6
7 2 7 3 1 1 1 4 6 2
7 5 1 2 6 1 0 2 1 1
5 2 0 7 5 2 2 0 1 4
6 3 6 6 0 2 0 3 1 1
7 2 3 6 3 4 6 3 0 3
3 3 0 5 6 1 0 3 6 0
4 0 3 5 2 0 2 1 5 3
7 6 4 6 5 1 3 3 7 3
6 2 0 4 7 7 3 3 0 1
1 7 0 1 3 0 2 6 0 7
7 3 2 5 6 6 6 2 2 5
3 1 0 5 2 1 0 4 2 6
7 5 4 2 3 6 0 2 2 4
5 3 7 1 7 4 6 4 1 4
0 3 4 4 6 6 7 7 1 3
6 2 5 2 3 6 3 6 4 7
3 7 3 0 0 3 0 3 2 6
4 1 6 5 7 5 6 1 6 3
6 0 4 7 2 3 5 2 4 1
0 0 5 4 3 1 4 5 4 5
4 2 0 5 2 2 6 2 5 4
5 5 7 0 0 6 7 5 6 7
7 1 0 4 1 7 0 2 3 3
6 5 7 4 1 4 6 2 4 7
4 3 0 5 1 6 3 6 4 3
2 7 1 3 0 1 6 5 2 0
2 7 0 4 0 7 6 4 7 2
92 56 19 29 44 90 68 89 42 18
65 57 88 17 17 57 55 6 76 53
80 69 27 41 19 39 65 80 77 51
89 87 9 67 31 66 88 87 21 28
4 29 56 87 64 64 92 92 9 5
81 88 30 42 75 80 32 56 92 33
64 87 55 32 3 81 80 78 43 88
55 91 16 66 6 16 64 29 63 39
55 93 93 81 9 76 76 68 93 44
78 44 88 44 15 80 88 45 77 52
19 20 51 30 32 45 7 75 41 40
78 89 3 28 20 44 77 77 77 56
91 9 6 52 64 20 5 87 3 27
7 21 21 80 79 77 42 80 90 41
78 93 54 32 67 56 5 75 3 87
53 90 40 68 8 31 15 88 81 42
40 76 44 93 89 51 65 88 20 57
80 90 43 88 31 51 29 57 78 63
45 31 80 92 69 90 75 5 68 81
65 16 3 89 78 42 75 66 92 55
21 53 27 67 31 41 40 88 69 20
91 55 33 65 43 5 76 45 21 92
53 7 90 41 7 64 64 19 87 41
15 80 78 91 20 43 8 64 15 42
64 53 41 5 31 78 91 75 75 31
31 44 77 16 92 64 28 9 7 92
8 8 27 7 57 18 29 51 4 88
5 69 45 51 39 54 39 80 81 52
18 69 7 56 88 29 44 4 51 65
9 40 56 51 66 65 44 45 64 91
6 32 79 43 63 75 8 4 7 56
90 41 30 79 81 9 41 51 20 5
68 45 76 6 91 16 54 28 78 90
69 21 4 68 63 53 54 89 7 92
64 39 91 88 28 15 29 40 68 90
5 28 27 89 31 27 77 4 51 53
54 43 6 92 33 21 69 88 92 44
16 17 9 40 69 17 69 51 16 41
89 81 44 32 79 18 53 30 20 33
6 17 17 77 33 67 7 79 66 77
81 68 56 40 43 64 87 15 89 43
7 39 77 16 92 43 81 42 81 44
42 64 56 55 18 45 40 68 31 65
15 45 32 27 4 93 19 68 17 30
9 90 30 20 79 76 90 66 79 51
68 5 55 80 19 18 54 39 8 65
6 69 30 80 93 80 28 51 80 19
30 3 65 31 88 76 52 75 57 52
78 21 21 52 19 69 27 80 15 77
52 77 42 3 69 69 54 51 42 21
57 89 87 33 30 39 53 3 18 93
16 66 87 66 30 88 87 79 17 56
30 8 27 78 16 21 77 15 55 4
91 28 80 92 51 27 75 17 30 67
53 29 66 31 6 66 53 66 90 33
39 5 18 41 28 51 7 79 21 63
88 44 41 40 29 55 43 64 20 79
6 69 87 5 69 45 55 4 5 80
32 88 69 87 92 51 43 88 93 78
91 3 18 78 27 69 6 15 19 79
75 53 9 41 31 27 93 68 93 17
52 42 29 76 55 89 27 7 91 33
16 69 28 9 91 5 63 33 92 56
53 40 77 87 87 93 93 7 17 53
66 44 30 16 3 89 75 91 66 28
91 16 76 5 19 79 41 52 67 32
42 65 75 3 66 63 5 45 31 29
69 39 39 19 93 79 45 17 33 18
9 89 92 54 39 77 88 89 8 45
67 57 67 64 69 5 5 28 3 17
17 19 6 92 29 78 81 80 89 7
89 77 20 18 18 90 7 56 56 33
8 88 21 69 63 31 45 42 43 79
87 29 92 41 18 19 15 54 76 28
90 64 17 33 81 20 8 29 15 18
65 27 6 92 65 31 31 6 18 51
81 45 79 75 3 31 9 40 17 17
92 27 42 81 43 57 80 39 3 40
42 43 7 64 77 17 3 44 78 5
53 3 44 64 28 8 31 15 69 45
93 80 52 81 65 21 42 45 91 44
81 33 8 55 92 91 42 40 4 17
16 91 7 20 44 6 27 81 4 91
92 42 28 66 76 75 78 28 27 69
44 17 9 64 31 19 6 54 33 77
93 69 52 28 40 81 8 32 27 53
64 40 87 16 90 54 77 52 21 57
8 44 53 53 79 78 92 87 18 41
76 31 64 28 41 76 39 76 51 90
42 92 39 4 6 44 8 39 29 75
51 15 81 67 87 64 75 18 79 42
77 5 56 87 32 41 67 29 55 21
5 8 68 55 41 17 51 65 52 65
51 29 8 66 31 27 78 29 64 52
68 65 89 6 4 78 89 63 80 89
90 21 6 57 15 90 6 32 43 43
79 64 88 52 18 56 78 29 51 89
57 41 4 69 16 77 45 80 53 43
32 92 21 41 3 19 78 68 30 5
27 93 4 53 5 91 76 51 93 28
