0 2 6 5 5 0 5 6 1 6 2 3 1 1 3 7
3 5 0 0 6 6 3 6 0 0 1 2 1 0 3 1
1 4 5 1 4 3 0 4 1 0 5 7 1 6 1 4
5 7 5 5 6 6 6 1 4 1 5 1 7 6 7 7
6 1 1 0 7 2 7 3 2 7 5 2 6 2 4 1
7 5 4 0 4 0 0 1 5 3 0 5 3 6 2 0
3 0 0 0 5 5 2 2 4 3 1 1 3 6 4 1
2 0 2 0 0 7 5 0 7 7 5 6 7 1 0 0
4 2 0 1 1 0 7 4 6 1 6 5 2 2 0 4
1 6 1 6 6 0 1 0 2 6 0 4 5 6 5 4
0 2 2 5 6 2 4 5 7 5 4 0 7 4 6 1
6 2 2 5 7 7 3 4 7 6 6 7 3 3 5 4
6 0 5 1 2 3 3 4 2 6 1 4 2 0 7 4
3 7 5 3 0 6 4 3 5 4 0 6 5 0 3 0
5 7 3 2 3 4 0 7 3 5 4 2 7 7 1 1
6 5 0 7 4 5 6 5 6 2 5 2 7 7 2 3
6 27 80 65 69 6 67 80 17 80 32 39 20 17 41 88
45 69 9 5 75 78 40 81 8 9 20 33 21 4 42 16
17 56 69 20 56 45 4 57 17 4 69 88 17 80 21 52
67 87 67 66 80 76 79 20 53 17 66 21 90 77 93 88
76 17 20 3 87 30 92 45 28 92 67 33 81 27 51 18
92 67 55 7 53 6 5 16 65 39 6 65 39 75 30 8
41 8 7 8 64 69 29 27 54 41 15 20 43 75 57 15
30 8 31 6 4 89 67 4 92 91 63 80 92 18 7 5
57 27 7 15 21 8 92 54 81 20 81 69 30 27 9 51
19 78 16 78 77 8 16 6 33 78 4 54 69 78 67 57
8 28 31 63 79 30 56 69 92 66 56 3 90 51 81 16
76 33 33 67 90 87 40 53 89 77 75 88 45 41 65 52
75 6 68 20 30 45 45 55 30 81 17 55 33 3 87 52
40 89 66 44 7 75 52 41 68 57 9 81 68 4 39 8
69 88 41 31 41 51 7 89 43 65 57 28 89 88 20 15
77 69 8 92 51 68 76 65 77 28 69 29 89 88 32 45
