7 6 5 3 0 4 1 1 2 2 0 2 4 3 1 5
6 0 6 2 3 2 4 4 3 4 0 5 0 1 6 0
4 4 7 4 3 3 4 7 5 4 3 3 2 1 2 6
7 3 7 3 0 1 7 5 1 4 2 7 4 7 7 2
3 7 6 1 1 2 2 6 2 7 0 0 5 6 2 7
2 2 1 1 3 7 0 3 3 6 5 5 0 3 6 2
2 5 1 3 7 5 7 0 0 2 6 3 7 6 2 3
5 7 4 3 6 0 7 7 4 1 7 0 3 0 5 2
6 3 2 2 1 4 2 0 0 3 2 2 3 4 1 4
2 7 3 5 5 1 0 1 1 5 0 2 4 4 6 1
4 0 4 5 7 2 0 2 6 7 7 3 0 3 0 6
4 4 5 7 3 7 5 7 3 2 7 0 0 4 4 3
5 6 6 6 7 6 3 7 6 2 7 2 5 6 5 5
2 5 4 1 6 0 7 1 7 3 3 0 1 3 0 2
1 6 5 5 4 3 0 0 5 0 1 5 2 1 1 0
7 0 7 4 4 1 3 5 4 0 7 4 6 4 0 3
89 78 67 44 4 51 20 20 33 31 4 27 51 40 18 64
77 5 75 30 41 30 53 55 42 56 7 65 8 17 81 8
52 52 90 54 45 42 57 92 63 54 43 43 29 17 28 80
90 39 89 40 3 21 89 69 15 53 30 88 56 90 87 33
43 92 79 19 17 31 28 75 31 88 5 7 64 76 29 91
29 27 15 18 44 89 7 45 39 81 68 66 8 41 81 30
32 66 15 43 93 68 93 5 3 32 75 40 90 81 32 42
66 88 53 43 78 3 87 88 51 21 88 7 39 6 66 32
81 39 28 32 20 51 30 5 6 40 31 28 39 54 21 55
27 87 41 67 64 17 4 21 19 66 8 32 56 57 75 16
53 8 56 66 92 33 9 33 77 91 91 40 8 42 3 76
55 53 65 92 39 88 68 87 43 32 93 4 3 53 55 45
68 78 75 78 90 79 43 91 80 30 90 31 68 76 63 63
32 69 54 20 75 8 90 16 93 39 41 4 17 45 8 33
15 75 68 67 52 41 9 9 63 9 15 63 33 16 21 8
92 4 92 57 52 17 44 66 55 9 91 55 75 55 7 44
