0 4 7 1 3 5 1 2 1 2 5 2 3 7 7 3
5 1 5 6 2 5 5 7 3 7 3 4 3 4 4 2
0 2 1 0 4 0 3 5 4 2 5 6 2 0 6 4
3 3 6 7 0 1 1 4 0 6 0 1 4 0 3 1
2 5 2 1 3 2 7 0 3 0 7 1 2 2 2 2
6 1 5 6 3 5 6 1 7 6 0 2 0 0 0 1
2 0 6 3 2 4 4 3 7 2 1 5 7 2 1 4
5 1 2 6 7 4 2 2 4 7 6 5 7 5 5 2
5 5 0 2 3 6 3 4 1 1 7 2 4 5 3 5
0 1 4 3 3 2 7 0 0 2 1 5 3 5 6 3
3 4 5 2 0 7 4 1 1 0 5 1 7 5 1 4
5 1 6 5 4 6 7 5 7 0 7 5 5 0 2 4
3 1 3 1 5 1 5 6 0 0 7 0 3 5 6 6
5 5 3 7 1 4 1 6 6 0 4 1 4 0 6 1
5 3 3 3 2 4 1 5 1 4 2 5 1 5 0 7
3 5 1 0 2 5 0 5 6 1 5 7 5 6 4 0
5 51 92 18 39 69 16 29 20 30 63 33 42 90 90 41
67 21 69 75 28 64 64 93 45 89 44 53 45 54 51 33
3 30 15 4 51 3 43 64 52 33 64 77 28 4 78 51
39 42 80 92 9 19 15 52 3 77 9 20 56 9 43 15
27 64 28 16 43 33 89 8 43 7 87 21 28 27 32 28
79 16 68 77 43 68 78 20 91 75 7 27 9 5 3 19
33 4 81 41 33 52 53 39 89 30 19 65 92 30 20 51
68 15 30 75 91 56 32 31 51 87 76 69 93 65 65 33
67 67 9 31 41 79 45 54 20 19 90 27 57 66 39 68
5 15 57 45 40 28 90 6 7 31 20 64 43 67 80 39
44 51 65 31 5 87 54 18 20 6 67 16 87 65 19 52
66 19 79 65 53 80 90 67 90 9 88 66 67 5 32 54
43 19 44 20 63 21 66 80 7 4 88 6 39 66 81 76
65 66 43 91 16 54 17 79 75 3 56 16 56 4 79 17
68 41 41 42 31 53 16 63 18 55 31 68 20 66 6 92
45 64 18 7 30 63 7 63 77 21 69 88 67 81 55 7
