0 4 4 3 4 1 2 0 0 2
3 0 3 7 7 7 1 7 2 4
7 2 6 5 1 3 4 4 6 6
4 3 5 0 4 2 1 1 2 1
3 0 1 6 5 3 3 2 3 5
6 3 1 7 3 5 5 0 7 5
7 4 4 0 4 3 2 5 4 7
1 4 0 4 4 0 4 0 7 3
0 5 6 6 6 2 0 2 2 0
5 7 1 1 0 3 7 6 3 0
3 3 0 7 1 6 2 5 3 1
5 4 6 4 7 5 0 1 2 0
5 7 1 6 1 1 2 2 5 5
7 6 6 1 6 1 0 7 4 4
4 1 2 1 7 0 5 2 4 0
2 6 1 0 4 2 2 3 5 3
5 2 2 1 0 1 3 2 7 0
0 0 3 4 3 0 5 0 5 4
5 6 4 6 5 7 3 5 2 5
0 3 5 0 0 6 3 4 0 0
0 5 0 6 2 7 0 7 6 6
7 5 4 1 4 4 6 4 5 2
7 7 3 3 3 3 2 6 4 4
5 3 4 2 7 2 3 0 5 3
6 2 7 1 6 3 5 6 3 1
0 5 0 2 3 4 4 4 7 0
3 5 0 4 5 2 1 3 0 7
0 6 0 6 2 6 0 3 6 6
6 7 7 0 2 3 5 3 1 7
6 3 4 5 6 7 6 5 6 4
1 5 6 1 4 6 1 7 1 4
7 5 6 3 7 3 1 7 1 5
7 4 7 3 7 5 0 1 7 4
5 2 0 0 7 6 6 2 7 2
5 5 5 0 6 0 6 3 3 6
2 6 1 6 0 0 2 2 7 3
7 7 4 1 6 5 0 3 6 3
0 3 1 7 3 5 1 1 7 1
5 4 4 5 4 4 7 3 7 1
5 2 1 7 0 3 4 1 2 0
6 5 2 4 5 5 0 3 7 5
4 3 3 0 2 1 2 3 7 2
5 2 7 1 5 6 7 1 4 3
6 2 2 0 2 5 0 3 3 6
1 4 3 1 4 0 2 7 5 5
3 6 5 7 0 2 7 7 6 7
7 4 1 7 6 5 0 5 2 5
3 1 2 5 5 2 3 7 0 3
1 2 2 0 6 0 5 0 0 5
5 7 3 2 3 7 3 0 2 5
5 7 5 1 1 2 6 1 3 1
7 3 6 2 0 6 3 1 5 6
4 4 7 1 7 3 6 5 0 7
2 4 5 3 0 1 6 1 6 0
1 2 6 2 3 1 3 0 0 7
7 5 6 4 4 0 6 3 1 3
7 7 6 5 0 4 2 1 0 0
7 4 5 2 7 6 6 6 7 6
0 5 5 4 4 0 6 0 4 6
6 5 1 0 5 1 2 4 7 1
0 1 0 6 6 1 5 7 7 5
1 6 4 3 0 1 3 5 1 1
1 6 4 1 6 0 5 6 6 7
1 6 3 1 1 2 6 7 1 5
4 3 6 0 5 2 3 4 1 2
2 5 0 0 5 6 6 6 6 1
5 7 6 0 1 4 1 6 0 0
2 4 5 7 6 1 2 2 5 0
6 1 7 1 0 5 6 4 7 5
1 3 2 7 5 6 6 2 0 4
3 4 3 7 0 4 0 1 4 3
1 7 2 6 3 1 0 6 0 5
7 6 3 0 5 3 6 0 4 4
5 6 2 7 1 7 5 2 5 0
3 6 0 0 3 6 2 3 5 3
1 2 7 4 1 7 6 0 4 1
2 5 2 2 6 0 6 6 7 5
5 6 2 6 2 4 0 0 1 1
7 0 7 0 0 6 7 6 1 1
6 2 4 5 0 6 4 3 1 1
7 7 2 2 3 1 7 0 1 2
3 4 0 0 2 2 2 1 4 3
0 7 0 0 6 7 6 0 3 2
3 5 4 2 0 7 6 2 7 6
1 6 2 3 1 7 4 3 4 5
7 4 0 2 3 5 4 6 2 7
1 1 7 0 6 0 7 6 6 4
1 2 0 2 5 1 3 0 2 2
4 4 0 3 5 2 7 7 7 2
7 1 6 6 5 4 5 7 6 6
6 1 4 5 0 3 4 1 6 3
4 0 4 6 0 1 1 4 4 2
1 1 5 7 3 0 7 4 6 1
4 4 6 3 7 6 4 6 3 1
4 2 6 3 0 0 7 2 0 3
5 7 4 1 6 6 5 6 2 6
7 4 2 2 2 1 7 4 2 4
0 4 3 7 6 6 2 3 7 1
4 0 3 5 4 4 5 7 0 6
4 2 3 7 7 3 1 6 6 4
4 57 56 41 52 18 29 7 5 28
45 8 40 88 88 90 16 93 30 53
92 28 79 63 18 45 53 54 80 75
57 42 65 5 55 28 21 21 33 15
45 9 21 77 66 43 44 32 45 65
81 40 15 93 42 65 64 9 89 64
90 55 53 4 57 41 33 64 52 92
17 53 6 57 53 3 53 5 92 40
4 66 77 80 75 27 5 31 28 5
65 93 19 15 8 39 89 75 42 9
42 45 8 91 17 81 28 63 39 18
67 51 77 51 87 64 7 15 28 7
66 87 19 77 16 18 27 32 69 64
90 77 81 17 77 20 6 89 56 53
56 21 32 17 89 6 63 30 57 8
27 77 16 7 54 31 27 41 66 42
64 32 31 15 7 16 40 33 92 6
7 5 44 51 45 8 67 3 68 57
67 81 53 80 63 88 45 64 28 67
3 40 67 6 6 79 40 53 8 4
9 67 9 77 31 87 5 89 78 80
87 63 55 16 52 54 76 53 67 32
87 91 39 45 45 45 29 81 54 54
65 43 51 29 87 27 43 6 64 44
78 32 87 21 80 39 64 81 43 20
7 67 3 28 41 53 53 52 89 6
45 64 7 52 63 30 20 41 9 93
7 77 7 78 31 78 7 40 78 76
81 90 93 3 31 40 68 42 15 87
76 44 55 64 79 88 76 64 76 52
17 65 79 19 55 80 20 89 17 57
93 68 76 41 91 43 21 88 17 69
92 54 91 39 88 67 6 16 87 53
69 29 5 8 91 76 80 33 91 31
64 67 64 3 77 4 77 40 44 81
27 77 21 79 6 4 31 32 89 39
90 87 52 16 76 63 4 41 81 44
8 45 21 87 40 68 17 18 88 18
65 55 53 65 52 52 93 41 87 16
65 28 20 91 6 45 57 21 29 3
79 63 27 53 67 65 7 42 87 65
53 40 43 9 33 21 33 45 87 29
66 30 93 16 65 78 93 15 56 45
75 29 29 5 32 64 9 39 45 76
20 51 41 17 52 3 33 93 64 68
39 81 68 91 4 31 87 91 79 92
88 56 21 91 76 67 3 66 30 69
41 16 32 66 67 29 39 90 7 40
18 31 29 8 80 6 65 8 9 66
66 93 44 29 42 88 42 3 29 67
63 93 67 20 21 27 77 15 41 18
91 45 77 30 5 79 45 16 67 77
51 51 91 18 88 44 76 63 9 88
33 56 67 45 3 17 81 16 80 9
16 28 76 30 39 19 40 9 8 90
92 65 77 56 55 8 77 41 20 45
93 92 77 63 5 54 32 18 7 4
90 54 67 32 87 81 76 76 88 78
5 69 66 53 52 9 78 6 56 80
76 65 21 3 67 18 28 55 91 20
7 17 3 78 78 20 64 88 87 66
16 76 56 40 9 18 45 69 17 17
15 78 55 16 79 5 68 79 78 92
17 81 45 19 16 31 75 91 16 65
55 41 78 5 64 33 39 52 18 31
32 66 3 5 65 78 80 79 79 21
67 92 76 4 17 52 15 77 7 8
31 56 68 93 79 20 30 28 65 7
81 18 92 15 9 63 76 54 90 66
19 42 28 88 64 79 80 29 7 53
42 52 44 91 8 54 8 19 56 39
21 89 33 78 44 19 5 79 5 64
88 77 40 4 69 45 78 7 57 52
66 80 32 91 16 90 66 30 65 8
42 77 9 9 39 80 31 45 65 41
19 33 88 55 21 87 75 7 51 19
30 68 30 29 77 6 76 80 87 69
64 80 27 75 29 56 3 4 19 18
91 7 92 4 9 81 90 80 19 18
81 30 53 68 6 77 54 44 15 15
87 88 27 30 42 17 92 3 17 29
41 56 7 6 29 31 29 15 55 44
5 87 4 9 80 92 76 4 39 29
39 64 52 33 5 88 81 31 91 81
21 75 31 45 17 90 56 45 56 69
87 56 5 30 43 66 55 80 33 91
16 16 88 4 80 5 92 80 76 54
17 30 3 33 65 21 40 7 27 33
51 53 9 44 65 33 90 88 91 27
92 15 75 80 64 55 68 91 76 79
77 20 56 66 4 41 57 19 80 44
52 8 56 75 7 21 19 56 56 27
20 19 64 88 40 4 87 52 81 17
56 57 79 43 93 78 52 81 41 21
56 29 79 39 5 4 88 30 7 40
64 93 57 21 77 77 69 75 28 79
88 54 27 29 31 21 91 54 33 53
9 53 45 90 77 77 31 41 88 20
55 4 42 67 54 56 65 90 4 79
55 27 42 87 87 45 19 79 75 52
