7 5 5 3 2 3 7 1 4 2 0 3 5 6 0 6
1 0 6 7 1 3 2 5 2 2 0 1 3 5 7 4
0 2 4 6 3 6 4 0 7 7 5 4 7 0 4 5
3 3 4 5 4 7 3 6 4 1 4 4 7 5 1 3
7 2 0 3 2 6 6 1 7 0 4 7 2 6 7 2
2 6 0 6 1 3 5 6 4 2 7 0 1 7 6 4
3 3 3 7 0 0 5 6 4 4 4 2 3 3 4 1
3 5 3 5 6 3 7 5 1 3 6 5 5 5 5 0
7 6 3 0 1 7 2 5 7 2 0 0 2 5 3 5
4 3 6 1 1 2 7 0 6 4 7 3 6 5 2 4
6 4 4 7 6 4 2 0 5 1 6 7 3 2 1 7
7 4 3 5 3 0 7 3 2 2 0 1 6 6 4 1
1 4 0 2 4 0 3 7 7 5 1 2 2 6 3 3
4 0 0 5 4 7 4 3 6 4 3 0 6 3 2 3
7 3 5 6 0 6 3 7 3 4 7 6 3 3 7 6
0 7 1 2 7 2 7 1 1 4 0 2 4 0 0 0
90 67 69 41 27 41 90 20 53 33 5 43 67 80 7 78
16 3 80 93 21 40 30 68 29 29 7 15 40 64 93 51
8 30 57 78 41 80 51 6 90 88 69 56 92 7 52 68
45 42 51 67 54 93 42 81 52 21 55 51 87 67 18 41
88 29 8 44 29 79 75 20 93 6 56 90 28 79 91 29
31 78 7 75 18 44 64 78 56 29 88 3 20 92 79 53
44 40 45 88 4 3 65 79 52 54 53 27 43 45 54 16
43 69 41 64 81 39 88 69 17 42 81 65 64 66 66 4
90 79 45 4 17 88 32 64 93 28 9 6 29 67 39 69
52 41 81 21 21 28 89 3 79 52 93 44 75 63 30 52
78 57 51 91 77 55 27 7 66 18 77 89 42 32 18 90
93 56 44 68 41 4 87 43 33 28 4 21 76 75 52 17
17 52 7 30 55 6 43 91 88 63 16 31 33 75 45 44
55 5 7 69 51 87 54 39 79 53 44 4 75 43 29 43
88 40 69 78 7 78 39 87 39 55 87 78 41 40 90 77
9 89 21 30 89 27 93 15 19 52 7 33 57 3 9 3
