7 2 1 0 5 5 3 7 7 3 4 6 6 2 1 7
0 4 7 5 7 0 0 5 4 1 0 2 4 2 0 3
0 2 1 3 6 6 0 3 0 5 0 3 5 2 3 2
4 0 6 0 6 4 5 1 5 3 5 1 0 3 7 1
1 5 0 2 5 7 0 3 2 4 5 7 6 2 2 2
3 0 6 1 1 0 3 4 7 1 6 3 1 2 5 3
4 6 3 6 4 5 2 1 3 3 1 6 0 6 6 4
4 5 1 1 3 4 3 1 2 2 7 5 2 0 6 7
0 7 1 0 2 6 6 2 7 0 5 2 2 0 4 1
5 6 2 5 0 0 6 7 0 6 1 4 1 3 7 2
2 2 7 6 1 7 2 5 1 3 0 5 0 4 0 2
3 5 5 4 0 4 3 7 7 0 5 0 3 0 3 2
0 5 4 6 7 6 6 1 7 0 3 5 3 1 4 0
4 7 4 1 4 5 5 6 6 1 7 2 5 7 5 2
2 3 4 6 2 3 0 6 1 2 4 6 2 2 4 1
1 3 3 7 4 5 3 7 6 5 4 3 5 7 6 3
91 30 15 6 65 66 41 87 87 44 53 77 76 29 15 88
7 51 93 66 90 9 4 66 55 16 8 27 54 28 7 44
9 32 18 45 76 78 5 42 5 66 8 41 69 32 42 27
55 9 78 5 80 51 64 20 69 42 69 19 7 43 93 18
15 68 6 33 64 91 4 44 29 56 66 91 77 27 32 31
40 4 80 18 15 6 39 57 91 20 79 40 21 32 69 42
52 80 45 76 56 67 31 18 41 42 17 80 7 75 75 55
56 65 17 19 43 56 41 16 31 29 88 68 27 7 81 89
4 92 18 7 32 78 79 30 88 9 67 31 32 4 54 19
63 81 31 69 9 4 81 91 6 81 18 57 19 45 87 32
30 33 89 77 16 91 28 64 17 40 9 63 3 54 9 29
41 68 69 54 9 53 42 91 87 6 63 8 44 5 44 31
4 64 55 77 89 76 76 15 87 7 44 67 41 21 55 9
54 93 56 16 55 64 66 76 80 16 91 33 64 89 69 32
30 43 57 77 33 40 7 80 17 30 52 77 30 30 55 18
17 44 41 93 57 63 44 87 75 69 52 41 65 90 78 45
