3 5 3 1 0 5 5 0 7 0
7 2 0 7 4 3 7 4 2 7
6 5 3 7 1 5 2 6 7 2
5 2 5 0 0 3 1 3 3 4
2 7 2 1 2 4 5 2 4 3
0 6 7 1 0 7 1 6 7 5
4 3 5 3 7 5 2 7 6 6
1 1 2 6 6 6 6 3 5 4
1 0 6 1 6 3 1 7 1 0
4 2 2 7 5 1 7 7 7 1
1 4 4 2 5 5 7 2 0 4
2 3 6 5 2 7 6 5 1 6
7 1 0 3 5 2 1 3 2 5
4 7 1 2 4 7 2 0 1 5
4 1 7 3 3 4 6 7 0 0
4 6 2 3 7 4 5 2 1 5
2 0 3 2 1 7 5 6 0 1
6 6 3 4 2 0 1 2 5 0
6 2 1 7 0 6 7 2 6 4
3 5 0 3 4 4 4 0 1 3
6 6 2 4 7 1 6 7 0 1
5 3 4 1 4 4 5 1 1 4
6 0 7 7 6 7 7 2 5 0
4 1 6 7 0 3 3 4 4 4
5 7 5 4 5 3 4 2 0 6
4 5 6 3 7 2 0 7 1 7
1 7 7 7 3 4 5 0 4 4
0 4 7 3 2 0 0 2 5 3
1 7 1 7 0 6 2 2 1 1
4 0 2 1 4 1 3 3 2 7
2 0 3 2 6 0 4 5 5 3
1 2 1 3 2 4 2 0 7 2
4 2 3 1 2 3 0 2 1 2
3 5 2 6 2 6 2 3 6 5
1 4 3 4 5 0 0 3 0 5
4 4 2 1 4 2 2 1 6 6
6 5 7 7 3 1 2 2 5 0
0 7 1 6 5 6 6 5 1 4
3 3 2 4 0 1 3 5 5 4
0 7 0 3 5 1 6 2 7 4
7 6 5 5 3 5 4 2 0 5
1 0 1 3 4 1 2 7 4 3
2 4 2 5 5 7 7 7 4 7
1 3 6 3 2 5 1 1 2 5
6 3 7 3 5 2 5 5 4 6
4 5 5 3 4 0 7 6 4 1
5 7 4 5 7 2 2 1 7 1
4 1 6 1 5 6 4 1 3 6
1 1 4 2 1 7 0 0 1 6
5 6 4 5 5 1 5 7 5 6
3 7 1 2 2 6 6 5 3 5
0 3 3 1 6 7 6 5 3 7
1 5 4 7 1 5 2 7 2 6
6 1 6 2 1 1 5 1 1 3
3 6 7 1 5 1 2 6 4 4
3 7 3 6 3 4 6 1 7 5
4 0 2 0 1 2 7 3 3 4
0 1 5 0 0 1 0 5 0 5
6 7 5 2 6 2 2 2 2 4
4 3 1 0 3 0 1 5 6 5
3 6 1 4 6 5 7 2 6 2
7 6 5 0 2 5 5 1 6 6
7 4 1 7 3 5 3 4 4 3
1 4 3 4 3 4 2 4 2 5
2 1 5 3 0 3 1 2 7 5
0 0 7 5 2 5 7 5 5 0
0 3 5 2 6 2 4 5 0 4
3 0 3 1 3 3 1 5 6 2
2 6 1 0 7 3 4 0 7 6
2 5 5 7 4 0 7 6 7 4
6 1 3 5 7 5 4 6 7 3
2 7 7 6 3 6 5 6 7 2
5 3 6 4 0 3 4 5 6 3
0 6 0 6 4 4 7 5 7 1
1 2 6 1 4 7 6 1 4 6
3 1 0 6 3 2 4 2 3 6
5 5 1 5 0 5 3 1 6 1
1 3 3 5 7 0 2 0 0 0
0 1 3 2 6 1 0 2 2 7
0 7 7 4 0 5 4 7 2 7
0 5 1 2 7 1 4 4 6 7
1 1 3 3 7 0 1 5 3 1
2 5 4 3 4 0 5 0 4 7
6 1 7 5 5 5 0 3 7 7
3 1 6 6 0 3 5 5 2 3
7 0 7 2 5 1 2 6 2 1
2 3 6 6 1 5 0 4 2 4
6 0 5 3 5 6 5 7 6 4
5 3 0 4 7 7 7 4 6 2
6 5 2 5 7 0 1 6 3 3
3 2 5 3 5 1 6 0 4 5
7 0 5 3 4 7 1 0 4 5
7 4 6 6 1 2 3 4 1 4
3 5 4 2 1 3 0 7 4 0
0 2 6 1 6 1 1 4 2 1
2 6 7 3 7 0 6 1 2 4
7 0 7 4 5 5 2 4 3 1
5 6 6 6 3 7 4 6 5 6
6 5 5 2 2 4 3 5 4 0
7 7 4 4 0 7 3 1 0 2
41 67 45 20 8 68 63 4 89 8
92 31 4 92 57 43 92 52 29 90
79 67 42 90 21 68 33 79 93 30
66 28 63 7 5 40 18 45 39 56
30 89 27 20 31 56 68 27 57 39
6 81 89 15 4 92 16 78 91 64
56 43 65 40 92 69 31 90 80 77
17 16 28 76 80 76 75 45 64 56
16 7 77 19 80 41 17 92 17 5
55 31 28 90 66 18 87 93 92 18
16 54 54 28 66 69 91 32 7 53
31 43 77 69 29 88 78 68 15 79
88 21 4 41 63 33 20 44 32 68
52 89 18 29 55 90 31 7 21 65
55 17 90 45 40 57 78 88 3 8
56 79 28 41 93 51 66 33 17 65
28 4 45 33 18 92 68 75 7 19
79 76 43 52 29 9 15 31 69 3
79 31 18 91 7 78 89 27 78 56
40 69 3 39 53 52 52 7 19 43
81 75 27 54 91 17 79 87 3 15
64 40 54 20 54 55 66 16 18 56
79 9 92 93 80 91 92 28 63 7
53 15 78 91 7 43 45 57 51 52
63 92 66 52 68 41 56 31 5 75
56 69 76 42 93 28 6 91 21 91
16 89 88 92 44 53 65 7 54 56
3 56 87 41 31 7 4 27 66 39
16 90 21 92 4 81 27 27 17 16
57 4 29 15 51 17 40 41 31 93
33 9 39 32 80 4 55 69 68 43
17 30 15 40 30 55 28 5 93 29
51 28 40 20 31 40 9 28 15 28
41 63 31 79 32 79 28 41 76 66
17 53 42 52 69 5 3 42 6 69
52 56 31 16 54 27 30 16 77 80
79 68 91 87 44 16 29 28 68 9
5 93 17 76 64 78 79 63 21 51
45 40 32 56 4 21 40 68 68 56
7 93 4 44 67 16 78 28 88 55
87 78 67 66 41 65 55 32 8 63
20 8 19 43 51 16 32 87 51 43
31 54 31 65 66 93 93 92 57 87
18 40 81 45 30 69 21 21 28 68
78 42 88 44 66 27 67 68 54 78
55 69 68 45 57 3 90 77 54 19
65 87 54 69 87 27 33 18 92 17
57 21 79 19 66 76 52 18 41 76
15 17 52 31 21 89 7 8 18 78
67 79 53 65 66 18 69 87 64 78
40 90 17 29 33 77 81 63 39 64
3 45 43 17 79 93 76 69 43 93
19 63 51 87 15 63 27 88 33 80
80 20 80 30 20 19 65 20 17 39
39 76 90 16 65 18 27 79 53 52
45 87 41 81 40 51 78 21 92 63
55 6 30 6 16 27 90 45 42 54
4 17 69 8 3 16 6 68 6 68
77 93 68 27 76 28 30 29 33 55
52 39 15 7 42 5 19 68 76 66
42 80 15 51 79 65 93 29 79 30
88 78 66 8 33 65 69 18 78 81
90 57 19 91 41 65 40 52 57 40
19 53 43 53 39 55 32 51 28 65
29 20 63 42 7 41 19 32 89 63
3 7 90 63 27 64 91 68 67 4
3 43 66 28 79 27 56 65 5 53
44 5 40 16 40 45 20 63 78 32
32 77 15 4 89 45 55 3 92 75
27 68 69 92 57 3 91 79 88 57
79 15 42 63 93 67 56 78 91 42
30 93 88 81 43 80 65 79 93 33
67 44 78 57 9 39 52 67 77 42
4 80 8 75 53 53 91 67 91 21
20 30 79 21 53 89 76 17 56 77
45 21 6 75 43 33 54 32 42 78
69 65 18 63 6 65 42 20 78 16
20 43 39 63 87 3 27 3 3 6
5 18 40 30 78 16 5 31 29 92
7 93 89 57 9 66 55 92 33 92
7 69 16 30 87 18 52 57 75 90
17 19 43 39 90 3 16 64 44 18
28 67 53 45 57 6 63 3 51 92
75 19 88 69 65 69 4 45 88 91
43 18 80 80 5 43 69 69 33 45
88 5 91 30 68 19 28 79 31 17
27 45 76 80 20 65 3 51 32 57
76 3 63 39 64 79 68 88 76 54
67 41 5 55 91 87 87 53 76 29
75 64 31 64 88 4 18 75 39 44
42 29 69 41 66 17 78 8 56 69
87 9 69 41 57 88 16 3 56 65
89 54 76 79 18 29 42 52 16 57
44 68 54 27 19 40 9 87 55 9
8 32 75 15 81 17 15 51 33 21
27 81 88 43 91 5 80 19 32 56
92 9 93 56 64 63 30 54 42 17
65 81 77 80 44 89 54 81 69 77
77 65 65 32 27 54 41 64 56 5
91 90 56 51 6 87 43 21 8 28
