0 4 0 1 6 0 3 5 0 4
1 4 7 2 3 7 3 0 0 6
5 2 7 7 2 0 3 6 2 7
4 5 3 7 2 5 5 1 2 7
0 3 0 4 7 2 5 7 3 3
7 7 6 4 1 0 5 0 7 6
0 2 4 6 4 5 5 6 4 2
1 7 0 5 1 5 2 2 4 2
6 1 5 3 6 0 7 3 5 5
3 2 0 5 4 1 1 2 6 3
4 3 2 4 7 1 7 5 1 3
4 0 7 0 1 6 2 2 5 0
1 3 2 6 4 5 7 2 6 5
6 2 5 5 2 5 4 0 0 3
3 0 4 2 1 3 7 5 2 5
4 2 3 0 1 5 1 6 6 0
6 5 3 6 4 1 4 7 0 2
0 1 4 0 1 7 3 6 4 7
3 0 2 7 2 5 6 0 6 3
4 6 7 4 4 0 2 6 3 5
1 0 5 2 1 1 3 2 0 4
6 1 2 1 5 3 6 4 4 5
3 2 5 5 1 1 0 0 4 6
1 1 5 6 4 0 7 4 0 5
6 5 3 5 4 7 0 3 4 4
0 3 4 0 6 0 6 6 3 4
7 1 0 5 5 0 0 4 1 4
5 3 1 2 6 3 7 7 0 4
7 6 7 0 0 1 6 0 1 7
7 6 5 5 4 4 6 3 0 4
5 1 0 3 3 3 1 5 7 1
3 6 5 5 2 1 5 6 3 7
5 3 4 6 3 0 0 1 7 6
5 4 6 7 5 7 3 1 5 2
3 3 2 0 5 0 2 2 6 4
0 2 4 2 4 5 1 4 2 2
5 3 7 1 3 0 4 4 1 0
4 4 4 2 7 4 3 5 4 2
2 6 2 0 3 7 0 2 0 2
5 7 4 5 5 7 1 7 2 6
6 3 3 5 0 3 7 4 2 0
5 3 0 1 0 4 1 5 1 7
4 5 0 7 6 2 7 3 0 7
6 5 3 3 7 3 0 0 7 0
7 4 1 5 5 6 4 1 4 2
6 2 6 6 2 7 5 2 4 3
5 5 1 6 3 3 0 4 4 5
7 7 0 4 7 2 1 2 5 5
1 2 2 7 3 4 2 7 7 7
2 3 0 5 4 6 2 3 3 6
2 4 6 3 4 6 0 1 4 1
7 6 5 2 4 4 2 3 4 0
5 4 4 0 6 3 0 7 2 0
7 0 5 7 5 4 6 4 5 5
4 0 6 2 7 5 7 5 5 3
0 0 0 2 2 7 2 2 1 0
1 1 2 1 7 5 5 0 4 4
3 6 1 5 0 2 3 0 4 1
2 4 4 1 7 3 4 4 1 0
5 4 1 2 7 0 4 2 1 0
2 4 6 0 2 1 4 2 0 1
1 1 6 0 5 5 4 2 7 5
4 2 2 4 2 6 1 6 2 2
5 7 3 4 7 0 4 1 6 7
1 4 5 2 5 2 4 3 4 6
1 2 0 7 3 5 3 1 5 3
4 1 3 5 4 0 2 0 0 7
3 0 7 0 6 4 7 1 6 1
7 6 6 3 6 4 6 7 6 1
1 7 2 0 0 5 5 1 0 0
5 7 0 2 4 7 4 0 7 4
0 7 5 1 0 3 7 2 1 5
4 5 1 7 7 0 5 3 3 6
3 1 5 0 2 6 5 3 2 0
4 2 2 0 1 7 7 2 6 2
0 6 7 3 4 4 0 6 6 4
4 1 6 2 7 6 4 0 0 6
2 6 5 2 0 0 7 3 1 6
5 0 0 1 5 4 3 5 5 5
5 1 3 7 2 7 0 2 2 6
7 6 3 5 3 7 2 3 2 0
2 7 3 2 1 2 6 6 1 2
4 4 1 1 6 7 1 0 3 7
0 6 5 2 3 0 2 4 3 7
6 1 0 4 1 1 0 4 4 3
0 6 0 6 3 1 3 2 1 4
3 4 5 6 5 5 3 7 1 5
2 2 5 6 6 0 5 4 5 1
1 5 3 2 6 6 5 6 0 5
0 2 5 2 0 7 4 6 5 7
0 6 6 3 3 5 1 1 0 3
4 5 5 6 5 1 1 2 5 0
0 1 0 0 5 6 2 3 6 4
7 2 0 0 6 3 2 5 3 7
4 4 1 2 5 3 7 5 6 3
5 7 6 4 0 1 4 0 7 2
1 0 6 2 1 0 7 3 7 4
1 7 5 2 1 3 3 0 2 7
5 2 3 1 4 6 1 3 6 1
2 2 2 6 5 7 0 1 0 7
3 53 7 20 80 6 45 66 6 51
17 52 91 27 40 87 41 9 6 76
65 30 89 87 32 8 39 76 30 93
54 65 39 90 29 66 65 18 33 93
9 44 5 51 90 32 63 90 39 43
90 89 75 54 19 3 69 7 92 75
5 33 52 78 54 65 64 80 54 27
18 91 9 69 21 67 28 28 51 28
75 17 67 42 81 9 90 41 69 69
44 28 9 67 57 21 15 27 77 44
51 42 32 55 87 15 92 69 21 39
54 6 88 7 17 75 32 29 68 5
21 40 32 77 57 68 92 30 75 68
78 27 63 65 28 68 51 6 8 41
41 5 56 29 15 43 88 67 29 68
54 28 41 4 16 66 18 77 81 6
76 63 42 80 56 18 53 91 8 29
6 20 57 7 18 91 44 76 51 87
42 8 30 88 27 69 75 3 77 40
55 77 88 53 57 8 30 75 41 66
19 6 66 30 21 20 42 27 9 56
78 15 28 16 68 41 77 57 54 69
43 32 64 65 21 18 6 3 56 81
15 15 69 77 53 4 90 54 5 68
80 66 40 63 56 91 4 45 54 57
3 39 51 9 75 5 80 79 39 55
88 16 3 67 65 6 3 52 18 51
64 40 17 32 77 43 89 87 8 51
91 79 89 4 4 21 80 5 20 89
89 81 67 65 57 51 78 40 9 57
64 16 5 44 39 40 20 66 88 16
44 81 68 69 31 16 68 76 42 91
68 45 53 75 44 5 6 19 90 76
65 56 80 89 63 91 45 17 67 31
44 41 28 8 63 8 30 32 78 54
5 29 55 33 53 66 19 56 31 32
66 44 93 15 42 6 55 55 19 4
52 55 53 28 93 53 39 67 52 32
33 81 27 3 40 88 4 33 3 29
63 88 52 64 69 89 16 87 29 78
81 43 42 68 8 43 91 52 33 4
64 43 4 15 4 55 16 69 20 90
55 69 4 93 75 31 88 44 4 89
80 64 41 45 89 44 4 8 87 8
89 55 19 67 64 76 55 17 57 33
81 27 79 81 33 89 69 31 54 44
66 65 17 79 39 44 9 53 56 65
93 92 7 52 92 31 19 28 68 64
17 33 31 88 39 54 28 87 89 89
29 44 7 66 53 78 27 45 43 80
33 53 75 42 56 76 4 20 55 16
92 81 67 27 56 56 29 45 55 5
64 53 56 9 77 39 9 90 33 9
89 9 67 91 67 56 78 53 64 65
56 5 80 27 91 68 89 66 68 44
4 5 5 28 29 90 33 32 15 6
15 21 31 17 91 64 67 4 57 51
39 77 16 69 6 29 40 4 52 21
29 52 51 18 93 43 57 51 17 9
63 52 15 30 87 5 52 33 15 7
32 52 79 6 31 17 57 30 9 19
20 20 80 9 64 67 54 27 90 63
54 32 29 53 28 80 17 81 27 30
66 93 41 51 87 6 51 19 76 92
20 56 64 31 69 27 56 40 51 80
15 31 6 89 45 66 39 21 63 42
54 16 43 66 52 9 33 7 6 90
43 3 92 8 78 55 88 16 77 19
87 76 79 42 78 52 81 92 77 21
15 93 31 7 9 68 63 19 8 4
68 87 6 27 53 89 55 9 91 54
9 91 66 21 9 44 93 28 19 69
54 67 16 90 92 6 63 42 44 75
42 20 66 8 33 79 65 43 31 5
55 28 32 9 19 91 87 32 76 27
9 77 87 40 56 56 7 75 75 51
56 18 77 27 90 75 52 8 9 81
28 78 68 31 3 8 87 42 16 75
63 6 4 17 66 54 39 67 63 63
69 16 42 89 33 93 7 33 33 79
90 76 45 69 43 89 27 45 29 9
31 90 40 33 16 32 77 77 15 31
52 53 21 21 80 93 17 9 45 93
6 75 68 28 43 7 27 55 42 87
75 15 4 56 18 16 6 54 51 43
6 75 9 81 45 20 42 32 20 53
45 54 68 80 67 63 39 87 15 69
33 28 65 81 78 3 69 54 69 16
15 65 45 31 79 75 68 78 4 69
7 28 64 28 4 89 57 75 63 88
7 76 79 43 41 69 20 21 5 41
53 64 67 81 69 20 15 33 68 8
8 16 8 7 68 77 30 39 79 55
93 29 4 5 75 39 30 64 43 90
57 53 18 27 63 43 90 66 79 41
66 92 75 52 6 16 53 7 89 28
19 8 78 33 15 7 90 43 93 57
21 89 64 30 15 39 39 4 30 91
67 30 39 19 52 80 18 41 79 15
30 31 33 77 69 88 7 15 4 92
