7 6 5 0 5 7 6 5 2 5 3 3 4 7 2 1
0 3 7 2 0 3 6 1 6 0 1 6 3 7 4 0
1 4 6 2 7 1 1 4 5 5 7 6 4 6 7 5
6 4 5 4 0 7 7 0 1 1 2 2 4 2 4 0
5 4 3 5 0 0 0 4 7 1 1 2 7 3 1 6
6 2 0 4 1 4 0 7 4 5 6 3 0 2 7 5
2 4 2 0 1 2 4 6 1 6 3 6 5 6 0 0
3 0 6 4 6 3 2 4 2 1 4 5 3 0 1 2
7 7 0 2 5 2 3 4 0 5 1 1 2 7 2 7
1 6 1 0 1 4 3 4 7 6 3 6 7 2 4 2
4 3 3 5 3 5 7 3 2 2 5 1 4 6 1 3
6 5 3 2 3 1 0 2 2 2 3 3 7 1 0 4
7 1 3 6 0 3 0 2 5 2 7 7 3 3 3 7
1 3 5 3 6 5 6 1 4 7 3 5 6 6 6 7
6 2 4 6 2 7 3 4 5 6 4 1 1 0 3 0
2 0 6 6 7 3 2 3 4 4 4 0 7 6 2 3
93 79 68 7 64 87 77 65 31 67 45 45 51 87 27 19
4 40 90 28 6 43 79 20 76 8 15 81 39 88 57 3
19 56 80 32 92 21 16 54 68 63 90 77 57 78 93 63
80 53 68 54 4 92 93 5 18 16 31 31 56 29 54 8
63 54 39 66 3 6 7 57 88 19 17 33 92 42 18 76
75 27 3 56 17 53 5 87 56 66 76 42 7 33 89 65
29 53 31 9 18 31 54 75 21 77 41 75 66 81 8 5
41 5 81 57 77 39 32 57 32 21 56 67 41 3 17 27
90 92 8 30 66 31 42 57 9 66 19 18 29 88 32 92
20 80 17 4 15 54 45 55 90 75 41 80 88 30 57 28
55 41 41 65 41 65 93 40 28 31 65 16 51 75 20 45
77 67 39 29 40 15 7 31 32 33 41 42 90 17 4 55
92 15 45 77 3 44 7 33 68 28 91 90 44 39 43 93
15 42 68 42 76 63 76 16 57 90 44 63 79 81 79 93
77 32 53 80 31 87 39 57 69 77 56 19 18 6 43 5
32 7 79 77 88 40 30 43 52 55 51 3 88 81 28 45
