4 0 2 3 6 5 4 2 0 7 0 2 5 1 4 6
2 1 7 6 7 0 6 0 0 6 2 6 2 6 4 0
5 0 6 6 4 5 7 2 4 2 3 1 2 4 4 7
3 7 2 7 2 3 1 0 2 0 4 6 4 5 3 2
7 2 1 2 1 2 4 4 2 1 0 5 3 1 1 5
1 6 0 0 7 4 0 3 3 5 0 0 6 3 3 2
5 7 0 6 1 0 2 5 4 5 6 1 3 0 7 2
0 0 2 1 6 7 0 7 6 3 0 5 5 2 2 5
4 5 0 3 0 1 1 7 5 6 5 6 7 6 6 7
4 7 4 3 5 4 6 4 3 2 3 5 7 7 0 6
3 0 1 6 6 5 4 0 6 1 0 0 6 2 3 1
5 3 0 0 6 2 6 4 4 2 6 2 6 6 7 6
6 2 7 3 2 6 7 1 7 5 5 2 3 1 5 0
1 4 0 0 1 4 3 0 6 5 3 2 1 4 5 3
7 2 7 0 2 4 1 7 7 4 6 7 0 2 7 3
1 6 7 3 7 4 1 3 5 4 3 0 7 4 1 3
56 6 28 43 79 64 51 31 9 88 9 28 68 18 53 76
27 20 87 77 92 4 77 4 7 80 29 75 31 77 51 4
66 8 75 79 52 68 91 29 54 32 40 17 32 56 56 87
43 87 30 89 33 39 17 3 30 6 56 81 52 65 45 28
88 33 15 31 17 28 53 55 32 15 3 69 41 19 16 64
15 81 6 8 89 57 7 40 44 68 9 7 75 42 41 28
63 88 4 81 18 4 31 63 56 65 79 15 41 6 90 32
4 4 31 18 78 91 3 89 79 45 5 67 67 32 32 67
51 64 3 40 4 17 17 91 69 77 66 78 88 78 75 89
54 87 57 43 65 53 76 51 43 30 45 67 90 89 7 78
42 4 21 81 75 68 53 8 75 21 7 3 75 27 42 19
67 39 4 9 75 27 79 51 51 29 79 32 79 80 91 80
78 30 91 42 33 75 93 20 88 68 65 33 39 21 65 8
15 52 9 5 17 57 45 3 75 64 42 32 19 52 66 40
93 28 91 9 29 56 19 87 87 57 76 87 3 31 87 40
19 76 90 43 88 54 15 45 67 54 40 4 89 56 16 44
