5 2 0 0 3 5 0 0 5 0
6 4 3 7 6 1 3 7 4 7
7 1 4 2 3 4 1 3 6 1
4 1 1 2 6 3 2 7 2 4
6 5 3 0 3 2 6 0 4 7
2 4 7 5 7 0 5 5 1 6
5 3 4 3 4 2 3 7 0 2
2 1 6 0 7 4 7 5 6 0
3 5 3 0 5 3 6 1 3 3
2 3 5 0 1 4 0 4 5 4
1 6 0 7 3 2 5 5 6 6
0 3 1 2 0 5 3 2 0 7
3 2 6 3 3 5 2 6 3 3
5 0 7 5 4 0 0 1 0 2
3 2 0 0 2 0 2 3 1 1
5 5 5 7 6 6 7 3 5 0
5 2 6 7 2 2 3 3 3 7
0 0 7 4 2 2 0 6 2 4
3 4 7 1 1 6 5 5 2 6
6 3 0 0 6 3 2 1 0 7
7 4 7 1 1 3 2 4 5 4
5 7 6 0 1 7 6 2 1 1
5 3 4 1 1 3 0 4 6 2
0 3 1 7 7 6 6 1 5 5
0 7 3 3 2 7 1 1 0 0
3 5 5 7 3 7 2 2 2 2
2 3 1 3 3 4 2 5 2 5
1 2 2 6 6 6 5 3 0 5
6 3 1 0 6 2 4 1 7 0
1 2 7 6 5 2 4 1 2 6
2 6 4 2 5 6 0 2 6 5
4 0 0 7 3 0 7 0 0 3
5 5 5 2 7 6 2 3 5 1
3 5 2 6 1 7 4 0 3 4
7 1 1 6 4 5 0 4 0 1
6 2 6 7 4 2 3 2 7 4
3 6 0 4 2 4 6 0 0 4
3 1 7 0 5 3 6 6 2 5
0 5 4 2 5 6 7 4 5 2
4 1 7 7 2 2 0 4 6 7
2 4 7 4 1 6 0 6 2 3
6 4 5 5 3 4 6 4 0 5
3 3 4 5 5 2 1 6 4 4
6 7 1 2 5 0 0 5 3 3
4 4 6 5 5 7 5 6 6 6
3 4 2 6 6 1 2 6 3 6
3 6 2 6 5 6 6 1 4 0
3 2 1 5 1 3 2 1 0 5
4 4 1 7 7 6 4 7 6 4
2 7 0 6 0 6 7 4 2 4
0 2 1 5 5 7 7 6 2 3
5 3 5 0 4 4 7 6 5 3
5 7 1 1 3 5 6 5 6 7
2 5 6 5 0 6 5 1 2 3
6 6 0 5 0 6 3 4 2 0
5 2 0 4 4 3 7 6 5 4
7 2 5 0 6 4 2 7 7 3
2 0 5 7 2 1 4 5 5 3
1 0 7 4 4 2 6 5 4 5
2 3 5 4 7 0 2 2 5 4
5 2 7 2 4 7 7 0 7 7
5 2 6 5 5 0 5 7 3 3
2 5 5 2 2 1 4 5 5 3
4 5 3 2 2 5 1 5 3 1
0 0 2 1 4 0 2 7 1 0
7 6 5 0 4 2 2 3 6 5
5 0 0 7 0 6 2 2 7 0
6 4 7 1 4 0 4 4 5 0
7 0 4 2 4 2 2 7 5 4
5 3 2 6 0 4 5 0 6 2
0 5 5 4 4 7 0 7 5 1
2 4 2 0 3 5 6 2 1 6
0 7 0 3 3 0 4 1 3 5
1 2 7 0 6 0 1 7 0 6
7 2 3 4 7 0 2 1 7 7
6 5 6 5 5 6 0 4 3 6
0 7 6 5 4 6 7 1 3 6
4 3 3 2 0 6 3 7 1 3
5 5 7 6 2 0 4 3 3 2
1 1 2 5 5 6 1 0 5 6
4 4 5 6 4 5 4 3 2 3
1 0 7 0 7 7 5 0 1 1
4 6 5 5 5 0 1 5 0 1
7 0 3 1 0 3 0 3 4 2
3 2 4 4 4 4 3 0 0 5
5 2 5 5 0 3 6 2 5 2
6 6 2 3 6 1 5 7 5 6
5 0 0 4 2 1 5 5 6 0
5 4 0 6 1 0 1 4 6 1
0 2 6 7 5 2 6 2 1 4
7 0 2 4 3 3 7 0 4 4
6 2 6 4 0 5 1 3 1 6
5 2 7 6 3 3 7 0 0 6
4 0 4 2 0 1 0 5 6 4
6 0 1 7 4 3 5 7 6 6
7 5 1 1 7 3 3 6 3 5
6 6 3 6 2 1 4 7 0 6
3 3 0 6 4 5 5 6 5 2
2 6 7 6 4 0 7 0 1 1
6 0 1 0 4 7 1 7 7 5
67 32 3 4 43 65 5 7 64 6
76 57 44 93 76 16 40 89 57 89
92 21 53 27 40 55 19 41 76 20
56 20 16 32 78 39 29 90 33 53
75 67 44 4 44 30 78 8 53 93
29 56 93 64 89 5 67 69 16 79
65 45 51 40 56 33 43 91 7 31
30 19 77 3 90 51 89 64 76 5
43 66 43 3 66 41 80 17 42 45
30 39 69 7 20 53 3 57 65 55
21 78 4 92 40 32 65 66 81 80
5 43 21 31 5 66 41 30 3 93
42 32 77 43 41 67 32 77 43 41
65 6 93 66 54 5 6 15 5 31
44 30 5 3 29 5 29 43 16 18
68 66 66 89 79 80 93 40 66 8
66 28 77 91 27 30 45 40 40 87
6 5 88 57 28 32 9 78 28 56
42 53 92 19 17 81 68 65 27 79
80 39 5 6 76 41 28 21 7 87
88 56 93 19 17 44 31 57 68 51
65 88 75 3 17 87 77 28 19 17
66 42 51 21 21 45 3 54 78 32
4 41 15 88 89 78 75 19 69 66
5 87 39 44 27 93 19 16 3 9
42 64 68 87 45 89 30 30 33 32
33 44 16 41 39 52 28 68 27 64
20 28 32 75 81 80 69 43 6 66
78 41 16 9 80 31 54 15 91 9
15 27 89 81 69 31 53 18 28 80
27 76 52 28 69 79 7 27 81 66
56 9 6 91 40 8 88 8 5 45
64 63 66 32 93 78 32 45 63 17
44 69 29 75 18 90 53 5 42 55
93 21 18 78 51 67 8 52 3 20
76 33 76 91 55 27 39 29 93 56
40 79 9 54 33 54 78 9 5 52
40 20 92 4 67 43 77 75 27 66
9 68 57 29 69 75 91 51 69 29
56 16 87 88 27 33 9 57 78 93
33 56 88 53 19 76 6 76 33 42
81 56 65 69 41 52 78 52 4 68
41 42 51 68 63 33 20 80 53 51
79 91 17 31 69 4 6 67 42 39
57 53 81 66 67 93 64 79 78 78
45 55 28 76 78 18 27 77 40 79
43 79 32 80 66 75 79 16 57 7
44 33 15 66 15 39 32 20 9 67
55 55 16 89 88 78 51 90 79 52
32 91 7 76 7 75 92 53 27 51
7 29 16 68 64 91 89 76 27 44
65 42 66 3 55 53 90 77 68 40
67 88 20 19 39 66 78 66 78 91
32 65 79 65 5 78 66 19 33 40
81 75 3 65 6 78 43 53 33 8
69 32 7 53 51 45 93 80 67 54
92 29 69 8 81 53 33 91 87 41
29 7 65 92 31 20 51 68 64 41
21 8 93 52 56 27 76 69 53 67
29 39 67 53 89 5 33 29 66 54
64 30 90 33 56 87 88 9 89 88
65 28 77 63 64 5 68 91 44 43
29 63 67 32 28 21 56 69 66 40
51 69 42 28 28 64 15 68 41 15
9 3 33 18 56 5 28 87 18 7
87 75 66 9 52 32 30 44 80 64
64 8 9 88 9 79 28 31 87 7
79 56 93 18 51 8 52 53 67 9
88 5 52 31 57 33 28 87 67 51
66 45 28 78 3 57 63 8 78 30
4 63 69 55 51 87 8 93 64 15
30 51 32 3 43 63 79 29 15 75
5 87 8 39 41 8 52 18 45 69
15 27 92 6 76 3 17 93 6 75
91 27 43 56 88 5 32 18 91 91
78 63 79 69 64 76 6 56 39 78
6 93 80 63 56 77 90 15 41 75
55 43 42 29 7 81 45 88 20 39
69 68 93 78 27 7 56 44 44 31
21 16 31 64 65 77 15 3 64 78
54 55 67 75 53 69 57 44 29 44
21 5 88 4 87 88 64 9 19 19
55 81 68 63 65 6 17 66 7 21
87 9 41 15 8 42 8 42 56 28
45 33 51 52 57 57 39 9 4 69
64 32 68 68 7 41 77 29 66 32
78 81 30 45 76 17 69 87 65 77
64 9 5 52 28 18 64 67 79 8
63 55 4 80 20 4 16 52 78 18
4 33 80 93 65 32 78 33 15 55
92 8 31 53 44 39 91 6 53 55
76 27 77 55 7 69 18 39 21 77
69 28 92 77 42 42 90 3 4 77
53 9 54 28 8 20 7 65 78 52
76 3 16 89 54 42 67 90 80 76
88 65 18 20 87 39 44 75 40 66
79 77 39 79 32 19 57 89 9 79
45 40 4 80 52 66 63 76 63 30
33 76 88 75 53 5 89 3 21 20
80 6 17 4 51 87 16 87 89 67
