6 1 0 7 2 0 4 2 6 3 4 2 2 7 6 0
1 5 2 6 5 3 4 1 7 0 4 4 0 3 7 5
1 0 3 7 7 4 4 1 3 2 1 4 7 3 6 6
2 7 0 1 4 3 0 6 3 7 7 4 3 2 4 0
2 1 4 5 2 2 2 7 7 1 7 7 2 5 6 2
2 5 1 2 7 1 5 3 5 7 0 3 5 5 4 5
6 0 7 2 7 3 6 2 6 1 5 2 0 2 6 4
1 5 3 1 2 0 7 7 5 5 0 5 2 4 2 5
2 4 0 6 6 4 0 6 1 1 1 2 5 4 4 4
1 4 6 5 6 4 6 3 3 4 6 0 2 5 2 0
1 4 2 0 4 7 3 4 2 4 6 5 1 0 2 4
2 5 4 7 3 3 5 7 5 6 7 2 1 5 0 7
7 3 0 5 0 7 7 4 6 5 6 3 2 2 0 3
1 2 0 2 6 0 5 1 6 0 3 0 3 4 3 7
6 2 0 7 7 3 4 5 1 5 3 5 5 7 5 0
0 2 5 6 2 0 6 0 0 1 3 6 2 5 2 3
81 21 5 91 28 7 54 30 79 43 55 33 30 90 80 7
16 68 28 76 65 45 53 17 91 4 55 51 5 43 88 64
19 9 44 91 87 53 52 17 43 30 16 52 87 45 75 77
31 89 5 21 53 41 9 77 40 90 90 57 39 29 56 9
29 16 56 66 29 30 31 88 90 15 89 88 27 66 76 29
31 65 20 31 89 21 64 41 65 90 4 39 63 66 56 69
76 7 91 33 92 39 77 32 78 19 66 31 6 33 77 51
16 68 42 19 33 9 92 88 63 64 8 69 27 53 27 67
30 57 4 77 81 51 3 75 18 18 17 29 63 56 53 57
18 55 81 65 77 53 77 45 41 51 75 8 31 67 30 6
21 57 27 5 52 92 43 53 28 52 78 68 17 8 27 51
27 69 55 93 40 42 66 91 64 75 93 31 20 67 9 91
88 43 9 65 3 93 87 56 79 65 75 41 32 28 8 39
18 33 4 32 78 8 69 20 79 6 45 7 40 51 41 90
76 31 9 88 91 42 53 69 18 67 42 66 67 90 64 3
5 31 65 77 27 9 75 9 3 20 43 79 31 67 28 44
