3 3 3 0 1 0 3 6 3 4 2 7 5 4 1 0
7 2 2 3 2 6 3 2 6 7 7 2 4 6 5 0
6 5 7 1 1 4 4 4 7 4 6 0 1 7 5 6
3 6 2 3 5 5 1 2 4 0 1 2 2 4 6 1
4 1 4 3 0 1 0 3 4 0 0 0 6 5 6 4
7 2 3 1 3 7 0 2 1 4 5 1 0 4 2 2
3 3 3 7 3 5 1 3 0 5 6 2 5 1 4 7
0 7 2 7 6 2 4 5 4 2 6 1 4 7 4 7
1 5 5 4 0 4 1 4 4 6 4 6 0 6 1 1
3 3 4 3 7 3 3 4 2 7 2 5 7 5 7 4
2 5 1 7 0 6 4 5 1 4 4 5 3 0 2 5
4 1 0 7 5 2 6 6 1 1 0 7 1 7 6 0
6 1 7 7 7 5 3 6 6 6 0 7 1 7 3 5
7 7 5 3 7 5 2 2 6 0 7 7 0 1 2 5
3 2 3 0 5 1 4 3 3 1 6 4 5 7 3 5
7 2 4 4 4 3 5 6 5 2 1 4 2 4 4 0
45 40 40 7 17 7 39 81 42 54 29 87 64 53 16 6
93 31 32 41 29 79 39 28 81 92 90 28 54 80 63 6
81 68 87 17 18 53 51 56 88 56 78 6 19 87 69 80
43 76 32 40 65 68 18 31 54 8 20 30 30 54 77 17
54 19 51 45 8 21 3 42 53 7 6 4 77 65 80 51
88 32 45 17 39 88 7 29 19 51 69 19 3 56 27 32
39 40 40 87 39 64 15 40 7 65 75 27 68 17 56 93
4 89 32 91 77 30 51 66 57 32 79 16 52 91 53 87
16 63 67 53 4 55 20 51 55 77 56 81 5 78 18 16
39 43 53 45 90 41 40 56 32 87 27 63 87 66 90 55
29 67 19 90 3 78 52 67 17 56 54 68 42 8 28 65
51 16 8 88 66 32 79 78 15 19 9 93 20 88 77 3
79 17 87 87 91 63 39 76 81 79 3 90 17 88 40 69
91 88 68 41 88 68 31 31 77 8 91 93 3 16 32 65
42 33 44 8 69 17 53 45 40 15 78 56 63 93 40 63
92 32 56 52 52 43 69 79 69 33 20 53 30 52 53 8
