3 2 3 3 3 2 6 2 3 3
3 3 1 6 4 3 7 7 4 0
0 0 0 6 6 1 7 1 0 1
1 4 0 2 1 2 5 5 4 4
7 7 6 0 6 7 6 5 1 6
7 6 0 3 7 0 0 0 6 1
6 0 5 3 7 7 2 6 6 2
6 2 0 7 5 0 6 7 6 2
1 3 4 7 6 5 7 5 4 6
2 5 3 3 6 6 0 0 2 7
6 5 2 4 7 6 3 3 1 1
7 7 4 1 2 3 3 0 2 1
5 4 1 5 2 6 4 1 4 6
2 2 2 4 7 5 4 4 4 3
6 7 2 0 1 3 4 6 7 0
1 0 0 1 3 0 7 5 1 1
5 3 3 7 0 0 4 4 0 0
1 2 2 7 6 2 4 3 0 7
6 1 0 0 6 7 7 6 5 4
1 2 7 1 1 4 3 6 0 5
2 6 7 6 6 1 0 5 6 6
7 7 5 4 5 7 5 0 3 6
3 7 4 3 5 2 0 3 7 6
1 0 2 3 2 6 0 7 1 4
0 0 5 1 1 4 7 2 3 0
6 0 0 7 3 2 7 1 1 1
3 7 0 3 2 1 2 2 4 1
4 0 3 2 0 7 4 7 3 4
5 2 0 4 4 1 2 3 1 1
4 6 7 5 3 3 1 7 2 3
5 1 6 6 1 2 0 6 4 5
3 5 4 4 0 2 7 6 4 4
1 6 5 2 5 2 1 3 2 1
5 0 2 0 0 3 5 0 4 3
6 3 4 2 0 7 6 5 3 6
7 6 5 6 3 7 5 1 5 7
5 3 4 1 1 4 4 4 5 5
1 1 6 3 1 5 4 1 0 1
5 0 5 7 6 2 4 4 6 7
0 2 0 7 4 3 0 1 2 3
3 6 5 5 4 0 4 3 6 0
1 2 5 7 4 7 7 3 7 4
6 5 5 2 6 6 3 0 4 6
0 0 4 7 3 6 6 7 5 1
6 3 6 7 2 1 0 7 5 0
7 6 6 6 2 7 3 6 6 0
0 4 2 7 0 4 5 1 3 1
7 0 1 6 5 7 7 0 7 7
0 6 2 1 3 5 0 4 5 3
0 3 6 5 3 1 4 1 2 2
6 5 0 6 0 2 7 3 2 3
2 6 3 7 4 6 6 5 4 0
6 3 5 7 5 7 0 0 2 7
4 1 7 6 1 3 0 0 0 7
6 6 6 4 0 1 7 6 5 3
1 0 3 7 7 2 7 1 2 2
0 1 4 6 1 6 0 5 6 7
4 6 7 0 4 6 1 6 6 5
0 4 1 2 6 4 1 4 2 1
1 5 4 7 6 1 1 4 6 4
4 5 1 4 0 6 5 6 4 6
7 4 3 2 5 5 4 1 2 3
5 5 5 5 5 1 2 1 2 5
2 5 7 0 0 7 5 6 7 0
4 1 6 1 0 2 4 7 7 5
4 3 3 6 5 1 7 7 4 3
7 7 4 6 1 5 1 3 1 4
3 7 5 2 1 1 6 3 5 5
7 2 1 4 4 2 1 6 0 0
7 2 1 0 0 5 0 6 2 3
6 4 6 3 7 1 1 4 4 4
4 4 4 7 4 1 2 0 2 6
4 4 6 3 3 6 6 6 2 5
1 2 3 5 3 0 5 0 0 1
0 2 2 5 6 4 1 1 4 6
5 3 5 7 1 5 2 7 1 7
0 4 4 1 0 5 7 0 5 1
1 1 6 6 1 7 4 1 1 3
2 4 3 3 6 5 3 3 0 4
5 3 1 4 4 5 2 7 6 2
2 0 6 5 2 5 2 5 4 6
5 7 7 4 2 7 7 3 1 0
1 0 6 3 3 3 2 0 2 2
7 0 4 6 6 5 1 5 7 4
0 5 0 6 5 1 1 1 3 0
0 7 7 6 5 6 3 3 6 5
1 1 1 4 3 0 7 0 4 5
5 0 0 6 6 1 6 5 1 6
6 1 7 7 6 5 2 1 2 0
7 1 7 5 0 7 6 0 3 4
2 5 6 6 4 4 2 5 6 0
1 7 3 1 5 2 1 2 0 6
3 6 5 2 2 3 3 6 3 3
7 7 4 2 4 4 7 2 1 3
7 0 2 0 1 5 0 7 2 6
5 7 5 4 4 7 1 0 5 0
4 5 6 3 3 7 4 4 0 2
7 2 3 6 5 5 7 0 1 1
4 5 7 0 1 7 6 3 7 7
1 1 2 7 1 0 7 4 4 2
44 28 45 45 40 31 78 28 40 39
40 41 20 76 53 40 89 91 57 9
9 7 7 77 80 15 91 21 4 20
16 53 8 31 21 27 66 66 52 55
91 92 80 8 76 89 81 69 16 79
87 77 5 40 87 4 6 8 79 20
78 7 65 43 90 90 30 76 80 28
78 27 5 92 69 8 78 87 81 32
15 42 52 92 75 64 90 69 52 77
33 67 44 42 79 79 8 8 29 88
79 65 33 56 93 77 41 40 17 21
87 92 51 21 29 44 40 5 29 18
66 55 17 68 31 80 56 20 52 76
30 31 29 51 92 64 55 54 55 42
80 91 27 7 17 40 56 79 91 8
19 9 6 17 41 4 92 66 19 16
68 40 39 87 6 6 56 55 6 3
20 28 27 87 76 29 57 44 3 91
80 15 9 6 78 92 90 76 69 51
17 32 87 17 17 54 44 76 7 69
29 79 90 76 81 20 6 68 75 80
91 90 65 56 65 89 67 9 42 75
44 90 52 39 64 32 7 42 88 80
21 5 31 39 29 75 8 87 16 53
4 4 66 18 20 51 89 27 42 9
76 4 4 91 41 27 87 17 16 18
39 89 8 40 30 18 33 30 55 19
53 4 44 29 4 90 52 89 40 54
68 32 7 56 54 16 30 44 18 15
54 78 89 65 42 43 19 90 32 45
69 15 75 79 20 28 3 81 53 68
45 67 51 57 6 32 89 79 52 56
18 75 66 28 66 33 17 41 27 19
65 7 28 8 5 42 67 3 56 44
81 41 55 31 3 90 78 65 41 77
87 76 66 79 45 91 64 18 63 89
64 41 56 15 15 55 55 53 68 68
17 21 81 40 15 67 56 18 5 21
64 3 68 92 77 29 52 52 77 90
5 32 7 89 53 44 5 21 32 40
43 80 67 69 57 4 57 42 78 3
16 29 68 91 57 91 88 44 89 51
81 65 68 27 78 76 41 5 53 79
6 5 54 92 41 78 80 89 63 15
81 39 78 93 32 17 3 89 69 7
90 76 77 78 31 91 40 80 79 5
6 55 27 92 6 55 68 20 41 20
88 5 17 76 68 92 93 9 90 89
8 80 29 15 39 66 6 57 64 43
4 45 80 68 44 16 56 18 30 32
79 69 8 80 3 33 90 40 27 45
32 80 42 90 51 76 77 63 55 6
81 44 64 88 67 93 4 6 28 90
52 15 87 79 19 43 7 6 7 90
78 79 77 52 9 16 88 81 65 43
16 8 44 87 89 31 91 16 32 33
9 17 52 81 15 78 6 69 80 91
56 80 89 4 54 80 17 79 76 64
7 54 17 27 79 51 15 57 28 17
15 64 55 87 79 21 17 52 75 53
55 64 20 57 6 76 63 81 57 81
92 54 43 28 63 67 52 16 29 44
68 68 67 68 63 19 31 20 29 63
31 63 92 5 8 91 63 75 91 9
53 17 78 18 6 32 56 93 91 68
53 40 43 75 63 17 87 92 52 39
87 93 52 80 18 68 15 43 19 55
42 89 65 29 15 21 78 45 68 66
88 31 19 56 53 29 16 76 6 6
90 30 21 9 8 65 6 79 27 39
78 56 79 43 90 18 15 53 52 57
52 52 54 90 57 21 32 9 28 76
52 56 80 39 40 79 80 78 29 63
18 30 43 69 43 5 64 5 8 20
4 29 28 65 80 53 16 21 53 81
67 44 68 91 20 64 32 90 16 88
9 55 52 18 4 68 93 5 66 20
15 18 77 79 18 90 54 16 17 42
28 51 43 44 78 63 39 39 9 51
66 39 15 51 52 63 30 89 80 29
30 4 77 68 27 65 32 65 52 80
69 88 90 51 32 92 88 43 20 9
19 3 76 44 42 41 33 4 31 28
87 7 57 76 79 69 19 68 88 51
8 64 8 79 66 21 16 16 39 4
3 90 89 77 65 80 44 39 79 65
20 17 15 54 45 6 88 9 57 67
63 9 6 78 76 21 75 68 20 75
81 18 88 87 77 68 33 18 28 9
90 20 88 69 7 93 75 3 44 53
33 66 75 79 51 51 32 64 80 4
15 89 40 18 66 32 21 29 7 76
45 75 63 32 30 39 39 78 42 42
92 93 53 32 51 54 87 27 21 41
90 5 28 9 17 67 3 88 32 75
65 92 66 56 54 89 20 7 64 6
55 69 81 41 41 92 52 56 3 30
89 28 42 75 64 64 92 9 17 17
52 63 89 5 15 93 81 42 93 93
17 19 27 91 18 3 88 51 57 27
