0 6 2 4 3 5 3 6 7 7 4 7 4 4 5 1
0 6 2 2 1 7 3 0 4 0 3 3 6 1 5 6
4 2 4 7 4 1 6 2 2 3 2 2 3 7 0 5
6 2 4 3 5 2 4 1 1 0 6 2 2 7 3 6
4 0 4 6 4 5 7 7 3 5 2 4 7 1 6 0
0 7 4 0 7 0 6 5 4 4 7 1 2 3 5 6
3 7 6 2 7 2 0 6 1 7 7 2 6 4 0 0
6 1 5 3 4 6 3 6 3 2 1 4 2 5 1 2
3 3 7 6 4 6 4 0 3 1 6 6 2 7 2 5
0 1 7 2 4 2 4 4 7 3 0 1 7 5 6 7
5 6 0 4 7 0 3 1 3 1 3 4 4 2 5 1
0 3 3 5 6 1 0 3 5 7 7 6 4 0 3 6
2 3 2 0 7 2 6 3 3 0 0 3 6 2 1 2
5 0 3 7 7 1 4 2 6 2 2 0 3 4 0 2
0 3 7 5 5 6 6 6 5 7 0 5 2 1 3 6
1 0 6 6 0 2 4 4 5 7 2 7 3 3 7 1
9 75 30 51 41 66 40 76 92 91 52 93 55 57 69 15
6 75 29 33 19 93 40 9 52 7 40 42 80 21 66 81
56 27 57 88 52 17 77 27 31 45 31 27 39 90 4 69
78 27 55 39 69 30 56 20 17 5 76 30 33 87 44 81
54 8 57 75 54 68 87 90 45 64 29 54 93 16 77 6
5 92 54 8 92 8 76 68 51 56 91 17 28 40 68 77
42 91 78 29 89 27 7 81 21 93 89 33 80 51 5 5
81 21 68 42 52 78 39 79 43 27 20 54 30 63 15 28
41 45 92 76 53 78 53 9 42 21 77 75 31 88 33 63
8 18 89 29 56 30 51 53 92 43 3 17 87 69 76 87
67 78 4 54 89 3 45 17 39 17 39 51 55 29 68 18
6 39 44 66 79 15 3 41 66 87 89 75 53 7 39 77
28 43 28 5 93 32 79 41 39 9 8 41 81 32 16 29
69 3 43 92 88 15 54 28 77 32 30 9 42 57 3 29
3 41 89 64 63 80 79 76 67 88 4 66 29 17 44 75
20 7 78 80 4 28 53 54 68 88 33 88 42 45 89 17
