6 5 6 7 5 6 1 7 0 6 4 1 4 6 3 4
2 5 3 6 5 2 6 3 0 3 7 2 6 6 3 1
6 0 0 4 3 5 2 6 3 5 7 2 4 2 3 2
2 2 6 6 6 4 0 7 0 6 5 0 2 6 3 5
1 4 0 3 2 5 4 6 3 7 0 7 5 1 0 5
1 3 3 6 4 0 4 1 7 2 3 0 7 5 4 6
3 4 6 6 4 1 5 4 5 7 4 2 4 3 0 2
7 5 0 7 3 4 2 0 7 3 3 3 7 1 2 6
2 5 7 4 4 4 3 4 2 7 4 3 2 0 7 0
5 3 5 3 4 3 4 7 1 0 4 4 0 1 1 2
4 6 2 2 7 6 7 1 1 7 4 1 6 3 6 1
3 6 4 7 6 5 2 1 4 4 7 2 4 4 1 0
7 2 2 0 6 3 4 5 4 3 2 4 6 3 7 2
4 0 7 4 1 6 3 1 5 4 6 4 3 4 0 1
4 5 7 6 4 5 0 4 5 2 0 0 6 7 7 4
6 7 4 5 2 6 2 6 3 1 1 1 7 1 4 7
77 67 78 87 67 78 19 88 9 78 55 20 51 81 42 55
32 67 41 78 66 32 75 44 3 40 88 33 77 80 45 18
76 7 6 55 40 69 30 80 45 63 92 29 57 32 41 33
30 31 81 81 78 53 7 91 7 81 69 7 32 78 42 65
20 54 6 39 29 66 55 77 42 89 3 92 63 21 3 64
20 40 42 76 56 3 52 16 88 33 39 4 92 64 55 78
40 57 80 80 56 18 65 51 66 89 55 28 55 43 7 29
93 66 8 89 45 57 28 5 91 42 39 43 88 19 28 79
27 67 92 53 51 57 41 51 32 89 57 39 29 8 90 4
63 40 63 45 55 45 52 89 21 5 56 57 9 15 16 31
51 75 29 27 89 77 87 18 21 90 54 16 77 41 79 18
39 79 53 91 79 67 31 20 55 57 87 33 52 55 19 3
88 32 28 3 77 41 51 65 52 42 33 57 77 39 88 31
51 9 88 53 15 79 44 17 67 52 80 52 39 53 6 16
56 64 87 79 56 68 8 53 63 33 4 6 79 89 93 52
79 89 54 63 32 78 30 77 40 17 20 15 87 21 52 93
