0 0 0 0 0 0 0 0 0 0 0 0 0 0 0 0
0 0 0 0 0 0 0 0 0 0 0 0 0 0 0 0
1 1 1 1 1 1 1 1 1 1 1 1 1 1 1 1
1 1 1 1 1 1 1 1 1 1 1 1 1 1 1 1
2 2 2 2 2 2 2 2 2 2 2 2 2 2 2 2
2 2 2 2 2 2 2 2 2 2 2 2 2 2 2 2
3 3 3 3 3 3 3 3 3 3 3 3 3 3 3 3
3 3 3 3 3 3 3 3 3 3 3 3 3 3 3 3
4 4 4 4 4 4 4 4 4 4 4 4 4 4 4 4
4 4 4 4 4 4 4 4 4 4 4 4 4 4 4 4
5 5 5 5 5 5 5 5 5 5 5 5 5 5 5 5
5 5 5 5 5 5 5 5 5 5 5 5 5 5 5 5
6 6 6 6 6 6 6 6 6 6 6 6 6 6 6 6
6 6 6 6 6 6 6 6 6 6 6 6 6 6 6 6
7 7 7 7 7 7 7 7 7 7 7 7 7 7 7 7
7 7 7 7 7 7 7 7 7 7 7 7 7 7 7 7
3 4 4 9 5 6 5 9 7 4 8 7 3 6 3 5
4 5 9 6 5 3 7 7 9 8 4 9 8 5 9 6
21 19 15 17 21 16 18 20 21 21 17 16 19 17 21 21
20 19 15 19 17 21 15 18 20 18 19 15 20 21 17 15
30 31 30 31 29 29 29 31 31 32 27 31 28 30 31 32
33 28 33 30 32 28 29 32 33 31 29 32 27 32 29 27
40 44 39 39 41 43 40 41 44 43 39 43 42 42 42 39
45 45 39 39 40 39 39 39 39 44 45 41 43 41 42 45
54 51 54 56 56 53 55 56 51 55 56 54 52 51 53 53
55 55 52 52 55 54 55 57 51 55 57 53 51 54 51 52
69 67 65 67 65 64 66 68 65 64 65 68 64 69 64 64
68 68 69 68 66 63 64 63 68 69 64 67 63 64 64 63
81 77 75 75 80 76 79 79 76 79 78 77 76 80 75 81
81 80 80 75 79 77 81 81 77 79 76 75 78 75 76 81
93 88 87 87 87 91 89 88 87 93 89 91 93 92 90 90
89 87 93 91 87 90 91 93 93 92 92 88 90 92 92 87
