0 0 0 0 0 0 0 0 0 0 0 0 0 0 0 0
0 0 0 0 0 0 0 0 0 0 0 0 0 0 0 0
1 1 1 1 1 1 1 1 1 1 1 1 1 1 1 1
1 1 1 1 1 1 1 1 1 1 1 1 1 1 1 1
2 2 2 2 2 2 2 2 2 2 2 2 2 2 2 2
2 2 2 2 2 2 2 2 2 2 2 2 2 2 2 2
3 3 3 3 3 3 3 3 3 3 3 3 3 3 3 3
3 3 3 3 3 3 3 3 3 3 3 3 3 3 3 3
4 4 4 4 4 4 4 4 4 4 4 4 4 4 4 4
4 4 4 4 4 4 4 4 4 4 4 4 4 4 4 4
5 5 5 5 5 5 5 5 5 5 5 5 5 5 5 5
5 5 5 5 5 5 5 5 5 5 5 5 5 5 5 5
6 6 6 6 6 6 6 6 6 6 6 6 6 6 6 6
6 6 6 6 6 6 6 6 6 6 6 6 6 6 6 6
7 7 7 7 7 7 7 7 7 7 7 7 7 7 7 7
7 7 7 7 7 7 7 7 7 7 7 7 7 7 7 7
9 7 7 6 9 6 6 3 7 7 4 6 8 7 9 5
9 4 3 4 8 5 8 6 3 5 5 4 5 6 6 6
18 16 15 18 19 20 21 16 17 21 18 15 18 21 15 15
19 15 15 20 18 21 16 20 19 19 20 20 15 16 21 19
27 30 30 30 30 28 31 32 33 29 27 30 31 28 31 29
31 32 33 32 31 33 27 28 30 27 33 32 33 28 33 32
39 41 41 44 45 44 43 43 44 40 43 39 41 39 43 44
39 41 40 43 40 39 44 41 43 44 45 44 45 45 43 40
53 54 51 55 51 54 54 51 52 53 51 54 52 51 53 51
56 57 55 57 55 53 57 52 52 53 54 52 56 53 54 55
63 67 66 68 63 69 66 66 63 69 66 64 69 69 67 68
66 68 69 69 67 69 69 63 67 68 64 68 67 67 68 69
77 81 80 75 80 81 80 79 79 76 76 81 81 76 78 76
79 75 81 75 77 79 76 79 79 79 76 79 81 81 81 77
93 93 93 90 91 89 88 92 91 89 88 89 88 89 92 87
92 89 92 89 90 89 88 91 87 93 92 90 91 89 88 88
