0 0 0 0 0 0 0 0 0 0
0 0 0 0 0 0 0 0 0 0
0 0 0 0 0 0 0 0 0 0
0 0 0 0 0 0 0 0 0 0
0 0 0 0 0 0 0 0 0 0
0 0 0 0 0 0 0 0 0 0
0 0 0 0 0 0 0 0 0 0
0 0 0 0 0 0 0 0 0 0
0 0 0 0 0 0 0 0 0 0
0 0 0 0 0 0 0 0 0 0
0 0 0 0 0 0 0 0 0 0
0 0 0 0 0 0 0 0 0 0
0 0 0 0 0 1 1 1 1 1
1 1 1 1 1 1 1 1 1 1
1 1 1 1 1 1 1 1 1 1
1 1 1 1 1 1 1 1 1 1
1 1 1 1 1 1 1 1 1 1
1 1 1 1 1 1 1 1 1 1
1 1 1 1 1 1 1 1 1 1
1 1 1 1 1 1 1 1 1 1
1 1 1 1 1 1 1 1 1 1
1 1 1 1 1 1 1 1 1 1
1 1 1 1 1 1 1 1 1 1
1 1 1 1 1 1 1 1 1 1
1 1 1 1 1 1 1 1 1 1
2 2 2 2 2 2 2 2 2 2
2 2 2 2 2 2 2 2 2 2
2 2 2 2 2 2 2 2 2 2
2 2 2 2 2 2 2 2 2 2
2 2 2 2 2 2 2 2 2 2
2 2 2 2 2 2 2 2 2 2
2 2 2 2 2 2 2 2 2 2
2 2 2 2 2 2 2 2 2 2
2 2 2 2 2 2 2 2 2 2
2 2 2 2 2 2 2 2 2 2
2 2 2 2 2 2 2 2 2 2
2 2 2 2 2 2 2 2 2 2
2 2 2 2 2 3 3 3 3 3
3 3 3 3 3 3 3 3 3 3
3 3 3 3 3 3 3 3 3 3
3 3 3 3 3 3 3 3 3 3
3 3 3 3 3 3 3 3 3 3
3 3 3 3 3 3 3 3 3 3
3 3 3 3 3 3 3 3 3 3
3 3 3 3 3 3 3 3 3 3
3 3 3 3 3 3 3 3 3 3
3 3 3 3 3 3 3 3 3 3
3 3 3 3 3 3 3 3 3 3
3 3 3 3 3 3 3 3 3 3
3 3 3 3 3 3 3 3 3 3
4 4 4 4 4 4 4 4 4 4
4 4 4 4 4 4 4 4 4 4
4 4 4 4 4 4 4 4 4 4
4 4 4 4 4 4 4 4 4 4
4 4 4 4 4 4 4 4 4 4
4 4 4 4 4 4 4 4 4 4
4 4 4 4 4 4 4 4 4 4
4 4 4 4 4 4 4 4 4 4
4 4 4 4 4 4 4 4 4 4
4 4 4 4 4 4 4 4 4 4
4 4 4 4 4 4 4 4 4 4
4 4 4 4 4 4 4 4 4 4
4 4 4 4 4 5 5 5 5 5
5 5 5 5 5 5 5 5 5 5
5 5 5 5 5 5 5 5 5 5
5 5 5 5 5 5 5 5 5 5
5 5 5 5 5 5 5 5 5 5
5 5 5 5 5 5 5 5 5 5
5 5 5 5 5 5 5 5 5 5
5 5 5 5 5 5 5 5 5 5
5 5 5 5 5 5 5 5 5 5
5 5 5 5 5 5 5 5 5 5
5 5 5 5 5 5 5 5 5 5
5 5 5 5 5 5 5 5 5 5
5 5 5 5 5 5 5 5 5 5
6 6 6 6 6 6 6 6 6 6
6 6 6 6 6 6 6 6 6 6
6 6 6 6 6 6 6 6 6 6
6 6 6 6 6 6 6 6 6 6
6 6 6 6 6 6 6 6 6 6
6 6 6 6 6 6 6 6 6 6
6 6 6 6 6 6 6 6 6 6
6 6 6 6 6 6 6 6 6 6
6 6 6 6 6 6 6 6 6 6
6 6 6 6 6 6 6 6 6 6
6 6 6 6 6 6 6 6 6 6
6 6 6 6 6 6 6 6 6 6
6 6 6 6 6 7 7 7 7 7
7 7 7 7 7 7 7 7 7 7
7 7 7 7 7 7 7 7 7 7
7 7 7 7 7 7 7 7 7 7
7 7 7 7 7 7 7 7 7 7
7 7 7 7 7 7 7 7 7 7
7 7 7 7 7 7 7 7 7 7
7 7 7 7 7 7 7 7 7 7
7 7 7 7 7 7 7 7 7 7
7 7 7 7 7 7 7 7 7 7
7 7 7 7 7 7 7 7 7 7
7 7 7 7 7 7 7 7 7 7
7 7 7 7 7 7 7 7 7 7
4 7 4 8 8 6 3 4 9 4
5 5 5 8 7 4 4 3 9 9
3 5 5 4 4 9 7 8 5 3
3 4 4 9 9 6 4 5 3 6
8 7 9 6 8 5 4 3 8 8
4 9 7 5 3 9 3 7 8 5
5 4 7 3 6 4 4 9 6 7
7 3 4 6 8 5 8 7 7 3
7 8 4 6 6 5 8 3 3 9
9 5 4 3 8 6 7 3 5 6
7 8 7 3 8 3 3 3 5 5
5 3 7 8 4 5 7 9 5 3
9 4 4 9 7 21 17 16 15 21
18 21 18 15 19 16 20 18 16 18
21 19 20 18 15 20 21 16 18 16
21 19 21 18 17 16 21 19 18 20
20 16 17 21 16 19 18 19 20 15
16 19 16 16 20 18 18 21 19 18
17 16 18 15 18 18 21 16 19 19
15 16 20 17 21 21 20 15 16 16
18 21 18 21 15 19 20 17 20 20
20 19 19 20 20 19 15 21 18 16
20 20 16 20 21 20 20 17 19 21
16 19 17 20 17 16 19 20 15 19
19 20 15 18 17 19 15 17 15 17
32 31 33 32 33 32 29 29 33 32
33 27 30 33 29 27 32 30 30 31
30 28 30 33 28 27 33 29 29 31
32 33 32 28 29 32 28 29 27 33
33 31 33 29 32 32 27 33 31 30
31 30 29 30 27 27 32 28 32 27
29 31 27 30 28 29 33 32 30 31
31 27 33 28 31 31 27 28 30 32
31 33 27 28 27 33 28 29 28 33
27 27 29 27 32 32 33 27 31 28
32 30 28 32 30 33 28 28 33 30
33 33 28 30 29 33 31 31 28 29
27 30 29 28 29 44 45 45 39 44
39 40 45 43 44 42 41 41 40 39
41 44 45 44 39 45 41 44 39 45
43 45 43 40 41 41 40 45 41 45
42 43 43 44 40 42 39 44 45 40
42 42 39 43 39 44 45 39 43 45
45 44 39 45 39 39 43 44 40 40
45 41 41 39 39 41 42 44 39 43
44 43 42 40 39 45 43 44 45 43
41 43 40 45 43 41 44 43 40 43
42 45 43 45 42 43 42 39 45 40
42 42 44 43 42 43 43 45 43 42
45 43 41 39 44 43 42 45 40 40
56 56 57 56 55 56 54 56 55 55
55 55 52 56 54 57 56 51 55 56
51 57 52 56 56 56 57 53 54 56
56 51 57 54 56 55 57 53 51 53
54 57 56 52 55 57 57 57 56 57
55 56 54 56 52 55 51 55 54 56
55 57 55 56 54 55 54 55 54 53
54 51 55 55 54 55 53 52 56 55
56 51 54 55 57 55 54 53 57 52
56 54 55 57 54 54 54 51 53 56
53 53 51 55 56 52 54 54 53 56
57 55 53 54 52 55 57 55 56 54
51 54 52 52 57 65 65 68 69 66
64 64 63 65 63 67 69 68 65 65
63 63 66 69 67 66 63 67 69 67
64 67 66 66 65 69 69 64 67 66
66 65 67 63 66 69 64 63 68 66
67 67 65 66 68 66 66 65 66 68
64 69 63 65 68 65 66 63 69 67
63 67 66 67 63 67 66 69 65 69
66 67 67 66 69 65 66 64 69 66
66 64 65 69 67 64 66 68 64 66
67 66 69 66 67 65 64 63 64 67
63 64 63 69 64 67 64 67 63 63
64 67 64 65 65 65 66 65 69 68
77 78 76 76 75 75 80 81 78 78
81 77 76 78 78 77 79 78 75 76
75 81 75 81 81 77 78 79 75 75
76 75 80 78 75 76 77 77 76 79
81 81 81 78 78 79 75 78 77 78
80 80 77 76 81 75 78 81 77 76
76 78 77 81 77 76 78 79 78 75
77 81 79 78 77 75 81 78 76 80
81 78 77 77 75 80 79 75 75 79
80 76 80 77 75 79 77 76 80 76
81 80 78 75 79 75 79 76 77 81
80 81 77 81 80 80 78 76 76 78
80 76 81 76 78 92 88 92 89 91
87 90 93 91 92 93 87 91 89 92
90 88 93 90 91 87 88 87 93 88
90 87 87 87 87 91 91 87 88 87
87 89 93 92 88 92 88 87 91 92
90 87 92 88 91 89 89 91 88 87
92 89 90 87 88 87 89 87 91 88
87 93 90 92 88 87 88 93 87 92
92 89 90 90 87 88 88 90 89 92
89 91 92 91 91 89 90 90 92 88
87 89 90 87 91 90 87 89 93 88
89 89 89 91 91 91 89 88 88 91
88 91 90 92 89 88 89 92 90 93
