0 0 0 0 0 0 0 0 0 0 0 0 0 0 0 0
0 0 0 0 0 0 0 0 0 0 0 0 0 0 0 0
1 1 1 1 1 1 1 1 1 1 1 1 1 1 1 1
1 1 1 1 1 1 1 1 1 1 1 1 1 1 1 1
2 2 2 2 2 2 2 2 2 2 2 2 2 2 2 2
2 2 2 2 2 2 2 2 2 2 2 2 2 2 2 2
3 3 3 3 3 3 3 3 3 3 3 3 3 3 3 3
3 3 3 3 3 3 3 3 3 3 3 3 3 3 3 3
4 4 4 4 4 4 4 4 4 4 4 4 4 4 4 4
4 4 4 4 4 4 4 4 4 4 4 4 4 4 4 4
5 5 5 5 5 5 5 5 5 5 5 5 5 5 5 5
5 5 5 5 5 5 5 5 5 5 5 5 5 5 5 5
6 6 6 6 6 6 6 6 6 6 6 6 6 6 6 6
6 6 6 6 6 6 6 6 6 6 6 6 6 6 6 6
7 7 7 7 7 7 7 7 7 7 7 7 7 7 7 7
7 7 7 7 7 7 7 7 7 7 7 7 7 7 7 7
9 8 6 3 5 6 7 5 9 3 9 9 4 3 3 7
7 8 5 9 5 5 6 9 3 9 4 3 5 7 8 4
19 20 16 15 19 17 18 17 15 15 21 19 15 15 19 21
16 17 15 15 21 16 17 21 16 17 18 17 17 17 18 15
32 33 29 31 33 31 33 30 28 30 29 27 27 30 27 32
31 28 28 28 27 32 30 33 33 32 31 28 28 28 27 31
43 42 40 40 45 42 41 44 39 39 45 42 42 39 39 42
40 41 42 44 44 40 41 41 44 43 40 43 44 43 42 45
51 51 56 51 57 52 51 52 52 53 56 57 54 51 57 56
57 51 51 57 57 52 52 53 55 52 56 51 53 57 53 52
63 64 67 67 67 64 65 65 68 69 63 66 63 69 63 66
68 69 64 69 66 65 67 65 67 65 68 65 63 69 67 64
81 81 79 77 80 78 76 76 75 75 81 81 81 79 76 79
77 75 80 81 81 76 75 81 81 80 79 79 79 80 76 76
92 92 87 93 89 87 92 91 89 92 88 89 90 91 89 90
87 87 91 91 91 87 92 88 88 89 88 91 87 88 92 91
