0 0 0 0 0 0 0 0 0 0
0 0 0 0 0 0 0 0 0 0
0 0 0 0 0 0 0 0 0 0
0 0 0 0 0 0 0 0 0 0
0 0 0 0 0 0 0 0 0 0
0 0 0 0 0 0 0 0 0 0
0 0 0 0 0 0 0 0 0 0
0 0 0 0 0 0 0 0 0 0
0 0 0 0 0 0 0 0 0 0
0 0 0 0 0 0 0 0 0 0
0 0 0 0 0 0 0 0 0 0
0 0 0 0 0 0 0 0 0 0
0 0 0 0 0 1 1 1 1 1
1 1 1 1 1 1 1 1 1 1
1 1 1 1 1 1 1 1 1 1
1 1 1 1 1 1 1 1 1 1
1 1 1 1 1 1 1 1 1 1
1 1 1 1 1 1 1 1 1 1
1 1 1 1 1 1 1 1 1 1
1 1 1 1 1 1 1 1 1 1
1 1 1 1 1 1 1 1 1 1
1 1 1 1 1 1 1 1 1 1
1 1 1 1 1 1 1 1 1 1
1 1 1 1 1 1 1 1 1 1
1 1 1 1 1 1 1 1 1 1
2 2 2 2 2 2 2 2 2 2
2 2 2 2 2 2 2 2 2 2
2 2 2 2 2 2 2 2 2 2
2 2 2 2 2 2 2 2 2 2
2 2 2 2 2 2 2 2 2 2
2 2 2 2 2 2 2 2 2 2
2 2 2 2 2 2 2 2 2 2
2 2 2 2 2 2 2 2 2 2
2 2 2 2 2 2 2 2 2 2
2 2 2 2 2 2 2 2 2 2
2 2 2 2 2 2 2 2 2 2
2 2 2 2 2 2 2 2 2 2
2 2 2 2 2 3 3 3 3 3
3 3 3 3 3 3 3 3 3 3
3 3 3 3 3 3 3 3 3 3
3 3 3 3 3 3 3 3 3 3
3 3 3 3 3 3 3 3 3 3
3 3 3 3 3 3 3 3 3 3
3 3 3 3 3 3 3 3 3 3
3 3 3 3 3 3 3 3 3 3
3 3 3 3 3 3 3 3 3 3
3 3 3 3 3 3 3 3 3 3
3 3 3 3 3 3 3 3 3 3
3 3 3 3 3 3 3 3 3 3
3 3 3 3 3 3 3 3 3 3
4 4 4 4 4 4 4 4 4 4
4 4 4 4 4 4 4 4 4 4
4 4 4 4 4 4 4 4 4 4
4 4 4 4 4 4 4 4 4 4
4 4 4 4 4 4 4 4 4 4
4 4 4 4 4 4 4 4 4 4
4 4 4 4 4 4 4 4 4 4
4 4 4 4 4 4 4 4 4 4
4 4 4 4 4 4 4 4 4 4
4 4 4 4 4 4 4 4 4 4
4 4 4 4 4 4 4 4 4 4
4 4 4 4 4 4 4 4 4 4
4 4 4 4 4 5 5 5 5 5
5 5 5 5 5 5 5 5 5 5
5 5 5 5 5 5 5 5 5 5
5 5 5 5 5 5 5 5 5 5
5 5 5 5 5 5 5 5 5 5
5 5 5 5 5 5 5 5 5 5
5 5 5 5 5 5 5 5 5 5
5 5 5 5 5 5 5 5 5 5
5 5 5 5 5 5 5 5 5 5
5 5 5 5 5 5 5 5 5 5
5 5 5 5 5 5 5 5 5 5
5 5 5 5 5 5 5 5 5 5
5 5 5 5 5 5 5 5 5 5
6 6 6 6 6 6 6 6 6 6
6 6 6 6 6 6 6 6 6 6
6 6 6 6 6 6 6 6 6 6
6 6 6 6 6 6 6 6 6 6
6 6 6 6 6 6 6 6 6 6
6 6 6 6 6 6 6 6 6 6
6 6 6 6 6 6 6 6 6 6
6 6 6 6 6 6 6 6 6 6
6 6 6 6 6 6 6 6 6 6
6 6 6 6 6 6 6 6 6 6
6 6 6 6 6 6 6 6 6 6
6 6 6 6 6 6 6 6 6 6
6 6 6 6 6 7 7 7 7 7
7 7 7 7 7 7 7 7 7 7
7 7 7 7 7 7 7 7 7 7
7 7 7 7 7 7 7 7 7 7
7 7 7 7 7 7 7 7 7 7
7 7 7 7 7 7 7 7 7 7
7 7 7 7 7 7 7 7 7 7
7 7 7 7 7 7 7 7 7 7
7 7 7 7 7 7 7 7 7 7
7 7 7 7 7 7 7 7 7 7
7 7 7 7 7 7 7 7 7 7
7 7 7 7 7 7 7 7 7 7
7 7 7 7 7 7 7 7 7 7
7 4 6 6 9 9 8 6 9 4
3 9 7 5 9 7 5 5 7 6
7 9 6 6 5 5 3 5 4 6
6 7 4 5 3 8 9 5 6 3
6 3 4 3 7 9 5 3 8 9
7 6 9 7 5 4 8 7 7 6
7 6 8 6 7 7 4 6 3 9
4 3 4 5 8 3 3 9 4 9
7 6 7 3 3 3 4 7 9 3
3 9 7 3 9 8 4 7 7 6
5 9 6 6 9 8 3 4 4 6
8 7 6 9 9 9 4 9 9 4
4 4 7 8 5 19 19 16 16 21
18 15 15 17 16 19 16 17 17 15
15 15 17 19 17 15 19 19 17 21
21 16 17 20 18 17 15 18 21 21
17 16 21 20 15 20 15 17 16 18
19 21 19 21 18 17 19 17 19 16
20 19 15 16 19 16 20 18 21 18
20 16 17 19 19 18 17 19 18 16
21 17 17 16 21 21 20 16 16 15
18 21 19 16 15 20 16 15 20 18
21 15 21 15 21 19 15 16 20 17
16 17 20 16 17 18 20 21 18 17
15 16 18 19 15 17 20 19 20 20
32 30 27 33 28 32 30 28 30 28
28 32 30 32 27 29 27 31 27 33
31 29 27 27 30 28 33 31 33 32
29 33 32 33 29 31 30 29 32 31
32 28 29 30 31 32 30 33 29 27
29 32 32 27 31 33 33 29 33 30
28 32 30 32 33 27 30 30 30 30
29 32 29 28 32 32 27 30 28 27
27 33 28 31 27 29 31 32 27 31
30 29 31 30 28 28 29 33 32 33
31 31 32 29 31 33 30 33 29 30
33 27 32 31 32 32 32 32 32 29
27 32 31 33 32 40 45 43 39 44
44 44 43 41 43 40 40 41 41 43
45 39 39 44 45 43 43 42 43 40
41 42 43 45 44 41 39 41 45 45
43 39 44 42 45 41 39 40 45 41
41 43 45 41 45 39 39 41 39 41
43 42 44 42 43 45 39 41 40 40
43 39 44 39 39 42 42 41 44 40
41 39 42 41 40 43 42 45 44 39
43 43 42 41 39 42 39 45 43 39
39 40 45 41 43 42 44 39 41 39
45 40 43 45 42 45 39 42 40 43
39 42 43 44 44 42 43 40 43 42
56 54 52 51 56 54 56 54 52 52
53 55 52 51 57 52 53 54 51 56
51 57 53 55 56 52 57 52 51 57
54 55 53 52 51 54 52 52 55 55
52 55 52 56 54 54 54 53 53 57
57 55 53 56 53 53 53 56 51 53
52 53 56 55 52 52 57 57 56 56
56 55 54 51 55 53 57 54 57 57
52 57 54 57 51 54 55 55 57 54
56 55 57 54 55 51 54 51 52 53
55 53 56 51 57 51 51 52 56 57
55 54 55 57 57 55 53 54 54 52
52 53 54 55 53 68 66 69 63 63
64 63 68 67 68 66 67 64 67 69
64 63 66 64 67 64 69 68 69 66
68 66 68 69 65 63 63 63 63 65
66 68 66 68 65 69 67 67 65 67
63 64 63 66 69 65 63 63 68 63
69 63 69 68 63 66 63 66 68 63
69 64 64 65 68 66 64 66 69 64
64 65 69 64 63 65 63 63 66 65
63 67 65 65 67 64 66 64 67 68
65 67 66 67 66 69 67 64 64 69
66 68 68 67 69 63 65 68 68 65
64 64 65 68 63 65 65 65 67 64
81 78 76 79 76 75 79 77 75 76
77 78 76 79 75 80 79 77 80 79
81 75 78 75 77 81 77 81 79 80
81 81 78 75 76 78 75 77 77 80
75 79 75 77 77 78 76 76 81 80
81 77 80 75 76 78 81 79 80 77
78 80 76 78 78 76 76 75 76 80
75 76 80 77 80 79 81 79 80 79
76 80 80 77 81 80 79 76 76 75
75 79 75 77 79 76 77 75 75 78
81 78 78 80 80 79 81 77 81 77
76 75 79 78 79 76 75 78 75 75
78 75 79 81 75 91 87 87 92 89
93 92 91 93 87 93 88 88 90 89
90 88 88 88 88 91 88 92 91 88
90 91 90 90 93 91 89 91 93 87
87 91 87 87 89 90 87 88 87 92
93 88 90 89 89 93 91 92 88 89
90 90 90 93 89 93 88 93 87 91
87 90 90 91 90 88 92 90 88 92
87 91 93 87 93 90 91 89 88 88
93 87 91 91 88 90 90 88 89 88
87 88 90 89 89 90 93 93 89 90
89 89 92 89 92 90 90 88 88 88
89 87 91 92 91 90 93 93 90 89
