0 0 0 0 0 0 0 0 0 0 0 0 0 0 0 0
0 0 0 0 0 0 0 0 0 0 0 0 0 0 0 0
1 1 1 1 1 1 1 1 1 1 1 1 1 1 1 1
1 1 1 1 1 1 1 1 1 1 1 1 1 1 1 1
2 2 2 2 2 2 2 2 2 2 2 2 2 2 2 2
2 2 2 2 2 2 2 2 2 2 2 2 2 2 2 2
3 3 3 3 3 3 3 3 3 3 3 3 3 3 3 3
3 3 3 3 3 3 3 3 3 3 3 3 3 3 3 3
4 4 4 4 4 4 4 4 4 4 4 4 4 4 4 4
4 4 4 4 4 4 4 4 4 4 4 4 4 4 4 4
5 5 5 5 5 5 5 5 5 5 5 5 5 5 5 5
5 5 5 5 5 5 5 5 5 5 5 5 5 5 5 5
6 6 6 6 6 6 6 6 6 6 6 6 6 6 6 6
6 6 6 6 6 6 6 6 6 6 6 6 6 6 6 6
7 7 7 7 7 7 7 7 7 7 7 7 7 7 7 7
7 7 7 7 7 7 7 7 7 7 7 7 7 7 7 7
7 5 8 4 8 9 9 6 3 3 7 9 8 8 9 4
7 8 7 3 6 7 9 4 6 5 9 6 3 9 3 6
19 15 18 21 20 19 15 18 17 16 17 20 16 20 18 18
15 15 15 16 20 15 17 21 18 20 16 20 21 19 19 19
31 29 29 27 29 33 28 30 27 27 29 31 31 29 29 30
31 30 29 29 33 29 31 31 29 31 27 29 31 29 31 27
39 42 44 45 41 44 40 41 43 44 40 45 42 41 41 40
44 45 44 40 44 41 42 45 39 43 41 45 40 42 44 40
55 55 51 53 56 57 52 55 54 54 56 55 57 51 56 57
52 57 51 54 56 51 54 57 54 55 57 57 54 51 56 55
67 63 68 66 68 66 68 65 63 63 63 63 66 63 67 69
66 65 65 69 63 68 65 65 63 65 64 64 66 69 68 65
78 76 78 80 77 79 80 77 76 76 78 76 78 77 80 75
76 80 78 75 76 79 81 80 79 78 79 81 77 80 81 79
88 88 92 88 93 89 87 93 88 93 91 92 90 89 92 93
88 91 87 88 90 92 93 88 93 89 88 90 91 91 91 92
