0 0 0 0 0 0 0 0 0 0 0 0 0 0 0 0
0 0 0 0 0 0 0 0 0 0 0 0 0 0 0 0
1 1 1 1 1 1 1 1 1 1 1 1 1 1 1 1
1 1 1 1 1 1 1 1 1 1 1 1 1 1 1 1
2 2 2 2 2 2 2 2 2 2 2 2 2 2 2 2
2 2 2 2 2 2 2 2 2 2 2 2 2 2 2 2
3 3 3 3 3 3 3 3 3 3 3 3 3 3 3 3
3 3 3 3 3 3 3 3 3 3 3 3 3 3 3 3
4 4 4 4 4 4 4 4 4 4 4 4 4 4 4 4
4 4 4 4 4 4 4 4 4 4 4 4 4 4 4 4
5 5 5 5 5 5 5 5 5 5 5 5 5 5 5 5
5 5 5 5 5 5 5 5 5 5 5 5 5 5 5 5
6 6 6 6 6 6 6 6 6 6 6 6 6 6 6 6
6 6 6 6 6 6 6 6 6 6 6 6 6 6 6 6
7 7 7 7 7 7 7 7 7 7 7 7 7 7 7 7
7 7 7 7 7 7 7 7 7 7 7 7 7 7 7 7
6 7 7 8 7 5 3 9 8 6 5 8 6 8 5 3
4 8 5 4 8 3 9 6 3 6 8 7 3 9 3 7
16 20 17 18 18 19 15 17 20 19 15 19 15 21 20 15
19 21 16 18 18 15 21 20 19 15 21 21 19 19 18 19
27 32 31 30 28 31 27 29 32 33 32 30 27 32 33 27
28 28 30 33 27 28 33 27 28 33 28 32 29 32 29 28
43 43 44 42 42 39 42 42 42 44 39 43 42 40 45 39
42 45 39 44 40 44 39 41 44 43 43 44 43 44 44 45
55 53 55 52 51 54 52 53 54 52 57 51 53 52 54 56
57 54 52 56 52 55 51 57 51 54 57 55 51 51 54 52
67 66 63 69 68 64 69 63 68 66 65 65 64 63 63 66
63 67 69 68 69 67 67 67 66 69 66 67 69 65 65 66
81 75 77 75 78 81 81 77 81 78 78 76 81 81 77 76
79 75 81 79 81 77 78 77 80 77 75 77 75 81 77 77
91 89 89 92 90 91 88 92 92 93 93 88 90 87 89 91
88 91 88 91 91 89 89 93 90 90 90 90 87 88 93 92
