0 0 0 0 0 0 0 0 0 0 0 0 0 0 0 0
0 0 0 0 0 0 0 0 0 0 0 0 0 0 0 0
1 1 1 1 1 1 1 1 1 1 1 1 1 1 1 1
1 1 1 1 1 1 1 1 1 1 1 1 1 1 1 1
2 2 2 2 2 2 2 2 2 2 2 2 2 2 2 2
2 2 2 2 2 2 2 2 2 2 2 2 2 2 2 2
3 3 3 3 3 3 3 3 3 3 3 3 3 3 3 3
3 3 3 3 3 3 3 3 3 3 3 3 3 3 3 3
4 4 4 4 4 4 4 4 4 4 4 4 4 4 4 4
4 4 4 4 4 4 4 4 4 4 4 4 4 4 4 4
5 5 5 5 5 5 5 5 5 5 5 5 5 5 5 5
5 5 5 5 5 5 5 5 5 5 5 5 5 5 5 5
6 6 6 6 6 6 6 6 6 6 6 6 6 6 6 6
6 6 6 6 6 6 6 6 6 6 6 6 6 6 6 6
7 7 7 7 7 7 7 7 7 7 7 7 7 7 7 7
7 7 7 7 7 7 7 7 7 7 7 7 7 7 7 7
4 7 7 7 8 5 9 4 8 5 3 8 5 5 8 5
8 8 6 5 3 3 8 9 8 6 7 8 6 3 5 3
21 17 19 17 19 20 19 18 19 20 17 18 15 20 16 16
16 18 20 19 21 21 15 15 17 15 18 20 21 17 19 21
28 32 29 28 31 29 27 29 27 27 27 27 27 31 28 33
27 30 29 31 32 30 27 29 33 28 32 29 28 31 28 33
39 44 39 43 41 45 43 40 44 44 40 42 43 44 44 45
39 40 45 45 45 42 41 41 41 44 44 45 42 45 40 39
57 53 52 56 52 56 51 55 57 52 57 52 51 55 56 56
52 54 54 52 53 52 55 55 51 51 56 55 57 55 52 54
67 68 66 63 64 65 68 67 68 66 64 67 69 66 68 65
65 64 67 63 65 63 65 68 66 64 68 67 68 67 65 68
75 77 80 77 77 79 79 79 79 79 79 75 77 75 75 81
78 77 81 76 77 81 78 78 79 75 75 81 77 77 78 77
89 90 91 91 92 91 88 91 90 88 88 91 88 91 92 90
92 90 93 92 89 92 93 90 93 90 87 91 88 92 91 87
