0 0 0 0 0 0 0 0 0 0
0 0 0 0 0 0 0 0 0 0
0 0 0 0 0 0 0 0 0 0
0 0 0 0 0 0 0 0 0 0
0 0 0 0 0 0 0 0 0 0
0 0 0 0 0 0 0 0 0 0
0 0 0 0 0 0 0 0 0 0
0 0 0 0 0 0 0 0 0 0
0 0 0 0 0 0 0 0 0 0
0 0 0 0 0 0 0 0 0 0
0 0 0 0 0 0 0 0 0 0
0 0 0 0 0 0 0 0 0 0
0 0 0 0 0 1 1 1 1 1
1 1 1 1 1 1 1 1 1 1
1 1 1 1 1 1 1 1 1 1
1 1 1 1 1 1 1 1 1 1
1 1 1 1 1 1 1 1 1 1
1 1 1 1 1 1 1 1 1 1
1 1 1 1 1 1 1 1 1 1
1 1 1 1 1 1 1 1 1 1
1 1 1 1 1 1 1 1 1 1
1 1 1 1 1 1 1 1 1 1
1 1 1 1 1 1 1 1 1 1
1 1 1 1 1 1 1 1 1 1
1 1 1 1 1 1 1 1 1 1
2 2 2 2 2 2 2 2 2 2
2 2 2 2 2 2 2 2 2 2
2 2 2 2 2 2 2 2 2 2
2 2 2 2 2 2 2 2 2 2
2 2 2 2 2 2 2 2 2 2
2 2 2 2 2 2 2 2 2 2
2 2 2 2 2 2 2 2 2 2
2 2 2 2 2 2 2 2 2 2
2 2 2 2 2 2 2 2 2 2
2 2 2 2 2 2 2 2 2 2
2 2 2 2 2 2 2 2 2 2
2 2 2 2 2 2 2 2 2 2
2 2 2 2 2 3 3 3 3 3
3 3 3 3 3 3 3 3 3 3
3 3 3 3 3 3 3 3 3 3
3 3 3 3 3 3 3 3 3 3
3 3 3 3 3 3 3 3 3 3
3 3 3 3 3 3 3 3 3 3
3 3 3 3 3 3 3 3 3 3
3 3 3 3 3 3 3 3 3 3
3 3 3 3 3 3 3 3 3 3
3 3 3 3 3 3 3 3 3 3
3 3 3 3 3 3 3 3 3 3
3 3 3 3 3 3 3 3 3 3
3 3 3 3 3 3 3 3 3 3
4 4 4 4 4 4 4 4 4 4
4 4 4 4 4 4 4 4 4 4
4 4 4 4 4 4 4 4 4 4
4 4 4 4 4 4 4 4 4 4
4 4 4 4 4 4 4 4 4 4
4 4 4 4 4 4 4 4 4 4
4 4 4 4 4 4 4 4 4 4
4 4 4 4 4 4 4 4 4 4
4 4 4 4 4 4 4 4 4 4
4 4 4 4 4 4 4 4 4 4
4 4 4 4 4 4 4 4 4 4
4 4 4 4 4 4 4 4 4 4
4 4 4 4 4 5 5 5 5 5
5 5 5 5 5 5 5 5 5 5
5 5 5 5 5 5 5 5 5 5
5 5 5 5 5 5 5 5 5 5
5 5 5 5 5 5 5 5 5 5
5 5 5 5 5 5 5 5 5 5
5 5 5 5 5 5 5 5 5 5
5 5 5 5 5 5 5 5 5 5
5 5 5 5 5 5 5 5 5 5
5 5 5 5 5 5 5 5 5 5
5 5 5 5 5 5 5 5 5 5
5 5 5 5 5 5 5 5 5 5
5 5 5 5 5 5 5 5 5 5
6 6 6 6 6 6 6 6 6 6
6 6 6 6 6 6 6 6 6 6
6 6 6 6 6 6 6 6 6 6
6 6 6 6 6 6 6 6 6 6
6 6 6 6 6 6 6 6 6 6
6 6 6 6 6 6 6 6 6 6
6 6 6 6 6 6 6 6 6 6
6 6 6 6 6 6 6 6 6 6
6 6 6 6 6 6 6 6 6 6
6 6 6 6 6 6 6 6 6 6
6 6 6 6 6 6 6 6 6 6
6 6 6 6 6 6 6 6 6 6
6 6 6 6 6 7 7 7 7 7
7 7 7 7 7 7 7 7 7 7
7 7 7 7 7 7 7 7 7 7
7 7 7 7 7 7 7 7 7 7
7 7 7 7 7 7 7 7 7 7
7 7 7 7 7 7 7 7 7 7
7 7 7 7 7 7 7 7 7 7
7 7 7 7 7 7 7 7 7 7
7 7 7 7 7 7 7 7 7 7
7 7 7 7 7 7 7 7 7 7
7 7 7 7 7 7 7 7 7 7
7 7 7 7 7 7 7 7 7 7
7 7 7 7 7 7 7 7 7 7
4 7 7 9 3 3 7 6 8 5
5 9 8 5 9 9 3 8 5 6
8 6 6 4 6 9 5 8 7 3
8 9 7 9 9 9 9 8 6 4
9 5 4 7 5 3 4 9 8 4
8 8 5 4 9 5 4 9 3 3
9 7 6 6 3 5 6 9 7 6
9 6 6 9 4 8 8 4 7 4
9 8 6 9 6 7 4 7 3 5
7 8 6 4 4 5 9 6 6 3
8 4 9 7 9 6 3 7 7 7
5 7 3 7 7 9 9 8 5 3
6 6 9 3 3 18 21 20 16 17
15 20 16 20 15 16 16 20 15 16
15 18 17 16 15 19 21 18 15 15
21 21 15 16 18 16 18 20 20 19
19 18 19 16 18 21 15 16 18 17
16 21 17 20 19 16 16 17 15 19
18 21 19 15 17 16 19 20 17 15
18 18 17 20 16 18 18 20 15 16
17 21 21 15 17 18 18 18 16 15
16 19 20 21 19 19 17 15 15 17
15 21 16 16 17 15 19 15 16 19
21 21 21 15 15 16 21 18 21 21
20 17 20 16 20 15 19 20 18 21
29 31 32 27 32 30 30 29 29 33
30 30 30 31 29 32 32 27 33 30
33 28 33 31 28 31 32 32 28 29
30 31 30 31 27 29 30 30 32 31
32 33 27 30 27 29 31 32 32 30
28 30 32 30 33 28 27 30 29 31
30 33 33 29 30 33 27 31 30 30
28 30 29 30 33 32 30 28 28 31
29 31 28 30 30 29 28 30 32 32
28 28 30 33 33 33 33 29 30 30
28 28 33 29 30 32 32 27 32 33
28 29 33 32 27 29 29 32 30 28
30 31 30 28 32 44 44 45 39 40
39 39 41 40 43 44 44 40 42 40
41 41 44 40 44 41 42 43 39 40
45 40 41 41 41 39 39 43 43 40
43 42 41 45 39 39 39 43 45 39
43 42 39 42 39 43 41 45 44 44
41 41 44 39 42 40 39 42 42 44
40 40 41 41 43 45 43 40 39 43
41 43 45 41 41 42 41 44 40 39
42 40 45 42 43 43 45 41 42 40
45 40 45 42 44 44 39 45 43 45
45 44 41 43 44 39 45 41 42 40
41 41 43 45 43 39 41 44 45 43
54 57 56 56 57 56 52 53 51 57
57 53 55 56 56 54 57 55 55 52
52 57 53 54 57 52 53 52 55 53
51 55 51 53 51 57 52 51 57 56
53 57 55 54 57 53 56 54 57 52
52 54 56 51 55 57 55 53 51 52
57 57 52 53 51 57 57 55 57 56
55 52 51 54 52 52 57 56 56 56
51 56 54 55 56 52 57 55 55 52
57 57 53 53 55 51 57 57 52 52
56 55 57 51 57 56 57 54 55 55
53 55 55 57 52 51 53 53 54 52
55 55 57 54 51 66 68 65 65 66
63 64 64 64 65 65 67 66 69 65
64 69 69 63 68 65 68 67 66 64
68 64 67 65 67 67 63 69 63 68
66 68 69 63 67 64 65 67 67 67
66 66 63 67 65 69 63 65 65 68
67 67 66 66 68 65 65 68 67 67
68 69 65 67 68 68 66 65 66 65
69 63 64 68 69 69 67 67 69 69
66 68 63 67 66 64 63 69 66 68
64 68 68 64 63 67 66 68 66 64
65 67 67 69 65 63 67 63 64 64
64 63 67 66 69 66 66 69 66 66
80 78 80 77 81 77 75 77 79 76
76 75 75 76 76 77 75 77 75 80
75 75 75 78 79 77 81 78 79 80
79 80 77 75 79 80 79 77 79 78
75 78 81 78 81 79 81 76 78 81
75 79 76 79 76 76 78 79 79 75
80 75 77 81 75 79 76 77 81 80
80 75 81 80 81 81 75 76 80 77
78 81 80 81 77 76 76 79 78 81
79 80 81 81 78 77 75 78 80 81
77 78 77 76 77 76 75 80 78 78
76 75 79 78 81 76 77 78 76 80
78 76 80 81 78 93 90 87 89 93
91 92 88 87 92 87 92 87 92 89
90 93 90 88 90 93 90 87 91 88
87 90 87 93 91 88 93 91 91 92
88 90 92 87 89 93 91 87 87 91
92 88 92 88 89 88 92 88 92 90
89 92 89 93 87 89 91 88 90 93
93 90 90 88 93 88 88 92 91 88
88 92 93 89 87 91 89 89 89 90
90 93 88 92 90 90 87 91 87 88
93 90 92 87 91 92 93 89 93 89
93 87 90 89 88 87 89 87 92 88
92 91 92 89 93 91 91 92 89 88
