0 0 0 0 0 0 0 0 0 0
0 0 0 0 0 0 0 0 0 0
0 0 0 0 0 0 0 0 0 0
0 0 0 0 0 0 0 0 0 0
0 0 0 0 0 0 0 0 0 0
0 0 0 0 0 0 0 0 0 0
0 0 0 0 0 0 0 0 0 0
0 0 0 0 0 0 0 0 0 0
0 0 0 0 0 0 0 0 0 0
0 0 0 0 0 0 0 0 0 0
0 0 0 0 0 0 0 0 0 0
0 0 0 0 0 0 0 0 0 0
0 0 0 0 0 1 1 1 1 1
1 1 1 1 1 1 1 1 1 1
1 1 1 1 1 1 1 1 1 1
1 1 1 1 1 1 1 1 1 1
1 1 1 1 1 1 1 1 1 1
1 1 1 1 1 1 1 1 1 1
1 1 1 1 1 1 1 1 1 1
1 1 1 1 1 1 1 1 1 1
1 1 1 1 1 1 1 1 1 1
1 1 1 1 1 1 1 1 1 1
1 1 1 1 1 1 1 1 1 1
1 1 1 1 1 1 1 1 1 1
1 1 1 1 1 1 1 1 1 1
2 2 2 2 2 2 2 2 2 2
2 2 2 2 2 2 2 2 2 2
2 2 2 2 2 2 2 2 2 2
2 2 2 2 2 2 2 2 2 2
2 2 2 2 2 2 2 2 2 2
2 2 2 2 2 2 2 2 2 2
2 2 2 2 2 2 2 2 2 2
2 2 2 2 2 2 2 2 2 2
2 2 2 2 2 2 2 2 2 2
2 2 2 2 2 2 2 2 2 2
2 2 2 2 2 2 2 2 2 2
2 2 2 2 2 2 2 2 2 2
2 2 2 2 2 3 3 3 3 3
3 3 3 3 3 3 3 3 3 3
3 3 3 3 3 3 3 3 3 3
3 3 3 3 3 3 3 3 3 3
3 3 3 3 3 3 3 3 3 3
3 3 3 3 3 3 3 3 3 3
3 3 3 3 3 3 3 3 3 3
3 3 3 3 3 3 3 3 3 3
3 3 3 3 3 3 3 3 3 3
3 3 3 3 3 3 3 3 3 3
3 3 3 3 3 3 3 3 3 3
3 3 3 3 3 3 3 3 3 3
3 3 3 3 3 3 3 3 3 3
4 4 4 4 4 4 4 4 4 4
4 4 4 4 4 4 4 4 4 4
4 4 4 4 4 4 4 4 4 4
4 4 4 4 4 4 4 4 4 4
4 4 4 4 4 4 4 4 4 4
4 4 4 4 4 4 4 4 4 4
4 4 4 4 4 4 4 4 4 4
4 4 4 4 4 4 4 4 4 4
4 4 4 4 4 4 4 4 4 4
4 4 4 4 4 4 4 4 4 4
4 4 4 4 4 4 4 4 4 4
4 4 4 4 4 4 4 4 4 4
4 4 4 4 4 5 5 5 5 5
5 5 5 5 5 5 5 5 5 5
5 5 5 5 5 5 5 5 5 5
5 5 5 5 5 5 5 5 5 5
5 5 5 5 5 5 5 5 5 5
5 5 5 5 5 5 5 5 5 5
5 5 5 5 5 5 5 5 5 5
5 5 5 5 5 5 5 5 5 5
5 5 5 5 5 5 5 5 5 5
5 5 5 5 5 5 5 5 5 5
5 5 5 5 5 5 5 5 5 5
5 5 5 5 5 5 5 5 5 5
5 5 5 5 5 5 5 5 5 5
6 6 6 6 6 6 6 6 6 6
6 6 6 6 6 6 6 6 6 6
6 6 6 6 6 6 6 6 6 6
6 6 6 6 6 6 6 6 6 6
6 6 6 6 6 6 6 6 6 6
6 6 6 6 6 6 6 6 6 6
6 6 6 6 6 6 6 6 6 6
6 6 6 6 6 6 6 6 6 6
6 6 6 6 6 6 6 6 6 6
6 6 6 6 6 6 6 6 6 6
6 6 6 6 6 6 6 6 6 6
6 6 6 6 6 6 6 6 6 6
6 6 6 6 6 7 7 7 7 7
7 7 7 7 7 7 7 7 7 7
7 7 7 7 7 7 7 7 7 7
7 7 7 7 7 7 7 7 7 7
7 7 7 7 7 7 7 7 7 7
7 7 7 7 7 7 7 7 7 7
7 7 7 7 7 7 7 7 7 7
7 7 7 7 7 7 7 7 7 7
7 7 7 7 7 7 7 7 7 7
7 7 7 7 7 7 7 7 7 7
7 7 7 7 7 7 7 7 7 7
7 7 7 7 7 7 7 7 7 7
7 7 7 7 7 7 7 7 7 7
5 9 4 3 3 3 5 4 7 5
7 4 8 6 7 3 9 3 7 6
6 9 8 9 3 8 3 7 8 4
8 3 8 8 3 6 7 5 5 4
3 5 3 9 7 5 7 6 9 8
9 4 8 7 4 3 6 4 3 4
5 5 5 6 4 4 3 6 5 5
9 7 8 8 3 4 6 5 7 4
9 8 3 8 4 6 9 4 8 9
3 8 6 9 7 8 6 6 9 9
9 3 7 3 9 3 3 4 8 4
5 9 6 4 9 5 8 3 9 4
8 7 5 9 6 17 19 20 19 15
17 15 18 17 18 16 19 18 21 19
21 15 15 16 21 16 17 15 16 18
16 17 19 20 19 18 19 16 18 16
16 17 18 20 15 17 17 21 20 15
15 15 19 16 16 18 16 20 16 20
19 19 15 21 20 19 16 17 21 17
21 19 16 19 21 15 17 19 18 17
16 18 21 15 15 16 20 20 18 21
19 20 17 15 15 17 20 21 16 19
19 18 15 17 18 20 18 21 18 19
19 17 21 15 16 19 20 21 15 19
17 18 18 21 19 19 19 17 17 16
32 31 32 31 27 28 31 28 30 31
27 30 28 31 27 30 32 28 32 31
28 33 32 32 28 33 32 30 31 31
31 28 32 28 30 27 31 30 32 28
29 27 32 31 27 28 31 29 27 30
33 29 33 30 32 31 31 32 31 32
27 31 27 33 31 28 29 30 28 33
33 30 29 31 29 30 29 33 30 27
29 32 30 33 33 30 27 31 33 32
28 30 33 30 31 29 32 32 27 33
31 33 31 33 30 32 30 33 27 32
28 33 32 30 27 29 29 27 29 29
29 28 32 31 28 44 43 42 44 43
45 41 40 44 43 39 39 43 43 41
39 45 40 43 40 39 44 42 42 44
43 39 43 40 43 42 43 42 44 41
44 41 44 42 45 43 43 43 40 44
39 43 42 45 39 40 42 44 43 44
42 41 41 40 43 42 42 41 45 41
41 42 45 40 41 41 43 43 42 39
39 42 39 39 41 40 39 45 39 42
41 44 42 44 40 43 40 44 43 39
41 45 40 42 45 40 43 40 42 41
42 42 44 45 45 39 43 44 40 43
39 42 44 44 40 42 41 45 45 45
52 53 54 55 51 54 56 57 55 51
52 53 57 57 55 51 55 51 53 56
51 52 56 54 57 55 55 52 57 56
53 56 57 53 57 52 56 55 54 52
53 57 53 55 57 56 53 54 52 56
56 57 54 57 55 56 56 52 51 51
51 53 54 53 51 57 51 56 52 52
55 54 53 55 51 54 51 51 51 53
52 52 51 55 52 53 55 51 57 55
56 51 54 54 54 53 57 57 53 52
56 55 51 55 52 57 51 57 52 57
52 55 52 54 57 51 57 53 51 54
57 55 55 57 57 69 65 63 68 65
63 64 67 64 64 69 67 64 69 64
67 66 67 66 69 69 68 63 67 69
64 65 66 67 67 65 66 68 67 66
67 67 68 68 69 69 66 68 65 69
65 63 66 69 67 67 63 68 68 69
64 69 66 66 65 66 64 69 65 66
68 64 66 67 64 66 64 68 66 63
68 63 65 68 68 69 66 65 64 64
67 64 68 69 68 63 68 63 63 66
64 63 68 67 69 65 66 65 69 65
65 63 66 64 63 69 64 65 66 63
68 66 63 63 65 65 69 64 65 68
75 79 77 76 79 77 75 75 79 77
77 77 79 77 77 81 80 78 81 79
75 75 79 80 77 81 76 81 80 77
78 79 81 81 76 80 76 81 78 80
78 76 77 81 75 79 81 76 76 77
78 78 78 81 81 75 81 76 80 75
80 77 77 77 80 81 80 76 76 79
76 81 81 81 78 75 81 79 76 81
80 77 81 80 79 79 79 80 80 81
77 79 77 76 81 76 75 80 78 75
81 78 75 76 76 77 75 81 78 78
81 76 79 80 79 76 80 80 81 79
76 77 78 79 80 89 91 91 87 92
93 92 91 88 93 93 89 88 87 93
93 88 88 87 92 88 93 90 87 91
92 90 91 93 89 89 93 93 87 92
91 87 92 92 91 90 90 88 87 91
88 92 88 87 89 93 88 87 88 91
87 89 93 89 91 89 93 89 93 91
89 92 92 88 92 89 88 91 92 88
87 92 91 88 89 87 93 88 92 87
92 90 87 91 93 88 87 93 90 88
90 92 89 92 88 88 91 89 92 92
92 90 88 91 87 91 88 92 92 89
89 88 93 92 87 88 90 92 87 91
