0 0 0 0 0 0 0 0 0 0 0 0 0 0 0 0
0 0 0 0 0 0 0 0 0 0 0 0 0 0 0 0
1 1 1 1 1 1 1 1 1 1 1 1 1 1 1 1
1 1 1 1 1 1 1 1 1 1 1 1 1 1 1 1
2 2 2 2 2 2 2 2 2 2 2 2 2 2 2 2
2 2 2 2 2 2 2 2 2 2 2 2 2 2 2 2
3 3 3 3 3 3 3 3 3 3 3 3 3 3 3 3
3 3 3 3 3 3 3 3 3 3 3 3 3 3 3 3
4 4 4 4 4 4 4 4 4 4 4 4 4 4 4 4
4 4 4 4 4 4 4 4 4 4 4 4 4 4 4 4
5 5 5 5 5 5 5 5 5 5 5 5 5 5 5 5
5 5 5 5 5 5 5 5 5 5 5 5 5 5 5 5
6 6 6 6 6 6 6 6 6 6 6 6 6 6 6 6
6 6 6 6 6 6 6 6 6 6 6 6 6 6 6 6
7 7 7 7 7 7 7 7 7 7 7 7 7 7 7 7
7 7 7 7 7 7 7 7 7 7 7 7 7 7 7 7
4 8 7 5 8 9 4 4 5 7 7 8 6 6 9 9
7 9 4 8 7 9 7 4 6 6 7 5 9 5 5 6
20 17 20 20 15 21 18 15 15 16 15 15 20 16 20 18
15 15 19 16 21 20 17 18 19 19 16 18 19 18 18 16
30 32 32 31 32 27 33 32 30 28 29 27 28 30 31 31
31 29 29 31 27 32 28 33 29 29 28 33 28 33 33 33
42 41 42 44 45 40 43 41 44 40 40 44 40 40 40 42
43 41 41 43 40 39 45 39 42 42 39 40 41 45 45 39
51 56 57 52 52 52 53 54 55 53 56 56 51 53 54 56
56 54 53 52 52 57 52 57 55 51 51 53 51 52 52 57
64 63 68 67 69 69 67 63 69 68 66 64 69 69 63 63
64 67 67 67 66 64 63 69 67 69 64 63 68 63 68 64
76 76 79 78 79 75 80 80 78 77 78 80 77 81 80 80
81 81 79 75 75 77 76 76 80 80 78 80 81 81 80 76
89 87 91 88 91 88 88 88 93 89 87 89 87 88 91 90
87 93 90 89 91 87 87 90 93 92 89 88 90 90 92 89
