0 0 0 0 0 0 0 0 0 0 0 0 0 0 0 0
0 0 0 0 0 0 0 0 0 0 0 0 0 0 0 0
1 1 1 1 1 1 1 1 1 1 1 1 1 1 1 1
1 1 1 1 1 1 1 1 1 1 1 1 1 1 1 1
2 2 2 2 2 2 2 2 2 2 2 2 2 2 2 2
2 2 2 2 2 2 2 2 2 2 2 2 2 2 2 2
3 3 3 3 3 3 3 3 3 3 3 3 3 3 3 3
3 3 3 3 3 3 3 3 3 3 3 3 3 3 3 3
4 4 4 4 4 4 4 4 4 4 4 4 4 4 4 4
4 4 4 4 4 4 4 4 4 4 4 4 4 4 4 4
5 5 5 5 5 5 5 5 5 5 5 5 5 5 5 5
5 5 5 5 5 5 5 5 5 5 5 5 5 5 5 5
6 6 6 6 6 6 6 6 6 6 6 6 6 6 6 6
6 6 6 6 6 6 6 6 6 6 6 6 6 6 6 6
7 7 7 7 7 7 7 7 7 7 7 7 7 7 7 7
7 7 7 7 7 7 7 7 7 7 7 7 7 7 7 7
9 9 3 7 8 3 7 8 4 8 9 3 7 6 8 6
5 4 7 3 6 6 9 4 3 4 5 6 4 8 4 9
17 16 15 19 16 18 20 18 18 16 18 17 21 21 19 21
17 20 16 16 15 18 17 21 18 18 16 21 17 15 18 19
28 29 32 33 27 32 31 33 32 29 33 28 32 30 31 28
29 33 33 29 27 28 31 31 31 33 30 33 30 32 29 31
43 40 42 41 41 41 44 42 43 39 44 39 45 41 43 40
40 41 45 42 43 45 41 39 40 44 44 40 40 45 39 44
57 57 56 52 52 52 57 52 53 54 54 52 55 57 53 55
55 53 57 55 51 52 51 52 51 55 56 52 51 54 56 52
65 67 69 63 63 64 67 63 68 68 66 67 68 69 64 66
63 68 66 65 69 66 65 68 64 67 67 67 63 65 64 67
76 77 81 80 77 79 79 78 80 77 75 76 78 78 81 79
79 78 81 78 75 81 80 75 81 80 81 79 75 79 81 79
87 88 91 89 93 90 88 93 89 90 89 88 87 91 89 88
91 89 89 88 89 89 88 88 92 93 92 89 93 90 89 90
