0 0 0 0 0 0 0 0 0 0 0 0 0 0 0 0
0 0 0 0 0 0 0 0 0 0 0 0 0 0 0 0
1 1 1 1 1 1 1 1 1 1 1 1 1 1 1 1
1 1 1 1 1 1 1 1 1 1 1 1 1 1 1 1
2 2 2 2 2 2 2 2 2 2 2 2 2 2 2 2
2 2 2 2 2 2 2 2 2 2 2 2 2 2 2 2
3 3 3 3 3 3 3 3 3 3 3 3 3 3 3 3
3 3 3 3 3 3 3 3 3 3 3 3 3 3 3 3
4 4 4 4 4 4 4 4 4 4 4 4 4 4 4 4
4 4 4 4 4 4 4 4 4 4 4 4 4 4 4 4
5 5 5 5 5 5 5 5 5 5 5 5 5 5 5 5
5 5 5 5 5 5 5 5 5 5 5 5 5 5 5 5
6 6 6 6 6 6 6 6 6 6 6 6 6 6 6 6
6 6 6 6 6 6 6 6 6 6 6 6 6 6 6 6
7 7 7 7 7 7 7 7 7 7 7 7 7 7 7 7
7 7 7 7 7 7 7 7 7 7 7 7 7 7 7 7
3 7 8 6 6 7 6 7 3 3 6 9 7 5 9 9
7 7 3 6 5 3 7 6 8 7 4 5 3 5 4 3
18 20 19 17 19 15 17 21 18 15 19 21 21 19 15 18
17 17 17 19 16 21 18 21 18 21 15 15 18 18 18 16
27 28 28 31 32 32 30 29 33 31 33 31 29 31 30 27
27 32 29 33 28 29 29 29 32 29 32 30 28 31 28 29
42 40 41 40 40 39 44 41 45 41 40 42 43 40 45 41
43 44 41 39 40 42 44 41 45 44 42 40 43 40 44 43
57 54 53 52 51 55 55 56 57 57 51 55 55 52 54 52
53 53 52 51 56 51 52 57 53 54 56 55 55 55 56 56
66 65 66 65 64 64 68 69 69 63 68 66 63 64 64 63
65 65 64 65 64 69 66 68 63 69 64 66 67 64 64 69
76 75 79 80 76 80 77 80 76 81 78 81 81 77 79 77
79 81 81 81 75 81 78 78 78 80 76 76 76 75 80 77
93 88 89 88 91 88 93 91 92 87 91 88 89 91 91 92
93 93 88 89 89 90 92 93 88 88 93 93 93 88 92 90
