0 0 0 0 0 0 0 0 0 0
0 0 0 0 0 0 0 0 0 0
0 0 0 0 0 0 0 0 0 0
0 0 0 0 0 0 0 0 0 0
0 0 0 0 0 0 0 0 0 0
0 0 0 0 0 0 0 0 0 0
0 0 0 0 0 0 0 0 0 0
0 0 0 0 0 0 0 0 0 0
0 0 0 0 0 0 0 0 0 0
0 0 0 0 0 0 0 0 0 0
0 0 0 0 0 0 0 0 0 0
0 0 0 0 0 0 0 0 0 0
0 0 0 0 0 1 1 1 1 1
1 1 1 1 1 1 1 1 1 1
1 1 1 1 1 1 1 1 1 1
1 1 1 1 1 1 1 1 1 1
1 1 1 1 1 1 1 1 1 1
1 1 1 1 1 1 1 1 1 1
1 1 1 1 1 1 1 1 1 1
1 1 1 1 1 1 1 1 1 1
1 1 1 1 1 1 1 1 1 1
1 1 1 1 1 1 1 1 1 1
1 1 1 1 1 1 1 1 1 1
1 1 1 1 1 1 1 1 1 1
1 1 1 1 1 1 1 1 1 1
2 2 2 2 2 2 2 2 2 2
2 2 2 2 2 2 2 2 2 2
2 2 2 2 2 2 2 2 2 2
2 2 2 2 2 2 2 2 2 2
2 2 2 2 2 2 2 2 2 2
2 2 2 2 2 2 2 2 2 2
2 2 2 2 2 2 2 2 2 2
2 2 2 2 2 2 2 2 2 2
2 2 2 2 2 2 2 2 2 2
2 2 2 2 2 2 2 2 2 2
2 2 2 2 2 2 2 2 2 2
2 2 2 2 2 2 2 2 2 2
2 2 2 2 2 3 3 3 3 3
3 3 3 3 3 3 3 3 3 3
3 3 3 3 3 3 3 3 3 3
3 3 3 3 3 3 3 3 3 3
3 3 3 3 3 3 3 3 3 3
3 3 3 3 3 3 3 3 3 3
3 3 3 3 3 3 3 3 3 3
3 3 3 3 3 3 3 3 3 3
3 3 3 3 3 3 3 3 3 3
3 3 3 3 3 3 3 3 3 3
3 3 3 3 3 3 3 3 3 3
3 3 3 3 3 3 3 3 3 3
3 3 3 3 3 3 3 3 3 3
4 4 4 4 4 4 4 4 4 4
4 4 4 4 4 4 4 4 4 4
4 4 4 4 4 4 4 4 4 4
4 4 4 4 4 4 4 4 4 4
4 4 4 4 4 4 4 4 4 4
4 4 4 4 4 4 4 4 4 4
4 4 4 4 4 4 4 4 4 4
4 4 4 4 4 4 4 4 4 4
4 4 4 4 4 4 4 4 4 4
4 4 4 4 4 4 4 4 4 4
4 4 4 4 4 4 4 4 4 4
4 4 4 4 4 4 4 4 4 4
4 4 4 4 4 5 5 5 5 5
5 5 5 5 5 5 5 5 5 5
5 5 5 5 5 5 5 5 5 5
5 5 5 5 5 5 5 5 5 5
5 5 5 5 5 5 5 5 5 5
5 5 5 5 5 5 5 5 5 5
5 5 5 5 5 5 5 5 5 5
5 5 5 5 5 5 5 5 5 5
5 5 5 5 5 5 5 5 5 5
5 5 5 5 5 5 5 5 5 5
5 5 5 5 5 5 5 5 5 5
5 5 5 5 5 5 5 5 5 5
5 5 5 5 5 5 5 5 5 5
6 6 6 6 6 6 6 6 6 6
6 6 6 6 6 6 6 6 6 6
6 6 6 6 6 6 6 6 6 6
6 6 6 6 6 6 6 6 6 6
6 6 6 6 6 6 6 6 6 6
6 6 6 6 6 6 6 6 6 6
6 6 6 6 6 6 6 6 6 6
6 6 6 6 6 6 6 6 6 6
6 6 6 6 6 6 6 6 6 6
6 6 6 6 6 6 6 6 6 6
6 6 6 6 6 6 6 6 6 6
6 6 6 6 6 6 6 6 6 6
6 6 6 6 6 7 7 7 7 7
7 7 7 7 7 7 7 7 7 7
7 7 7 7 7 7 7 7 7 7
7 7 7 7 7 7 7 7 7 7
7 7 7 7 7 7 7 7 7 7
7 7 7 7 7 7 7 7 7 7
7 7 7 7 7 7 7 7 7 7
7 7 7 7 7 7 7 7 7 7
7 7 7 7 7 7 7 7 7 7
7 7 7 7 7 7 7 7 7 7
7 7 7 7 7 7 7 7 7 7
7 7 7 7 7 7 7 7 7 7
7 7 7 7 7 7 7 7 7 7
9 3 8 4 8 4 4 4 8 8
4 8 8 3 3 6 8 6 9 6
7 3 6 6 7 5 4 9 9 3
9 8 5 9 3 9 4 4 9 9
8 8 5 6 7 8 3 5 8 7
8 7 5 3 7 5 7 7 6 9
4 6 4 8 6 5 4 4 4 3
9 6 4 9 8 8 4 3 6 6
8 4 6 8 8 9 6 3 9 8
6 3 6 7 6 4 4 5 4 8
7 8 7 7 8 9 6 7 9 8
5 7 5 9 5 3 9 9 5 5
8 9 6 8 6 16 21 19 20 20
15 17 17 18 15 20 17 18 17 17
19 19 19 15 21 16 17 19 16 16
21 16 16 17 20 21 15 21 21 18
16 18 20 20 15 17 20 15 21 15
21 16 19 21 20 15 16 16 15 20
17 21 21 19 16 21 16 18 19 19
19 16 17 21 21 16 21 19 15 19
18 20 17 21 21 21 21 16 17 17
21 20 18 15 19 18 18 21 17 18
17 21 18 19 17 15 17 18 19 16
19 15 21 18 20 20 15 15 16 19
19 16 21 15 21 15 18 15 18 19
28 30 28 33 30 32 33 33 27 32
27 27 33 32 28 32 28 33 29 27
31 30 33 31 31 29 32 33 27 30
29 28 29 31 33 32 27 29 27 32
29 32 29 28 28 33 31 31 33 30
32 28 32 27 32 31 32 30 31 33
31 29 27 30 31 29 29 33 33 27
27 32 28 28 31 29 30 29 29 28
30 29 33 27 27 30 27 30 32 28
33 29 32 30 30 30 30 31 33 32
31 31 32 27 31 33 32 32 32 29
31 32 28 28 32 33 31 28 30 29
29 28 28 29 30 43 41 44 45 43
41 41 42 40 41 43 43 44 42 40
44 42 43 44 45 39 43 43 43 42
45 45 43 45 39 43 43 45 42 40
43 42 41 43 42 41 43 42 45 41
44 39 44 44 39 41 44 44 43 39
40 44 43 41 42 44 45 45 42 45
45 40 45 41 43 43 40 43 45 45
42 41 41 39 43 44 41 45 41 43
41 42 45 43 40 44 43 45 40 44
44 42 41 43 40 42 44 42 39 43
42 39 39 42 41 42 44 42 43 41
43 40 39 42 42 41 43 42 42 45
57 51 54 57 51 56 51 56 51 55
55 57 57 57 54 54 55 54 56 57
55 53 57 57 56 57 54 51 54 53
57 57 54 56 52 52 55 54 53 53
52 57 53 54 53 55 55 52 56 53
52 56 56 55 57 53 57 57 57 53
57 56 52 53 55 55 56 53 57 51
56 51 52 53 55 57 56 57 53 57
55 53 53 55 55 52 56 56 56 55
57 52 55 52 51 55 55 57 54 55
57 53 56 57 55 55 53 54 52 55
55 55 56 57 54 51 53 51 57 53
55 51 52 57 55 69 66 68 67 67
66 68 64 64 65 67 64 67 69 67
68 69 63 68 69 64 65 64 65 67
68 69 68 68 68 66 64 66 65 64
69 69 67 66 65 66 63 64 68 65
67 69 63 69 68 65 66 68 64 67
69 65 68 67 63 66 67 69 66 65
69 66 66 66 67 68 68 63 69 67
67 69 63 67 66 69 69 69 63 66
68 67 66 69 68 63 68 68 65 67
63 67 65 66 66 68 68 66 69 69
66 67 67 69 66 65 63 67 64 64
69 63 65 67 63 69 67 68 63 69
81 77 75 76 75 81 79 77 80 76
79 77 80 78 75 79 76 77 80 78
80 78 79 77 79 78 76 80 77 81
79 79 78 79 81 76 76 81 76 81
76 75 77 81 80 79 76 80 79 80
77 79 81 76 80 77 76 76 78 76
77 76 77 80 79 79 80 81 78 75
80 79 75 78 77 75 78 79 80 76
77 75 75 78 79 76 77 80 78 81
78 75 80 78 76 78 79 77 75 81
76 78 78 75 81 78 81 80 80 76
80 75 81 81 81 81 75 78 76 77
79 80 78 76 79 93 91 90 88 89
87 90 90 89 93 93 91 93 91 93
90 91 89 92 89 89 90 90 87 90
92 89 93 91 91 87 92 87 87 92
92 87 89 88 90 88 88 92 92 93
92 91 91 93 90 87 92 90 93 87
93 87 91 87 89 91 89 87 88 93
89 90 93 88 88 90 92 90 87 93
89 87 92 88 88 87 87 89 91 92
88 90 90 88 88 91 87 93 93 89
92 92 89 92 91 92 91 88 93 91
93 92 91 89 92 93 90 91 88 90
91 91 90 88 88 93 90 92 93 89
