0 0 0 0 0 0 0 0 0 0 0 0 0 0 0 0
0 0 0 0 0 0 0 0 0 0 0 0 0 0 0 0
1 1 1 1 1 1 1 1 1 1 1 1 1 1 1 1
1 1 1 1 1 1 1 1 1 1 1 1 1 1 1 1
2 2 2 2 2 2 2 2 2 2 2 2 2 2 2 2
2 2 2 2 2 2 2 2 2 2 2 2 2 2 2 2
3 3 3 3 3 3 3 3 3 3 3 3 3 3 3 3
3 3 3 3 3 3 3 3 3 3 3 3 3 3 3 3
4 4 4 4 4 4 4 4 4 4 4 4 4 4 4 4
4 4 4 4 4 4 4 4 4 4 4 4 4 4 4 4
5 5 5 5 5 5 5 5 5 5 5 5 5 5 5 5
5 5 5 5 5 5 5 5 5 5 5 5 5 5 5 5
6 6 6 6 6 6 6 6 6 6 6 6 6 6 6 6
6 6 6 6 6 6 6 6 6 6 6 6 6 6 6 6
7 7 7 7 7 7 7 7 7 7 7 7 7 7 7 7
7 7 7 7 7 7 7 7 7 7 7 7 7 7 7 7
5 9 8 8 4 4 9 9 9 7 4 6 8 6 7 9
6 9 9 9 8 3 6 3 4 9 4 4 7 8 5 5
16 20 16 18 17 16 15 20 19 17 17 17 15 18 18 20
18 19 20 17 15 20 19 15 16 15 16 19 15 20 16 21
31 29 31 31 30 33 33 28 33 32 29 33 30 31 29 33
29 31 33 31 31 33 29 30 28 28 28 32 28 32 32 32
45 40 40 41 39 42 44 42 40 43 44 43 40 44 44 39
39 39 42 45 45 39 41 45 40 43 40 42 45 41 40 43
56 53 56 55 57 54 54 54 56 52 52 57 56 56 52 56
52 53 55 57 52 53 54 52 55 51 55 51 56 56 56 53
65 69 68 63 67 67 68 65 69 68 64 64 68 68 63 64
63 68 68 67 63 66 63 69 65 64 65 63 67 67 67 66
81 81 75 75 78 76 78 80 75 75 81 77 79 79 77 75
78 81 80 79 79 77 78 80 80 81 77 79 80 78 81 76
89 90 87 87 91 93 93 91 93 90 91 91 93 88 88 91
89 88 93 88 89 91 90 92 87 88 87 93 87 87 90 88
