0 0 0 0 0 0 0 0 0 0 0 0 0 0 0 0
0 0 0 0 0 0 0 0 0 0 0 0 0 0 0 0
1 1 1 1 1 1 1 1 1 1 1 1 1 1 1 1
1 1 1 1 1 1 1 1 1 1 1 1 1 1 1 1
2 2 2 2 2 2 2 2 2 2 2 2 2 2 2 2
2 2 2 2 2 2 2 2 2 2 2 2 2 2 2 2
3 3 3 3 3 3 3 3 3 3 3 3 3 3 3 3
3 3 3 3 3 3 3 3 3 3 3 3 3 3 3 3
4 4 4 4 4 4 4 4 4 4 4 4 4 4 4 4
4 4 4 4 4 4 4 4 4 4 4 4 4 4 4 4
5 5 5 5 5 5 5 5 5 5 5 5 5 5 5 5
5 5 5 5 5 5 5 5 5 5 5 5 5 5 5 5
6 6 6 6 6 6 6 6 6 6 6 6 6 6 6 6
6 6 6 6 6 6 6 6 6 6 6 6 6 6 6 6
7 7 7 7 7 7 7 7 7 7 7 7 7 7 7 7
7 7 7 7 7 7 7 7 7 7 7 7 7 7 7 7
5 8 9 7 6 9 4 5 6 4 3 4 8 9 7 6
6 7 7 8 9 7 6 5 9 5 4 8 4 8 3 9
18 21 19 16 16 17 19 17 21 20 15 17 18 21 20 20
19 18 19 18 15 18 21 17 18 18 17 21 20 15 18 17
33 30 28 31 29 31 29 33 31 28 33 28 27 27 27 29
28 33 30 33 27 27 28 30 31 27 27 28 29 32 27 30
45 40 42 39 43 43 44 40 45 41 43 42 40 39 41 39
42 40 40 45 41 41 42 44 40 39 40 45 45 43 42 45
51 51 57 57 54 57 52 53 57 57 53 52 52 55 57 52
54 52 56 53 54 51 54 54 55 56 53 53 53 56 56 57
68 67 68 68 66 64 67 69 64 67 66 69 63 67 64 65
67 66 68 67 66 64 64 63 63 64 66 67 65 69 69 69
75 79 77 80 79 78 80 76 76 77 80 78 80 76 81 75
75 79 80 76 79 80 77 77 79 81 81 80 79 77 78 75
91 89 91 93 90 92 88 91 92 88 91 89 93 90 92 91
91 92 91 91 87 92 87 93 91 93 90 88 91 87 93 92
