0 0 0 0 0 0 0 0 0 0
0 0 0 0 0 0 0 0 0 0
0 0 0 0 0 0 0 0 0 0
0 0 0 0 0 0 0 0 0 0
0 0 0 0 0 0 0 0 0 0
0 0 0 0 0 0 0 0 0 0
0 0 0 0 0 0 0 0 0 0
0 0 0 0 0 0 0 0 0 0
0 0 0 0 0 0 0 0 0 0
0 0 0 0 0 0 0 0 0 0
0 0 0 0 0 0 0 0 0 0
0 0 0 0 0 0 0 0 0 0
0 0 0 0 0 1 1 1 1 1
1 1 1 1 1 1 1 1 1 1
1 1 1 1 1 1 1 1 1 1
1 1 1 1 1 1 1 1 1 1
1 1 1 1 1 1 1 1 1 1
1 1 1 1 1 1 1 1 1 1
1 1 1 1 1 1 1 1 1 1
1 1 1 1 1 1 1 1 1 1
1 1 1 1 1 1 1 1 1 1
1 1 1 1 1 1 1 1 1 1
1 1 1 1 1 1 1 1 1 1
1 1 1 1 1 1 1 1 1 1
1 1 1 1 1 1 1 1 1 1
2 2 2 2 2 2 2 2 2 2
2 2 2 2 2 2 2 2 2 2
2 2 2 2 2 2 2 2 2 2
2 2 2 2 2 2 2 2 2 2
2 2 2 2 2 2 2 2 2 2
2 2 2 2 2 2 2 2 2 2
2 2 2 2 2 2 2 2 2 2
2 2 2 2 2 2 2 2 2 2
2 2 2 2 2 2 2 2 2 2
2 2 2 2 2 2 2 2 2 2
2 2 2 2 2 2 2 2 2 2
2 2 2 2 2 2 2 2 2 2
2 2 2 2 2 3 3 3 3 3
3 3 3 3 3 3 3 3 3 3
3 3 3 3 3 3 3 3 3 3
3 3 3 3 3 3 3 3 3 3
3 3 3 3 3 3 3 3 3 3
3 3 3 3 3 3 3 3 3 3
3 3 3 3 3 3 3 3 3 3
3 3 3 3 3 3 3 3 3 3
3 3 3 3 3 3 3 3 3 3
3 3 3 3 3 3 3 3 3 3
3 3 3 3 3 3 3 3 3 3
3 3 3 3 3 3 3 3 3 3
3 3 3 3 3 3 3 3 3 3
4 4 4 4 4 4 4 4 4 4
4 4 4 4 4 4 4 4 4 4
4 4 4 4 4 4 4 4 4 4
4 4 4 4 4 4 4 4 4 4
4 4 4 4 4 4 4 4 4 4
4 4 4 4 4 4 4 4 4 4
4 4 4 4 4 4 4 4 4 4
4 4 4 4 4 4 4 4 4 4
4 4 4 4 4 4 4 4 4 4
4 4 4 4 4 4 4 4 4 4
4 4 4 4 4 4 4 4 4 4
4 4 4 4 4 4 4 4 4 4
4 4 4 4 4 5 5 5 5 5
5 5 5 5 5 5 5 5 5 5
5 5 5 5 5 5 5 5 5 5
5 5 5 5 5 5 5 5 5 5
5 5 5 5 5 5 5 5 5 5
5 5 5 5 5 5 5 5 5 5
5 5 5 5 5 5 5 5 5 5
5 5 5 5 5 5 5 5 5 5
5 5 5 5 5 5 5 5 5 5
5 5 5 5 5 5 5 5 5 5
5 5 5 5 5 5 5 5 5 5
5 5 5 5 5 5 5 5 5 5
5 5 5 5 5 5 5 5 5 5
6 6 6 6 6 6 6 6 6 6
6 6 6 6 6 6 6 6 6 6
6 6 6 6 6 6 6 6 6 6
6 6 6 6 6 6 6 6 6 6
6 6 6 6 6 6 6 6 6 6
6 6 6 6 6 6 6 6 6 6
6 6 6 6 6 6 6 6 6 6
6 6 6 6 6 6 6 6 6 6
6 6 6 6 6 6 6 6 6 6
6 6 6 6 6 6 6 6 6 6
6 6 6 6 6 6 6 6 6 6
6 6 6 6 6 6 6 6 6 6
6 6 6 6 6 7 7 7 7 7
7 7 7 7 7 7 7 7 7 7
7 7 7 7 7 7 7 7 7 7
7 7 7 7 7 7 7 7 7 7
7 7 7 7 7 7 7 7 7 7
7 7 7 7 7 7 7 7 7 7
7 7 7 7 7 7 7 7 7 7
7 7 7 7 7 7 7 7 7 7
7 7 7 7 7 7 7 7 7 7
7 7 7 7 7 7 7 7 7 7
7 7 7 7 7 7 7 7 7 7
7 7 7 7 7 7 7 7 7 7
7 7 7 7 7 7 7 7 7 7
9 3 6 6 5 7 7 3 5 8
8 6 5 4 5 9 8 7 7 5
3 4 6 6 4 7 6 6 8 3
8 8 3 3 7 5 7 6 4 6
5 9 9 5 4 5 9 7 3 6
6 9 6 7 4 9 4 8 3 3
6 3 7 9 8 4 3 5 4 9
4 7 9 9 9 4 5 4 9 9
4 7 6 5 4 5 8 7 8 5
5 5 5 8 6 5 9 4 4 3
4 9 3 6 7 3 6 5 4 7
3 5 4 7 7 5 7 6 9 9
9 7 7 4 8 16 16 18 21 21
20 18 20 17 15 19 17 21 16 21
19 21 18 18 16 18 16 19 18 17
19 21 20 15 21 21 20 20 19 18
20 16 17 20 20 21 15 18 16 16
17 16 16 18 17 15 20 21 16 21
16 15 16 20 21 20 17 21 16 15
19 19 21 17 16 21 20 18 21 16
19 18 15 17 15 17 15 20 20 20
19 21 16 18 21 15 16 18 19 21
19 21 21 15 21 20 19 21 15 17
16 21 18 18 20 15 18 21 16 19
15 17 20 18 17 21 18 21 19 18
31 29 28 32 28 28 30 33 27 31
32 33 28 27 29 32 30 29 30 31
33 31 27 32 33 27 29 32 30 29
33 27 33 28 31 31 31 32 29 28
27 27 29 27 29 31 33 31 29 33
29 32 31 28 30 31 33 31 28 33
32 28 27 31 33 29 30 32 29 33
32 31 33 31 31 33 33 29 29 33
31 31 28 31 33 28 33 28 33 29
32 31 27 33 30 31 30 30 29 30
29 30 27 33 28 32 27 31 27 29
31 33 30 30 31 33 27 28 32 28
33 32 31 33 30 40 40 45 43 42
43 40 40 40 39 41 45 42 44 40
42 40 39 43 41 43 43 43 39 44
40 44 39 45 42 41 43 43 42 43
42 41 39 41 42 45 42 40 39 42
42 41 43 43 41 45 40 40 44 43
39 45 39 41 42 40 43 42 41 44
42 41 42 42 40 41 41 44 43 45
41 41 40 42 42 41 42 42 40 45
41 44 43 39 44 44 41 44 39 45
40 39 41 39 44 40 39 40 43 39
44 41 44 45 40 41 43 45 43 43
39 39 44 41 44 39 44 42 45 43
57 52 56 54 51 52 51 56 56 57
57 57 54 51 57 55 53 57 56 52
54 54 53 56 55 55 56 57 53 52
55 51 55 54 53 54 53 51 54 55
54 51 56 57 56 54 54 53 53 51
53 55 57 57 56 57 54 51 55 53
55 54 52 57 51 55 52 53 57 55
52 57 56 56 53 53 54 54 53 57
54 54 57 57 54 53 55 52 54 56
54 52 56 54 51 51 56 54 53 51
51 54 57 54 51 54 53 53 53 54
52 57 51 56 54 52 55 53 51 54
56 52 51 54 56 66 68 67 69 63
68 69 65 69 65 64 65 69 69 66
63 68 68 69 68 66 66 69 65 63
66 64 67 66 67 66 63 65 63 66
68 63 68 67 64 63 65 66 69 66
66 68 67 69 64 66 64 67 69 69
65 65 68 65 66 63 68 64 65 64
64 67 68 67 66 63 66 63 64 64
64 65 66 69 66 63 69 67 69 65
64 69 65 68 68 66 68 68 66 66
67 63 63 69 69 66 63 66 64 66
64 66 64 65 67 63 69 68 65 67
68 65 66 66 67 66 69 65 69 63
78 77 76 75 76 76 77 81 79 81
79 77 76 80 77 79 81 78 78 78
77 76 79 76 77 81 75 80 79 80
75 75 81 79 75 80 76 80 76 79
78 76 76 77 81 79 80 76 77 76
81 75 76 80 77 78 75 80 75 76
78 79 80 75 80 80 80 77 75 81
76 77 80 81 80 76 76 76 78 81
79 80 81 81 77 78 77 75 76 78
77 78 81 81 76 77 77 79 77 80
80 75 75 77 78 81 81 78 80 79
75 75 80 77 81 77 76 79 78 78
78 76 76 76 76 90 88 89 88 92
88 90 90 93 91 92 87 93 91 89
89 91 90 93 89 87 88 92 93 88
93 93 90 91 91 91 88 92 87 88
91 87 90 91 93 91 89 92 91 90
87 93 90 90 88 92 91 91 90 89
88 87 88 89 90 89 93 87 88 87
89 91 92 89 87 91 88 93 90 88
90 89 88 90 90 93 91 92 88 89
93 89 89 89 87 92 92 90 87 87
90 92 87 92 88 91 87 89 87 92
91 92 89 92 91 91 88 90 90 87
93 89 89 88 91 88 87 90 90 90
