0 0 0 0 0 0 0 0 0 0 0 0 0 0 0 0
0 0 0 0 0 0 0 0 0 0 0 0 0 0 0 0
1 1 1 1 1 1 1 1 1 1 1 1 1 1 1 1
1 1 1 1 1 1 1 1 1 1 1 1 1 1 1 1
2 2 2 2 2 2 2 2 2 2 2 2 2 2 2 2
2 2 2 2 2 2 2 2 2 2 2 2 2 2 2 2
3 3 3 3 3 3 3 3 3 3 3 3 3 3 3 3
3 3 3 3 3 3 3 3 3 3 3 3 3 3 3 3
4 4 4 4 4 4 4 4 4 4 4 4 4 4 4 4
4 4 4 4 4 4 4 4 4 4 4 4 4 4 4 4
5 5 5 5 5 5 5 5 5 5 5 5 5 5 5 5
5 5 5 5 5 5 5 5 5 5 5 5 5 5 5 5
6 6 6 6 6 6 6 6 6 6 6 6 6 6 6 6
6 6 6 6 6 6 6 6 6 6 6 6 6 6 6 6
7 7 7 7 7 7 7 7 7 7 7 7 7 7 7 7
7 7 7 7 7 7 7 7 7 7 7 7 7 7 7 7
5 7 3 4 9 3 4 8 5 6 6 8 8 3 6 6
4 3 5 7 9 8 6 7 4 5 3 7 8 7 4 6
17 18 20 16 21 19 15 17 17 15 20 15 18 21 18 19
21 15 17 15 20 16 17 21 15 20 16 21 16 19 15 20
33 27 31 31 32 27 29 29 28 29 29 27 27 27 28 33
28 32 28 31 28 30 28 32 30 29 29 32 28 27 30 29
45 39 43 39 39 44 45 42 39 40 44 41 41 43 43 42
39 42 42 41 40 39 43 42 41 41 42 40 41 43 41 41
55 56 52 51 52 56 54 54 53 54 54 57 55 52 52 55
57 54 57 54 53 55 57 52 57 52 52 54 55 54 51 57
65 64 67 68 69 66 63 65 67 67 66 64 68 63 69 69
65 63 67 69 63 63 66 65 68 63 65 68 63 67 64 63
75 76 77 80 79 77 76 76 76 81 77 81 77 76 77 75
80 81 80 75 80 79 79 80 79 75 79 76 78 77 80 75
91 90 87 91 89 92 92 89 87 90 87 93 87 88 92 92
88 93 88 88 91 92 90 90 90 92 87 88 90 87 88 91
