0 0 0 0 0 0 0 0 0 0 0 0 0 0 0 0
0 0 0 0 0 0 0 0 0 0 0 0 0 0 0 0
1 1 1 1 1 1 1 1 1 1 1 1 1 1 1 1
1 1 1 1 1 1 1 1 1 1 1 1 1 1 1 1
2 2 2 2 2 2 2 2 2 2 2 2 2 2 2 2
2 2 2 2 2 2 2 2 2 2 2 2 2 2 2 2
3 3 3 3 3 3 3 3 3 3 3 3 3 3 3 3
3 3 3 3 3 3 3 3 3 3 3 3 3 3 3 3
4 4 4 4 4 4 4 4 4 4 4 4 4 4 4 4
4 4 4 4 4 4 4 4 4 4 4 4 4 4 4 4
5 5 5 5 5 5 5 5 5 5 5 5 5 5 5 5
5 5 5 5 5 5 5 5 5 5 5 5 5 5 5 5
6 6 6 6 6 6 6 6 6 6 6 6 6 6 6 6
6 6 6 6 6 6 6 6 6 6 6 6 6 6 6 6
7 7 7 7 7 7 7 7 7 7 7 7 7 7 7 7
7 7 7 7 7 7 7 7 7 7 7 7 7 7 7 7
5 6 3 3 8 6 6 9 8 9 3 3 7 8 6 9
5 5 8 6 9 8 8 8 6 8 6 9 4 4 6 3
19 15 16 15 15 15 21 21 17 19 16 18 20 18 15 20
16 19 17 16 21 17 20 20 15 19 17 17 21 16 21 19
30 28 28 33 32 32 30 31 33 29 30 30 29 27 28 30
28 27 31 32 27 30 30 27 30 28 30 27 30 27 31 31
40 45 45 39 41 41 45 44 39 39 42 43 45 39 39 45
44 45 43 43 42 41 42 44 44 42 41 45 41 39 43 41
53 56 51 55 56 52 54 56 53 54 57 53 54 51 56 54
53 54 57 53 56 56 56 56 54 56 55 51 54 57 56 52
65 65 64 68 66 65 66 69 67 64 64 63 67 65 65 65
67 66 66 69 68 66 64 64 69 66 63 69 64 68 69 63
77 80 77 75 77 78 81 79 77 79 77 80 76 79 77 77
77 80 76 76 76 75 77 77 76 75 80 78 81 79 76 79
90 88 90 92 92 87 92 90 93 93 91 89 88 91 91 93
90 92 92 87 89 87 91 89 92 88 88 93 89 88 93 87
