0 0 0 0 0 0 0 0 0 0
0 0 0 0 0 0 0 0 0 0
0 0 0 0 0 0 0 0 0 0
0 0 0 0 0 0 0 0 0 0
0 0 0 0 0 0 0 0 0 0
0 0 0 0 0 0 0 0 0 0
0 0 0 0 0 0 0 0 0 0
0 0 0 0 0 0 0 0 0 0
0 0 0 0 0 0 0 0 0 0
0 0 0 0 0 0 0 0 0 0
0 0 0 0 0 0 0 0 0 0
0 0 0 0 0 0 0 0 0 0
0 0 0 0 0 1 1 1 1 1
1 1 1 1 1 1 1 1 1 1
1 1 1 1 1 1 1 1 1 1
1 1 1 1 1 1 1 1 1 1
1 1 1 1 1 1 1 1 1 1
1 1 1 1 1 1 1 1 1 1
1 1 1 1 1 1 1 1 1 1
1 1 1 1 1 1 1 1 1 1
1 1 1 1 1 1 1 1 1 1
1 1 1 1 1 1 1 1 1 1
1 1 1 1 1 1 1 1 1 1
1 1 1 1 1 1 1 1 1 1
1 1 1 1 1 1 1 1 1 1
2 2 2 2 2 2 2 2 2 2
2 2 2 2 2 2 2 2 2 2
2 2 2 2 2 2 2 2 2 2
2 2 2 2 2 2 2 2 2 2
2 2 2 2 2 2 2 2 2 2
2 2 2 2 2 2 2 2 2 2
2 2 2 2 2 2 2 2 2 2
2 2 2 2 2 2 2 2 2 2
2 2 2 2 2 2 2 2 2 2
2 2 2 2 2 2 2 2 2 2
2 2 2 2 2 2 2 2 2 2
2 2 2 2 2 2 2 2 2 2
2 2 2 2 2 3 3 3 3 3
3 3 3 3 3 3 3 3 3 3
3 3 3 3 3 3 3 3 3 3
3 3 3 3 3 3 3 3 3 3
3 3 3 3 3 3 3 3 3 3
3 3 3 3 3 3 3 3 3 3
3 3 3 3 3 3 3 3 3 3
3 3 3 3 3 3 3 3 3 3
3 3 3 3 3 3 3 3 3 3
3 3 3 3 3 3 3 3 3 3
3 3 3 3 3 3 3 3 3 3
3 3 3 3 3 3 3 3 3 3
3 3 3 3 3 3 3 3 3 3
4 4 4 4 4 4 4 4 4 4
4 4 4 4 4 4 4 4 4 4
4 4 4 4 4 4 4 4 4 4
4 4 4 4 4 4 4 4 4 4
4 4 4 4 4 4 4 4 4 4
4 4 4 4 4 4 4 4 4 4
4 4 4 4 4 4 4 4 4 4
4 4 4 4 4 4 4 4 4 4
4 4 4 4 4 4 4 4 4 4
4 4 4 4 4 4 4 4 4 4
4 4 4 4 4 4 4 4 4 4
4 4 4 4 4 4 4 4 4 4
4 4 4 4 4 5 5 5 5 5
5 5 5 5 5 5 5 5 5 5
5 5 5 5 5 5 5 5 5 5
5 5 5 5 5 5 5 5 5 5
5 5 5 5 5 5 5 5 5 5
5 5 5 5 5 5 5 5 5 5
5 5 5 5 5 5 5 5 5 5
5 5 5 5 5 5 5 5 5 5
5 5 5 5 5 5 5 5 5 5
5 5 5 5 5 5 5 5 5 5
5 5 5 5 5 5 5 5 5 5
5 5 5 5 5 5 5 5 5 5
5 5 5 5 5 5 5 5 5 5
6 6 6 6 6 6 6 6 6 6
6 6 6 6 6 6 6 6 6 6
6 6 6 6 6 6 6 6 6 6
6 6 6 6 6 6 6 6 6 6
6 6 6 6 6 6 6 6 6 6
6 6 6 6 6 6 6 6 6 6
6 6 6 6 6 6 6 6 6 6
6 6 6 6 6 6 6 6 6 6
6 6 6 6 6 6 6 6 6 6
6 6 6 6 6 6 6 6 6 6
6 6 6 6 6 6 6 6 6 6
6 6 6 6 6 6 6 6 6 6
6 6 6 6 6 7 7 7 7 7
7 7 7 7 7 7 7 7 7 7
7 7 7 7 7 7 7 7 7 7
7 7 7 7 7 7 7 7 7 7
7 7 7 7 7 7 7 7 7 7
7 7 7 7 7 7 7 7 7 7
7 7 7 7 7 7 7 7 7 7
7 7 7 7 7 7 7 7 7 7
7 7 7 7 7 7 7 7 7 7
7 7 7 7 7 7 7 7 7 7
7 7 7 7 7 7 7 7 7 7
7 7 7 7 7 7 7 7 7 7
7 7 7 7 7 7 7 7 7 7
6 5 3 4 7 4 8 3 9 4
3 4 5 6 8 4 4 8 8 3
6 7 9 3 4 3 8 8 5 8
5 3 9 5 4 7 3 6 7 7
6 5 5 4 6 7 8 6 4 8
7 6 8 6 7 9 7 9 4 9
5 5 8 7 3 9 6 6 8 4
8 4 6 8 7 8 8 4 7 9
4 4 7 4 9 3 5 5 8 5
6 7 8 8 7 3 7 8 3 7
8 3 6 9 9 7 4 7 4 6
6 5 8 4 8 8 9 7 3 4
3 4 4 9 4 15 20 15 21 19
15 16 17 19 19 15 17 21 16 15
17 21 15 16 17 17 16 17 15 15
15 15 17 21 21 16 17 20 20 21
18 21 15 20 15 16 21 17 21 15
21 20 16 21 15 21 17 19 21 21
18 19 20 19 16 19 18 20 19 19
21 18 17 16 16 19 17 19 19 18
19 18 16 17 15 20 20 17 18 21
19 17 15 16 19 20 20 16 16 15
20 16 18 17 19 18 19 19 21 18
19 15 16 16 16 18 20 21 18 21
19 15 19 18 17 15 18 18 20 16
27 30 27 28 31 30 33 27 31 31
31 32 30 33 30 30 27 30 28 31
33 32 30 33 33 28 28 29 27 27
28 28 29 30 32 30 29 32 30 33
30 33 32 29 27 27 27 33 29 33
28 32 31 33 30 28 30 33 27 27
30 33 27 31 30 28 28 28 29 29
32 33 31 29 28 30 27 31 30 29
32 33 33 27 31 32 27 28 29 33
28 31 28 29 28 29 33 29 30 30
27 32 31 33 30 30 31 27 30 27
27 33 32 29 30 27 30 27 33 28
31 32 31 30 32 44 44 41 41 41
43 42 43 43 40 43 45 44 45 43
41 45 39 43 41 43 43 43 40 43
39 43 39 43 41 43 40 45 41 39
44 44 42 45 45 41 43 41 40 41
40 45 41 43 40 40 40 43 39 42
42 41 40 39 41 41 44 45 42 40
42 45 39 41 43 42 42 44 42 44
45 44 41 44 44 40 43 39 41 40
39 41 44 43 43 43 45 40 43 44
45 44 39 39 42 45 42 42 40 42
41 42 44 45 45 40 40 39 42 45
40 39 45 40 40 40 42 43 45 43
55 57 56 54 56 56 52 51 57 54
53 54 53 55 54 56 54 53 51 57
55 57 51 51 57 57 54 51 55 52
57 54 54 52 55 55 57 52 55 57
51 54 54 57 55 57 52 55 57 51
54 57 51 57 57 54 56 52 55 54
55 54 57 53 57 56 52 54 56 57
53 54 56 54 52 51 53 56 53 54
55 51 55 55 56 51 51 53 55 56
52 56 52 55 51 57 55 55 55 57
55 54 53 57 56 54 51 52 52 57
53 53 53 51 57 52 55 53 56 56
53 51 56 56 53 65 66 67 68 66
67 67 69 67 63 64 66 63 68 67
65 64 64 67 69 67 63 66 67 67
64 67 64 63 64 64 67 69 66 66
67 67 65 65 68 69 63 65 67 69
69 63 68 63 65 67 68 64 65 67
68 64 68 68 63 64 66 66 69 66
69 63 69 68 67 67 67 68 69 63
68 64 64 65 68 67 63 65 68 66
63 67 68 66 66 66 68 64 67 68
65 65 67 69 65 68 66 65 67 67
68 65 64 69 66 66 69 69 63 64
65 68 64 68 69 65 65 67 65 63
77 76 75 81 81 79 75 77 78 78
81 78 79 79 77 79 76 76 77 77
77 77 75 81 77 75 76 79 75 79
78 77 80 79 75 81 79 79 76 78
79 80 80 75 79 78 81 81 81 76
78 79 80 77 78 78 76 81 78 79
81 75 75 81 79 81 79 75 75 80
80 76 77 76 75 76 77 81 75 78
75 80 77 81 81 78 78 77 81 75
78 80 79 80 79 80 80 78 77 81
79 77 77 76 76 79 78 77 76 78
75 81 81 80 76 80 80 77 78 78
75 80 77 77 81 91 93 92 91 89
87 92 89 92 90 92 92 92 93 89
87 91 93 93 88 88 90 90 93 88
87 91 89 88 91 92 88 87 93 92
91 87 88 93 91 92 87 88 87 93
88 93 88 91 92 89 87 91 93 89
89 93 87 88 90 92 92 93 88 87
87 92 89 93 87 93 92 90 88 92
90 90 88 90 91 87 93 87 93 88
91 90 92 88 91 93 92 88 89 92
89 87 91 92 93 93 91 91 87 88
89 87 88 91 88 90 92 91 88 91
93 88 88 88 93 93 91 92 92 90
