0 0 0 0 0 0 0 0 0 0 0 0 0 0 0 0
0 0 0 0 0 0 0 0 0 0 0 0 0 0 0 0
1 1 1 1 1 1 1 1 1 1 1 1 1 1 1 1
1 1 1 1 1 1 1 1 1 1 1 1 1 1 1 1
2 2 2 2 2 2 2 2 2 2 2 2 2 2 2 2
2 2 2 2 2 2 2 2 2 2 2 2 2 2 2 2
3 3 3 3 3 3 3 3 3 3 3 3 3 3 3 3
3 3 3 3 3 3 3 3 3 3 3 3 3 3 3 3
4 4 4 4 4 4 4 4 4 4 4 4 4 4 4 4
4 4 4 4 4 4 4 4 4 4 4 4 4 4 4 4
5 5 5 5 5 5 5 5 5 5 5 5 5 5 5 5
5 5 5 5 5 5 5 5 5 5 5 5 5 5 5 5
6 6 6 6 6 6 6 6 6 6 6 6 6 6 6 6
6 6 6 6 6 6 6 6 6 6 6 6 6 6 6 6
7 7 7 7 7 7 7 7 7 7 7 7 7 7 7 7
7 7 7 7 7 7 7 7 7 7 7 7 7 7 7 7
5 8 6 8 6 5 8 9 5 9 7 3 3 6 8 6
5 8 5 4 6 9 7 7 5 9 3 3 4 9 7 4
20 19 16 20 20 18 20 19 18 21 18 19 21 18 15 18
21 20 16 18 15 17 18 17 18 19 18 21 15 16 20 17
33 32 27 30 33 32 32 27 30 31 32 29 30 28 27 30
28 27 30 28 31 30 33 30 29 29 33 33 30 31 30 30
41 44 39 44 44 40 41 40 41 43 45 43 40 45 39 40
45 44 42 45 44 42 45 45 42 44 45 45 40 45 43 45
57 52 57 56 53 57 53 56 55 55 55 57 56 56 53 56
52 54 51 55 55 54 55 54 55 56 55 54 52 53 53 56
66 64 69 66 67 67 64 63 65 66 63 69 64 69 66 64
64 66 64 65 65 68 69 64 66 68 66 63 69 69 65 66
79 75 77 81 80 75 81 81 78 76 77 78 81 77 77 81
79 77 80 79 78 77 80 81 77 79 80 79 77 77 79 79
92 90 90 89 92 90 88 88 89 93 87 90 92 92 91 88
88 87 90 90 90 90 90 93 90 91 93 87 87 89 88 89
