0 0 0 0 0 0 0 0 0 0 0 0 0 0 0 0
0 0 0 0 0 0 0 0 0 0 0 0 0 0 0 0
1 1 1 1 1 1 1 1 1 1 1 1 1 1 1 1
1 1 1 1 1 1 1 1 1 1 1 1 1 1 1 1
2 2 2 2 2 2 2 2 2 2 2 2 2 2 2 2
2 2 2 2 2 2 2 2 2 2 2 2 2 2 2 2
3 3 3 3 3 3 3 3 3 3 3 3 3 3 3 3
3 3 3 3 3 3 3 3 3 3 3 3 3 3 3 3
4 4 4 4 4 4 4 4 4 4 4 4 4 4 4 4
4 4 4 4 4 4 4 4 4 4 4 4 4 4 4 4
5 5 5 5 5 5 5 5 5 5 5 5 5 5 5 5
5 5 5 5 5 5 5 5 5 5 5 5 5 5 5 5
6 6 6 6 6 6 6 6 6 6 6 6 6 6 6 6
6 6 6 6 6 6 6 6 6 6 6 6 6 6 6 6
7 7 7 7 7 7 7 7 7 7 7 7 7 7 7 7
7 7 7 7 7 7 7 7 7 7 7 7 7 7 7 7
8 7 3 5 9 8 6 5 8 3 6 5 8 9 6 9
8 8 9 4 9 3 4 7 4 3 4 8 4 8 8 8
18 21 20 15 15 21 16 15 16 19 20 19 20 17 21 16
15 21 20 18 17 16 17 20 17 16 20 19 19 15 16 17
27 28 33 27 27 29 30 28 30 33 27 27 29 29 28 29
28 30 33 31 31 32 31 29 33 32 29 28 27 29 28 27
44 41 40 43 40 43 44 43 39 42 45 45 40 43 45 41
42 43 45 43 43 39 43 41 44 43 41 41 39 45 42 44
57 54 53 53 57 53 54 55 55 52 53 53 55 55 52 57
57 52 54 54 55 57 56 54 55 53 52 51 55 53 53 53
66 64 69 67 64 66 64 63 63 68 67 65 66 68 68 63
67 68 68 69 68 66 66 63 65 63 65 68 63 67 69 69
75 77 76 75 79 79 78 79 80 77 78 77 75 77 77 80
78 79 78 75 80 80 76 77 76 75 77 76 78 80 81 78
93 92 92 93 93 92 90 91 88 92 93 89 88 92 92 87
87 91 93 93 87 93 87 90 89 89 88 88 87 87 93 90
