0 0 0 0 0 0 0 0 0 0
0 0 0 0 0 0 0 0 0 0
0 0 0 0 0 0 0 0 0 0
0 0 0 0 0 0 0 0 0 0
0 0 0 0 0 0 0 0 0 0
0 0 0 0 0 0 0 0 0 0
0 0 0 0 0 0 0 0 0 0
0 0 0 0 0 0 0 0 0 0
0 0 0 0 0 0 0 0 0 0
0 0 0 0 0 0 0 0 0 0
0 0 0 0 0 0 0 0 0 0
0 0 0 0 0 0 0 0 0 0
0 0 0 0 0 1 1 1 1 1
1 1 1 1 1 1 1 1 1 1
1 1 1 1 1 1 1 1 1 1
1 1 1 1 1 1 1 1 1 1
1 1 1 1 1 1 1 1 1 1
1 1 1 1 1 1 1 1 1 1
1 1 1 1 1 1 1 1 1 1
1 1 1 1 1 1 1 1 1 1
1 1 1 1 1 1 1 1 1 1
1 1 1 1 1 1 1 1 1 1
1 1 1 1 1 1 1 1 1 1
1 1 1 1 1 1 1 1 1 1
1 1 1 1 1 1 1 1 1 1
2 2 2 2 2 2 2 2 2 2
2 2 2 2 2 2 2 2 2 2
2 2 2 2 2 2 2 2 2 2
2 2 2 2 2 2 2 2 2 2
2 2 2 2 2 2 2 2 2 2
2 2 2 2 2 2 2 2 2 2
2 2 2 2 2 2 2 2 2 2
2 2 2 2 2 2 2 2 2 2
2 2 2 2 2 2 2 2 2 2
2 2 2 2 2 2 2 2 2 2
2 2 2 2 2 2 2 2 2 2
2 2 2 2 2 2 2 2 2 2
2 2 2 2 2 3 3 3 3 3
3 3 3 3 3 3 3 3 3 3
3 3 3 3 3 3 3 3 3 3
3 3 3 3 3 3 3 3 3 3
3 3 3 3 3 3 3 3 3 3
3 3 3 3 3 3 3 3 3 3
3 3 3 3 3 3 3 3 3 3
3 3 3 3 3 3 3 3 3 3
3 3 3 3 3 3 3 3 3 3
3 3 3 3 3 3 3 3 3 3
3 3 3 3 3 3 3 3 3 3
3 3 3 3 3 3 3 3 3 3
3 3 3 3 3 3 3 3 3 3
4 4 4 4 4 4 4 4 4 4
4 4 4 4 4 4 4 4 4 4
4 4 4 4 4 4 4 4 4 4
4 4 4 4 4 4 4 4 4 4
4 4 4 4 4 4 4 4 4 4
4 4 4 4 4 4 4 4 4 4
4 4 4 4 4 4 4 4 4 4
4 4 4 4 4 4 4 4 4 4
4 4 4 4 4 4 4 4 4 4
4 4 4 4 4 4 4 4 4 4
4 4 4 4 4 4 4 4 4 4
4 4 4 4 4 4 4 4 4 4
4 4 4 4 4 5 5 5 5 5
5 5 5 5 5 5 5 5 5 5
5 5 5 5 5 5 5 5 5 5
5 5 5 5 5 5 5 5 5 5
5 5 5 5 5 5 5 5 5 5
5 5 5 5 5 5 5 5 5 5
5 5 5 5 5 5 5 5 5 5
5 5 5 5 5 5 5 5 5 5
5 5 5 5 5 5 5 5 5 5
5 5 5 5 5 5 5 5 5 5
5 5 5 5 5 5 5 5 5 5
5 5 5 5 5 5 5 5 5 5
5 5 5 5 5 5 5 5 5 5
6 6 6 6 6 6 6 6 6 6
6 6 6 6 6 6 6 6 6 6
6 6 6 6 6 6 6 6 6 6
6 6 6 6 6 6 6 6 6 6
6 6 6 6 6 6 6 6 6 6
6 6 6 6 6 6 6 6 6 6
6 6 6 6 6 6 6 6 6 6
6 6 6 6 6 6 6 6 6 6
6 6 6 6 6 6 6 6 6 6
6 6 6 6 6 6 6 6 6 6
6 6 6 6 6 6 6 6 6 6
6 6 6 6 6 6 6 6 6 6
6 6 6 6 6 7 7 7 7 7
7 7 7 7 7 7 7 7 7 7
7 7 7 7 7 7 7 7 7 7
7 7 7 7 7 7 7 7 7 7
7 7 7 7 7 7 7 7 7 7
7 7 7 7 7 7 7 7 7 7
7 7 7 7 7 7 7 7 7 7
7 7 7 7 7 7 7 7 7 7
7 7 7 7 7 7 7 7 7 7
7 7 7 7 7 7 7 7 7 7
7 7 7 7 7 7 7 7 7 7
7 7 7 7 7 7 7 7 7 7
7 7 7 7 7 7 7 7 7 7
8 8 9 7 9 4 4 4 7 7
7 4 9 3 6 9 5 7 6 5
7 7 5 6 6 3 6 5 3 3
4 6 9 8 5 4 5 7 5 4
9 6 3 4 5 8 9 8 5 4
7 3 3 9 3 3 3 7 7 9
8 8 8 7 4 4 3 8 6 4
3 8 9 9 3 6 7 8 8 8
5 7 3 3 6 3 5 5 4 3
6 9 8 3 3 6 8 4 3 5
7 6 7 6 9 6 9 5 3 6
5 5 6 3 9 7 6 7 7 6
7 6 3 8 7 21 18 21 18 19
17 16 15 21 16 17 21 15 16 20
20 18 19 20 16 18 16 18 18 15
19 16 19 17 17 18 15 21 21 18
18 17 17 15 19 19 18 18 17 17
15 21 19 16 21 17 20 20 21 21
17 20 15 18 18 15 18 21 19 20
16 15 18 17 19 18 16 19 20 21
20 18 16 18 17 21 15 21 19 16
18 17 17 17 17 15 16 20 20 17
16 15 20 20 18 19 21 15 18 15
16 15 15 17 19 20 15 21 21 20
15 19 21 17 18 19 21 20 17 19
33 32 27 30 29 28 30 30 31 29
31 28 27 28 29 31 30 28 30 29
31 27 30 30 27 29 29 27 32 31
33 29 31 32 29 28 31 28 32 33
28 31 30 32 29 27 31 31 31 31
32 32 33 27 28 31 28 28 27 28
33 30 31 28 27 31 27 29 28 33
29 28 29 27 31 30 30 30 28 32
29 32 30 28 33 30 31 29 28 29
32 28 30 30 28 27 31 28 29 27
29 29 29 27 31 28 29 27 28 32
32 32 33 33 27 27 29 28 28 31
29 27 27 32 32 44 39 41 39 39
40 42 40 45 45 41 44 40 40 44
41 44 45 45 40 41 42 42 40 43
44 43 40 40 45 39 45 39 43 43
45 40 42 45 40 42 42 45 41 44
44 41 42 41 39 42 39 44 39 43
39 42 45 42 40 40 43 44 45 42
42 42 43 40 42 41 41 42 42 42
43 41 43 39 44 42 43 43 42 41
42 44 39 41 45 39 42 45 39 41
44 44 43 39 43 42 39 39 42 43
42 42 45 42 45 39 45 44 43 40
43 43 43 40 42 43 42 41 43 43
57 51 55 55 57 56 57 52 52 55
55 53 52 51 54 55 57 51 54 54
51 56 52 53 51 55 57 51 54 52
52 51 55 52 55 54 57 52 54 53
53 55 55 53 51 57 57 54 57 52
54 52 51 57 52 51 52 51 56 56
51 54 53 54 53 57 57 51 55 57
55 53 52 57 55 53 53 57 54 56
54 53 54 56 51 51 57 57 56 56
55 55 57 51 54 54 54 52 57 55
56 54 54 52 51 54 56 57 55 51
54 56 52 53 51 56 55 56 55 57
52 55 52 51 51 66 67 65 63 65
68 64 67 69 64 69 69 65 64 65
65 69 68 65 66 65 68 68 63 69
66 65 69 65 67 65 67 69 69 67
66 66 67 69 67 66 64 65 66 63
65 67 64 68 67 68 67 63 69 67
65 63 69 68 67 64 64 69 64 65
66 65 65 66 66 68 63 66 67 69
66 63 66 67 63 65 63 65 67 68
69 67 69 63 69 63 66 63 64 63
64 67 65 67 63 65 69 66 63 65
67 69 67 68 69 68 63 63 64 65
64 68 65 67 68 66 64 67 63 68
79 81 78 81 78 79 75 81 75 77
81 78 80 75 79 78 76 80 76 75
79 81 77 81 75 79 76 81 77 77
81 79 79 75 77 77 79 80 78 75
81 80 80 77 79 78 75 79 79 75
78 78 76 78 76 77 76 79 79 77
78 78 75 81 78 75 78 78 75 76
78 79 80 79 76 75 81 81 78 78
79 79 79 80 77 75 78 75 75 80
81 76 78 75 77 75 79 76 75 80
81 75 76 77 78 78 81 78 75 78
79 75 75 78 77 76 77 76 75 77
77 77 79 79 80 89 93 91 91 93
93 89 89 89 93 88 88 90 91 88
90 93 90 93 89 90 87 91 88 93
88 89 92 92 91 92 89 87 88 93
87 90 89 87 93 90 91 87 93 92
88 88 90 92 93 88 91 91 89 90
87 93 88 92 92 87 90 93 92 92
93 91 91 93 92 91 92 89 88 88
92 93 91 93 92 93 91 89 87 91
90 91 90 93 88 88 93 88 89 87
91 91 90 92 90 91 87 93 88 87
92 87 93 88 90 88 92 89 88 88
87 90 93 91 91 88 93 87 92 92
