0 0 0 0 0 0 0 0 0 0 0 0 0 0 0 0
0 0 0 0 0 0 0 0 0 0 0 0 0 0 0 0
1 1 1 1 1 1 1 1 1 1 1 1 1 1 1 1
1 1 1 1 1 1 1 1 1 1 1 1 1 1 1 1
2 2 2 2 2 2 2 2 2 2 2 2 2 2 2 2
2 2 2 2 2 2 2 2 2 2 2 2 2 2 2 2
3 3 3 3 3 3 3 3 3 3 3 3 3 3 3 3
3 3 3 3 3 3 3 3 3 3 3 3 3 3 3 3
4 4 4 4 4 4 4 4 4 4 4 4 4 4 4 4
4 4 4 4 4 4 4 4 4 4 4 4 4 4 4 4
5 5 5 5 5 5 5 5 5 5 5 5 5 5 5 5
5 5 5 5 5 5 5 5 5 5 5 5 5 5 5 5
6 6 6 6 6 6 6 6 6 6 6 6 6 6 6 6
6 6 6 6 6 6 6 6 6 6 6 6 6 6 6 6
7 7 7 7 7 7 7 7 7 7 7 7 7 7 7 7
7 7 7 7 7 7 7 7 7 7 7 7 7 7 7 7
5 7 9 4 3 9 7 8 4 5 3 5 9 6 3 3
7 4 6 9 8 9 8 8 4 9 5 7 7 6 6 4
15 21 15 15 17 19 20 21 16 18 18 16 21 17 16 15
19 18 20 19 21 15 18 16 17 16 21 16 17 19 15 21
32 33 29 28 27 30 28 29 30 32 31 30 28 27 27 29
30 29 31 28 31 30 31 28 29 31 30 30 32 31 31 32
42 44 44 43 44 41 45 39 43 40 43 44 45 43 41 40
42 41 39 40 42 42 41 43 40 42 45 43 41 40 40 42
56 54 56 55 54 53 52 57 55 54 53 57 53 52 53 52
53 51 51 57 55 54 56 56 53 52 52 57 56 56 57 52
65 64 64 65 65 67 65 64 69 68 68 65 63 69 67 68
68 69 66 65 67 67 66 69 66 68 64 67 68 63 66 68
77 75 75 80 80 78 76 75 80 76 77 81 76 81 76 75
79 79 80 76 76 81 75 76 77 80 79 78 77 80 81 75
93 93 87 92 92 88 92 89 93 88 87 92 87 88 91 91
92 93 90 88 88 88 90 91 91 88 92 88 93 89 87 92
