0 0 0 0 0 0 0 0 0 0
0 0 0 0 0 0 0 0 0 0
0 0 0 0 0 0 0 0 0 0
0 0 0 0 0 0 0 0 0 0
0 0 0 0 0 0 0 0 0 0
0 0 0 0 0 0 0 0 0 0
0 0 0 0 0 0 0 0 0 0
0 0 0 0 0 0 0 0 0 0
0 0 0 0 0 0 0 0 0 0
0 0 0 0 0 0 0 0 0 0
0 0 0 0 0 0 0 0 0 0
0 0 0 0 0 0 0 0 0 0
0 0 0 0 0 1 1 1 1 1
1 1 1 1 1 1 1 1 1 1
1 1 1 1 1 1 1 1 1 1
1 1 1 1 1 1 1 1 1 1
1 1 1 1 1 1 1 1 1 1
1 1 1 1 1 1 1 1 1 1
1 1 1 1 1 1 1 1 1 1
1 1 1 1 1 1 1 1 1 1
1 1 1 1 1 1 1 1 1 1
1 1 1 1 1 1 1 1 1 1
1 1 1 1 1 1 1 1 1 1
1 1 1 1 1 1 1 1 1 1
1 1 1 1 1 1 1 1 1 1
2 2 2 2 2 2 2 2 2 2
2 2 2 2 2 2 2 2 2 2
2 2 2 2 2 2 2 2 2 2
2 2 2 2 2 2 2 2 2 2
2 2 2 2 2 2 2 2 2 2
2 2 2 2 2 2 2 2 2 2
2 2 2 2 2 2 2 2 2 2
2 2 2 2 2 2 2 2 2 2
2 2 2 2 2 2 2 2 2 2
2 2 2 2 2 2 2 2 2 2
2 2 2 2 2 2 2 2 2 2
2 2 2 2 2 2 2 2 2 2
2 2 2 2 2 3 3 3 3 3
3 3 3 3 3 3 3 3 3 3
3 3 3 3 3 3 3 3 3 3
3 3 3 3 3 3 3 3 3 3
3 3 3 3 3 3 3 3 3 3
3 3 3 3 3 3 3 3 3 3
3 3 3 3 3 3 3 3 3 3
3 3 3 3 3 3 3 3 3 3
3 3 3 3 3 3 3 3 3 3
3 3 3 3 3 3 3 3 3 3
3 3 3 3 3 3 3 3 3 3
3 3 3 3 3 3 3 3 3 3
3 3 3 3 3 3 3 3 3 3
4 4 4 4 4 4 4 4 4 4
4 4 4 4 4 4 4 4 4 4
4 4 4 4 4 4 4 4 4 4
4 4 4 4 4 4 4 4 4 4
4 4 4 4 4 4 4 4 4 4
4 4 4 4 4 4 4 4 4 4
4 4 4 4 4 4 4 4 4 4
4 4 4 4 4 4 4 4 4 4
4 4 4 4 4 4 4 4 4 4
4 4 4 4 4 4 4 4 4 4
4 4 4 4 4 4 4 4 4 4
4 4 4 4 4 4 4 4 4 4
4 4 4 4 4 5 5 5 5 5
5 5 5 5 5 5 5 5 5 5
5 5 5 5 5 5 5 5 5 5
5 5 5 5 5 5 5 5 5 5
5 5 5 5 5 5 5 5 5 5
5 5 5 5 5 5 5 5 5 5
5 5 5 5 5 5 5 5 5 5
5 5 5 5 5 5 5 5 5 5
5 5 5 5 5 5 5 5 5 5
5 5 5 5 5 5 5 5 5 5
5 5 5 5 5 5 5 5 5 5
5 5 5 5 5 5 5 5 5 5
5 5 5 5 5 5 5 5 5 5
6 6 6 6 6 6 6 6 6 6
6 6 6 6 6 6 6 6 6 6
6 6 6 6 6 6 6 6 6 6
6 6 6 6 6 6 6 6 6 6
6 6 6 6 6 6 6 6 6 6
6 6 6 6 6 6 6 6 6 6
6 6 6 6 6 6 6 6 6 6
6 6 6 6 6 6 6 6 6 6
6 6 6 6 6 6 6 6 6 6
6 6 6 6 6 6 6 6 6 6
6 6 6 6 6 6 6 6 6 6
6 6 6 6 6 6 6 6 6 6
6 6 6 6 6 7 7 7 7 7
7 7 7 7 7 7 7 7 7 7
7 7 7 7 7 7 7 7 7 7
7 7 7 7 7 7 7 7 7 7
7 7 7 7 7 7 7 7 7 7
7 7 7 7 7 7 7 7 7 7
7 7 7 7 7 7 7 7 7 7
7 7 7 7 7 7 7 7 7 7
7 7 7 7 7 7 7 7 7 7
7 7 7 7 7 7 7 7 7 7
7 7 7 7 7 7 7 7 7 7
7 7 7 7 7 7 7 7 7 7
7 7 7 7 7 7 7 7 7 7
5 8 3 7 4 6 7 5 5 3
4 6 7 4 4 7 9 9 6 5
3 9 3 8 3 4 3 3 6 3
6 6 9 5 6 6 9 9 8 7
8 6 7 9 6 3 4 7 6 9
7 7 5 8 9 4 9 6 7 5
6 8 6 7 8 3 5 6 9 8
4 7 7 9 3 3 4 3 6 3
7 8 5 7 7 7 6 8 7 7
7 5 5 7 3 9 9 3 6 7
4 6 9 7 4 7 6 8 6 4
6 4 9 4 3 4 7 4 6 9
6 5 9 8 3 17 21 21 15 19
21 18 21 17 18 19 21 16 18 17
18 20 18 17 18 19 17 18 18 16
21 20 19 16 19 20 19 17 15 21
16 18 17 17 21 15 15 19 16 19
17 16 19 17 20 15 15 16 19 17
18 19 15 20 16 19 18 20 20 18
19 16 19 15 15 16 17 19 21 15
17 18 15 20 15 18 21 17 19 16
20 19 19 21 19 15 21 21 16 19
15 20 20 17 21 16 20 18 18 20
18 17 20 15 15 16 18 18 21 19
15 19 16 16 21 16 16 16 17 15
30 27 27 29 27 29 30 30 33 27
27 30 30 28 33 29 32 33 32 28
32 33 33 33 28 33 29 33 33 29
27 28 27 32 32 28 30 30 27 30
32 32 33 30 30 31 32 29 33 27
27 32 27 31 31 30 31 27 32 33
33 28 33 28 31 27 30 29 31 32
27 28 33 31 27 29 33 29 31 29
28 29 28 29 33 31 28 32 31 33
31 30 30 31 28 29 32 29 33 32
27 33 28 31 33 33 31 30 29 29
32 30 33 27 30 31 30 29 32 31
31 30 29 30 33 45 44 44 43 39
44 45 40 39 41 45 40 44 45 45
39 42 39 45 42 45 39 41 45 41
42 39 45 42 41 40 42 43 45 43
40 39 39 44 39 44 44 43 39 44
40 39 42 41 42 44 39 41 42 42
40 42 40 42 42 45 39 44 42 41
41 44 45 39 44 44 39 45 41 43
43 45 43 41 43 42 43 40 45 42
40 42 44 45 41 39 41 42 43 42
45 39 41 41 45 43 40 41 42 45
41 40 39 40 42 42 39 45 40 39
45 39 41 39 41 41 40 43 41 41
51 54 53 52 52 55 51 53 53 57
56 52 55 51 51 56 57 55 51 57
52 56 55 51 51 52 52 51 54 53
55 51 54 53 51 54 55 52 57 57
51 52 53 51 52 52 54 54 52 57
54 52 52 57 54 51 57 52 57 53
51 56 52 55 57 55 56 55 56 51
52 52 51 56 55 57 57 54 55 54
53 57 57 55 54 57 55 53 56 53
53 55 52 52 55 57 54 54 57 54
53 56 52 52 52 53 53 57 56 52
56 51 52 55 57 57 55 57 55 57
55 57 51 52 51 69 65 69 67 66
69 69 64 65 64 69 66 63 69 69
66 63 68 65 64 69 67 64 64 63
66 64 63 68 68 63 68 63 63 66
66 64 65 67 67 63 65 64 66 63
63 66 69 65 68 64 66 64 68 68
63 63 66 66 69 69 63 68 68 64
63 63 68 68 66 68 68 68 63 65
69 68 67 67 63 66 66 68 67 63
65 69 65 64 65 63 68 66 68 65
68 68 66 67 66 63 69 68 63 69
67 65 64 67 69 69 66 64 66 67
67 65 64 69 69 67 65 68 67 69
78 75 80 76 79 76 77 79 80 76
81 77 79 80 76 75 76 75 81 78
80 79 80 78 80 79 78 78 77 80
77 77 77 78 79 79 75 81 75 80
81 79 77 80 77 77 76 79 75 80
78 78 79 80 75 79 76 79 79 77
76 75 79 76 81 76 76 76 78 79
81 81 77 77 77 80 76 77 78 76
75 77 77 80 79 75 80 78 78 75
78 80 79 80 75 77 80 78 77 76
76 80 81 76 78 76 75 78 76 81
75 76 80 81 75 81 77 75 77 78
78 80 80 77 78 92 87 89 87 89
90 90 92 89 91 92 91 92 89 91
93 87 90 89 91 93 89 90 87 88
93 88 89 87 91 91 90 93 92 87
88 91 90 91 88 91 88 88 89 91
92 91 87 92 92 92 90 92 92 87
90 87 88 93 89 92 93 91 90 91
90 90 92 90 92 93 93 88 88 91
88 92 88 87 93 92 91 90 89 90
89 89 88 91 90 90 91 90 92 92
88 89 91 91 89 87 91 91 87 89
87 87 87 87 93 91 87 91 87 90
91 89 92 90 87 93 90 88 87 92
