0 0 0 0 0 0 0 0 0 0 0 0 0 0 0 0
0 0 0 0 0 0 0 0 0 0 0 0 0 0 0 0
1 1 1 1 1 1 1 1 1 1 1 1 1 1 1 1
1 1 1 1 1 1 1 1 1 1 1 1 1 1 1 1
2 2 2 2 2 2 2 2 2 2 2 2 2 2 2 2
2 2 2 2 2 2 2 2 2 2 2 2 2 2 2 2
3 3 3 3 3 3 3 3 3 3 3 3 3 3 3 3
3 3 3 3 3 3 3 3 3 3 3 3 3 3 3 3
4 4 4 4 4 4 4 4 4 4 4 4 4 4 4 4
4 4 4 4 4 4 4 4 4 4 4 4 4 4 4 4
5 5 5 5 5 5 5 5 5 5 5 5 5 5 5 5
5 5 5 5 5 5 5 5 5 5 5 5 5 5 5 5
6 6 6 6 6 6 6 6 6 6 6 6 6 6 6 6
6 6 6 6 6 6 6 6 6 6 6 6 6 6 6 6
7 7 7 7 7 7 7 7 7 7 7 7 7 7 7 7
7 7 7 7 7 7 7 7 7 7 7 7 7 7 7 7
9 9 7 5 8 3 4 3 9 9 7 4 6 3 8 6
6 4 3 3 9 5 6 6 9 3 6 6 4 3 3 8
18 20 20 15 18 19 18 15 19 17 15 19 15 17 16 19
21 16 15 17 16 20 16 19 15 15 21 19 17 16 16 21
29 29 33 28 29 29 32 33 27 29 29 29 31 28 29 33
32 31 31 32 28 28 30 28 33 33 32 30 33 29 27 33
42 42 39 39 45 45 41 43 41 42 42 39 43 42 43 45
39 39 41 42 39 43 45 44 40 44 42 40 45 44 42 43
53 54 54 52 53 57 56 52 56 55 52 56 51 56 55 52
55 52 55 56 53 52 56 57 55 52 57 55 51 55 51 56
64 67 68 69 65 67 67 63 63 69 64 64 68 65 66 64
64 69 69 63 69 69 67 66 65 68 64 66 63 66 69 69
76 78 80 80 79 75 81 81 75 75 77 75 75 80 81 75
79 79 77 81 77 80 76 81 81 76 80 80 77 79 78 80
93 93 91 92 90 93 88 93 90 89 90 87 89 91 89 89
91 88 88 93 90 90 91 89 87 87 91 87 92 89 87 93
