0 0 0 0 0 0 0 0 0 0 0 0 0 0 0 0
0 0 0 0 0 0 0 0 0 0 0 0 0 0 0 0
1 1 1 1 1 1 1 1 1 1 1 1 1 1 1 1
1 1 1 1 1 1 1 1 1 1 1 1 1 1 1 1
2 2 2 2 2 2 2 2 2 2 2 2 2 2 2 2
2 2 2 2 2 2 2 2 2 2 2 2 2 2 2 2
3 3 3 3 3 3 3 3 3 3 3 3 3 3 3 3
3 3 3 3 3 3 3 3 3 3 3 3 3 3 3 3
4 4 4 4 4 4 4 4 4 4 4 4 4 4 4 4
4 4 4 4 4 4 4 4 4 4 4 4 4 4 4 4
5 5 5 5 5 5 5 5 5 5 5 5 5 5 5 5
5 5 5 5 5 5 5 5 5 5 5 5 5 5 5 5
6 6 6 6 6 6 6 6 6 6 6 6 6 6 6 6
6 6 6 6 6 6 6 6 6 6 6 6 6 6 6 6
7 7 7 7 7 7 7 7 7 7 7 7 7 7 7 7
7 7 7 7 7 7 7 7 7 7 7 7 7 7 7 7
9 3 3 5 8 9 3 3 5 4 7 8 7 4 3 4
3 3 4 5 8 7 6 8 8 7 3 5 9 4 3 3
18 17 15 20 17 15 16 18 19 17 19 20 20 18 18 17
15 17 19 21 16 15 15 16 16 19 17 15 17 19 15 21
31 29 27 30 27 29 30 28 33 33 30 31 29 28 33 27
32 33 31 30 31 33 28 31 32 33 32 27 31 29 27 33
42 43 42 44 40 42 41 45 41 40 39 44 40 42 39 39
45 41 40 45 45 42 40 45 39 39 43 39 43 44 41 40
57 55 54 53 55 56 53 54 55 55 51 57 54 53 51 53
56 57 56 56 55 55 56 52 55 54 56 56 56 54 52 55
63 64 68 69 63 66 67 65 66 63 68 65 65 69 63 63
67 64 69 65 64 67 65 66 67 68 64 64 65 64 68 67
76 80 75 77 80 75 81 75 75 77 75 75 77 81 78 81
80 77 77 77 78 79 77 77 77 81 78 81 80 79 81 81
88 87 87 93 88 87 92 91 92 89 92 87 88 88 92 89
87 92 87 93 93 91 88 92 89 90 93 88 90 89 91 88
