0 0 0 0 0 0 0 0 0 0 0 0 0 0 0 0
0 0 0 0 0 0 0 0 0 0 0 0 0 0 0 0
1 1 1 1 1 1 1 1 1 1 1 1 1 1 1 1
1 1 1 1 1 1 1 1 1 1 1 1 1 1 1 1
2 2 2 2 2 2 2 2 2 2 2 2 2 2 2 2
2 2 2 2 2 2 2 2 2 2 2 2 2 2 2 2
3 3 3 3 3 3 3 3 3 3 3 3 3 3 3 3
3 3 3 3 3 3 3 3 3 3 3 3 3 3 3 3
4 4 4 4 4 4 4 4 4 4 4 4 4 4 4 4
4 4 4 4 4 4 4 4 4 4 4 4 4 4 4 4
5 5 5 5 5 5 5 5 5 5 5 5 5 5 5 5
5 5 5 5 5 5 5 5 5 5 5 5 5 5 5 5
6 6 6 6 6 6 6 6 6 6 6 6 6 6 6 6
6 6 6 6 6 6 6 6 6 6 6 6 6 6 6 6
7 7 7 7 7 7 7 7 7 7 7 7 7 7 7 7
7 7 7 7 7 7 7 7 7 7 7 7 7 7 7 7
4 5 5 8 6 9 6 3 4 3 3 6 5 5 9 8
4 3 6 3 8 5 8 5 4 5 8 9 9 6 9 3
21 19 18 20 20 18 19 15 20 15 21 19 18 17 16 18
16 15 21 21 17 20 17 19 18 18 17 16 15 19 17 19
27 28 27 27 33 33 27 27 32 30 28 27 32 31 32 33
32 30 29 31 31 29 33 33 33 28 30 31 30 28 27 30
39 39 39 40 45 41 44 43 44 40 42 40 45 40 39 43
44 40 45 44 41 44 43 44 44 44 39 40 45 41 41 45
54 56 57 55 56 51 52 54 53 56 53 55 55 54 51 56
56 56 56 56 56 51 55 57 52 54 51 53 56 52 54 53
64 63 67 66 65 68 69 64 63 68 64 67 64 65 66 64
65 67 67 64 67 67 69 66 65 68 69 63 69 67 63 63
81 80 75 75 80 80 76 78 77 78 77 75 80 78 79 75
75 75 78 80 78 76 80 76 78 79 79 77 76 77 79 76
88 89 90 92 93 93 92 87 90 91 90 87 88 92 90 90
93 90 89 89 87 90 91 92 89 93 90 87 92 88 90 88
