0 0 0 0 0 0 0 0 0 0
0 0 0 0 0 0 0 0 0 0
0 0 0 0 0 0 0 0 0 0
0 0 0 0 0 0 0 0 0 0
0 0 0 0 0 0 0 0 0 0
0 0 0 0 0 0 0 0 0 0
0 0 0 0 0 0 0 0 0 0
0 0 0 0 0 0 0 0 0 0
0 0 0 0 0 0 0 0 0 0
0 0 0 0 0 0 0 0 0 0
0 0 0 0 0 0 0 0 0 0
0 0 0 0 0 0 0 0 0 0
0 0 0 0 0 1 1 1 1 1
1 1 1 1 1 1 1 1 1 1
1 1 1 1 1 1 1 1 1 1
1 1 1 1 1 1 1 1 1 1
1 1 1 1 1 1 1 1 1 1
1 1 1 1 1 1 1 1 1 1
1 1 1 1 1 1 1 1 1 1
1 1 1 1 1 1 1 1 1 1
1 1 1 1 1 1 1 1 1 1
1 1 1 1 1 1 1 1 1 1
1 1 1 1 1 1 1 1 1 1
1 1 1 1 1 1 1 1 1 1
1 1 1 1 1 1 1 1 1 1
2 2 2 2 2 2 2 2 2 2
2 2 2 2 2 2 2 2 2 2
2 2 2 2 2 2 2 2 2 2
2 2 2 2 2 2 2 2 2 2
2 2 2 2 2 2 2 2 2 2
2 2 2 2 2 2 2 2 2 2
2 2 2 2 2 2 2 2 2 2
2 2 2 2 2 2 2 2 2 2
2 2 2 2 2 2 2 2 2 2
2 2 2 2 2 2 2 2 2 2
2 2 2 2 2 2 2 2 2 2
2 2 2 2 2 2 2 2 2 2
2 2 2 2 2 3 3 3 3 3
3 3 3 3 3 3 3 3 3 3
3 3 3 3 3 3 3 3 3 3
3 3 3 3 3 3 3 3 3 3
3 3 3 3 3 3 3 3 3 3
3 3 3 3 3 3 3 3 3 3
3 3 3 3 3 3 3 3 3 3
3 3 3 3 3 3 3 3 3 3
3 3 3 3 3 3 3 3 3 3
3 3 3 3 3 3 3 3 3 3
3 3 3 3 3 3 3 3 3 3
3 3 3 3 3 3 3 3 3 3
3 3 3 3 3 3 3 3 3 3
4 4 4 4 4 4 4 4 4 4
4 4 4 4 4 4 4 4 4 4
4 4 4 4 4 4 4 4 4 4
4 4 4 4 4 4 4 4 4 4
4 4 4 4 4 4 4 4 4 4
4 4 4 4 4 4 4 4 4 4
4 4 4 4 4 4 4 4 4 4
4 4 4 4 4 4 4 4 4 4
4 4 4 4 4 4 4 4 4 4
4 4 4 4 4 4 4 4 4 4
4 4 4 4 4 4 4 4 4 4
4 4 4 4 4 4 4 4 4 4
4 4 4 4 4 5 5 5 5 5
5 5 5 5 5 5 5 5 5 5
5 5 5 5 5 5 5 5 5 5
5 5 5 5 5 5 5 5 5 5
5 5 5 5 5 5 5 5 5 5
5 5 5 5 5 5 5 5 5 5
5 5 5 5 5 5 5 5 5 5
5 5 5 5 5 5 5 5 5 5
5 5 5 5 5 5 5 5 5 5
5 5 5 5 5 5 5 5 5 5
5 5 5 5 5 5 5 5 5 5
5 5 5 5 5 5 5 5 5 5
5 5 5 5 5 5 5 5 5 5
6 6 6 6 6 6 6 6 6 6
6 6 6 6 6 6 6 6 6 6
6 6 6 6 6 6 6 6 6 6
6 6 6 6 6 6 6 6 6 6
6 6 6 6 6 6 6 6 6 6
6 6 6 6 6 6 6 6 6 6
6 6 6 6 6 6 6 6 6 6
6 6 6 6 6 6 6 6 6 6
6 6 6 6 6 6 6 6 6 6
6 6 6 6 6 6 6 6 6 6
6 6 6 6 6 6 6 6 6 6
6 6 6 6 6 6 6 6 6 6
6 6 6 6 6 7 7 7 7 7
7 7 7 7 7 7 7 7 7 7
7 7 7 7 7 7 7 7 7 7
7 7 7 7 7 7 7 7 7 7
7 7 7 7 7 7 7 7 7 7
7 7 7 7 7 7 7 7 7 7
7 7 7 7 7 7 7 7 7 7
7 7 7 7 7 7 7 7 7 7
7 7 7 7 7 7 7 7 7 7
7 7 7 7 7 7 7 7 7 7
7 7 7 7 7 7 7 7 7 7
7 7 7 7 7 7 7 7 7 7
7 7 7 7 7 7 7 7 7 7
4 7 6 4 3 3 8 3 4 7
5 9 7 6 8 8 9 4 8 3
3 9 8 9 8 8 7 6 7 4
7 5 6 9 9 8 5 3 3 6
7 3 4 7 7 8 5 7 7 8
6 6 3 8 3 3 6 4 9 4
4 4 8 4 9 6 9 4 9 8
7 4 6 4 9 9 3 7 3 9
5 4 8 6 3 8 8 4 4 5
6 5 3 8 7 9 8 6 6 4
7 7 5 6 8 3 3 7 6 3
4 3 7 7 4 4 8 8 7 6
4 4 7 4 9 16 18 21 21 18
20 20 19 21 16 16 19 21 20 21
16 19 20 17 20 15 15 21 19 18
21 18 21 20 21 15 20 21 19 21
17 19 20 19 20 21 15 15 18 17
20 20 18 16 16 18 18 20 17 17
16 20 20 16 16 18 18 19 21 19
18 20 19 20 18 16 20 20 20 16
19 15 15 15 21 15 16 21 15 18
19 18 15 18 17 17 15 19 20 17
19 19 15 18 16 20 20 19 15 20
17 20 19 15 19 15 20 20 18 17
18 17 19 19 17 20 18 18 16 16
31 32 33 27 33 31 32 29 32 33
33 33 27 28 30 30 31 31 33 27
27 31 29 30 29 31 30 32 27 29
27 28 32 31 32 27 30 32 31 31
31 31 27 29 33 27 29 29 30 30
32 30 28 32 29 28 27 31 29 28
27 31 30 29 31 30 33 31 27 30
27 28 32 32 31 27 33 28 32 32
32 32 33 30 30 30 28 31 33 32
32 31 27 32 32 28 27 31 31 28
31 28 32 31 29 30 31 27 33 29
30 27 32 30 32 27 32 33 33 33
30 32 28 32 31 43 41 42 39 41
44 42 44 40 43 39 44 40 45 42
43 41 40 41 45 42 45 39 45 42
39 40 42 43 43 41 39 43 42 40
40 42 44 44 45 44 45 43 44 42
43 39 39 39 41 39 43 45 44 45
39 40 40 45 43 43 45 39 44 43
39 40 44 45 41 44 44 40 43 43
42 41 43 42 42 41 44 39 42 42
40 41 42 39 44 42 45 43 43 44
43 40 39 45 43 39 39 40 45 41
40 42 45 40 41 41 45 40 43 43
40 42 40 43 42 44 43 43 43 40
57 56 53 57 51 55 51 52 54 52
55 53 54 57 55 52 55 56 57 56
55 57 52 56 56 56 52 52 55 52
56 55 53 57 53 56 52 56 51 51
51 57 56 53 55 51 54 56 51 54
52 53 52 51 56 55 56 57 54 54
57 51 54 51 52 52 51 53 54 53
57 52 55 53 52 51 53 54 51 57
57 55 55 53 55 55 51 55 52 56
55 54 56 52 51 52 57 52 56 51
57 56 52 57 54 51 57 53 55 55
52 55 52 51 57 53 55 56 53 55
53 51 53 54 52 67 64 69 67 65
67 63 69 64 63 63 69 68 65 69
64 69 64 64 64 65 66 65 66 64
67 67 63 64 63 69 65 67 68 68
68 64 67 69 63 65 65 66 66 69
63 63 67 63 67 64 69 66 69 63
63 64 66 66 65 65 66 67 67 68
68 65 64 69 64 69 68 66 66 69
64 69 66 63 68 66 69 65 64 68
68 63 66 67 69 64 65 68 63 66
68 65 64 65 67 64 68 63 68 63
69 66 65 68 67 69 67 64 68 67
68 64 67 67 63 69 66 69 69 67
78 76 79 77 78 78 78 76 77 81
75 77 75 76 81 77 79 80 76 77
75 80 75 80 80 77 75 75 79 80
79 81 77 79 78 78 79 78 75 76
75 75 75 81 79 76 75 76 78 75
81 76 77 78 75 81 75 80 79 75
75 78 80 80 81 76 79 81 78 80
77 78 79 81 75 77 76 81 81 81
77 76 80 75 77 79 75 79 77 77
76 81 81 78 80 78 76 79 79 75
76 75 81 81 79 77 76 77 81 79
79 80 81 79 81 80 80 78 80 76
75 80 76 77 79 92 93 90 90 90
89 90 88 87 93 88 87 91 87 92
91 88 89 89 89 92 92 92 87 87
90 93 87 87 89 91 88 89 90 93
93 93 91 87 92 87 91 87 87 88
88 90 88 91 93 93 87 89 89 90
93 89 92 90 87 89 87 88 91 90
92 88 87 90 91 90 93 91 92 87
93 93 92 90 89 91 90 89 92 89
92 90 93 87 92 91 92 90 88 92
93 93 87 89 90 93 87 87 92 87
91 92 91 89 93 87 89 90 91 92
88 88 89 89 91 88 90 93 91 89
