0 0 0 0 0 0 0 0 0 0 0 0 0 0 0 0
0 0 0 0 0 0 0 0 0 0 0 0 0 0 0 0
1 1 1 1 1 1 1 1 1 1 1 1 1 1 1 1
1 1 1 1 1 1 1 1 1 1 1 1 1 1 1 1
2 2 2 2 2 2 2 2 2 2 2 2 2 2 2 2
2 2 2 2 2 2 2 2 2 2 2 2 2 2 2 2
3 3 3 3 3 3 3 3 3 3 3 3 3 3 3 3
3 3 3 3 3 3 3 3 3 3 3 3 3 3 3 3
4 4 4 4 4 4 4 4 4 4 4 4 4 4 4 4
4 4 4 4 4 4 4 4 4 4 4 4 4 4 4 4
5 5 5 5 5 5 5 5 5 5 5 5 5 5 5 5
5 5 5 5 5 5 5 5 5 5 5 5 5 5 5 5
6 6 6 6 6 6 6 6 6 6 6 6 6 6 6 6
6 6 6 6 6 6 6 6 6 6 6 6 6 6 6 6
7 7 7 7 7 7 7 7 7 7 7 7 7 7 7 7
7 7 7 7 7 7 7 7 7 7 7 7 7 7 7 7
6 5 5 8 3 5 9 5 4 6 8 7 7 5 8 6
7 5 4 9 8 8 8 5 8 7 8 8 5 3 6 3
20 16 21 15 18 15 21 20 18 21 19 20 21 16 20 15
19 21 15 19 17 15 20 20 18 16 17 21 18 19 15 20
27 31 28 33 28 32 33 33 29 31 31 31 29 32 28 28
31 31 28 31 33 27 28 29 28 29 32 32 31 33 27 28
42 41 39 45 43 40 39 40 44 44 44 42 44 40 40 40
43 45 44 41 44 42 43 42 39 39 41 44 39 44 44 43
55 52 53 55 54 55 56 51 53 51 52 54 57 54 51 51
52 52 54 52 51 57 52 56 52 57 54 53 57 56 56 51
65 69 64 69 69 68 63 65 64 64 68 67 63 68 65 64
67 66 64 63 69 69 67 64 69 65 67 66 65 68 64 69
81 76 81 77 76 80 75 76 80 78 81 77 79 78 77 81
80 81 76 75 77 79 77 79 80 75 78 75 79 75 76 75
92 90 89 87 89 93 93 89 90 88 89 93 91 87 87 91
88 90 90 92 90 91 89 87 93 87 87 88 92 90 91 91
