4 3 4 3 5 5 7 1 0 4
7 5 7 6 7 6 4 0 4 5
6 5 1 0 7 7 2 7 5 4
1 2 6 4 7 4 3 0 4 3
3 6 1 2 7 1 5 0 7 1
0 2 0 5 4 6 0 1 7 1
5 3 5 5 4 5 3 3 2 3
0 3 0 1 0 1 1 2 2 7
7 7 7 6 2 0 0 3 1 0
4 4 6 3 2 6 5 7 6 2
3 6 7 0 4 1 5 2 5 5
0 6 2 0 5 7 5 2 0 2
5 6 7 3 3 4 7 4 6 2
4 2 2 5 2 6 6 7 0 3
2 5 4 7 0 4 7 7 1 3
5 0 0 2 1 1 1 6 5 0
0 1 1 1 5 2 3 4 5 0
2 4 0 2 3 2 5 7 7 4
3 1 7 4 1 3 5 1 3 3
2 7 1 7 2 3 3 7 3 5
0 6 2 0 2 5 6 7 7 0
1 6 2 2 0 1 5 7 6 4
5 0 6 2 0 5 2 0 4 5
2 4 7 6 2 2 1 0 7 2
2 0 7 5 7 6 2 1 1 4
7 5 4 2 4 1 6 1 6 7
4 1 1 2 1 7 4 4 5 6
2 5 2 5 6 1 6 2 4 6
3 2 1 5 1 5 6 7 6 0
4 0 7 1 6 6 3 3 2 2
2 7 5 7 1 5 4 6 4 7
0 0 5 1 7 6 7 1 2 6
0 7 2 5 5 5 2 6 2 4
3 1 4 4 4 7 0 2 5 3
2 3 6 0 6 4 0 5 5 2
6 1 6 2 0 7 0 2 6 0
1 1 2 0 3 5 5 5 7 1
2 7 2 0 7 6 4 2 0 0
7 1 3 1 3 7 6 0 7 0
2 7 6 3 6 3 5 3 4 2
2 4 1 4 3 6 0 7 3 0
6 5 7 3 5 4 4 4 2 2
2 5 1 3 5 2 3 2 1 5
6 5 6 4 5 4 3 7 0 4
6 7 7 0 6 6 3 7 4 0
1 3 1 7 2 5 4 6 3 2
7 7 1 5 6 1 2 7 5 6
4 3 4 1 0 2 4 4 2 4
5 3 2 2 6 1 4 6 4 2
6 3 5 5 7 1 0 1 3 5
4 0 4 6 6 3 4 7 6 7
3 7 5 6 1 6 5 3 0 2
6 2 7 0 7 2 4 3 6 5
6 2 6 1 5 5 2 7 1 2
7 3 6 2 5 5 2 4 3 6
7 7 1 5 2 0 6 6 0 7
6 5 3 7 4 4 3 4 5 7
6 7 6 2 0 7 6 7 7 3
6 7 5 1 1 2 6 7 0 5
7 1 0 7 5 0 7 1 2 7
4 5 3 2 6 2 4 0 7 7
2 5 2 6 7 2 5 5 1 7
4 7 3 0 7 6 4 5 0 5
4 0 6 6 3 3 6 7 7 0
1 4 1 1 3 2 1 2 7 3
7 4 1 3 3 5 0 4 2 7
0 0 1 2 4 7 3 4 6 5
5 1 0 2 1 4 7 7 1 6
7 4 3 4 7 4 3 4 0 1
4 3 0 1 0 3 7 0 4 0
0 0 2 5 6 1 0 4 5 0
1 7 3 1 2 4 6 2 6 5
3 6 5 0 0 7 4 6 0 6
1 2 6 5 3 0 6 2 1 5
6 1 2 7 1 4 4 3 3 3
3 2 3 2 4 2 0 1 2 5
1 3 7 6 5 5 0 0 7 7
4 5 7 1 5 5 5 3 3 0
3 7 6 4 4 6 7 0 4 1
7 2 7 4 6 5 5 0 1 2
4 4 1 1 6 3 1 4 0 4
4 1 3 0 1 7 3 2 4 0
4 6 0 3 1 4 6 1 1 7
1 0 2 3 5 3 5 0 7 2
6 4 2 2 0 1 7 4 5 4
4 2 6 5 7 0 6 5 4 0
2 0 5 0 3 7 0 6 6 0
1 7 3 4 6 6 3 5 0 0
7 4 5 6 7 7 3 5 3 5
1 6 5 2 0 7 3 0 2 2
3 0 2 1 2 2 7 1 7 5
0 0 5 1 3 6 5 7 0 7
6 1 0 1 7 7 4 4 3 2
0 0 7 1 0 4 0 6 6 7
1 5 0 6 1 1 4 4 2 5
2 3 7 6 7 7 7 0 4 4
7 6 7 2 1 0 1 5 6 0
4 4 4 6 6 0 6 5 0 5
0 5 5 7 4 2 1 3 5 3
6 2 1 3 5 4 2 7 2 6
57 40 52 41 66 68 90 15 6 57
92 63 91 76 90 77 53 3 57 66
78 66 20 7 93 91 30 90 63 57
16 28 75 53 92 52 43 9 56 40
42 75 15 28 92 21 69 4 89 21
8 31 8 67 55 75 3 17 88 17
66 43 68 65 53 66 40 39 27 43
8 42 6 18 8 19 21 28 31 93
87 88 91 76 30 5 5 42 19 7
51 57 76 39 30 80 64 91 78 33
40 79 91 6 51 17 63 30 63 63
7 76 33 5 66 87 66 27 5 29
68 81 92 42 44 51 87 54 81 32
53 28 29 69 27 80 80 90 9 39
30 63 52 93 4 56 93 88 18 40
66 6 4 33 20 21 15 75 63 4
8 21 20 18 68 33 39 52 68 6
33 53 9 33 39 33 65 91 92 56
45 21 92 52 16 44 67 19 44 42
31 90 16 92 29 45 41 90 41 66
3 79 28 5 27 68 76 93 90 4
15 80 31 33 9 15 64 88 78 56
66 4 81 29 3 67 32 3 57 66
31 52 92 80 30 27 18 8 93 33
33 6 88 69 90 76 31 18 19 52
88 63 52 28 55 16 75 16 77 92
52 17 21 27 19 87 52 54 68 77
30 69 30 65 81 18 79 30 51 75
42 33 19 65 17 67 77 93 79 6
57 3 92 16 75 76 43 40 29 32
31 90 67 90 20 68 52 75 56 87
8 6 65 17 93 79 89 16 29 79
9 87 27 68 67 65 31 76 31 53
39 19 53 55 52 88 3 32 67 44
32 41 78 6 75 54 5 65 69 28
78 21 75 28 9 91 4 33 75 4
20 16 29 7 39 65 68 66 88 15
30 89 27 6 93 78 55 31 9 4
92 15 42 20 40 90 77 3 91 7
27 93 80 45 80 40 67 45 52 30
29 53 18 52 42 81 4 90 43 4
81 66 92 43 68 53 55 57 27 32
28 63 18 43 66 27 44 28 19 69
78 66 80 53 65 57 43 92 6 55
79 91 91 5 81 77 44 90 53 8
19 43 21 88 33 65 53 81 40 31
87 92 15 65 81 19 30 87 65 77
57 42 55 17 8 29 52 51 31 53
66 39 30 29 79 20 56 80 52 30
80 40 64 66 90 20 7 16 40 64
52 9 51 80 76 43 57 88 80 88
42 89 68 79 17 78 67 41 4 28
76 32 88 7 91 27 55 42 79 67
79 30 80 17 63 64 30 90 21 33
89 44 80 27 68 64 28 51 41 81
88 91 20 65 27 7 81 77 9 87
77 63 40 92 52 51 40 54 67 89
79 88 76 32 8 92 76 91 88 39
75 89 69 21 19 33 78 90 9 69
87 19 8 88 66 4 88 19 30 93
54 66 40 29 77 29 57 7 87 90
29 63 29 81 87 31 67 66 21 89
57 93 39 8 90 78 53 66 7 66
57 7 81 81 42 45 81 93 87 3
21 51 19 16 39 31 21 29 92 43
87 55 21 41 40 63 3 56 33 88
3 6 19 27 56 87 40 53 77 64
69 19 6 32 16 51 91 89 16 78
88 57 43 54 89 51 44 56 6 16
55 39 5 17 6 40 92 7 53 4
4 6 29 66 78 17 3 54 69 3
19 87 43 18 32 54 77 28 75 67
41 76 64 8 5 90 56 78 3 75
15 29 81 67 44 7 80 31 20 66
76 15 29 87 17 57 51 40 41 45
40 28 45 29 54 27 9 18 28 69
21 43 93 79 64 66 6 6 91 92
53 68 88 21 66 69 64 39 40 8
39 89 77 52 51 75 88 9 54 19
89 30 88 51 75 63 65 5 21 33
54 56 17 16 76 44 20 57 6 55
52 20 42 5 18 91 40 32 57 8
53 77 3 40 16 55 81 17 20 87
18 8 33 43 67 44 66 4 90 32
80 56 28 32 8 18 88 57 66 53
51 33 80 63 92 6 77 67 54 7
32 6 64 9 45 90 8 76 75 3
16 89 44 55 75 79 43 69 8 8
92 54 69 77 88 87 39 66 41 64
21 81 65 28 7 93 45 7 31 28
42 3 28 17 32 32 87 17 89 65
6 7 69 17 41 78 67 92 4 91
81 21 4 18 93 88 56 55 42 33
7 4 87 20 8 51 7 81 81 88
18 64 7 78 19 19 57 55 32 69
33 41 90 75 87 91 92 9 55 56
92 79 89 30 18 3 16 69 81 6
54 55 54 81 80 3 78 64 8 63
9 63 68 91 56 30 17 42 65 42
81 30 19 45 66 57 33 89 30 78
