5 0 7 7 2 2 4 7 7 4 5 4 0 2 5 4
4 4 2 7 6 2 7 0 6 3 0 1 6 7 3 2
2 2 2 1 0 4 3 6 1 6 5 0 3 2 4 4
4 6 7 7 1 0 7 6 4 6 5 4 0 1 4 7
1 7 0 4 7 1 7 3 0 2 1 2 5 0 2 1
2 7 4 1 4 5 0 4 4 4 4 2 4 5 1 6
6 6 2 2 3 3 5 5 6 5 5 0 0 5 7 0
1 0 2 2 2 5 7 4 4 1 6 3 3 3 1 1
6 1 1 5 4 4 5 0 3 4 6 2 0 7 1 0
0 0 6 2 1 6 6 6 0 5 3 5 7 6 7 0
1 5 2 3 6 1 6 6 4 0 6 7 1 0 3 0
6 1 3 2 1 5 5 6 6 6 1 6 1 0 0 6
6 1 0 6 3 3 6 1 1 1 0 0 2 4 1 4
2 0 4 2 1 0 5 0 2 3 5 0 2 6 6 2
4 1 2 3 2 3 7 1 0 3 5 5 1 7 5 6
7 4 5 2 1 1 5 2 3 4 6 7 6 3 5 1
69 5 90 89 27 32 53 87 93 51 64 56 3 27 69 57
53 52 28 88 75 32 92 6 76 43 6 21 78 92 43 27
30 27 27 21 5 56 44 77 15 76 65 6 42 29 56 57
52 77 87 93 16 7 87 80 57 76 63 55 3 17 56 93
16 92 4 52 87 19 90 45 9 28 17 29 69 5 28 17
32 93 53 19 56 65 4 57 55 56 56 29 54 69 19 77
80 78 29 31 44 45 65 69 79 63 63 8 7 63 89 4
18 4 29 31 32 68 87 52 52 15 81 42 44 42 15 18
80 17 15 69 57 57 66 3 42 57 75 28 9 87 17 7
3 5 78 33 20 75 75 80 5 67 39 67 92 79 88 9
16 66 33 39 75 18 77 80 52 4 77 93 18 4 40 5
76 21 45 28 19 67 68 81 79 81 18 81 16 3 5 79
81 16 9 78 39 40 79 20 17 15 7 4 30 52 17 56
33 7 57 28 18 6 67 5 33 44 66 8 30 81 76 33
55 16 32 45 27 43 87 16 7 42 68 66 18 87 64 75
87 52 66 30 16 19 64 32 45 54 78 87 79 43 68 18
