3 1 1 4 0 6 5 7 2 7 0 2 3 3 2 5
7 4 5 6 7 5 5 6 2 4 3 5 2 4 2 5
4 3 2 4 4 2 0 5 2 0 1 2 7 5 1 6
4 2 3 4 0 4 6 6 6 3 3 6 2 1 2 2
7 2 5 3 5 5 6 1 6 6 5 4 5 0 0 1
7 3 6 0 1 0 7 7 4 4 5 4 2 3 4 5
3 1 5 4 4 0 1 4 5 0 0 7 7 6 4 7
5 2 1 2 5 2 5 6 1 1 6 7 1 7 5 1
2 2 6 1 0 0 2 6 6 2 3 7 5 6 3 5
1 6 2 4 7 2 4 7 4 5 5 4 6 6 3 1
6 1 1 2 3 6 7 6 6 0 7 6 0 0 3 1
6 3 5 6 5 7 1 4 4 7 6 7 3 2 1 6
0 4 1 5 5 4 0 4 2 2 3 1 0 4 1 1
4 0 1 4 3 0 6 3 6 2 2 4 7 4 0 5
3 4 6 1 1 1 1 0 2 4 3 4 2 1 2 1
2 1 4 3 1 4 1 3 1 3 2 1 6 2 7 3
44 20 21 57 8 81 64 91 28 88 8 28 43 39 29 67
93 53 68 76 89 65 69 81 31 54 39 68 30 55 28 63
53 45 30 54 51 30 7 66 30 3 17 31 89 69 20 77
57 27 40 51 3 53 80 77 79 42 42 79 28 17 32 33
92 33 69 43 63 66 78 15 76 75 67 52 68 3 5 19
91 40 79 3 17 5 87 89 56 55 67 51 32 43 54 67
39 20 67 55 54 8 20 54 66 7 6 92 88 80 51 93
64 30 20 29 65 29 68 76 19 16 81 89 17 90 64 16
27 29 79 18 3 4 29 76 78 31 40 89 64 75 41 64
18 77 29 51 90 30 56 89 56 68 63 57 78 75 39 17
77 19 20 33 45 79 92 78 81 4 88 81 8 3 39 20
78 39 63 80 69 93 15 51 56 90 78 90 43 31 20 80
5 53 21 69 66 57 9 57 30 33 45 16 4 57 19 18
57 9 18 53 43 9 75 40 80 30 30 55 91 52 6 69
40 53 79 17 21 15 21 7 27 53 40 53 28 19 31 17
27 18 53 44 21 57 17 41 19 45 32 18 79 32 93 45
