0 0 0 0 0 0 0 0 0 0 0 0 0 0 0 0
1 1 1 1 1 1 1 1 1 1 1 1 1 1 1 1
2 2 2 2 2 2 2 2 2 2 2 2 2 2 2 2
3 3 3 3 3 3 3 3 3 3 3 3 3 3 3 3
4 4 4 4 4 4 4 4 4 4 4 4 4 4 4 4
5 5 5 5 5 5 5 5 5 5 5 5 5 5 5 5
6 6 6 6 6 6 6 6 6 6 6 6 6 6 6 6
7 7 7 7 7 7 7 7 7 7 7 7 7 7 7 7
0 0 0 0 0 0 0 0 0 0 0 0 0 0 0 0
1 1 1 1 1 1 1 1 1 1 1 1 1 1 1 1
2 2 2 2 2 2 2 2 2 2 2 2 2 2 2 2
3 3 3 3 3 3 3 3 3 3 3 3 3 3 3 3
4 4 4 4 4 4 4 4 4 4 4 4 4 4 4 4
5 5 5 5 5 5 5 5 5 5 5 5 5 5 5 5
6 6 6 6 6 6 6 6 6 6 6 6 6 6 6 6
7 7 7 7 7 7 7 7 7 7 7 7 7 7 7 7
9 5 3 6 3 8 7 5 3 9 8 6 9 4 8 8
18 17 17 15 15 20 17 20 18 21 19 16 20 21 15 21
33 32 31 28 27 33 30 33 27 31 31 33 32 27 29 32
45 45 45 42 40 45 42 41 42 39 40 42 39 40 42 45
56 56 56 51 53 57 51 51 54 51 56 54 57 52 56 55
67 66 69 69 63 69 64 69 67 65 64 65 66 66 67 65
80 79 81 80 75 80 79 80 75 80 78 80 79 77 80 77
92 90 93 91 90 89 92 93 89 89 91 89 87 93 91 91
5 3 9 5 5 8 6 4 5 5 6 7 6 6 6 3
21 19 16 20 16 17 16 16 20 17 15 16 17 17 17 18
32 28 28 31 28 33 33 28 29 33 31 27 29 30 29 27
42 42 40 40 40 42 42 43 44 42 44 39 40 39 44 40
52 56 54 52 53 57 56 55 54 57 51 53 53 52 53 55
69 64 65 63 66 69 63 63 64 65 66 63 67 64 65 67
80 80 78 76 75 75 75 75 80 79 80 76 78 75 80 76
91 88 88 92 90 88 91 87 91 88 93 89 87 87 89 93
