0 0 0 0 0 0 0 0 0 0
1 1 1 1 1 1 1 1 1 1
2 2 2 2 2 2 2 2 2 2
3 3 3 3 3 3 3 3 3 3
4 4 4 4 4 4 4 4 4 4
5 5 5 5 5 5 5 5 5 5
6 6 6 6 6 6 6 6 6 6
7 7 7 7 7 7 7 7 7 7
0 0 0 0 0 0 0 0 0 0
1 1 1 1 1 1 1 1 1 1
2 2 2 2 2 2 2 2 2 2
3 3 3 3 3 3 3 3 3 3
4 4 4 4 4 4 4 4 4 4
5 5 5 5 5 5 5 5 5 5
6 6 6 6 6 6 6 6 6 6
7 7 7 7 7 7 7 7 7 7
0 0 0 0 0 0 0 0 0 0
1 1 1 1 1 1 1 1 1 1
2 2 2 2 2 2 2 2 2 2
3 3 3 3 3 3 3 3 3 3
4 4 4 4 4 4 4 4 4 4
5 5 5 5 5 5 5 5 5 5
6 6 6 6 6 6 6 6 6 6
7 7 7 7 7 7 7 7 7 7
0 0 0 0 0 0 0 0 0 0
1 1 1 1 1 1 1 1 1 1
2 2 2 2 2 2 2 2 2 2
3 3 3 3 3 3 3 3 3 3
4 4 4 4 4 4 4 4 4 4
5 5 5 5 5 5 5 5 5 5
6 6 6 6 6 6 6 6 6 6
7 7 7 7 7 7 7 7 7 7
0 0 0 0 0 0 0 0 0 0
1 1 1 1 1 1 1 1 1 1
2 2 2 2 2 2 2 2 2 2
3 3 3 3 3 3 3 3 3 3
4 4 4 4 4 4 4 4 4 4
5 5 5 5 5 5 5 5 5 5
6 6 6 6 6 6 6 6 6 6
7 7 7 7 7 7 7 7 7 7
0 0 0 0 0 0 0 0 0 0
1 1 1 1 1 1 1 1 1 1
2 2 2 2 2 2 2 2 2 2
3 3 3 3 3 3 3 3 3 3
4 4 4 4 4 4 4 4 4 4
5 5 5 5 5 5 5 5 5 5
6 6 6 6 6 6 6 6 6 6
7 7 7 7 7 7 7 7 7 7
0 0 0 0 0 0 0 0 0 0
1 1 1 1 1 1 1 1 1 1
2 2 2 2 2 2 2 2 2 2
3 3 3 3 3 3 3 3 3 3
4 4 4 4 4 4 4 4 4 4
5 5 5 5 5 5 5 5 5 5
6 6 6 6 6 6 6 6 6 6
7 7 7 7 7 7 7 7 7 7
0 0 0 0 0 0 0 0 0 0
1 1 1 1 1 1 1 1 1 1
2 2 2 2 2 2 2 2 2 2
3 3 3 3 3 3 3 3 3 3
4 4 4 4 4 4 4 4 4 4
5 5 5 5 5 5 5 5 5 5
6 6 6 6 6 6 6 6 6 6
7 7 7 7 7 7 7 7 7 7
0 0 0 0 0 0 0 0 0 0
1 1 1 1 1 1 1 1 1 1
2 2 2 2 2 2 2 2 2 2
3 3 3 3 3 3 3 3 3 3
4 4 4 4 4 4 4 4 4 4
5 5 5 5 5 5 5 5 5 5
6 6 6 6 6 6 6 6 6 6
7 7 7 7 7 7 7 7 7 7
0 0 0 0 0 0 0 0 0 0
1 1 1 1 1 1 1 1 1 1
2 2 2 2 2 2 2 2 2 2
3 3 3 3 3 3 3 3 3 3
4 4 4 4 4 4 4 4 4 4
5 5 5 5 5 5 5 5 5 5
6 6 6 6 6 6 6 6 6 6
7 7 7 7 7 7 7 7 7 7
0 0 0 0 0 0 0 0 0 0
1 1 1 1 1 1 1 1 1 1
2 2 2 2 2 2 2 2 2 2
3 3 3 3 3 3 3 3 3 3
4 4 4 4 4 4 4 4 4 4
5 5 5 5 5 5 5 5 5 5
6 6 6 6 6 6 6 6 6 6
7 7 7 7 7 7 7 7 7 7
0 0 0 0 0 0 0 0 0 0
1 1 1 1 1 1 1 1 1 1
2 2 2 2 2 2 2 2 2 2
3 3 3 3 3 3 3 3 3 3
4 4 4 4 4 4 4 4 4 4
5 5 5 5 5 5 5 5 5 5
6 6 6 6 6 6 6 6 6 6
7 7 7 7 7 7 7 7 7 7
0 0 0 0 0 0 0 0 0 0
1 1 1 1 1 1 1 1 1 1
2 2 2 2 2 2 2 2 2 2
3 3 3 3 3 3 3 3 3 3
4 3 9 9 4 5 8 3 5 8
18 16 17 19 16 21 15 18 16 17
33 33 29 27 28 29 32 33 29 30
45 44 43 41 45 43 45 45 43 41
57 54 57 51 57 52 56 57 55 54
66 65 67 63 67 67 65 65 66 67
79 78 80 79 78 77 76 80 79 78
91 89 92 90 87 92 92 88 90 93
3 3 9 4 3 6 3 6 8 7
19 17 17 16 15 18 15 18 15 20
33 27 27 31 31 28 31 33 29 29
40 40 42 41 42 39 39 40 45 44
51 56 57 56 54 53 51 55 55 53
65 67 68 67 66 64 65 69 64 65
81 77 80 77 80 79 75 78 77 81
89 88 90 93 92 91 87 92 87 88
7 4 8 7 5 8 3 7 5 6
21 18 19 19 20 15 18 15 17 19
33 33 27 27 31 31 30 32 31 31
44 44 43 43 41 44 44 43 45 43
54 51 57 54 53 51 56 54 51 51
66 65 67 66 65 68 67 64 68 64
76 80 78 80 75 77 77 76 75 80
89 87 89 91 90 87 88 90 89 88
8 3 4 8 4 4 7 6 4 7
15 17 18 17 20 18 21 20 17 18
28 27 32 31 33 31 31 29 30 27
43 43 43 43 39 39 41 42 39 41
54 53 57 55 55 55 56 51 51 56
67 66 63 67 66 69 69 64 64 63
77 79 80 75 77 75 75 81 76 81
89 89 87 92 88 88 88 92 91 89
3 7 7 8 3 9 3 8 3 5
17 15 20 21 20 15 20 19 20 16
31 28 31 28 33 28 33 32 33 29
41 40 43 42 45 43 42 39 44 40
51 55 53 55 51 54 52 55 53 57
68 63 67 65 65 63 65 65 66 66
77 77 80 81 77 78 80 76 81 81
91 90 87 89 89 88 91 93 93 93
8 9 4 4 6 5 8 3 9 3
15 18 19 17 18 15 17 15 19 17
27 29 31 29 32 27 28 32 28 31
42 43 42 41 40 39 41 41 45 45
57 51 53 54 57 56 57 51 52 52
69 63 66 65 65 66 65 67 64 64
81 79 80 81 80 81 76 81 78 76
91 92 92 90 91 91 92 89 91 91
4 6 8 4 9 4 9 4 3 9
16 16 15 15 19 15 16 21 18 17
32 27 32 31 27 32 30 28 30 31
45 40 40 39 41 42 39 43 44 43
55 57 57 54 54 56 56 51 56 56
65 64 63 67 66 66 63 64 63 64
79 77 76 79 77 75 79 75 75 77
89 87 93 87 92 89 91 91 87 88
6 3 4 3 3 4 4 6 3 6
17 18 15 21 16 15 16 20 20 17
28 29 28 33 28 32 28 29 28 28
43 42 40 43 41 43 44 43 45 45
53 57 54 56 52 51 55 54 57 51
65 63 66 64 64 64 65 65 63 66
76 76 79 80 79 81 75 79 77 78
88 90 88 88 92 90 90 89 91 87
5 9 3 7 6 6 5 5 5 9
19 18 21 16 15 19 15 15 15 18
31 29 29 27 33 30 32 33 28 32
45 44 44 45 39 43 44 42 40 43
55 54 57 55 52 54 52 56 52 57
67 68 65 63 63 68 69 69 64 63
79 77 75 75 80 77 79 77 79 80
90 91 87 91 89 91 87 88 87 88
4 3 7 6 9 9 7 9 9 7
17 18 17 20 21 21 16 20 18 15
31 31 32 30 27 31 29 27 27 30
41 41 40 42 45 40 39 39 40 40
56 53 52 54 51 54 51 54 52 52
68 63 68 64 69 64 68 65 67 64
77 77 77 79 80 76 78 76 77 76
87 92 93 88 88 88 89 88 92 91
9 6 8 5 9 5 7 3 6 3
21 20 20 19 18 17 21 15 18 17
31 33 29 29 30 33 29 31 29 33
41 39 44 39 45 39 43 40 41 39
56 57 52 51 51 51 54 51 56 52
65 64 68 65 63 68 63 67 67 65
81 79 78 76 78 79 81 80 76 75
92 93 87 88 88 87 89 91 91 90
8 6 3 5 8 5 5 3 4 4
16 17 15 19 19 19 16 16 20 18
29 30 28 28 31 33 28 29 30 32
40 44 45 44 45 41 40 40 42 40
53 52 55 54 53 54 55 51 55 54
64 63 66 65 63 66 69 67 64 65
76 81 79 79 76 78 77 80 77 79
92 88 90 89 92 92 90 87 88 87
5 4 3 3 9 3 5 7 5 8
20 15 20 19 16 15 19 15 15 21
32 30 32 27 29 28 29 28 32 33
41 45 43 43 44 41 45 45 44 39
