0 0 0 0 0 0 0 0 0 0 0 0 0 0 0 0
1 1 1 1 1 1 1 1 1 1 1 1 1 1 1 1
2 2 2 2 2 2 2 2 2 2 2 2 2 2 2 2
3 3 3 3 3 3 3 3 3 3 3 3 3 3 3 3
4 4 4 4 4 4 4 4 4 4 4 4 4 4 4 4
5 5 5 5 5 5 5 5 5 5 5 5 5 5 5 5
6 6 6 6 6 6 6 6 6 6 6 6 6 6 6 6
7 7 7 7 7 7 7 7 7 7 7 7 7 7 7 7
0 0 0 0 0 0 0 0 0 0 0 0 0 0 0 0
1 1 1 1 1 1 1 1 1 1 1 1 1 1 1 1
2 2 2 2 2 2 2 2 2 2 2 2 2 2 2 2
3 3 3 3 3 3 3 3 3 3 3 3 3 3 3 3
4 4 4 4 4 4 4 4 4 4 4 4 4 4 4 4
5 5 5 5 5 5 5 5 5 5 5 5 5 5 5 5
6 6 6 6 6 6 6 6 6 6 6 6 6 6 6 6
7 7 7 7 7 7 7 7 7 7 7 7 7 7 7 7
4 5 8 9 5 6 7 8 5 9 7 5 7 3 4 9
21 18 21 19 19 15 19 20 20 19 21 15 15 17 21 17
27 28 28 29 28 30 30 33 33 28 30 29 33 30 31 32
43 44 39 42 41 41 45 42 42 45 44 44 39 44 39 45
57 51 54 56 52 56 55 55 55 51 57 56 52 54 55 56
69 68 67 64 65 65 63 68 68 68 64 64 68 69 68 67
80 75 79 80 78 75 80 75 76 77 78 79 78 78 81 79
89 88 93 90 89 90 91 89 92 89 93 89 89 92 93 90
9 6 8 8 4 6 3 8 5 3 7 9 5 6 8 4
17 17 19 15 21 16 15 16 21 17 18 21 18 19 18 16
29 31 27 30 29 28 30 33 28 28 33 33 33 27 32 31
43 39 40 39 39 41 45 40 45 45 42 45 44 41 42 41
52 55 57 52 56 56 52 53 53 55 55 52 57 57 54 52
69 67 64 68 63 69 65 68 66 68 63 67 65 65 68 66
77 78 81 80 76 80 76 79 76 75 80 81 76 76 79 75
93 93 88 88 90 92 89 93 93 93 91 90 87 92 91 90
