0 0 0 0 0 0 0 0 0 0 0 0 0 0 0 0
1 1 1 1 1 1 1 1 1 1 1 1 1 1 1 1
2 2 2 2 2 2 2 2 2 2 2 2 2 2 2 2
3 3 3 3 3 3 3 3 3 3 3 3 3 3 3 3
4 4 4 4 4 4 4 4 4 4 4 4 4 4 4 4
5 5 5 5 5 5 5 5 5 5 5 5 5 5 5 5
6 6 6 6 6 6 6 6 6 6 6 6 6 6 6 6
7 7 7 7 7 7 7 7 7 7 7 7 7 7 7 7
0 0 0 0 0 0 0 0 0 0 0 0 0 0 0 0
1 1 1 1 1 1 1 1 1 1 1 1 1 1 1 1
2 2 2 2 2 2 2 2 2 2 2 2 2 2 2 2
3 3 3 3 3 3 3 3 3 3 3 3 3 3 3 3
4 4 4 4 4 4 4 4 4 4 4 4 4 4 4 4
5 5 5 5 5 5 5 5 5 5 5 5 5 5 5 5
6 6 6 6 6 6 6 6 6 6 6 6 6 6 6 6
7 7 7 7 7 7 7 7 7 7 7 7 7 7 7 7
4 7 5 7 6 4 3 4 7 5 6 3 3 7 5 7
17 20 16 20 19 20 20 19 20 21 17 16 16 19 21 16
28 29 27 33 30 33 33 30 29 32 30 29 28 30 31 32
45 42 39 44 41 39 44 40 39 40 43 42 42 40 43 41
53 56 51 53 55 53 51 51 55 53 51 55 55 51 53 52
63 63 63 65 63 63 69 63 63 63 66 69 67 66 64 67
78 76 79 77 80 78 80 76 76 79 81 81 76 75 76 78
89 91 88 93 91 90 87 90 91 89 91 90 89 90 88 93
3 6 6 4 5 6 7 6 7 9 5 7 9 6 6 4
21 17 18 16 18 15 17 16 17 21 20 21 20 19 15 16
31 29 29 33 32 33 31 28 28 30 31 28 27 29 32 33
42 44 42 43 41 45 43 39 40 42 44 42 41 44 44 43
52 52 51 55 54 57 54 52 56 55 53 52 56 52 53 53
69 67 69 68 64 65 67 66 65 64 69 65 66 68 63 66
75 80 81 76 77 79 76 75 80 79 81 78 76 77 77 76
93 93 87 90 88 92 87 93 93 89 87 93 90 87 90 89
