0 0 0 0 0 0 0 0 0 0
1 1 1 1 1 1 1 1 1 1
2 2 2 2 2 2 2 2 2 2
3 3 3 3 3 3 3 3 3 3
4 4 4 4 4 4 4 4 4 4
5 5 5 5 5 5 5 5 5 5
6 6 6 6 6 6 6 6 6 6
7 7 7 7 7 7 7 7 7 7
0 0 0 0 0 0 0 0 0 0
1 1 1 1 1 1 1 1 1 1
2 2 2 2 2 2 2 2 2 2
3 3 3 3 3 3 3 3 3 3
4 4 4 4 4 4 4 4 4 4
5 5 5 5 5 5 5 5 5 5
6 6 6 6 6 6 6 6 6 6
7 7 7 7 7 7 7 7 7 7
0 0 0 0 0 0 0 0 0 0
1 1 1 1 1 1 1 1 1 1
2 2 2 2 2 2 2 2 2 2
3 3 3 3 3 3 3 3 3 3
4 4 4 4 4 4 4 4 4 4
5 5 5 5 5 5 5 5 5 5
6 6 6 6 6 6 6 6 6 6
7 7 7 7 7 7 7 7 7 7
0 0 0 0 0 0 0 0 0 0
1 1 1 1 1 1 1 1 1 1
2 2 2 2 2 2 2 2 2 2
3 3 3 3 3 3 3 3 3 3
4 4 4 4 4 4 4 4 4 4
5 5 5 5 5 5 5 5 5 5
6 6 6 6 6 6 6 6 6 6
7 7 7 7 7 7 7 7 7 7
0 0 0 0 0 0 0 0 0 0
1 1 1 1 1 1 1 1 1 1
2 2 2 2 2 2 2 2 2 2
3 3 3 3 3 3 3 3 3 3
4 4 4 4 4 4 4 4 4 4
5 5 5 5 5 5 5 5 5 5
6 6 6 6 6 6 6 6 6 6
7 7 7 7 7 7 7 7 7 7
0 0 0 0 0 0 0 0 0 0
1 1 1 1 1 1 1 1 1 1
2 2 2 2 2 2 2 2 2 2
3 3 3 3 3 3 3 3 3 3
4 4 4 4 4 4 4 4 4 4
5 5 5 5 5 5 5 5 5 5
6 6 6 6 6 6 6 6 6 6
7 7 7 7 7 7 7 7 7 7
0 0 0 0 0 0 0 0 0 0
1 1 1 1 1 1 1 1 1 1
2 2 2 2 2 2 2 2 2 2
3 3 3 3 3 3 3 3 3 3
4 4 4 4 4 4 4 4 4 4
5 5 5 5 5 5 5 5 5 5
6 6 6 6 6 6 6 6 6 6
7 7 7 7 7 7 7 7 7 7
0 0 0 0 0 0 0 0 0 0
1 1 1 1 1 1 1 1 1 1
2 2 2 2 2 2 2 2 2 2
3 3 3 3 3 3 3 3 3 3
4 4 4 4 4 4 4 4 4 4
5 5 5 5 5 5 5 5 5 5
6 6 6 6 6 6 6 6 6 6
7 7 7 7 7 7 7 7 7 7
0 0 0 0 0 0 0 0 0 0
1 1 1 1 1 1 1 1 1 1
2 2 2 2 2 2 2 2 2 2
3 3 3 3 3 3 3 3 3 3
4 4 4 4 4 4 4 4 4 4
5 5 5 5 5 5 5 5 5 5
6 6 6 6 6 6 6 6 6 6
7 7 7 7 7 7 7 7 7 7
0 0 0 0 0 0 0 0 0 0
1 1 1 1 1 1 1 1 1 1
2 2 2 2 2 2 2 2 2 2
3 3 3 3 3 3 3 3 3 3
4 4 4 4 4 4 4 4 4 4
5 5 5 5 5 5 5 5 5 5
6 6 6 6 6 6 6 6 6 6
7 7 7 7 7 7 7 7 7 7
0 0 0 0 0 0 0 0 0 0
1 1 1 1 1 1 1 1 1 1
2 2 2 2 2 2 2 2 2 2
3 3 3 3 3 3 3 3 3 3
4 4 4 4 4 4 4 4 4 4
5 5 5 5 5 5 5 5 5 5
6 6 6 6 6 6 6 6 6 6
7 7 7 7 7 7 7 7 7 7
0 0 0 0 0 0 0 0 0 0
1 1 1 1 1 1 1 1 1 1
2 2 2 2 2 2 2 2 2 2
3 3 3 3 3 3 3 3 3 3
4 4 4 4 4 4 4 4 4 4
5 5 5 5 5 5 5 5 5 5
6 6 6 6 6 6 6 6 6 6
7 7 7 7 7 7 7 7 7 7
0 0 0 0 0 0 0 0 0 0
1 1 1 1 1 1 1 1 1 1
2 2 2 2 2 2 2 2 2 2
3 3 3 3 3 3 3 3 3 3
3 5 4 9 4 3 9 4 6 8
19 18 16 20 18 18 21 15 16 19
28 28 27 30 33 32 29 29 27 28
44 40 40 43 42 39 39 44 42 44
54 54 55 54 51 55 52 56 53 51
67 64 63 69 63 63 66 63 66 65
78 81 81 81 77 75 79 79 76 75
87 87 91 93 91 93 91 92 87 89
5 5 8 6 5 6 7 5 6 3
18 20 15 16 20 16 16 17 19 19
28 32 32 31 28 33 27 33 27 28
44 41 43 39 45 40 41 45 40 43
52 55 55 55 51 57 57 53 56 53
67 69 68 69 64 66 64 66 64 67
78 77 75 75 75 77 80 81 78 77
91 90 88 89 88 91 93 91 87 87
7 3 6 8 8 7 9 3 5 8
21 17 19 18 19 21 20 20 16 18
33 30 30 30 29 28 28 32 32 31
45 42 41 43 40 41 44 43 40 44
52 51 52 56 52 51 53 57 55 51
63 65 68 69 64 68 69 69 64 63
77 80 77 77 75 79 75 76 79 81
90 87 92 88 90 89 88 91 89 90
4 8 8 9 3 9 9 9 3 8
17 21 18 20 21 21 20 15 16 16
31 30 28 32 33 28 31 27 29 30
42 39 45 43 40 44 41 44 39 41
51 53 56 56 53 53 57 53 51 52
64 65 65 65 66 64 67 66 65 63
81 76 75 79 80 76 81 79 75 77
93 89 89 92 87 87 88 88 92 91
4 8 6 7 5 9 9 4 7 5
21 19 20 21 18 21 17 19 15 16
31 27 28 32 30 30 28 30 31 29
39 45 41 42 42 44 43 42 44 43
56 56 55 56 52 56 54 52 55 52
65 69 69 63 64 67 69 64 69 63
81 75 80 76 77 75 77 78 75 75
88 90 89 90 92 92 91 93 89 91
6 8 7 4 7 8 6 7 9 8
20 16 18 17 20 19 18 19 15 18
32 27 28 29 27 28 32 31 28 33
40 39 43 43 39 40 39 39 44 39
56 52 51 51 53 54 51 53 56 51
68 64 64 69 69 69 65 66 67 68
81 80 77 80 77 75 75 75 76 77
90 87 87 92 91 87 89 91 88 92
3 3 7 7 9 6 6 9 6 7
15 17 16 16 18 21 16 20 17 19
32 31 28 28 33 27 28 33 27 30
42 40 44 41 43 42 39 43 43 44
53 51 52 55 53 55 54 57 55 53
65 67 69 66 64 66 63 66 65 63
79 76 80 81 80 75 76 78 76 80
93 91 93 90 91 88 92 93 89 90
7 3 3 5 6 8 7 8 8 3
20 15 17 21 18 15 15 20 19 20
30 30 29 33 27 27 27 27 27 31
40 41 44 40 41 39 40 43 41 44
55 57 57 53 53 56 54 51 52 52
64 65 66 67 65 65 66 64 67 68
77 77 77 79 78 81 79 75 75 81
91 90 88 89 87 89 93 89 89 90
7 5 4 8 6 5 5 7 5 7
19 18 16 19 20 16 15 20 18 19
30 32 32 30 27 27 30 30 30 30
43 43 39 40 44 41 40 45 40 39
51 55 57 54 54 55 54 55 52 53
67 67 68 64 68 65 65 69 65 68
79 75 75 75 80 81 81 81 81 80
89 87 92 87 88 93 89 92 91 90
6 9 6 7 8 9 4 3 3 7
21 19 17 19 15 19 17 19 21 19
28 32 27 33 31 32 32 32 33 28
42 43 45 41 44 42 39 44 41 39
51 56 53 51 51 55 54 52 54 54
67 63 68 67 68 67 66 68 64 64
80 81 75 79 78 76 80 75 79 79
93 90 92 91 91 93 89 91 91 89
5 5 4 4 4 4 9 6 5 8
20 19 19 18 21 15 21 17 17 21
27 29 32 28 33 30 28 33 33 30
42 39 40 44 45 45 44 40 44 45
51 52 54 57 53 56 53 57 51 55
68 63 65 67 67 65 69 66 68 65
80 80 80 76 77 79 79 76 80 78
92 90 90 92 90 91 88 89 91 92
4 6 5 3 3 6 3 3 8 8
17 18 20 20 20 19 18 17 20 18
31 32 32 31 28 27 32 27 32 30
45 45 41 43 40 42 39 45 40 45
54 51 57 51 53 52 52 56 57 52
63 63 63 67 69 66 67 63 69 68
80 78 81 79 75 76 75 81 78 78
93 88 87 91 89 92 91 90 90 93
3 4 8 4 9 3 9 6 3 7
15 20 17 19 17 17 18 20 21 16
31 33 33 29 33 31 28 33 28 33
43 44 44 45 45 41 39 40 41 41
