0 0 0 0 0 0 0 0 0 0 0 0 0 0 0 0
1 1 1 1 1 1 1 1 1 1 1 1 1 1 1 1
2 2 2 2 2 2 2 2 2 2 2 2 2 2 2 2
3 3 3 3 3 3 3 3 3 3 3 3 3 3 3 3
4 4 4 4 4 4 4 4 4 4 4 4 4 4 4 4
5 5 5 5 5 5 5 5 5 5 5 5 5 5 5 5
6 6 6 6 6 6 6 6 6 6 6 6 6 6 6 6
7 7 7 7 7 7 7 7 7 7 7 7 7 7 7 7
0 0 0 0 0 0 0 0 0 0 0 0 0 0 0 0
1 1 1 1 1 1 1 1 1 1 1 1 1 1 1 1
2 2 2 2 2 2 2 2 2 2 2 2 2 2 2 2
3 3 3 3 3 3 3 3 3 3 3 3 3 3 3 3
4 4 4 4 4 4 4 4 4 4 4 4 4 4 4 4
5 5 5 5 5 5 5 5 5 5 5 5 5 5 5 5
6 6 6 6 6 6 6 6 6 6 6 6 6 6 6 6
7 7 7 7 7 7 7 7 7 7 7 7 7 7 7 7
4 7 9 4 8 7 7 9 4 7 3 4 9 9 8 3
21 18 17 15 19 18 17 21 21 15 19 15 21 17 19 19
29 28 32 29 28 32 27 33 30 33 30 32 27 32 31 30
41 40 41 42 43 45 42 45 45 43 42 43 42 44 45 39
52 52 51 52 54 55 56 51 55 56 52 52 55 54 51 51
69 65 67 66 69 67 65 69 69 67 69 68 67 63 67 69
78 77 77 80 80 77 81 78 79 79 78 75 77 75 81 80
87 90 91 87 90 88 89 87 92 91 90 92 92 93 90 88
5 9 4 4 7 6 7 6 5 8 8 4 4 5 6 9
15 21 17 19 19 20 15 17 15 16 16 20 21 21 19 15
28 31 27 28 33 30 30 32 33 28 28 27 32 32 33 33
43 42 43 41 43 45 43 42 43 39 41 39 42 45 44 40
52 53 53 54 53 55 52 55 54 57 52 53 53 51 52 56
68 69 65 63 64 64 64 65 65 68 65 67 64 67 66 66
81 75 80 75 80 76 78 75 81 81 77 80 78 78 78 78
90 89 88 88 91 91 91 93 89 92 93 91 93 92 92 93
