0 0 0 0 0 0 0 0 0 0
1 1 1 1 1 1 1 1 1 1
2 2 2 2 2 2 2 2 2 2
3 3 3 3 3 3 3 3 3 3
4 4 4 4 4 4 4 4 4 4
5 5 5 5 5 5 5 5 5 5
6 6 6 6 6 6 6 6 6 6
7 7 7 7 7 7 7 7 7 7
0 0 0 0 0 0 0 0 0 0
1 1 1 1 1 1 1 1 1 1
2 2 2 2 2 2 2 2 2 2
3 3 3 3 3 3 3 3 3 3
4 4 4 4 4 4 4 4 4 4
5 5 5 5 5 5 5 5 5 5
6 6 6 6 6 6 6 6 6 6
7 7 7 7 7 7 7 7 7 7
0 0 0 0 0 0 0 0 0 0
1 1 1 1 1 1 1 1 1 1
2 2 2 2 2 2 2 2 2 2
3 3 3 3 3 3 3 3 3 3
4 4 4 4 4 4 4 4 4 4
5 5 5 5 5 5 5 5 5 5
6 6 6 6 6 6 6 6 6 6
7 7 7 7 7 7 7 7 7 7
0 0 0 0 0 0 0 0 0 0
1 1 1 1 1 1 1 1 1 1
2 2 2 2 2 2 2 2 2 2
3 3 3 3 3 3 3 3 3 3
4 4 4 4 4 4 4 4 4 4
5 5 5 5 5 5 5 5 5 5
6 6 6 6 6 6 6 6 6 6
7 7 7 7 7 7 7 7 7 7
0 0 0 0 0 0 0 0 0 0
1 1 1 1 1 1 1 1 1 1
2 2 2 2 2 2 2 2 2 2
3 3 3 3 3 3 3 3 3 3
4 4 4 4 4 4 4 4 4 4
5 5 5 5 5 5 5 5 5 5
6 6 6 6 6 6 6 6 6 6
7 7 7 7 7 7 7 7 7 7
0 0 0 0 0 0 0 0 0 0
1 1 1 1 1 1 1 1 1 1
2 2 2 2 2 2 2 2 2 2
3 3 3 3 3 3 3 3 3 3
4 4 4 4 4 4 4 4 4 4
5 5 5 5 5 5 5 5 5 5
6 6 6 6 6 6 6 6 6 6
7 7 7 7 7 7 7 7 7 7
0 0 0 0 0 0 0 0 0 0
1 1 1 1 1 1 1 1 1 1
2 2 2 2 2 2 2 2 2 2
3 3 3 3 3 3 3 3 3 3
4 4 4 4 4 4 4 4 4 4
5 5 5 5 5 5 5 5 5 5
6 6 6 6 6 6 6 6 6 6
7 7 7 7 7 7 7 7 7 7
0 0 0 0 0 0 0 0 0 0
1 1 1 1 1 1 1 1 1 1
2 2 2 2 2 2 2 2 2 2
3 3 3 3 3 3 3 3 3 3
4 4 4 4 4 4 4 4 4 4
5 5 5 5 5 5 5 5 5 5
6 6 6 6 6 6 6 6 6 6
7 7 7 7 7 7 7 7 7 7
0 0 0 0 0 0 0 0 0 0
1 1 1 1 1 1 1 1 1 1
2 2 2 2 2 2 2 2 2 2
3 3 3 3 3 3 3 3 3 3
4 4 4 4 4 4 4 4 4 4
5 5 5 5 5 5 5 5 5 5
6 6 6 6 6 6 6 6 6 6
7 7 7 7 7 7 7 7 7 7
0 0 0 0 0 0 0 0 0 0
1 1 1 1 1 1 1 1 1 1
2 2 2 2 2 2 2 2 2 2
3 3 3 3 3 3 3 3 3 3
4 4 4 4 4 4 4 4 4 4
5 5 5 5 5 5 5 5 5 5
6 6 6 6 6 6 6 6 6 6
7 7 7 7 7 7 7 7 7 7
0 0 0 0 0 0 0 0 0 0
1 1 1 1 1 1 1 1 1 1
2 2 2 2 2 2 2 2 2 2
3 3 3 3 3 3 3 3 3 3
4 4 4 4 4 4 4 4 4 4
5 5 5 5 5 5 5 5 5 5
6 6 6 6 6 6 6 6 6 6
7 7 7 7 7 7 7 7 7 7
0 0 0 0 0 0 0 0 0 0
1 1 1 1 1 1 1 1 1 1
2 2 2 2 2 2 2 2 2 2
3 3 3 3 3 3 3 3 3 3
4 4 4 4 4 4 4 4 4 4
5 5 5 5 5 5 5 5 5 5
6 6 6 6 6 6 6 6 6 6
7 7 7 7 7 7 7 7 7 7
0 0 0 0 0 0 0 0 0 0
1 1 1 1 1 1 1 1 1 1
2 2 2 2 2 2 2 2 2 2
3 3 3 3 3 3 3 3 3 3
9 3 7 9 5 5 3 8 4 7
16 15 18 21 21 20 21 18 16 16
31 30 30 31 29 27 29 28 29 32
43 42 42 39 44 40 41 40 41 43
51 52 53 56 55 52 52 57 57 52
65 67 68 68 69 63 69 68 66 66
80 79 80 80 77 79 76 81 81 79
91 90 90 92 88 88 89 93 91 88
7 3 8 4 8 6 9 6 5 5
21 21 16 18 19 21 18 21 15 16
30 29 27 30 29 27 29 33 33 32
45 42 43 44 44 45 45 43 45 39
55 53 57 55 54 53 55 55 57 53
65 67 68 69 69 65 64 69 65 66
77 79 79 80 81 78 81 75 76 75
91 88 89 92 91 89 87 93 90 93
8 6 6 3 8 6 5 6 6 6
15 18 17 16 19 21 15 19 18 21
33 31 27 31 30 33 28 28 27 29
45 39 43 43 39 42 42 44 41 42
52 56 51 51 53 53 56 56 54 57
65 68 65 67 65 68 63 69 69 68
81 79 77 79 75 76 79 79 75 77
88 88 87 93 89 90 93 89 89 87
8 3 6 8 3 5 6 4 9 3
19 15 20 16 20 15 19 17 15 18
33 32 31 29 33 29 31 28 29 32
42 42 39 45 44 44 41 42 39 41
52 56 56 57 55 53 56 51 56 51
67 68 66 68 64 63 66 66 66 64
79 80 75 79 76 80 77 80 76 75
92 90 87 88 87 89 92 89 93 93
4 7 4 6 3 8 9 6 8 5
21 15 18 20 15 16 18 19 16 21
27 30 31 29 30 30 29 32 32 28
40 42 40 41 39 44 40 43 41 40
51 57 54 52 53 57 55 55 55 53
65 69 63 66 66 64 66 65 65 64
80 76 77 79 77 78 78 81 75 77
91 93 92 90 93 92 91 93 90 91
6 7 6 4 3 5 3 3 4 9
20 20 17 17 19 15 19 20 17 20
32 30 30 31 31 29 30 28 29 32
41 42 45 42 40 43 39 45 44 43
54 55 51 56 54 57 52 54 57 53
65 66 63 69 69 69 67 66 67 66
79 77 76 79 81 77 77 77 80 77
87 87 88 88 90 88 93 93 87 90
3 9 7 6 9 8 9 6 7 8
21 19 18 21 16 18 18 21 15 16
32 29 28 33 30 29 31 27 27 27
45 39 43 43 39 42 42 41 42 42
53 57 55 52 55 54 55 52 53 53
63 63 65 63 67 64 66 67 66 69
81 76 75 75 81 81 77 78 80 77
89 91 87 90 92 89 90 89 89 90
4 9 8 6 5 5 5 4 7 6
20 18 21 15 16 20 19 21 18 20
32 32 28 27 29 27 30 29 27 31
43 42 41 44 43 42 45 43 43 45
53 53 56 51 55 51 54 54 55 51
67 69 63 67 67 65 68 64 67 69
77 81 77 76 75 75 77 81 75 77
91 90 89 88 90 87 92 90 90 89
3 5 7 9 9 7 7 6 4 9
18 19 17 19 17 15 17 18 16 21
32 28 27 28 33 27 28 30 28 32
41 44 41 44 41 40 44 42 39 42
54 51 55 54 54 57 52 53 53 56
65 64 68 68 66 68 63 65 64 67
80 76 81 79 78 80 81 80 78 75
88 91 93 91 93 87 93 88 90 88
8 7 3 4 6 6 5 7 7 9
21 18 16 17 15 17 17 16 19 21
28 31 27 29 32 28 30 33 33 30
41 40 41 40 40 39 41 44 43 45
56 55 51 55 52 51 56 57 53 53
65 69 65 63 67 67 67 63 63 66
80 75 78 81 79 79 78 76 79 81
90 92 87 89 89 92 90 91 93 87
4 4 8 5 8 5 8 6 6 8
19 21 15 21 16 20 18 19 18 21
31 33 28 32 33 32 28 32 29 28
39 45 40 43 42 41 45 43 43 40
54 54 56 52 56 57 52 54 55 55
68 69 64 64 69 69 63 65 69 67
76 81 76 77 80 76 78 78 77 81
88 93 91 88 92 89 93 90 93 90
3 3 6 4 5 6 4 4 3 3
21 17 21 21 18 15 19 20 15 18
28 29 27 33 33 31 28 33 32 32
44 40 39 45 45 43 43 44 42 45
55 53 54 54 53 51 55 53 53 56
67 67 68 63 65 69 63 68 64 69
81 76 78 79 78 79 80 81 80 78
89 87 93 88 88 92 91 93 88 93
3 6 5 4 7 3 3 4 9 9
16 18 21 19 19 17 15 16 20 18
29 33 29 30 31 30 30 27 27 30
42 43 44 42 39 43 44 41 40 39
