0 0 0 0 0 0 0 0 0 0 0 0 0 0 0 0
1 1 1 1 1 1 1 1 1 1 1 1 1 1 1 1
2 2 2 2 2 2 2 2 2 2 2 2 2 2 2 2
3 3 3 3 3 3 3 3 3 3 3 3 3 3 3 3
4 4 4 4 4 4 4 4 4 4 4 4 4 4 4 4
5 5 5 5 5 5 5 5 5 5 5 5 5 5 5 5
6 6 6 6 6 6 6 6 6 6 6 6 6 6 6 6
7 7 7 7 7 7 7 7 7 7 7 7 7 7 7 7
0 0 0 0 0 0 0 0 0 0 0 0 0 0 0 0
1 1 1 1 1 1 1 1 1 1 1 1 1 1 1 1
2 2 2 2 2 2 2 2 2 2 2 2 2 2 2 2
3 3 3 3 3 3 3 3 3 3 3 3 3 3 3 3
4 4 4 4 4 4 4 4 4 4 4 4 4 4 4 4
5 5 5 5 5 5 5 5 5 5 5 5 5 5 5 5
6 6 6 6 6 6 6 6 6 6 6 6 6 6 6 6
7 7 7 7 7 7 7 7 7 7 7 7 7 7 7 7
7 8 9 5 5 9 9 5 5 3 6 7 4 5 5 5
18 16 18 16 17 15 21 17 16 21 18 20 16 15 19 21
32 31 32 33 28 28 29 32 32 30 33 31 29 27 33 28
44 43 40 39 39 42 41 43 39 42 44 39 45 42 41 45
51 56 51 54 55 52 52 53 52 51 54 55 57 53 55 53
66 65 64 65 68 63 64 66 63 64 66 67 66 64 65 63
80 81 80 78 81 77 77 75 80 76 76 81 79 78 77 76
92 91 88 87 87 93 87 91 91 93 92 89 88 90 87 91
4 6 9 5 7 3 5 4 5 9 6 8 3 7 8 3
17 20 20 17 20 19 21 17 21 18 21 15 18 20 21 17
28 29 31 27 30 31 30 32 31 31 27 31 31 29 27 30
41 39 45 39 42 40 41 44 39 39 39 40 40 44 39 44
56 53 51 57 53 56 55 51 55 57 51 51 57 55 56 54
68 65 63 69 67 65 65 63 67 68 67 64 63 63 65 66
80 75 76 81 80 75 77 76 81 77 79 79 80 75 80 80
89 88 93 87 90 87 92 92 91 88 91 90 91 88 87 88
