0 0 0 0 0 0 0 0 0 0 0 0 0 0 0 0
1 1 1 1 1 1 1 1 1 1 1 1 1 1 1 1
2 2 2 2 2 2 2 2 2 2 2 2 2 2 2 2
3 3 3 3 3 3 3 3 3 3 3 3 3 3 3 3
4 4 4 4 4 4 4 4 4 4 4 4 4 4 4 4
5 5 5 5 5 5 5 5 5 5 5 5 5 5 5 5
6 6 6 6 6 6 6 6 6 6 6 6 6 6 6 6
7 7 7 7 7 7 7 7 7 7 7 7 7 7 7 7
0 0 0 0 0 0 0 0 0 0 0 0 0 0 0 0
1 1 1 1 1 1 1 1 1 1 1 1 1 1 1 1
2 2 2 2 2 2 2 2 2 2 2 2 2 2 2 2
3 3 3 3 3 3 3 3 3 3 3 3 3 3 3 3
4 4 4 4 4 4 4 4 4 4 4 4 4 4 4 4
5 5 5 5 5 5 5 5 5 5 5 5 5 5 5 5
6 6 6 6 6 6 6 6 6 6 6 6 6 6 6 6
7 7 7 7 7 7 7 7 7 7 7 7 7 7 7 7
4 7 9 3 3 7 4 3 6 4 9 8 3 4 9 5
21 16 19 18 16 18 20 19 19 17 18 17 21 19 21 21
31 33 31 29 28 31 28 28 29 30 31 27 32 30 28 29
43 44 45 40 43 43 41 45 41 39 39 41 39 39 43 39
56 57 53 56 51 56 57 53 56 57 56 52 51 52 51 51
69 67 63 69 64 69 68 68 65 69 69 67 64 68 68 65
81 76 76 75 81 80 77 76 81 81 76 76 75 76 76 75
93 89 89 92 91 89 87 91 90 89 91 88 90 92 89 92
9 6 5 8 9 7 4 6 3 7 5 9 9 8 7 4
15 17 18 17 16 17 17 18 19 16 20 18 21 16 17 15
32 33 29 28 29 32 27 27 29 29 27 28 30 30 33 30
43 41 41 40 41 40 44 45 41 42 40 45 40 40 40 44
52 56 51 51 56 54 54 53 53 54 57 57 54 54 54 55
64 64 63 67 63 69 63 67 63 63 63 69 68 69 65 66
79 78 76 79 81 80 76 77 79 81 80 79 77 80 77 81
88 88 92 91 89 93 87 91 93 90 90 93 91 92 93 89
