0 0 0 0 0 0 0 0 0 0
1 1 1 1 1 1 1 1 1 1
2 2 2 2 2 2 2 2 2 2
3 3 3 3 3 3 3 3 3 3
4 4 4 4 4 4 4 4 4 4
5 5 5 5 5 5 5 5 5 5
6 6 6 6 6 6 6 6 6 6
7 7 7 7 7 7 7 7 7 7
0 0 0 0 0 0 0 0 0 0
1 1 1 1 1 1 1 1 1 1
2 2 2 2 2 2 2 2 2 2
3 3 3 3 3 3 3 3 3 3
4 4 4 4 4 4 4 4 4 4
5 5 5 5 5 5 5 5 5 5
6 6 6 6 6 6 6 6 6 6
7 7 7 7 7 7 7 7 7 7
0 0 0 0 0 0 0 0 0 0
1 1 1 1 1 1 1 1 1 1
2 2 2 2 2 2 2 2 2 2
3 3 3 3 3 3 3 3 3 3
4 4 4 4 4 4 4 4 4 4
5 5 5 5 5 5 5 5 5 5
6 6 6 6 6 6 6 6 6 6
7 7 7 7 7 7 7 7 7 7
0 0 0 0 0 0 0 0 0 0
1 1 1 1 1 1 1 1 1 1
2 2 2 2 2 2 2 2 2 2
3 3 3 3 3 3 3 3 3 3
4 4 4 4 4 4 4 4 4 4
5 5 5 5 5 5 5 5 5 5
6 6 6 6 6 6 6 6 6 6
7 7 7 7 7 7 7 7 7 7
0 0 0 0 0 0 0 0 0 0
1 1 1 1 1 1 1 1 1 1
2 2 2 2 2 2 2 2 2 2
3 3 3 3 3 3 3 3 3 3
4 4 4 4 4 4 4 4 4 4
5 5 5 5 5 5 5 5 5 5
6 6 6 6 6 6 6 6 6 6
7 7 7 7 7 7 7 7 7 7
0 0 0 0 0 0 0 0 0 0
1 1 1 1 1 1 1 1 1 1
2 2 2 2 2 2 2 2 2 2
3 3 3 3 3 3 3 3 3 3
4 4 4 4 4 4 4 4 4 4
5 5 5 5 5 5 5 5 5 5
6 6 6 6 6 6 6 6 6 6
7 7 7 7 7 7 7 7 7 7
0 0 0 0 0 0 0 0 0 0
1 1 1 1 1 1 1 1 1 1
2 2 2 2 2 2 2 2 2 2
3 3 3 3 3 3 3 3 3 3
4 4 4 4 4 4 4 4 4 4
5 5 5 5 5 5 5 5 5 5
6 6 6 6 6 6 6 6 6 6
7 7 7 7 7 7 7 7 7 7
0 0 0 0 0 0 0 0 0 0
1 1 1 1 1 1 1 1 1 1
2 2 2 2 2 2 2 2 2 2
3 3 3 3 3 3 3 3 3 3
4 4 4 4 4 4 4 4 4 4
5 5 5 5 5 5 5 5 5 5
6 6 6 6 6 6 6 6 6 6
7 7 7 7 7 7 7 7 7 7
0 0 0 0 0 0 0 0 0 0
1 1 1 1 1 1 1 1 1 1
2 2 2 2 2 2 2 2 2 2
3 3 3 3 3 3 3 3 3 3
4 4 4 4 4 4 4 4 4 4
5 5 5 5 5 5 5 5 5 5
6 6 6 6 6 6 6 6 6 6
7 7 7 7 7 7 7 7 7 7
0 0 0 0 0 0 0 0 0 0
1 1 1 1 1 1 1 1 1 1
2 2 2 2 2 2 2 2 2 2
3 3 3 3 3 3 3 3 3 3
4 4 4 4 4 4 4 4 4 4
5 5 5 5 5 5 5 5 5 5
6 6 6 6 6 6 6 6 6 6
7 7 7 7 7 7 7 7 7 7
0 0 0 0 0 0 0 0 0 0
1 1 1 1 1 1 1 1 1 1
2 2 2 2 2 2 2 2 2 2
3 3 3 3 3 3 3 3 3 3
4 4 4 4 4 4 4 4 4 4
5 5 5 5 5 5 5 5 5 5
6 6 6 6 6 6 6 6 6 6
7 7 7 7 7 7 7 7 7 7
0 0 0 0 0 0 0 0 0 0
1 1 1 1 1 1 1 1 1 1
2 2 2 2 2 2 2 2 2 2
3 3 3 3 3 3 3 3 3 3
4 4 4 4 4 4 4 4 4 4
5 5 5 5 5 5 5 5 5 5
6 6 6 6 6 6 6 6 6 6
7 7 7 7 7 7 7 7 7 7
0 0 0 0 0 0 0 0 0 0
1 1 1 1 1 1 1 1 1 1
2 2 2 2 2 2 2 2 2 2
3 3 3 3 3 3 3 3 3 3
4 9 7 5 3 8 7 8 7 9
19 16 21 18 18 18 15 15 18 18
32 33 32 28 31 27 32 31 30 32
39 40 41 45 43 43 40 43 41 39
56 53 57 51 56 57 56 55 51 57
65 64 67 66 68 68 64 64 67 69
79 77 79 76 76 77 79 77 81 78
87 93 88 89 91 90 88 88 90 91
3 5 6 4 7 3 7 3 7 7
16 16 19 20 15 19 20 18 17 16
28 32 30 33 33 32 30 30 32 32
39 43 42 39 40 39 42 43 41 42
53 56 52 51 52 55 52 53 55 53
64 63 67 67 68 68 64 69 68 64
78 78 79 77 80 75 80 78 75 76
90 90 89 91 89 92 88 93 89 89
6 7 6 4 7 8 5 8 6 5
18 18 16 21 15 16 16 15 21 17
28 32 32 30 30 27 27 31 28 27
40 44 41 43 39 42 40 42 43 40
55 52 51 54 56 54 52 53 55 57
66 69 67 63 65 65 65 68 63 66
81 76 81 81 78 76 76 81 76 80
90 89 91 91 91 87 91 88 89 90
7 4 4 8 3 5 7 6 4 6
19 18 21 15 21 18 16 16 20 20
31 31 32 33 27 27 33 31 30 32
42 43 45 42 41 44 44 41 44 40
51 52 54 53 54 55 55 57 57 55
63 67 67 67 63 65 68 65 65 67
81 81 76 80 75 81 76 78 81 77
88 88 91 93 93 87 91 91 88 91
8 8 7 5 7 9 7 9 7 8
20 19 15 17 18 19 17 17 15 20
30 32 33 29 28 27 28 33 31 28
45 40 44 39 40 45 41 40 45 39
54 54 53 57 52 57 56 54 54 55
67 64 67 63 66 65 64 64 67 69
80 81 75 76 79 77 75 80 80 77
89 87 87 92 88 90 89 93 89 93
8 6 3 8 3 6 5 7 9 4
21 15 20 17 18 18 16 16 19 17
27 33 33 33 33 30 30 31 28 33
41 40 43 39 43 45 45 41 44 39
51 56 56 53 56 54 54 53 53 53
65 66 63 63 64 64 65 64 69 69
75 78 80 78 76 76 80 76 75 78
90 87 93 87 87 92 89 92 93 92
3 3 5 6 9 3 3 5 3 4
21 17 20 19 15 17 21 15 19 15
31 31 30 27 30 27 29 33 33 32
39 45 45 39 43 40 43 42 41 43
56 56 56 52 52 54 53 54 55 53
65 66 69 63 63 68 67 69 67 69
81 77 79 81 80 79 80 75 78 81
88 87 88 89 91 90 87 91 91 92
8 4 4 6 6 8 7 3 7 7
21 15 20 18 19 16 21 20 17 17
32 29 28 30 33 33 31 28 30 33
45 45 39 41 44 42 41 44 44 45
52 54 51 52 57 51 53 53 56 51
64 69 63 68 69 64 66 65 65 64
78 79 80 81 81 76 81 81 77 76
90 93 91 91 91 92 88 87 91 88
8 6 9 8 4 6 7 9 7 4
21 15 15 17 20 17 19 18 20 16
31 28 28 33 33 30 28 31 28 30
39 44 41 43 40 39 41 45 41 45
55 53 56 55 54 53 57 53 56 53
69 69 63 65 65 66 69 66 67 69
76 79 81 79 80 78 79 78 75 77
89 89 88 88 87 92 92 91 87 88
9 7 4 4 6 6 9 5 4 8
21 19 16 20 19 19 20 15 15 15
27 29 32 28 27 30 29 29 33 29
45 44 41 42 45 41 43 45 42 41
51 55 55 57 53 54 52 51 56 51
69 67 67 63 66 64 68 66 65 67
75 76 81 77 76 78 79 76 80 81
89 90 92 87 91 87 90 92 92 91
9 4 8 4 4 3 4 7 7 3
18 19 20 17 21 17 20 20 20 21
31 30 31 29 33 33 31 32 30 31
41 43 39 40 44 41 40 41 41 45
51 51 51 52 53 54 52 57 55 52
65 64 67 69 67 67 67 68 65 67
76 76 75 77 80 75 75 78 78 77
93 89 91 90 90 93 93 89 91 91
8 9 9 6 4 5 3 9 5 4
16 16 15 17 19 21 18 16 16 17
33 27 29 29 32 30 32 29 33 29
42 39 45 39 43 40 40 45 42 45
51 53 55 51 57 57 55 56 57 53
66 68 65 63 69 69 64 64 69 69
76 79 79 76 81 81 80 76 80 75
88 89 93 93 89 91 90 91 93 92
4 7 9 9 3 8 9 8 7 8
15 15 15 19 21 20 21 20 21 19
31 32 29 27 33 29 29 32 29 33
42 41 42 39 40 40 43 41 39 44
