0 0 0 0 0 0 0 0 0 0 0 0 0 0 0 0
1 1 1 1 1 1 1 1 1 1 1 1 1 1 1 1
2 2 2 2 2 2 2 2 2 2 2 2 2 2 2 2
3 3 3 3 3 3 3 3 3 3 3 3 3 3 3 3
4 4 4 4 4 4 4 4 4 4 4 4 4 4 4 4
5 5 5 5 5 5 5 5 5 5 5 5 5 5 5 5
6 6 6 6 6 6 6 6 6 6 6 6 6 6 6 6
7 7 7 7 7 7 7 7 7 7 7 7 7 7 7 7
0 0 0 0 0 0 0 0 0 0 0 0 0 0 0 0
1 1 1 1 1 1 1 1 1 1 1 1 1 1 1 1
2 2 2 2 2 2 2 2 2 2 2 2 2 2 2 2
3 3 3 3 3 3 3 3 3 3 3 3 3 3 3 3
4 4 4 4 4 4 4 4 4 4 4 4 4 4 4 4
5 5 5 5 5 5 5 5 5 5 5 5 5 5 5 5
6 6 6 6 6 6 6 6 6 6 6 6 6 6 6 6
7 7 7 7 7 7 7 7 7 7 7 7 7 7 7 7
7 4 8 9 3 5 8 6 6 8 7 4 3 3 7 7
17 18 17 20 18 19 21 18 15 21 18 16 20 17 15 18
30 33 31 30 28 29 27 33 32 33 27 33 33 32 28 28
45 45 45 42 42 44 40 39 41 45 39 39 43 44 40 43
53 56 53 56 55 57 51 51 57 51 52 56 57 53 54 56
69 63 67 69 64 67 63 63 63 65 64 67 67 63 69 64
75 79 77 78 80 80 78 79 78 80 80 81 79 79 77 75
90 87 92 89 91 89 92 91 91 90 93 93 87 91 89 93
7 9 3 9 3 5 3 6 7 4 7 4 4 7 6 6
16 15 21 16 20 21 17 19 20 20 18 21 16 16 16 21
30 32 28 28 30 29 27 28 28 32 30 31 30 33 33 28
43 43 43 45 44 39 44 44 39 43 39 43 45 43 41 42
56 53 57 54 52 54 52 56 57 54 57 52 52 56 56 54
67 65 67 69 64 64 68 68 66 68 64 66 69 68 69 69
80 81 77 78 79 76 79 76 79 78 81 78 77 81 79 77
87 93 88 93 91 90 90 87 91 88 87 89 93 90 92 93
