0 0 0 0 0 0 0 0 0 0 0 0 0 0 0 0
1 1 1 1 1 1 1 1 1 1 1 1 1 1 1 1
2 2 2 2 2 2 2 2 2 2 2 2 2 2 2 2
3 3 3 3 3 3 3 3 3 3 3 3 3 3 3 3
4 4 4 4 4 4 4 4 4 4 4 4 4 4 4 4
5 5 5 5 5 5 5 5 5 5 5 5 5 5 5 5
6 6 6 6 6 6 6 6 6 6 6 6 6 6 6 6
7 7 7 7 7 7 7 7 7 7 7 7 7 7 7 7
0 0 0 0 0 0 0 0 0 0 0 0 0 0 0 0
1 1 1 1 1 1 1 1 1 1 1 1 1 1 1 1
2 2 2 2 2 2 2 2 2 2 2 2 2 2 2 2
3 3 3 3 3 3 3 3 3 3 3 3 3 3 3 3
4 4 4 4 4 4 4 4 4 4 4 4 4 4 4 4
5 5 5 5 5 5 5 5 5 5 5 5 5 5 5 5
6 6 6 6 6 6 6 6 6 6 6 6 6 6 6 6
7 7 7 7 7 7 7 7 7 7 7 7 7 7 7 7
6 9 3 9 3 6 3 8 9 6 5 6 4 8 4 4
19 19 21 15 16 17 17 15 20 19 21 18 17 15 20 15
30 30 27 27 29 28 32 32 28 33 29 30 28 32 31 27
44 45 40 40 39 41 45 44 42 39 44 41 45 39 42 44
53 56 54 54 56 57 52 56 55 56 55 56 53 55 54 53
69 66 64 67 66 66 64 67 64 65 69 67 64 66 65 66
79 81 76 79 76 79 80 81 75 78 77 80 75 79 79 81
88 93 89 90 93 90 92 87 88 88 87 88 89 90 93 91
3 8 5 6 7 8 5 9 9 6 4 4 7 3 7 9
18 18 18 21 15 21 21 18 19 19 21 16 19 18 21 21
27 28 29 33 29 28 27 33 28 32 31 27 28 31 30 31
39 41 42 39 44 43 42 42 44 45 42 43 43 42 40 45
55 51 52 51 53 51 56 51 51 55 51 51 51 54 53 53
69 64 69 69 69 69 68 65 68 65 66 69 66 69 64 69
79 80 79 81 75 76 77 78 76 79 81 75 75 80 78 80
87 88 87 92 93 89 91 90 91 90 91 89 91 87 92 92
