0 0 0 0 0 0 0 0 0 0 0 0 0 0 0 0
1 1 1 1 1 1 1 1 1 1 1 1 1 1 1 1
2 2 2 2 2 2 2 2 2 2 2 2 2 2 2 2
3 3 3 3 3 3 3 3 3 3 3 3 3 3 3 3
4 4 4 4 4 4 4 4 4 4 4 4 4 4 4 4
5 5 5 5 5 5 5 5 5 5 5 5 5 5 5 5
6 6 6 6 6 6 6 6 6 6 6 6 6 6 6 6
7 7 7 7 7 7 7 7 7 7 7 7 7 7 7 7
0 0 0 0 0 0 0 0 0 0 0 0 0 0 0 0
1 1 1 1 1 1 1 1 1 1 1 1 1 1 1 1
2 2 2 2 2 2 2 2 2 2 2 2 2 2 2 2
3 3 3 3 3 3 3 3 3 3 3 3 3 3 3 3
4 4 4 4 4 4 4 4 4 4 4 4 4 4 4 4
5 5 5 5 5 5 5 5 5 5 5 5 5 5 5 5
6 6 6 6 6 6 6 6 6 6 6 6 6 6 6 6
7 7 7 7 7 7 7 7 7 7 7 7 7 7 7 7
8 5 4 3 7 9 6 3 3 7 9 5 8 8 3 8
20 21 17 21 15 15 19 20 16 17 16 20 18 18 20 16
28 29 27 31 32 33 32 29 32 31 31 30 32 33 28 28
44 42 45 42 44 40 45 41 44 42 41 45 43 42 44 42
54 51 55 54 55 56 55 54 57 54 57 56 56 57 56 53
65 65 67 64 67 65 67 63 66 67 64 67 67 65 67 69
79 78 75 76 76 78 75 75 77 81 76 76 81 80 76 77
91 89 90 89 91 93 90 92 93 89 92 92 87 90 87 90
3 5 9 9 9 5 5 4 7 3 8 5 3 5 3 8
20 19 17 19 16 16 15 19 15 19 20 15 19 21 19 21
27 33 31 31 27 33 30 29 30 30 28 30 32 28 30 32
41 41 44 41 45 43 41 42 45 42 42 42 44 39 44 42
55 55 53 57 56 54 52 56 55 52 54 56 57 53 54 57
66 68 63 63 68 64 68 64 66 64 65 63 66 67 66 69
79 79 75 76 79 81 80 79 77 75 76 79 75 77 80 80
92 89 90 89 87 90 93 88 93 92 93 88 92 88 87 87
