0 0 0 0 0 0 0 0 0 0 0 0 0 0 0 0
1 1 1 1 1 1 1 1 1 1 1 1 1 1 1 1
2 2 2 2 2 2 2 2 2 2 2 2 2 2 2 2
3 3 3 3 3 3 3 3 3 3 3 3 3 3 3 3
4 4 4 4 4 4 4 4 4 4 4 4 4 4 4 4
5 5 5 5 5 5 5 5 5 5 5 5 5 5 5 5
6 6 6 6 6 6 6 6 6 6 6 6 6 6 6 6
7 7 7 7 7 7 7 7 7 7 7 7 7 7 7 7
0 0 0 0 0 0 0 0 0 0 0 0 0 0 0 0
1 1 1 1 1 1 1 1 1 1 1 1 1 1 1 1
2 2 2 2 2 2 2 2 2 2 2 2 2 2 2 2
3 3 3 3 3 3 3 3 3 3 3 3 3 3 3 3
4 4 4 4 4 4 4 4 4 4 4 4 4 4 4 4
5 5 5 5 5 5 5 5 5 5 5 5 5 5 5 5
6 6 6 6 6 6 6 6 6 6 6 6 6 6 6 6
7 7 7 7 7 7 7 7 7 7 7 7 7 7 7 7
7 7 6 3 8 3 5 3 7 3 9 5 5 5 7 7
16 21 16 17 16 20 21 19 20 20 15 15 21 18 16 20
32 27 29 30 29 29 30 32 28 33 30 30 33 32 32 31
45 44 45 41 44 41 42 39 39 39 43 40 41 43 41 39
54 57 57 52 54 53 51 52 55 52 52 54 53 55 57 51
68 68 68 68 66 66 63 68 67 69 66 69 64 63 69 67
77 77 81 77 79 79 80 75 80 75 77 75 76 77 76 80
88 89 90 93 87 90 88 92 93 91 93 89 89 92 92 91
7 9 9 6 4 7 7 9 3 5 9 6 5 8 7 9
16 16 21 17 15 20 21 15 16 15 17 19 16 15 19 19
29 30 31 30 28 28 28 30 32 29 30 28 33 28 32 32
41 42 42 43 39 41 41 45 41 44 40 42 45 40 45 40
57 57 57 53 51 51 55 55 55 52 54 53 56 57 52 51
64 65 67 66 69 68 68 66 69 67 65 63 64 67 68 67
76 76 77 78 75 79 78 79 75 77 77 79 75 75 77 78
87 88 93 91 91 91 92 91 88 89 87 89 90 93 88 92
