0 0 0 0 0 0 0 0 0 0
1 1 1 1 1 1 1 1 1 1
2 2 2 2 2 2 2 2 2 2
3 3 3 3 3 3 3 3 3 3
4 4 4 4 4 4 4 4 4 4
5 5 5 5 5 5 5 5 5 5
6 6 6 6 6 6 6 6 6 6
7 7 7 7 7 7 7 7 7 7
0 0 0 0 0 0 0 0 0 0
1 1 1 1 1 1 1 1 1 1
2 2 2 2 2 2 2 2 2 2
3 3 3 3 3 3 3 3 3 3
4 4 4 4 4 4 4 4 4 4
5 5 5 5 5 5 5 5 5 5
6 6 6 6 6 6 6 6 6 6
7 7 7 7 7 7 7 7 7 7
0 0 0 0 0 0 0 0 0 0
1 1 1 1 1 1 1 1 1 1
2 2 2 2 2 2 2 2 2 2
3 3 3 3 3 3 3 3 3 3
4 4 4 4 4 4 4 4 4 4
5 5 5 5 5 5 5 5 5 5
6 6 6 6 6 6 6 6 6 6
7 7 7 7 7 7 7 7 7 7
0 0 0 0 0 0 0 0 0 0
1 1 1 1 1 1 1 1 1 1
2 2 2 2 2 2 2 2 2 2
3 3 3 3 3 3 3 3 3 3
4 4 4 4 4 4 4 4 4 4
5 5 5 5 5 5 5 5 5 5
6 6 6 6 6 6 6 6 6 6
7 7 7 7 7 7 7 7 7 7
0 0 0 0 0 0 0 0 0 0
1 1 1 1 1 1 1 1 1 1
2 2 2 2 2 2 2 2 2 2
3 3 3 3 3 3 3 3 3 3
4 4 4 4 4 4 4 4 4 4
5 5 5 5 5 5 5 5 5 5
6 6 6 6 6 6 6 6 6 6
7 7 7 7 7 7 7 7 7 7
0 0 0 0 0 0 0 0 0 0
1 1 1 1 1 1 1 1 1 1
2 2 2 2 2 2 2 2 2 2
3 3 3 3 3 3 3 3 3 3
4 4 4 4 4 4 4 4 4 4
5 5 5 5 5 5 5 5 5 5
6 6 6 6 6 6 6 6 6 6
7 7 7 7 7 7 7 7 7 7
0 0 0 0 0 0 0 0 0 0
1 1 1 1 1 1 1 1 1 1
2 2 2 2 2 2 2 2 2 2
3 3 3 3 3 3 3 3 3 3
4 4 4 4 4 4 4 4 4 4
5 5 5 5 5 5 5 5 5 5
6 6 6 6 6 6 6 6 6 6
7 7 7 7 7 7 7 7 7 7
0 0 0 0 0 0 0 0 0 0
1 1 1 1 1 1 1 1 1 1
2 2 2 2 2 2 2 2 2 2
3 3 3 3 3 3 3 3 3 3
4 4 4 4 4 4 4 4 4 4
5 5 5 5 5 5 5 5 5 5
6 6 6 6 6 6 6 6 6 6
7 7 7 7 7 7 7 7 7 7
0 0 0 0 0 0 0 0 0 0
1 1 1 1 1 1 1 1 1 1
2 2 2 2 2 2 2 2 2 2
3 3 3 3 3 3 3 3 3 3
4 4 4 4 4 4 4 4 4 4
5 5 5 5 5 5 5 5 5 5
6 6 6 6 6 6 6 6 6 6
7 7 7 7 7 7 7 7 7 7
0 0 0 0 0 0 0 0 0 0
1 1 1 1 1 1 1 1 1 1
2 2 2 2 2 2 2 2 2 2
3 3 3 3 3 3 3 3 3 3
4 4 4 4 4 4 4 4 4 4
5 5 5 5 5 5 5 5 5 5
6 6 6 6 6 6 6 6 6 6
7 7 7 7 7 7 7 7 7 7
0 0 0 0 0 0 0 0 0 0
1 1 1 1 1 1 1 1 1 1
2 2 2 2 2 2 2 2 2 2
3 3 3 3 3 3 3 3 3 3
4 4 4 4 4 4 4 4 4 4
5 5 5 5 5 5 5 5 5 5
6 6 6 6 6 6 6 6 6 6
7 7 7 7 7 7 7 7 7 7
0 0 0 0 0 0 0 0 0 0
1 1 1 1 1 1 1 1 1 1
2 2 2 2 2 2 2 2 2 2
3 3 3 3 3 3 3 3 3 3
4 4 4 4 4 4 4 4 4 4
5 5 5 5 5 5 5 5 5 5
6 6 6 6 6 6 6 6 6 6
7 7 7 7 7 7 7 7 7 7
0 0 0 0 0 0 0 0 0 0
1 1 1 1 1 1 1 1 1 1
2 2 2 2 2 2 2 2 2 2
3 3 3 3 3 3 3 3 3 3
5 5 8 3 4 6 5 6 6 8
15 20 18 15 21 17 18 15 20 18
30 30 27 29 33 30 29 28 30 32
42 44 44 45 42 41 42 40 41 44
57 57 56 55 54 56 57 55 53 57
66 67 63 68 65 69 65 65 64 63
75 76 77 76 78 78 75 79 81 78
89 87 89 87 88 89 90 88 89 90
7 9 5 5 7 4 8 8 9 7
16 20 17 20 18 17 21 17 21 15
29 29 31 29 33 27 32 33 28 32
42 45 45 41 42 40 43 41 39 45
56 54 57 57 57 52 52 53 51 57
66 68 68 68 68 63 65 69 67 69
79 76 76 81 78 76 77 77 81 78
88 93 87 90 88 90 93 87 87 93
3 7 8 5 6 5 5 7 6 9
16 16 19 20 20 17 17 17 19 16
29 29 27 33 28 29 28 31 27 31
39 40 40 41 45 41 42 40 44 41
52 57 55 55 51 52 55 56 56 56
63 66 63 67 68 66 65 67 65 67
75 80 79 80 81 77 77 76 80 76
87 93 89 89 93 93 88 93 88 92
9 7 7 8 7 4 6 3 8 7
19 19 16 20 19 15 18 15 17 18
31 33 31 29 27 32 30 32 33 30
40 42 42 40 41 45 41 41 40 43
55 53 51 53 51 57 54 55 57 53
64 69 64 64 67 63 67 66 64 65
77 79 77 78 81 75 81 76 79 77
89 93 90 93 93 89 87 87 92 93
9 7 7 5 8 9 3 4 7 3
15 16 17 21 17 16 15 20 18 17
32 31 30 30 31 28 29 30 32 29
39 42 40 42 42 43 40 44 39 45
57 55 56 51 53 52 57 53 55 52
67 69 65 65 68 66 69 69 64 69
79 75 77 78 75 75 76 81 75 81
91 87 88 88 93 90 89 91 89 93
8 3 7 5 5 9 5 6 4 9
15 18 21 21 18 17 19 21 20 17
30 33 27 27 32 29 29 27 33 32
45 45 40 45 45 43 39 39 45 39
56 53 54 52 51 56 55 57 51 55
67 66 69 68 64 66 65 66 66 68
81 78 78 77 75 81 78 78 76 77
92 92 93 88 92 91 90 90 88 92
6 3 4 9 7 6 4 6 3 8
16 19 19 19 17 21 17 17 20 15
30 29 33 29 32 30 30 31 31 33
45 42 42 39 40 39 43 43 41 43
52 53 56 54 53 51 56 53 56 51
69 68 68 68 65 67 64 64 65 69
81 77 80 80 75 76 81 79 79 78
92 89 92 92 90 93 92 90 89 89
5 5 5 7 6 7 6 4 3 7
16 20 19 20 16 17 16 16 15 20
32 29 33 33 29 30 29 27 31 30
44 42 40 39 41 43 41 41 45 40
51 54 52 53 54 54 51 51 53 56
67 63 64 66 63 69 63 65 64 68
79 81 76 78 79 78 78 80 79 76
91 91 89 92 91 87 93 88 92 92
7 6 5 6 6 3 3 4 4 9
15 20 19 17 18 21 15 20 15 17
29 29 28 28 28 30 32 29 30 28
45 41 39 39 39 44 44 41 41 42
57 55 51 56 57 57 51 51 53 55
64 63 66 64 66 68 65 67 67 67
81 77 76 81 80 79 78 75 80 76
93 90 93 93 89 89 91 90 90 91
3 4 4 5 9 5 8 7 6 3
19 15 20 21 18 17 18 15 21 19
27 31 28 27 29 33 29 32 28 28
44 41 39 44 43 43 41 40 45 41
57 54 52 55 53 56 52 53 55 55
69 69 66 68 66 64 65 66 65 67
77 76 75 75 79 79 75 75 78 79
88 89 89 91 89 88 92 90 87 91
7 6 5 4 9 6 3 4 4 3
18 15 21 16 16 21 17 16 16 16
33 31 32 30 32 31 31 32 28 31
43 43 45 45 39 40 42 45 43 40
51 57 55 51 57 51 54 57 53 52
65 63 63 68 66 65 63 65 69 65
78 80 80 80 81 76 79 81 81 79
87 90 87 87 92 92 90 88 91 91
9 9 8 3 4 7 7 8 9 4
18 15 21 15 15 21 15 20 18 16
27 27 29 29 30 31 30 31 32 32
39 44 43 39 42 42 40 43 41 43
55 56 51 57 55 51 56 57 52 55
68 68 64 67 68 67 68 69 64 68
79 76 76 78 79 76 77 79 79 76
89 91 92 88 88 92 90 92 91 92
3 5 7 9 7 5 8 3 6 8
21 21 19 21 21 20 19 16 21 16
31 27 31 28 31 29 28 33 27 30
39 39 41 43 42 44 43 40 39 40
