0 0 0 0 0 0 0 0 0 0 0 0 0 0 0 0
1 1 1 1 1 1 1 1 1 1 1 1 1 1 1 1
2 2 2 2 2 2 2 2 2 2 2 2 2 2 2 2
3 3 3 3 3 3 3 3 3 3 3 3 3 3 3 3
4 4 4 4 4 4 4 4 4 4 4 4 4 4 4 4
5 5 5 5 5 5 5 5 5 5 5 5 5 5 5 5
6 6 6 6 6 6 6 6 6 6 6 6 6 6 6 6
7 7 7 7 7 7 7 7 7 7 7 7 7 7 7 7
0 0 0 0 0 0 0 0 0 0 0 0 0 0 0 0
1 1 1 1 1 1 1 1 1 1 1 1 1 1 1 1
2 2 2 2 2 2 2 2 2 2 2 2 2 2 2 2
3 3 3 3 3 3 3 3 3 3 3 3 3 3 3 3
4 4 4 4 4 4 4 4 4 4 4 4 4 4 4 4
5 5 5 5 5 5 5 5 5 5 5 5 5 5 5 5
6 6 6 6 6 6 6 6 6 6 6 6 6 6 6 6
7 7 7 7 7 7 7 7 7 7 7 7 7 7 7 7
3 7 6 8 4 8 6 5 3 7 5 9 4 4 9 5
19 17 15 17 21 18 21 20 20 20 17 15 15 21 18 16
29 31 33 30 32 27 32 31 29 29 28 33 29 32 33 28
41 43 43 43 41 40 41 40 44 39 44 43 41 43 42 40
51 52 57 53 52 53 52 57 55 57 57 54 54 56 57 57
68 69 69 69 66 67 63 64 65 68 67 64 65 68 64 68
79 80 77 77 78 78 79 75 80 78 77 80 77 79 75 76
87 87 92 90 92 93 89 87 93 87 90 91 90 88 93 91
8 9 8 8 5 6 8 7 7 4 6 4 7 4 4 6
21 20 15 16 20 16 17 16 16 19 21 19 17 21 20 19
30 27 27 27 28 27 29 31 27 32 30 29 27 27 32 33
45 44 42 40 45 39 42 39 42 45 39 45 43 45 39 44
53 56 54 51 55 51 56 51 53 53 51 51 55 54 57 51
69 68 67 67 65 63 68 69 68 69 68 67 68 69 66 63
76 75 81 79 78 81 79 75 76 77 78 75 79 77 76 77
89 88 88 92 89 87 92 89 92 93 87 87 92 89 89 92
