0 0 0 0 0 0 0 0 0 0 0 0 0 0 0 0
1 1 1 1 1 1 1 1 1 1 1 1 1 1 1 1
2 2 2 2 2 2 2 2 2 2 2 2 2 2 2 2
3 3 3 3 3 3 3 3 3 3 3 3 3 3 3 3
4 4 4 4 4 4 4 4 4 4 4 4 4 4 4 4
5 5 5 5 5 5 5 5 5 5 5 5 5 5 5 5
6 6 6 6 6 6 6 6 6 6 6 6 6 6 6 6
7 7 7 7 7 7 7 7 7 7 7 7 7 7 7 7
0 0 0 0 0 0 0 0 0 0 0 0 0 0 0 0
1 1 1 1 1 1 1 1 1 1 1 1 1 1 1 1
2 2 2 2 2 2 2 2 2 2 2 2 2 2 2 2
3 3 3 3 3 3 3 3 3 3 3 3 3 3 3 3
4 4 4 4 4 4 4 4 4 4 4 4 4 4 4 4
5 5 5 5 5 5 5 5 5 5 5 5 5 5 5 5
6 6 6 6 6 6 6 6 6 6 6 6 6 6 6 6
7 7 7 7 7 7 7 7 7 7 7 7 7 7 7 7
7 9 4 3 4 6 3 4 4 5 4 5 5 8 9 8
15 16 21 20 18 15 15 16 19 16 20 21 20 18 18 16
28 29 30 33 28 31 33 30 32 31 31 29 28 33 31 33
42 44 39 40 41 39 42 40 44 44 39 43 43 44 39 43
51 55 52 54 55 56 57 52 55 52 57 56 52 53 56 52
67 66 68 69 68 65 69 63 64 66 66 69 66 66 67 65
81 79 80 79 81 77 78 75 78 76 75 75 80 76 78 80
92 89 89 91 92 88 90 90 88 89 87 93 91 89 87 90
8 5 6 4 6 5 8 6 3 7 7 6 9 4 3 3
17 15 21 19 18 18 19 19 17 16 16 18 17 17 19 16
31 28 28 27 33 30 33 32 32 27 32 28 31 31 27 28
39 44 42 41 44 42 44 39 44 42 43 40 41 44 42 45
51 54 55 53 52 56 55 51 56 53 54 57 53 57 55 57
66 67 67 67 68 65 65 69 63 65 69 65 66 66 64 67
75 76 80 81 81 81 77 81 79 77 80 81 81 76 78 79
87 93 92 93 87 88 93 88 91 90 87 93 93 90 87 90
