0 0 0 0 0 0 0 0 0 0
1 1 1 1 1 1 1 1 1 1
2 2 2 2 2 2 2 2 2 2
3 3 3 3 3 3 3 3 3 3
4 4 4 4 4 4 4 4 4 4
5 5 5 5 5 5 5 5 5 5
6 6 6 6 6 6 6 6 6 6
7 7 7 7 7 7 7 7 7 7
0 0 0 0 0 0 0 0 0 0
1 1 1 1 1 1 1 1 1 1
2 2 2 2 2 2 2 2 2 2
3 3 3 3 3 3 3 3 3 3
4 4 4 4 4 4 4 4 4 4
5 5 5 5 5 5 5 5 5 5
6 6 6 6 6 6 6 6 6 6
7 7 7 7 7 7 7 7 7 7
0 0 0 0 0 0 0 0 0 0
1 1 1 1 1 1 1 1 1 1
2 2 2 2 2 2 2 2 2 2
3 3 3 3 3 3 3 3 3 3
4 4 4 4 4 4 4 4 4 4
5 5 5 5 5 5 5 5 5 5
6 6 6 6 6 6 6 6 6 6
7 7 7 7 7 7 7 7 7 7
0 0 0 0 0 0 0 0 0 0
1 1 1 1 1 1 1 1 1 1
2 2 2 2 2 2 2 2 2 2
3 3 3 3 3 3 3 3 3 3
4 4 4 4 4 4 4 4 4 4
5 5 5 5 5 5 5 5 5 5
6 6 6 6 6 6 6 6 6 6
7 7 7 7 7 7 7 7 7 7
0 0 0 0 0 0 0 0 0 0
1 1 1 1 1 1 1 1 1 1
2 2 2 2 2 2 2 2 2 2
3 3 3 3 3 3 3 3 3 3
4 4 4 4 4 4 4 4 4 4
5 5 5 5 5 5 5 5 5 5
6 6 6 6 6 6 6 6 6 6
7 7 7 7 7 7 7 7 7 7
0 0 0 0 0 0 0 0 0 0
1 1 1 1 1 1 1 1 1 1
2 2 2 2 2 2 2 2 2 2
3 3 3 3 3 3 3 3 3 3
4 4 4 4 4 4 4 4 4 4
5 5 5 5 5 5 5 5 5 5
6 6 6 6 6 6 6 6 6 6
7 7 7 7 7 7 7 7 7 7
0 0 0 0 0 0 0 0 0 0
1 1 1 1 1 1 1 1 1 1
2 2 2 2 2 2 2 2 2 2
3 3 3 3 3 3 3 3 3 3
4 4 4 4 4 4 4 4 4 4
5 5 5 5 5 5 5 5 5 5
6 6 6 6 6 6 6 6 6 6
7 7 7 7 7 7 7 7 7 7
0 0 0 0 0 0 0 0 0 0
1 1 1 1 1 1 1 1 1 1
2 2 2 2 2 2 2 2 2 2
3 3 3 3 3 3 3 3 3 3
4 4 4 4 4 4 4 4 4 4
5 5 5 5 5 5 5 5 5 5
6 6 6 6 6 6 6 6 6 6
7 7 7 7 7 7 7 7 7 7
0 0 0 0 0 0 0 0 0 0
1 1 1 1 1 1 1 1 1 1
2 2 2 2 2 2 2 2 2 2
3 3 3 3 3 3 3 3 3 3
4 4 4 4 4 4 4 4 4 4
5 5 5 5 5 5 5 5 5 5
6 6 6 6 6 6 6 6 6 6
7 7 7 7 7 7 7 7 7 7
0 0 0 0 0 0 0 0 0 0
1 1 1 1 1 1 1 1 1 1
2 2 2 2 2 2 2 2 2 2
3 3 3 3 3 3 3 3 3 3
4 4 4 4 4 4 4 4 4 4
5 5 5 5 5 5 5 5 5 5
6 6 6 6 6 6 6 6 6 6
7 7 7 7 7 7 7 7 7 7
0 0 0 0 0 0 0 0 0 0
1 1 1 1 1 1 1 1 1 1
2 2 2 2 2 2 2 2 2 2
3 3 3 3 3 3 3 3 3 3
4 4 4 4 4 4 4 4 4 4
5 5 5 5 5 5 5 5 5 5
6 6 6 6 6 6 6 6 6 6
7 7 7 7 7 7 7 7 7 7
0 0 0 0 0 0 0 0 0 0
1 1 1 1 1 1 1 1 1 1
2 2 2 2 2 2 2 2 2 2
3 3 3 3 3 3 3 3 3 3
4 4 4 4 4 4 4 4 4 4
5 5 5 5 5 5 5 5 5 5
6 6 6 6 6 6 6 6 6 6
7 7 7 7 7 7 7 7 7 7
0 0 0 0 0 0 0 0 0 0
1 1 1 1 1 1 1 1 1 1
2 2 2 2 2 2 2 2 2 2
3 3 3 3 3 3 3 3 3 3
9 8 9 9 8 5 8 7 8 6
15 16 21 17 18 15 17 19 17 17
29 32 32 28 28 33 28 28 32 28
42 43 39 42 41 39 41 42 42 39
57 57 54 52 57 53 53 54 51 55
66 68 66 66 67 65 69 67 68 65
80 80 79 80 78 81 77 79 80 79
93 88 90 93 92 93 88 89 91 90
9 7 7 9 6 8 3 5 6 4
21 18 19 15 20 19 18 16 17 17
27 32 33 29 31 28 33 27 33 32
40 45 40 45 42 43 44 40 39 39
57 55 51 57 55 54 55 53 51 53
69 69 67 68 68 68 64 66 63 66
78 81 78 78 78 77 76 75 77 76
89 87 92 89 93 88 91 92 93 90
9 8 5 3 4 9 8 4 7 8
21 18 20 18 15 15 15 18 15 16
31 33 29 28 29 31 30 31 29 33
40 42 42 45 39 41 39 42 45 42
55 54 52 52 57 54 57 51 53 53
68 69 68 65 69 69 63 69 64 64
77 80 78 80 76 77 76 81 79 76
92 88 88 93 89 92 88 91 92 87
5 8 9 5 6 3 3 5 9 9
21 15 17 18 20 20 16 20 21 17
29 29 31 30 30 30 28 32 29 29
41 39 45 40 40 40 39 42 41 40
56 55 57 52 53 55 51 53 54 57
65 65 67 68 69 64 63 65 65 68
81 75 79 79 80 78 81 78 75 79
90 93 91 87 90 92 92 88 93 89
9 5 6 5 8 9 3 7 9 7
16 21 21 17 19 17 17 17 20 19
33 28 31 33 27 28 33 28 30 31
45 44 41 45 42 44 40 44 43 45
56 51 57 57 54 51 57 51 56 51
67 63 66 66 65 69 63 68 64 63
75 81 80 79 78 79 79 81 80 76
87 90 90 90 87 90 88 87 91 92
3 3 6 7 8 7 4 6 9 7
15 16 19 19 18 19 21 15 20 20
30 30 27 33 28 33 27 30 28 29
39 40 43 42 42 41 41 42 45 40
57 52 57 51 52 57 55 51 53 56
63 68 65 69 63 67 69 63 63 68
75 81 75 81 78 79 75 81 75 75
93 92 88 90 87 88 91 88 89 92
7 4 7 9 7 6 8 4 7 9
16 17 17 17 20 16 17 21 16 16
31 31 31 27 32 32 30 28 30 29
43 40 42 45 40 44 42 44 40 43
55 56 53 51 52 56 56 52 53 55
66 64 67 66 63 66 68 69 65 64
79 80 80 77 79 79 81 81 77 76
93 91 89 93 92 90 91 93 91 89
9 4 6 8 3 4 6 4 3 8
16 18 19 16 19 19 17 15 20 18
29 32 28 27 30 32 30 30 32 29
43 45 42 44 42 39 40 43 42 39
51 53 51 53 51 51 57 56 56 53
65 66 68 65 65 69 66 63 68 65
79 81 75 80 78 75 76 80 77 78
92 92 91 91 89 92 93 89 92 87
4 9 6 5 4 9 8 9 7 5
17 16 18 19 15 17 21 17 21 21
27 29 33 31 33 32 31 27 33 33
39 43 43 40 39 44 43 40 45 39
55 55 55 56 54 56 57 57 52 53
65 69 65 64 67 66 66 63 67 65
81 77 76 78 81 79 81 76 81 81
92 91 87 90 93 93 91 93 88 90
4 9 9 4 8 6 5 3 4 7
18 20 15 18 17 15 17 20 17 19
32 31 28 30 31 31 30 28 27 27
45 41 44 43 39 40 44 39 44 45
57 57 53 56 57 57 53 55 53 56
69 68 69 66 65 65 66 65 66 65
75 81 78 75 77 76 75 76 80 75
93 93 91 91 89 87 90 89 88 88
9 4 9 7 3 4 3 7 5 8
17 16 21 21 15 20 18 20 21 15
29 27 32 31 32 27 30 31 33 27
42 41 39 44 45 40 42 40 40 45
51 52 52 52 53 54 55 51 51 55
67 64 63 69 63 66 63 65 65 67
76 78 76 76 80 75 77 79 81 78
92 91 89 93 88 90 89 92 87 91
5 4 8 5 8 4 9 4 4 7
19 17 20 15 20 18 15 16 16 21
30 33 31 29 29 28 33 29 33 33
41 40 42 44 42 44 41 40 39 39
55 52 55 56 54 54 52 56 56 54
63 69 66 65 66 66 63 66 63 65
80 76 77 76 79 80 76 79 76 75
93 87 87 90 92 93 88 90 91 91
3 4 9 3 4 3 7 8 4 8
19 18 20 16 17 19 16 16 18 21
29 31 31 29 31 31 31 32 30 33
44 43 41 41 41 40 39 44 42 44
