0 0 0 0 0 0 0 0 0 0 0 0 0 0 0 0
1 1 1 1 1 1 1 1 1 1 1 1 1 1 1 1
2 2 2 2 2 2 2 2 2 2 2 2 2 2 2 2
3 3 3 3 3 3 3 3 3 3 3 3 3 3 3 3
4 4 4 4 4 4 4 4 4 4 4 4 4 4 4 4
5 5 5 5 5 5 5 5 5 5 5 5 5 5 5 5
6 6 6 6 6 6 6 6 6 6 6 6 6 6 6 6
7 7 7 7 7 7 7 7 7 7 7 7 7 7 7 7
0 0 0 0 0 0 0 0 0 0 0 0 0 0 0 0
1 1 1 1 1 1 1 1 1 1 1 1 1 1 1 1
2 2 2 2 2 2 2 2 2 2 2 2 2 2 2 2
3 3 3 3 3 3 3 3 3 3 3 3 3 3 3 3
4 4 4 4 4 4 4 4 4 4 4 4 4 4 4 4
5 5 5 5 5 5 5 5 5 5 5 5 5 5 5 5
6 6 6 6 6 6 6 6 6 6 6 6 6 6 6 6
7 7 7 7 7 7 7 7 7 7 7 7 7 7 7 7
4 4 8 7 5 6 6 4 9 5 4 4 7 9 7 7
18 20 21 20 18 18 19 16 18 16 15 18 15 21 16 20
28 32 27 27 32 27 32 28 30 29 33 32 31 27 29 28
42 44 40 45 39 44 43 39 43 41 41 42 44 40 43 43
53 56 55 55 55 57 57 51 52 57 53 57 54 52 54 53
69 65 69 65 65 66 68 67 67 67 66 65 64 65 68 66
81 75 81 78 78 75 77 80 79 80 81 75 77 79 76 75
92 89 90 93 92 87 92 93 88 90 88 87 89 90 93 91
9 9 3 4 4 7 3 6 8 8 9 5 7 7 8 4
16 20 16 20 17 20 17 21 17 16 21 15 16 17 19 21
27 31 31 31 28 33 27 30 33 28 33 32 32 28 30 30
41 45 40 45 45 41 45 43 40 39 41 45 39 45 44 40
55 52 54 53 52 55 57 53 54 56 56 56 54 56 57 56
67 68 67 65 63 69 64 64 66 66 63 67 69 68 66 64
78 75 80 79 76 76 79 81 77 76 80 78 80 77 80 75
88 87 92 88 90 88 92 87 87 91 87 90 92 87 91 90
