0 0 0 0 0 0 0 0 0 0
1 1 1 1 1 1 1 1 1 1
2 2 2 2 2 2 2 2 2 2
3 3 3 3 3 3 3 3 3 3
4 4 4 4 4 4 4 4 4 4
5 5 5 5 5 5 5 5 5 5
6 6 6 6 6 6 6 6 6 6
7 7 7 7 7 7 7 7 7 7
0 0 0 0 0 0 0 0 0 0
1 1 1 1 1 1 1 1 1 1
2 2 2 2 2 2 2 2 2 2
3 3 3 3 3 3 3 3 3 3
4 4 4 4 4 4 4 4 4 4
5 5 5 5 5 5 5 5 5 5
6 6 6 6 6 6 6 6 6 6
7 7 7 7 7 7 7 7 7 7
0 0 0 0 0 0 0 0 0 0
1 1 1 1 1 1 1 1 1 1
2 2 2 2 2 2 2 2 2 2
3 3 3 3 3 3 3 3 3 3
4 4 4 4 4 4 4 4 4 4
5 5 5 5 5 5 5 5 5 5
6 6 6 6 6 6 6 6 6 6
7 7 7 7 7 7 7 7 7 7
0 0 0 0 0 0 0 0 0 0
1 1 1 1 1 1 1 1 1 1
2 2 2 2 2 2 2 2 2 2
3 3 3 3 3 3 3 3 3 3
4 4 4 4 4 4 4 4 4 4
5 5 5 5 5 5 5 5 5 5
6 6 6 6 6 6 6 6 6 6
7 7 7 7 7 7 7 7 7 7
0 0 0 0 0 0 0 0 0 0
1 1 1 1 1 1 1 1 1 1
2 2 2 2 2 2 2 2 2 2
3 3 3 3 3 3 3 3 3 3
4 4 4 4 4 4 4 4 4 4
5 5 5 5 5 5 5 5 5 5
6 6 6 6 6 6 6 6 6 6
7 7 7 7 7 7 7 7 7 7
0 0 0 0 0 0 0 0 0 0
1 1 1 1 1 1 1 1 1 1
2 2 2 2 2 2 2 2 2 2
3 3 3 3 3 3 3 3 3 3
4 4 4 4 4 4 4 4 4 4
5 5 5 5 5 5 5 5 5 5
6 6 6 6 6 6 6 6 6 6
7 7 7 7 7 7 7 7 7 7
0 0 0 0 0 0 0 0 0 0
1 1 1 1 1 1 1 1 1 1
2 2 2 2 2 2 2 2 2 2
3 3 3 3 3 3 3 3 3 3
4 4 4 4 4 4 4 4 4 4
5 5 5 5 5 5 5 5 5 5
6 6 6 6 6 6 6 6 6 6
7 7 7 7 7 7 7 7 7 7
0 0 0 0 0 0 0 0 0 0
1 1 1 1 1 1 1 1 1 1
2 2 2 2 2 2 2 2 2 2
3 3 3 3 3 3 3 3 3 3
4 4 4 4 4 4 4 4 4 4
5 5 5 5 5 5 5 5 5 5
6 6 6 6 6 6 6 6 6 6
7 7 7 7 7 7 7 7 7 7
0 0 0 0 0 0 0 0 0 0
1 1 1 1 1 1 1 1 1 1
2 2 2 2 2 2 2 2 2 2
3 3 3 3 3 3 3 3 3 3
4 4 4 4 4 4 4 4 4 4
5 5 5 5 5 5 5 5 5 5
6 6 6 6 6 6 6 6 6 6
7 7 7 7 7 7 7 7 7 7
0 0 0 0 0 0 0 0 0 0
1 1 1 1 1 1 1 1 1 1
2 2 2 2 2 2 2 2 2 2
3 3 3 3 3 3 3 3 3 3
4 4 4 4 4 4 4 4 4 4
5 5 5 5 5 5 5 5 5 5
6 6 6 6 6 6 6 6 6 6
7 7 7 7 7 7 7 7 7 7
0 0 0 0 0 0 0 0 0 0
1 1 1 1 1 1 1 1 1 1
2 2 2 2 2 2 2 2 2 2
3 3 3 3 3 3 3 3 3 3
4 4 4 4 4 4 4 4 4 4
5 5 5 5 5 5 5 5 5 5
6 6 6 6 6 6 6 6 6 6
7 7 7 7 7 7 7 7 7 7
0 0 0 0 0 0 0 0 0 0
1 1 1 1 1 1 1 1 1 1
2 2 2 2 2 2 2 2 2 2
3 3 3 3 3 3 3 3 3 3
4 4 4 4 4 4 4 4 4 4
5 5 5 5 5 5 5 5 5 5
6 6 6 6 6 6 6 6 6 6
7 7 7 7 7 7 7 7 7 7
0 0 0 0 0 0 0 0 0 0
1 1 1 1 1 1 1 1 1 1
2 2 2 2 2 2 2 2 2 2
3 3 3 3 3 3 3 3 3 3
6 7 6 3 3 4 9 5 9 9
20 17 21 20 21 20 21 21 21 17
32 28 29 27 32 30 33 33 31 29
45 41 45 45 43 44 44 44 43 39
54 52 51 57 51 55 57 54 56 55
67 64 63 68 67 67 63 66 67 67
77 79 80 78 76 81 81 79 76 76
92 89 88 87 87 89 91 92 92 89
8 3 8 8 6 8 5 6 5 3
20 19 15 21 20 17 16 17 17 18
30 32 33 30 33 27 28 30 30 30
42 39 45 41 42 41 40 45 41 40
55 52 51 55 52 55 51 56 51 52
68 68 69 69 67 67 68 65 67 65
77 80 76 77 79 75 77 75 81 76
92 87 87 87 92 87 91 89 93 93
8 7 5 6 5 8 8 6 5 3
17 20 16 15 18 18 19 16 19 15
29 29 30 28 27 33 28 32 32 30
45 44 41 39 42 39 44 39 41 43
51 52 56 52 55 53 51 55 52 54
67 63 67 63 63 67 69 63 63 64
79 80 76 77 81 80 75 75 80 78
91 89 90 92 89 93 88 89 93 92
6 3 8 3 6 3 3 5 7 9
19 15 18 17 17 19 17 17 20 20
30 28 31 31 28 31 32 28 30 28
40 41 42 39 39 39 41 40 40 41
55 57 54 51 57 54 53 53 51 54
69 64 66 65 64 67 65 65 68 65
75 77 75 75 77 77 79 76 80 77
87 93 90 92 87 88 92 87 88 87
7 7 4 7 8 4 4 3 5 9
20 16 21 16 17 19 21 15 21 17
29 30 33 27 33 29 27 33 28 31
40 42 43 39 40 40 45 44 41 40
53 53 51 54 57 52 53 56 56 57
65 64 65 66 63 65 63 64 63 63
75 78 77 81 80 81 77 76 78 75
88 87 88 90 87 91 88 88 90 87
5 4 3 5 5 5 7 5 6 7
19 20 19 18 21 20 18 19 15 19
28 31 27 28 32 29 33 27 31 27
40 44 45 45 43 40 42 42 42 42
52 52 52 52 51 52 52 51 55 57
68 66 63 64 68 65 63 65 63 63
78 77 75 78 77 81 80 75 79 79
90 89 92 92 92 88 91 90 90 93
8 6 4 9 5 9 6 4 6 4
15 17 18 18 15 21 17 16 20 15
27 27 32 29 28 28 33 30 29 28
41 43 41 39 42 42 42 42 44 45
53 53 51 56 53 57 56 56 57 56
63 65 64 64 65 69 65 63 63 68
75 76 81 76 78 75 79 80 76 76
89 92 93 91 92 89 90 90 90 90
4 9 4 4 8 7 6 9 3 9
20 20 15 19 16 16 15 17 18 21
28 31 31 30 27 30 29 28 27 31
40 39 44 39 43 45 45 39 41 42
57 54 55 57 54 53 53 54 51 54
67 69 68 63 66 64 67 66 65 66
75 80 76 77 77 77 79 81 80 76
93 93 89 92 88 92 90 93 89 90
5 8 9 5 8 8 4 9 3 3
16 20 20 21 18 16 17 15 17 15
28 30 32 27 33 30 31 31 32 30
39 44 41 45 44 44 43 45 44 45
52 55 54 57 55 56 54 51 56 57
67 64 69 65 63 64 67 66 64 69
75 78 79 77 78 77 76 80 81 81
91 87 89 89 88 88 93 88 92 93
4 9 3 8 5 8 3 3 3 3
19 20 15 20 21 20 21 21 21 15
28 29 33 31 32 29 28 32 28 32
41 44 43 44 45 42 42 41 45 40
56 54 56 52 57 57 54 52 51 54
65 68 64 63 63 63 63 69 68 69
75 81 81 76 81 75 80 76 79 77
90 91 93 88 92 90 89 87 89 92
7 8 9 8 6 5 8 9 7 4
16 15 19 19 21 18 21 20 19 16
31 30 32 30 29 33 29 32 33 29
42 42 41 43 44 41 44 42 41 39
56 51 56 55 54 57 51 53 53 53
66 68 67 65 64 66 69 66 64 69
81 79 80 77 76 78 77 79 77 79
88 93 91 92 91 90 93 88 87 90
3 3 7 5 4 7 7 3 8 6
19 19 18 18 18 15 18 16 15 21
28 33 30 28 28 31 33 29 29 30
45 40 42 44 39 39 45 43 40 43
51 55 55 55 52 57 55 57 51 52
63 65 67 69 63 64 66 68 68 67
78 79 77 78 80 79 77 76 81 78
89 89 91 89 92 88 87 87 88 91
4 7 3 7 4 7 5 6 3 5
17 15 16 16 21 16 20 21 18 19
27 32 28 28 28 29 27 33 32 30
44 45 39 40 41 45 43 39 39 43
