0 0 0 0 0 0 0 0 0 0 0 0 0 0 0 0
1 1 1 1 1 1 1 1 1 1 1 1 1 1 1 1
2 2 2 2 2 2 2 2 2 2 2 2 2 2 2 2
3 3 3 3 3 3 3 3 3 3 3 3 3 3 3 3
4 4 4 4 4 4 4 4 4 4 4 4 4 4 4 4
5 5 5 5 5 5 5 5 5 5 5 5 5 5 5 5
6 6 6 6 6 6 6 6 6 6 6 6 6 6 6 6
7 7 7 7 7 7 7 7 7 7 7 7 7 7 7 7
0 0 0 0 0 0 0 0 0 0 0 0 0 0 0 0
1 1 1 1 1 1 1 1 1 1 1 1 1 1 1 1
2 2 2 2 2 2 2 2 2 2 2 2 2 2 2 2
3 3 3 3 3 3 3 3 3 3 3 3 3 3 3 3
4 4 4 4 4 4 4 4 4 4 4 4 4 4 4 4
5 5 5 5 5 5 5 5 5 5 5 5 5 5 5 5
6 6 6 6 6 6 6 6 6 6 6 6 6 6 6 6
7 7 7 7 7 7 7 7 7 7 7 7 7 7 7 7
8 4 4 4 9 3 5 3 9 8 5 5 8 8 5 8
17 18 15 17 19 18 21 18 20 18 16 19 19 16 18 18
30 30 33 30 29 27 32 27 28 28 31 31 33 32 33 28
44 45 42 42 41 42 39 41 40 45 40 45 45 40 44 40
53 52 51 54 56 51 56 51 56 53 51 54 55 52 55 57
69 67 66 67 64 69 65 67 64 63 69 65 67 65 64 64
77 80 75 79 81 80 75 76 76 80 75 81 75 81 75 79
90 91 90 87 93 87 88 91 90 87 91 88 87 89 93 89
3 7 8 4 5 7 4 5 9 8 3 8 5 4 7 8
15 20 16 15 20 20 18 21 17 17 17 16 19 19 18 21
33 33 29 28 28 30 29 30 30 29 27 33 27 32 28 28
42 44 44 45 42 44 44 45 41 39 43 43 40 43 42 42
54 54 55 57 56 54 54 55 57 57 51 53 54 51 51 55
63 66 63 63 63 64 69 66 68 66 68 63 67 65 65 67
75 79 76 80 77 80 77 80 80 79 81 77 77 79 78 81
90 93 88 88 90 92 87 92 91 89 93 87 93 91 91 91
