0 0 0 0 0 0 0 0 0 0 0 0 0 0 0 0
1 1 1 1 1 1 1 1 1 1 1 1 1 1 1 1
2 2 2 2 2 2 2 2 2 2 2 2 2 2 2 2
3 3 3 3 3 3 3 3 3 3 3 3 3 3 3 3
4 4 4 4 4 4 4 4 4 4 4 4 4 4 4 4
5 5 5 5 5 5 5 5 5 5 5 5 5 5 5 5
6 6 6 6 6 6 6 6 6 6 6 6 6 6 6 6
7 7 7 7 7 7 7 7 7 7 7 7 7 7 7 7
0 0 0 0 0 0 0 0 0 0 0 0 0 0 0 0
1 1 1 1 1 1 1 1 1 1 1 1 1 1 1 1
2 2 2 2 2 2 2 2 2 2 2 2 2 2 2 2
3 3 3 3 3 3 3 3 3 3 3 3 3 3 3 3
4 4 4 4 4 4 4 4 4 4 4 4 4 4 4 4
5 5 5 5 5 5 5 5 5 5 5 5 5 5 5 5
6 6 6 6 6 6 6 6 6 6 6 6 6 6 6 6
7 7 7 7 7 7 7 7 7 7 7 7 7 7 7 7
6 6 5 7 8 5 7 7 3 3 6 6 4 5 5 4
18 21 17 20 17 16 19 19 20 18 15 21 18 16 18 17
29 31 27 29 29 27 28 32 31 27 32 31 33 28 31 31
45 42 45 45 42 39 42 41 40 43 42 42 43 42 43 42
54 54 55 55 55 53 55 51 55 54 51 56 57 56 57 55
65 64 68 63 69 63 63 65 67 67 66 64 69 68 69 68
80 79 78 78 78 75 75 81 75 79 80 77 78 80 78 79
90 89 91 87 88 87 91 92 90 87 87 92 91 89 87 92
5 9 4 4 9 7 5 8 9 8 6 6 3 9 3 5
19 21 17 17 20 21 20 19 15 19 19 17 21 20 18 15
33 28 27 29 27 29 28 29 27 29 32 31 33 28 30 31
45 43 44 41 39 40 42 39 45 40 39 39 39 44 44 39
56 55 53 51 56 52 54 56 53 55 57 56 57 55 51 56
66 67 68 67 67 68 67 65 64 69 67 64 67 67 63 68
77 81 81 75 76 77 80 76 80 77 81 79 75 79 75 76
93 87 87 90 88 89 87 92 92 93 93 87 88 90 92 89
