0 0 0 0 0 0 0 0 0 0
1 1 1 1 1 1 1 1 1 1
2 2 2 2 2 2 2 2 2 2
3 3 3 3 3 3 3 3 3 3
4 4 4 4 4 4 4 4 4 4
5 5 5 5 5 5 5 5 5 5
6 6 6 6 6 6 6 6 6 6
7 7 7 7 7 7 7 7 7 7
0 0 0 0 0 0 0 0 0 0
1 1 1 1 1 1 1 1 1 1
2 2 2 2 2 2 2 2 2 2
3 3 3 3 3 3 3 3 3 3
4 4 4 4 4 4 4 4 4 4
5 5 5 5 5 5 5 5 5 5
6 6 6 6 6 6 6 6 6 6
7 7 7 7 7 7 7 7 7 7
0 0 0 0 0 0 0 0 0 0
1 1 1 1 1 1 1 1 1 1
2 2 2 2 2 2 2 2 2 2
3 3 3 3 3 3 3 3 3 3
4 4 4 4 4 4 4 4 4 4
5 5 5 5 5 5 5 5 5 5
6 6 6 6 6 6 6 6 6 6
7 7 7 7 7 7 7 7 7 7
0 0 0 0 0 0 0 0 0 0
1 1 1 1 1 1 1 1 1 1
2 2 2 2 2 2 2 2 2 2
3 3 3 3 3 3 3 3 3 3
4 4 4 4 4 4 4 4 4 4
5 5 5 5 5 5 5 5 5 5
6 6 6 6 6 6 6 6 6 6
7 7 7 7 7 7 7 7 7 7
0 0 0 0 0 0 0 0 0 0
1 1 1 1 1 1 1 1 1 1
2 2 2 2 2 2 2 2 2 2
3 3 3 3 3 3 3 3 3 3
4 4 4 4 4 4 4 4 4 4
5 5 5 5 5 5 5 5 5 5
6 6 6 6 6 6 6 6 6 6
7 7 7 7 7 7 7 7 7 7
0 0 0 0 0 0 0 0 0 0
1 1 1 1 1 1 1 1 1 1
2 2 2 2 2 2 2 2 2 2
3 3 3 3 3 3 3 3 3 3
4 4 4 4 4 4 4 4 4 4
5 5 5 5 5 5 5 5 5 5
6 6 6 6 6 6 6 6 6 6
7 7 7 7 7 7 7 7 7 7
0 0 0 0 0 0 0 0 0 0
1 1 1 1 1 1 1 1 1 1
2 2 2 2 2 2 2 2 2 2
3 3 3 3 3 3 3 3 3 3
4 4 4 4 4 4 4 4 4 4
5 5 5 5 5 5 5 5 5 5
6 6 6 6 6 6 6 6 6 6
7 7 7 7 7 7 7 7 7 7
0 0 0 0 0 0 0 0 0 0
1 1 1 1 1 1 1 1 1 1
2 2 2 2 2 2 2 2 2 2
3 3 3 3 3 3 3 3 3 3
4 4 4 4 4 4 4 4 4 4
5 5 5 5 5 5 5 5 5 5
6 6 6 6 6 6 6 6 6 6
7 7 7 7 7 7 7 7 7 7
0 0 0 0 0 0 0 0 0 0
1 1 1 1 1 1 1 1 1 1
2 2 2 2 2 2 2 2 2 2
3 3 3 3 3 3 3 3 3 3
4 4 4 4 4 4 4 4 4 4
5 5 5 5 5 5 5 5 5 5
6 6 6 6 6 6 6 6 6 6
7 7 7 7 7 7 7 7 7 7
0 0 0 0 0 0 0 0 0 0
1 1 1 1 1 1 1 1 1 1
2 2 2 2 2 2 2 2 2 2
3 3 3 3 3 3 3 3 3 3
4 4 4 4 4 4 4 4 4 4
5 5 5 5 5 5 5 5 5 5
6 6 6 6 6 6 6 6 6 6
7 7 7 7 7 7 7 7 7 7
0 0 0 0 0 0 0 0 0 0
1 1 1 1 1 1 1 1 1 1
2 2 2 2 2 2 2 2 2 2
3 3 3 3 3 3 3 3 3 3
4 4 4 4 4 4 4 4 4 4
5 5 5 5 5 5 5 5 5 5
6 6 6 6 6 6 6 6 6 6
7 7 7 7 7 7 7 7 7 7
0 0 0 0 0 0 0 0 0 0
1 1 1 1 1 1 1 1 1 1
2 2 2 2 2 2 2 2 2 2
3 3 3 3 3 3 3 3 3 3
4 4 4 4 4 4 4 4 4 4
5 5 5 5 5 5 5 5 5 5
6 6 6 6 6 6 6 6 6 6
7 7 7 7 7 7 7 7 7 7
0 0 0 0 0 0 0 0 0 0
1 1 1 1 1 1 1 1 1 1
2 2 2 2 2 2 2 2 2 2
3 3 3 3 3 3 3 3 3 3
7 6 7 3 8 4 5 5 5 8
21 17 20 19 19 21 15 15 19 21
32 29 30 30 28 28 33 29 32 32
45 41 43 39 41 45 40 44 42 43
52 57 56 51 53 55 54 55 54 57
64 63 64 68 68 65 65 66 67 68
76 80 81 79 75 77 78 80 77 81
90 93 88 92 89 87 89 88 87 90
6 8 3 6 5 8 8 9 9 4
19 18 15 18 16 15 21 19 17 18
29 30 31 30 33 31 31 30 32 29
44 42 42 39 45 44 40 45 43 41
51 52 51 51 52 56 54 51 54 57
67 67 68 68 67 68 65 66 68 69
81 79 81 78 80 79 79 76 80 77
91 91 87 92 88 88 92 90 90 89
8 9 9 6 9 3 6 7 8 9
19 18 15 21 17 21 17 18 18 17
33 27 30 30 30 33 30 29 28 33
44 42 43 42 44 39 39 41 44 43
52 56 54 54 53 51 56 53 54 53
69 66 65 65 67 68 66 63 68 64
76 80 79 80 78 81 79 79 77 80
87 87 93 91 90 89 87 92 90 93
7 9 7 3 6 7 5 4 4 3
20 21 19 15 19 19 21 19 16 19
27 31 33 30 33 32 31 28 29 31
39 43 41 42 45 44 39 43 39 43
55 55 52 55 51 51 52 54 53 53
67 64 68 66 68 63 66 67 68 69
78 75 81 80 76 76 80 80 75 81
87 93 89 89 91 88 87 93 90 93
3 5 7 6 7 8 7 7 4 7
21 15 17 21 15 16 21 21 20 20
28 27 28 32 32 29 30 28 28 31
42 42 39 39 41 40 40 42 41 42
55 52 53 53 55 54 57 56 56 55
66 65 68 63 68 63 68 63 63 67
81 81 81 80 79 81 81 75 78 76
92 89 90 88 92 93 92 88 89 89
8 4 7 8 3 5 9 5 7 9
16 15 16 17 21 18 19 18 20 21
30 32 29 32 30 30 31 32 32 28
43 41 43 45 40 43 40 42 41 42
54 54 57 55 55 57 55 53 57 55
66 63 67 65 69 68 63 64 63 63
78 75 81 80 77 77 78 78 81 81
90 89 89 89 89 87 88 93 89 90
7 8 6 6 9 5 4 3 6 6
15 21 17 17 19 15 21 21 16 16
33 29 31 31 33 32 30 29 28 31
42 40 42 45 41 43 41 40 41 39
57 53 51 54 52 56 56 56 57 54
66 64 69 63 69 63 68 67 65 66
78 80 76 81 81 79 75 78 75 75
88 92 87 90 88 90 91 93 91 89
5 7 9 5 9 8 9 5 3 6
16 20 19 18 19 17 15 19 17 19
32 33 29 31 31 32 33 32 33 27
44 43 40 41 40 44 44 45 43 45
54 52 57 57 51 57 57 56 51 54
68 67 63 67 63 69 65 69 68 68
75 77 80 77 79 75 81 76 81 78
88 91 87 88 92 91 87 90 88 91
5 4 7 9 5 9 4 6 8 6
19 15 15 17 16 18 16 16 19 20
27 30 33 32 32 33 31 32 28 31
43 41 40 40 41 42 42 43 45 41
54 57 52 52 51 56 56 52 53 51
66 63 69 66 66 66 67 68 68 67
79 81 79 77 78 75 76 75 81 80
87 88 89 87 93 91 89 89 89 87
7 7 7 7 5 9 8 5 9 8
18 15 15 16 17 15 19 20 15 18
33 32 32 27 32 27 28 29 31 31
40 41 40 39 40 41 41 43 39 45
53 52 53 54 52 57 54 53 53 53
64 69 63 64 67 69 67 65 68 65
75 77 78 75 76 81 78 75 75 79
91 89 88 87 91 87 90 93 89 92
9 3 3 4 3 3 6 7 3 5
15 21 19 19 15 20 20 16 16 20
29 31 33 32 30 27 33 29 28 30
40 40 41 42 41 43 43 42 42 43
55 52 55 56 53 54 53 56 51 57
64 69 69 68 63 65 69 69 64 66
81 80 81 79 78 77 81 77 77 76
89 91 89 87 87 89 91 89 87 89
5 9 5 6 4 5 6 4 7 5
19 21 16 18 18 20 15 15 20 21
27 33 27 30 28 32 31 27 32 28
40 40 39 41 45 43 40 42 42 42
51 57 51 51 56 54 53 51 53 55
65 64 68 64 68 63 69 64 66 63
79 76 77 78 79 80 75 77 77 81
93 93 88 90 88 89 90 88 89 89
4 3 6 9 7 9 6 3 4 7
16 19 19 18 21 21 20 16 21 20
29 33 27 27 30 28 30 32 27 30
41 41 42 44 41 42 42 40 42 39
