0 0 0 0 0 0 0 0 0 0 0 0 0 0 0 0
1 1 1 1 1 1 1 1 1 1 1 1 1 1 1 1
2 2 2 2 2 2 2 2 2 2 2 2 2 2 2 2
3 3 3 3 3 3 3 3 3 3 3 3 3 3 3 3
4 4 4 4 4 4 4 4 4 4 4 4 4 4 4 4
5 5 5 5 5 5 5 5 5 5 5 5 5 5 5 5
6 6 6 6 6 6 6 6 6 6 6 6 6 6 6 6
7 7 7 7 7 7 7 7 7 7 7 7 7 7 7 7
0 0 0 0 0 0 0 0 0 0 0 0 0 0 0 0
1 1 1 1 1 1 1 1 1 1 1 1 1 1 1 1
2 2 2 2 2 2 2 2 2 2 2 2 2 2 2 2
3 3 3 3 3 3 3 3 3 3 3 3 3 3 3 3
4 4 4 4 4 4 4 4 4 4 4 4 4 4 4 4
5 5 5 5 5 5 5 5 5 5 5 5 5 5 5 5
6 6 6 6 6 6 6 6 6 6 6 6 6 6 6 6
7 7 7 7 7 7 7 7 7 7 7 7 7 7 7 7
5 3 5 6 3 8 8 8 7 5 9 4 3 4 5 9
18 17 20 20 18 17 17 18 15 15 20 21 20 15 16 21
33 30 28 28 29 27 30 29 29 31 32 28 31 28 29 30
39 43 40 39 42 43 45 42 40 44 41 44 45 39 41 42
54 56 55 55 57 55 53 55 53 56 55 55 56 52 55 56
63 63 67 65 67 65 65 63 69 66 63 67 68 65 68 63
81 78 76 78 76 79 77 81 79 77 79 77 75 75 75 81
87 88 93 93 89 90 87 89 90 87 89 87 87 88 93 87
4 7 3 7 6 3 3 9 5 5 8 4 4 7 9 7
18 19 19 19 18 17 19 17 17 17 17 20 18 18 17 21
31 29 32 30 31 30 33 27 33 31 28 33 33 33 33 33
39 44 41 45 44 40 45 40 41 41 39 42 45 39 42 44
55 57 52 55 51 56 53 57 57 52 54 56 54 56 53 55
68 64 67 64 63 67 66 67 69 68 66 65 63 68 69 67
75 76 79 75 80 77 76 75 80 78 80 81 78 80 75 77
88 89 88 93 87 91 88 88 91 90 90 90 88 92 89 88
