0 0 0 0 0 0 0 0 0 0 0 0 0 0 0 0
1 1 1 1 1 1 1 1 1 1 1 1 1 1 1 1
2 2 2 2 2 2 2 2 2 2 2 2 2 2 2 2
3 3 3 3 3 3 3 3 3 3 3 3 3 3 3 3
4 4 4 4 4 4 4 4 4 4 4 4 4 4 4 4
5 5 5 5 5 5 5 5 5 5 5 5 5 5 5 5
6 6 6 6 6 6 6 6 6 6 6 6 6 6 6 6
7 7 7 7 7 7 7 7 7 7 7 7 7 7 7 7
0 0 0 0 0 0 0 0 0 0 0 0 0 0 0 0
1 1 1 1 1 1 1 1 1 1 1 1 1 1 1 1
2 2 2 2 2 2 2 2 2 2 2 2 2 2 2 2
3 3 3 3 3 3 3 3 3 3 3 3 3 3 3 3
4 4 4 4 4 4 4 4 4 4 4 4 4 4 4 4
5 5 5 5 5 5 5 5 5 5 5 5 5 5 5 5
6 6 6 6 6 6 6 6 6 6 6 6 6 6 6 6
7 7 7 7 7 7 7 7 7 7 7 7 7 7 7 7
6 3 7 7 7 7 9 4 7 5 6 7 5 7 7 3
21 16 20 17 21 16 17 19 18 21 18 15 20 17 18 17
27 31 30 27 32 28 31 33 28 33 29 30 28 30 28 32
43 43 43 39 41 44 42 39 41 40 39 40 44 40 43 39
51 52 53 53 55 54 55 53 53 57 55 57 57 55 56 51
65 64 68 68 65 66 65 63 67 66 67 66 64 64 64 63
81 77 76 77 75 79 81 76 79 78 78 76 80 78 76 75
91 91 90 91 92 87 92 93 87 92 90 89 87 91 90 88
3 5 3 8 3 4 6 6 7 8 7 5 9 5 6 5
20 16 17 16 16 18 17 20 16 15 18 20 18 20 18 19
33 28 30 33 29 33 33 29 30 32 28 29 32 30 30 28
43 40 40 44 43 39 44 40 40 45 43 44 43 42 42 43
54 57 53 57 56 57 56 55 57 53 53 54 53 55 55 55
67 66 67 66 69 66 65 64 69 69 66 66 63 64 69 63
77 80 79 81 75 80 77 80 76 78 78 77 80 79 81 75
87 92 88 90 88 93 91 93 91 91 93 92 92 89 88 89
