0 0 0 0 0 0 0 0 0 0 0 0 0 0 0 0
1 1 1 1 1 1 1 1 1 1 1 1 1 1 1 1
2 2 2 2 2 2 2 2 2 2 2 2 2 2 2 2
3 3 3 3 3 3 3 3 3 3 3 3 3 3 3 3
4 4 4 4 4 4 4 4 4 4 4 4 4 4 4 4
5 5 5 5 5 5 5 5 5 5 5 5 5 5 5 5
6 6 6 6 6 6 6 6 6 6 6 6 6 6 6 6
7 7 7 7 7 7 7 7 7 7 7 7 7 7 7 7
0 0 0 0 0 0 0 0 0 0 0 0 0 0 0 0
1 1 1 1 1 1 1 1 1 1 1 1 1 1 1 1
2 2 2 2 2 2 2 2 2 2 2 2 2 2 2 2
3 3 3 3 3 3 3 3 3 3 3 3 3 3 3 3
4 4 4 4 4 4 4 4 4 4 4 4 4 4 4 4
5 5 5 5 5 5 5 5 5 5 5 5 5 5 5 5
6 6 6 6 6 6 6 6 6 6 6 6 6 6 6 6
7 7 7 7 7 7 7 7 7 7 7 7 7 7 7 7
5 6 6 9 6 3 6 6 3 9 7 4 4 4 5 9
15 15 16 18 19 19 21 19 20 21 19 15 15 15 15 15
32 27 28 31 33 31 27 33 33 31 32 32 30 31 31 27
45 39 41 41 44 44 39 45 42 40 40 39 43 40 40 43
51 54 55 52 57 52 52 51 56 56 52 54 51 57 53 52
67 65 63 63 66 66 67 67 65 68 67 68 66 68 69 63
78 78 78 81 80 80 76 75 77 76 75 79 81 81 79 81
92 93 91 92 89 92 89 93 89 93 88 87 92 90 92 90
9 5 8 5 5 9 6 7 5 6 9 9 6 8 5 3
17 18 17 19 17 17 17 19 19 18 19 21 16 19 17 17
28 30 29 28 27 30 27 28 33 28 31 32 32 31 29 33
42 40 45 42 45 43 43 42 42 39 40 45 39 40 40 41
51 51 53 52 57 53 55 51 54 57 52 56 52 53 54 57
69 66 67 63 64 67 66 68 66 69 67 66 69 65 69 64
80 80 77 81 79 81 77 77 78 77 75 79 77 75 80 79
89 88 88 93 91 92 88 93 90 90 93 88 89 87 88 91
