0 0 0 0 0 0 0 0 0 0
1 1 1 1 1 1 1 1 1 1
2 2 2 2 2 2 2 2 2 2
3 3 3 3 3 3 3 3 3 3
4 4 4 4 4 4 4 4 4 4
5 5 5 5 5 5 5 5 5 5
6 6 6 6 6 6 6 6 6 6
7 7 7 7 7 7 7 7 7 7
0 0 0 0 0 0 0 0 0 0
1 1 1 1 1 1 1 1 1 1
2 2 2 2 2 2 2 2 2 2
3 3 3 3 3 3 3 3 3 3
4 4 4 4 4 4 4 4 4 4
5 5 5 5 5 5 5 5 5 5
6 6 6 6 6 6 6 6 6 6
7 7 7 7 7 7 7 7 7 7
0 0 0 0 0 0 0 0 0 0
1 1 1 1 1 1 1 1 1 1
2 2 2 2 2 2 2 2 2 2
3 3 3 3 3 3 3 3 3 3
4 4 4 4 4 4 4 4 4 4
5 5 5 5 5 5 5 5 5 5
6 6 6 6 6 6 6 6 6 6
7 7 7 7 7 7 7 7 7 7
0 0 0 0 0 0 0 0 0 0
1 1 1 1 1 1 1 1 1 1
2 2 2 2 2 2 2 2 2 2
3 3 3 3 3 3 3 3 3 3
4 4 4 4 4 4 4 4 4 4
5 5 5 5 5 5 5 5 5 5
6 6 6 6 6 6 6 6 6 6
7 7 7 7 7 7 7 7 7 7
0 0 0 0 0 0 0 0 0 0
1 1 1 1 1 1 1 1 1 1
2 2 2 2 2 2 2 2 2 2
3 3 3 3 3 3 3 3 3 3
4 4 4 4 4 4 4 4 4 4
5 5 5 5 5 5 5 5 5 5
6 6 6 6 6 6 6 6 6 6
7 7 7 7 7 7 7 7 7 7
0 0 0 0 0 0 0 0 0 0
1 1 1 1 1 1 1 1 1 1
2 2 2 2 2 2 2 2 2 2
3 3 3 3 3 3 3 3 3 3
4 4 4 4 4 4 4 4 4 4
5 5 5 5 5 5 5 5 5 5
6 6 6 6 6 6 6 6 6 6
7 7 7 7 7 7 7 7 7 7
0 0 0 0 0 0 0 0 0 0
1 1 1 1 1 1 1 1 1 1
2 2 2 2 2 2 2 2 2 2
3 3 3 3 3 3 3 3 3 3
4 4 4 4 4 4 4 4 4 4
5 5 5 5 5 5 5 5 5 5
6 6 6 6 6 6 6 6 6 6
7 7 7 7 7 7 7 7 7 7
0 0 0 0 0 0 0 0 0 0
1 1 1 1 1 1 1 1 1 1
2 2 2 2 2 2 2 2 2 2
3 3 3 3 3 3 3 3 3 3
4 4 4 4 4 4 4 4 4 4
5 5 5 5 5 5 5 5 5 5
6 6 6 6 6 6 6 6 6 6
7 7 7 7 7 7 7 7 7 7
0 0 0 0 0 0 0 0 0 0
1 1 1 1 1 1 1 1 1 1
2 2 2 2 2 2 2 2 2 2
3 3 3 3 3 3 3 3 3 3
4 4 4 4 4 4 4 4 4 4
5 5 5 5 5 5 5 5 5 5
6 6 6 6 6 6 6 6 6 6
7 7 7 7 7 7 7 7 7 7
0 0 0 0 0 0 0 0 0 0
1 1 1 1 1 1 1 1 1 1
2 2 2 2 2 2 2 2 2 2
3 3 3 3 3 3 3 3 3 3
4 4 4 4 4 4 4 4 4 4
5 5 5 5 5 5 5 5 5 5
6 6 6 6 6 6 6 6 6 6
7 7 7 7 7 7 7 7 7 7
0 0 0 0 0 0 0 0 0 0
1 1 1 1 1 1 1 1 1 1
2 2 2 2 2 2 2 2 2 2
3 3 3 3 3 3 3 3 3 3
4 4 4 4 4 4 4 4 4 4
5 5 5 5 5 5 5 5 5 5
6 6 6 6 6 6 6 6 6 6
7 7 7 7 7 7 7 7 7 7
0 0 0 0 0 0 0 0 0 0
1 1 1 1 1 1 1 1 1 1
2 2 2 2 2 2 2 2 2 2
3 3 3 3 3 3 3 3 3 3
4 4 4 4 4 4 4 4 4 4
5 5 5 5 5 5 5 5 5 5
6 6 6 6 6 6 6 6 6 6
7 7 7 7 7 7 7 7 7 7
0 0 0 0 0 0 0 0 0 0
1 1 1 1 1 1 1 1 1 1
2 2 2 2 2 2 2 2 2 2
3 3 3 3 3 3 3 3 3 3
5 7 8 5 5 4 5 9 9 8
20 17 20 18 17 17 15 16 21 20
31 28 28 33 29 30 32 30 30 29
40 42 43 43 41 44 40 43 42 45
56 51 51 53 51 51 56 53 56 57
66 65 65 67 68 68 63 68 68 66
78 77 75 79 76 78 81 80 75 77
93 87 89 90 88 91 89 93 90 91
9 4 9 8 3 4 3 9 5 7
16 17 20 18 19 17 19 17 18 17
28 32 31 33 29 33 27 29 33 29
44 42 45 45 45 42 40 39 45 40
57 54 52 53 52 57 51 55 55 51
68 65 67 65 66 67 68 65 68 65
80 75 80 81 75 76 80 77 77 75
87 91 91 88 87 93 90 93 92 87
3 3 5 5 6 4 6 4 7 8
18 20 20 15 16 20 18 20 17 18
29 28 31 30 28 33 32 32 32 27
41 40 39 42 42 39 40 39 44 39
52 53 54 57 57 57 53 52 53 57
63 66 65 63 68 65 67 68 64 69
80 75 80 79 80 78 78 75 79 75
87 92 93 91 87 92 92 88 89 87
5 9 5 7 5 5 3 5 4 8
19 17 17 21 17 16 16 20 19 15
30 33 31 33 30 31 28 30 28 31
39 44 39 43 40 43 44 41 42 41
55 53 54 57 51 57 53 54 57 56
65 68 67 64 67 69 65 64 68 64
81 75 75 76 77 77 78 81 78 77
89 87 89 91 89 87 92 93 87 87
7 4 9 5 3 8 4 3 3 6
19 20 21 15 17 19 16 19 21 21
30 31 28 30 31 28 32 29 28 29
44 39 45 44 45 43 45 42 43 41
54 56 51 55 55 53 53 52 57 55
67 67 66 69 66 66 67 66 69 65
79 76 81 75 80 81 81 80 80 80
93 93 93 92 90 90 89 87 87 92
5 9 8 7 9 8 4 4 9 7
18 21 19 15 17 19 17 19 16 19
27 30 33 28 28 32 30 27 30 32
42 42 40 43 43 42 45 43 42 40
56 52 54 51 55 51 54 53 56 54
64 64 69 63 64 63 64 68 69 69
76 75 79 77 78 78 76 80 77 80
87 89 91 92 90 89 87 92 93 90
3 9 8 3 3 7 9 8 3 7
19 16 21 17 17 19 17 16 21 16
29 27 29 32 27 30 28 27 29 29
39 41 44 45 41 44 41 39 43 43
54 52 52 57 55 55 57 54 53 53
64 69 67 63 63 69 65 66 64 69
78 80 77 78 81 79 80 76 76 81
93 93 89 92 93 89 90 87 88 88
5 7 5 7 4 9 8 7 9 8
20 17 17 21 19 15 21 15 16 20
30 29 31 29 29 31 29 29 30 30
40 45 43 43 40 43 45 45 42 43
53 54 57 54 56 52 51 54 55 54
66 68 68 66 67 68 66 64 69 63
75 80 79 78 75 80 77 78 79 79
89 92 91 87 88 88 88 87 92 91
7 6 6 4 3 7 5 5 5 4
18 17 15 21 21 15 16 18 21 15
28 32 29 31 30 30 31 33 30 31
45 45 45 43 44 40 43 39 44 42
52 55 52 52 57 55 51 53 57 51
65 63 64 63 68 65 64 68 69 65
79 76 76 77 81 75 81 76 80 81
89 92 91 92 90 90 93 89 89 88
5 4 7 7 4 4 9 6 3 8
16 21 17 19 17 20 21 21 19 20
27 27 29 31 32 32 31 29 30 29
44 43 39 40 39 45 45 41 42 42
55 51 56 55 52 53 55 52 52 53
64 65 65 68 67 67 68 67 68 68
80 76 80 77 79 81 75 76 79 79
90 93 93 89 88 89 93 90 90 88
6 4 7 8 9 7 9 5 4 4
19 20 15 18 20 20 16 18 17 19
33 30 28 33 30 27 30 28 29 32
39 41 39 41 42 44 44 44 45 43
53 53 52 56 56 54 52 54 55 57
66 64 66 64 69 66 64 63 64 64
81 78 76 77 76 79 80 77 77 77
88 88 93 90 89 91 87 91 93 93
5 6 5 5 9 4 7 6 8 4
21 16 18 21 21 21 21 18 15 19
29 27 28 30 27 30 32 30 33 30
45 43 41 42 44 40 41 40 45 43
57 55 55 53 52 57 52 57 53 51
66 66 66 67 67 69 64 66 64 63
80 80 81 81 80 78 80 76 81 75
93 92 87 93 91 88 87 91 90 90
4 3 5 3 7 4 6 8 8 4
15 16 18 20 21 16 18 18 18 17
27 32 30 27 31 29 33 29 30 33
39 40 44 39 40 39 42 40 43 40
