0 0 0 0 0 0 0 0 0 0
1 1 1 1 1 1 1 1 1 1
2 2 2 2 2 2 2 2 2 2
3 3 3 3 3 3 3 3 3 3
4 4 4 4 4 4 4 4 4 4
5 5 5 5 5 5 5 5 5 5
6 6 6 6 6 6 6 6 6 6
7 7 7 7 7 7 7 7 7 7
0 0 0 0 0 0 0 0 0 0
1 1 1 1 1 1 1 1 1 1
2 2 2 2 2 2 2 2 2 2
3 3 3 3 3 3 3 3 3 3
4 4 4 4 4 4 4 4 4 4
5 5 5 5 5 5 5 5 5 5
6 6 6 6 6 6 6 6 6 6
7 7 7 7 7 7 7 7 7 7
0 0 0 0 0 0 0 0 0 0
1 1 1 1 1 1 1 1 1 1
2 2 2 2 2 2 2 2 2 2
3 3 3 3 3 3 3 3 3 3
4 4 4 4 4 4 4 4 4 4
5 5 5 5 5 5 5 5 5 5
6 6 6 6 6 6 6 6 6 6
7 7 7 7 7 7 7 7 7 7
0 0 0 0 0 0 0 0 0 0
1 1 1 1 1 1 1 1 1 1
2 2 2 2 2 2 2 2 2 2
3 3 3 3 3 3 3 3 3 3
4 4 4 4 4 4 4 4 4 4
5 5 5 5 5 5 5 5 5 5
6 6 6 6 6 6 6 6 6 6
7 7 7 7 7 7 7 7 7 7
0 0 0 0 0 0 0 0 0 0
1 1 1 1 1 1 1 1 1 1
2 2 2 2 2 2 2 2 2 2
3 3 3 3 3 3 3 3 3 3
4 4 4 4 4 4 4 4 4 4
5 5 5 5 5 5 5 5 5 5
6 6 6 6 6 6 6 6 6 6
7 7 7 7 7 7 7 7 7 7
0 0 0 0 0 0 0 0 0 0
1 1 1 1 1 1 1 1 1 1
2 2 2 2 2 2 2 2 2 2
3 3 3 3 3 3 3 3 3 3
4 4 4 4 4 4 4 4 4 4
5 5 5 5 5 5 5 5 5 5
6 6 6 6 6 6 6 6 6 6
7 7 7 7 7 7 7 7 7 7
0 0 0 0 0 0 0 0 0 0
1 1 1 1 1 1 1 1 1 1
2 2 2 2 2 2 2 2 2 2
3 3 3 3 3 3 3 3 3 3
4 4 4 4 4 4 4 4 4 4
5 5 5 5 5 5 5 5 5 5
6 6 6 6 6 6 6 6 6 6
7 7 7 7 7 7 7 7 7 7
0 0 0 0 0 0 0 0 0 0
1 1 1 1 1 1 1 1 1 1
2 2 2 2 2 2 2 2 2 2
3 3 3 3 3 3 3 3 3 3
4 4 4 4 4 4 4 4 4 4
5 5 5 5 5 5 5 5 5 5
6 6 6 6 6 6 6 6 6 6
7 7 7 7 7 7 7 7 7 7
0 0 0 0 0 0 0 0 0 0
1 1 1 1 1 1 1 1 1 1
2 2 2 2 2 2 2 2 2 2
3 3 3 3 3 3 3 3 3 3
4 4 4 4 4 4 4 4 4 4
5 5 5 5 5 5 5 5 5 5
6 6 6 6 6 6 6 6 6 6
7 7 7 7 7 7 7 7 7 7
0 0 0 0 0 0 0 0 0 0
1 1 1 1 1 1 1 1 1 1
2 2 2 2 2 2 2 2 2 2
3 3 3 3 3 3 3 3 3 3
4 4 4 4 4 4 4 4 4 4
5 5 5 5 5 5 5 5 5 5
6 6 6 6 6 6 6 6 6 6
7 7 7 7 7 7 7 7 7 7
0 0 0 0 0 0 0 0 0 0
1 1 1 1 1 1 1 1 1 1
2 2 2 2 2 2 2 2 2 2
3 3 3 3 3 3 3 3 3 3
4 4 4 4 4 4 4 4 4 4
5 5 5 5 5 5 5 5 5 5
6 6 6 6 6 6 6 6 6 6
7 7 7 7 7 7 7 7 7 7
0 0 0 0 0 0 0 0 0 0
1 1 1 1 1 1 1 1 1 1
2 2 2 2 2 2 2 2 2 2
3 3 3 3 3 3 3 3 3 3
4 4 4 4 4 4 4 4 4 4
5 5 5 5 5 5 5 5 5 5
6 6 6 6 6 6 6 6 6 6
7 7 7 7 7 7 7 7 7 7
0 0 0 0 0 0 0 0 0 0
1 1 1 1 1 1 1 1 1 1
2 2 2 2 2 2 2 2 2 2
3 3 3 3 3 3 3 3 3 3
6 4 3 3 9 5 4 8 3 8
17 17 18 20 20 18 20 21 20 17
29 28 27 31 32 27 31 27 28 30
40 44 39 43 41 45 39 42 40 43
54 54 53 53 54 51 51 54 53 57
65 63 64 68 68 69 69 68 68 68
76 80 80 78 80 75 75 77 78 81
88 90 93 92 90 87 89 87 91 90
7 8 7 3 9 7 8 6 6 9
18 16 21 20 21 16 16 18 20 16
31 30 29 28 32 29 30 30 31 29
40 44 43 41 43 43 40 41 41 44
53 56 53 57 53 51 51 51 56 51
66 68 65 64 66 64 69 63 68 64
76 81 79 78 75 76 77 79 78 80
87 88 93 89 90 92 92 93 89 91
8 3 3 5 6 3 5 6 5 5
19 20 15 17 18 18 15 15 21 21
32 31 31 33 31 28 27 31 33 28
45 44 39 42 40 41 45 41 40 41
51 53 51 51 56 52 51 57 56 56
67 65 63 69 66 65 65 64 66 64
79 77 78 75 78 77 77 81 78 76
92 93 93 90 90 92 87 88 87 92
9 7 6 7 9 6 8 7 3 9
16 19 16 19 21 21 21 17 20 21
28 33 28 30 28 28 30 31 29 31
41 42 44 42 42 41 42 42 43 45
56 52 56 56 51 53 51 56 51 56
64 65 65 68 63 69 63 68 66 65
79 80 80 79 75 78 81 81 79 80
90 92 90 92 88 88 87 93 88 89
9 3 6 8 5 3 7 4 8 4
16 18 20 20 16 16 21 16 21 18
31 28 32 32 31 33 27 27 31 32
40 39 44 39 40 42 44 42 39 39
54 56 51 57 54 57 56 55 55 53
66 65 68 66 65 64 64 69 63 68
76 75 75 80 76 80 80 76 76 81
88 87 92 93 91 90 90 90 91 93
7 4 4 8 4 9 7 4 3 6
21 16 16 21 16 19 16 17 15 17
31 28 27 31 29 31 27 33 28 29
45 41 39 41 41 42 39 40 39 40
52 57 52 55 57 56 56 52 55 51
66 65 67 66 66 67 64 67 64 63
75 76 81 78 78 79 80 79 75 79
92 91 91 90 90 88 92 92 87 88
8 9 4 8 4 7 7 6 3 6
15 15 16 17 17 15 19 17 17 21
27 30 27 32 31 29 33 30 30 31
39 40 41 44 42 41 45 43 44 44
57 56 55 57 57 55 52 51 51 54
66 66 63 68 67 67 69 67 66 69
75 76 79 77 80 77 78 81 76 81
89 93 93 89 90 88 88 88 87 91
9 3 8 7 9 5 4 5 6 5
18 18 17 21 21 18 17 16 17 21
33 33 32 27 29 27 30 33 29 33
42 44 43 43 41 39 43 44 43 43
54 54 55 57 55 51 54 56 57 56
65 63 67 67 66 68 65 64 68 65
81 75 78 81 76 76 78 81 75 75
88 87 89 91 90 88 87 87 88 91
5 8 4 7 4 6 8 5 8 5
15 17 18 17 21 17 20 16 16 19
31 31 29 32 27 29 32 29 29 32
42 42 42 39 41 43 39 41 39 42
56 57 55 54 57 55 56 55 56 57
65 67 68 66 68 65 68 68 69 69
75 77 76 79 81 80 79 80 79 76
87 89 87 89 89 88 90 91 92 90
4 8 5 3 8 4 6 7 9 7
15 16 15 18 15 16 18 19 21 18
29 30 28 32 30 31 27 29 31 31
39 44 39 39 44 42 42 41 45 42
57 54 54 52 52 51 57 54 54 56
68 65 68 65 64 68 65 65 69 64
80 79 77 78 78 75 75 79 75 75
93 91 88 87 90 88 92 87 91 90
7 8 4 5 6 7 6 9 9 9
20 20 18 20 16 19 21 20 17 15
30 30 33 33 27 30 31 28 30 27
43 39 45 44 39 45 44 44 43 42
53 57 54 53 52 52 53 51 52 56
63 63 63 63 67 67 66 68 68 64
80 79 78 78 80 75 78 76 79 81
91 87 91 91 92 88 88 92 89 88
8 7 7 4 3 3 4 4 7 7
20 18 20 15 17 16 17 16 19 19
27 32 29 32 29 29 33 29 28 27
44 45 44 39 40 45 43 44 43 44
54 51 53 51 56 55 56 52 57 54
66 65 69 65 66 69 64 68 64 68
80 81 77 75 80 79 76 75 81 75
88 90 91 92 91 88 87 88 93 87
7 6 4 6 6 4 4 8 5 5
17 15 20 15 17 18 20 16 15 18
27 27 31 29 28 32 32 32 33 29
45 41 44 40 42 40 39 42 45 39
