0 0 0 0 0 0 0 0 0 0 0 0 0 0 0 0
1 1 1 1 1 1 1 1 1 1 1 1 1 1 1 1
2 2 2 2 2 2 2 2 2 2 2 2 2 2 2 2
3 3 3 3 3 3 3 3 3 3 3 3 3 3 3 3
4 4 4 4 4 4 4 4 4 4 4 4 4 4 4 4
5 5 5 5 5 5 5 5 5 5 5 5 5 5 5 5
6 6 6 6 6 6 6 6 6 6 6 6 6 6 6 6
7 7 7 7 7 7 7 7 7 7 7 7 7 7 7 7
0 0 0 0 0 0 0 0 0 0 0 0 0 0 0 0
1 1 1 1 1 1 1 1 1 1 1 1 1 1 1 1
2 2 2 2 2 2 2 2 2 2 2 2 2 2 2 2
3 3 3 3 3 3 3 3 3 3 3 3 3 3 3 3
4 4 4 4 4 4 4 4 4 4 4 4 4 4 4 4
5 5 5 5 5 5 5 5 5 5 5 5 5 5 5 5
6 6 6 6 6 6 6 6 6 6 6 6 6 6 6 6
7 7 7 7 7 7 7 7 7 7 7 7 7 7 7 7
9 6 4 7 5 8 3 4 3 3 5 8 8 7 9 8
20 21 19 19 15 21 18 16 15 16 16 17 16 20 20 19
32 31 30 29 33 29 28 33 32 29 31 28 31 29 30 32
43 44 44 44 40 42 43 41 42 41 44 41 45 42 40 44
55 57 55 57 52 51 56 53 52 53 57 53 54 55 55 55
64 63 64 65 67 64 65 69 67 66 69 65 67 66 65 69
75 81 79 80 81 80 79 77 80 75 79 78 77 78 76 81
93 89 89 89 88 87 89 91 91 91 89 88 87 93 91 92
7 8 9 8 5 4 9 6 9 6 3 8 8 6 8 9
16 20 19 15 20 17 16 18 18 16 18 19 21 21 15 19
33 30 32 33 33 31 32 33 30 33 32 31 31 27 33 27
39 41 41 44 44 41 39 43 44 41 39 39 41 44 40 40
57 55 52 57 53 55 55 51 56 51 54 55 52 56 56 56
65 66 63 69 66 67 66 64 64 67 64 66 68 68 65 67
80 80 75 81 75 79 76 75 77 78 75 76 76 79 78 80
89 92 90 89 90 90 92 88 93 91 89 88 88 87 93 93
