0 0 0 0 0 0 0 0 0 0 0 0 0 0 0 0
1 1 1 1 1 1 1 1 1 1 1 1 1 1 1 1
2 2 2 2 2 2 2 2 2 2 2 2 2 2 2 2
3 3 3 3 3 3 3 3 3 3 3 3 3 3 3 3
4 4 4 4 4 4 4 4 4 4 4 4 4 4 4 4
5 5 5 5 5 5 5 5 5 5 5 5 5 5 5 5
6 6 6 6 6 6 6 6 6 6 6 6 6 6 6 6
7 7 7 7 7 7 7 7 7 7 7 7 7 7 7 7
0 0 0 0 0 0 0 0 0 0 0 0 0 0 0 0
1 1 1 1 1 1 1 1 1 1 1 1 1 1 1 1
2 2 2 2 2 2 2 2 2 2 2 2 2 2 2 2
3 3 3 3 3 3 3 3 3 3 3 3 3 3 3 3
4 4 4 4 4 4 4 4 4 4 4 4 4 4 4 4
5 5 5 5 5 5 5 5 5 5 5 5 5 5 5 5
6 6 6 6 6 6 6 6 6 6 6 6 6 6 6 6
7 7 7 7 7 7 7 7 7 7 7 7 7 7 7 7
6 3 9 8 3 8 7 8 8 6 3 9 8 4 6 5
20 15 18 16 16 18 16 17 18 16 21 17 16 15 19 21
33 29 29 28 30 30 33 32 28 32 28 28 27 27 28 30
44 41 41 45 44 42 43 43 42 42 45 42 45 39 41 39
52 54 53 52 55 53 57 55 56 57 52 54 54 56 57 51
65 68 69 63 69 69 66 65 66 63 63 63 67 66 65 63
75 76 76 81 77 77 78 81 77 75 81 76 75 78 78 81
90 87 91 88 87 92 90 91 89 88 91 90 91 88 87 90
4 5 9 8 3 3 4 3 9 8 5 5 3 7 7 4
21 20 17 21 17 20 17 21 20 20 20 20 21 20 17 19
31 32 27 32 31 31 28 27 29 28 27 32 28 28 33 33
45 42 41 41 44 41 39 40 39 44 45 44 41 41 44 40
52 54 54 52 54 55 57 54 51 54 53 53 55 54 56 54
66 63 68 68 64 68 64 65 66 66 69 64 67 66 64 67
79 80 81 80 81 78 75 81 76 81 79 78 81 80 78 79
93 93 88 93 91 87 88 87 90 91 89 89 92 90 91 93
