7 2 3 5 7 5 7 2 3 3 4 6 1 5 5 2
1 2 3 7 6 4 5 2 0 4 3 3 6 3 6 7
6 3 5 0 1 3 1 2 2 1 3 4 6 2 2 7
6 7 6 4 7 5 2 4 2 5 5 5 3 6 4 3
4 2 7 3 6 3 1 7 7 2 2 6 2 4 1 2
7 6 6 7 2 7 5 0 0 6 6 7 1 5 0 3
1 4 5 0 6 4 2 7 5 6 1 7 1 0 3 7
3 2 0 4 7 6 7 7 2 2 7 6 4 2 2 6
3 3 0 6 3 3 5 4 4 3 0 6 1 3 3 2
0 4 4 1 0 7 5 0 2 4 5 0 2 1 1 3
5 6 0 6 4 6 4 1 7 4 6 3 1 3 4 2
5 0 4 3 4 7 3 4 4 3 5 7 3 3 5 2
3 2 1 4 1 1 5 4 1 7 0 3 4 1 6 0
4 4 2 1 0 7 2 5 0 5 4 2 5 3 2 5
7 6 4 0 3 2 0 3 0 3 2 5 2 3 7 1
4 6 4 0 4 2 6 4 1 2 2 7 4 1 0 5
92 30 40 66 92 64 87 31 43 41 51 79 21 65 69 33
20 32 40 90 81 51 64 28 9 51 44 39 81 45 77 90
78 41 69 6 20 45 18 31 27 17 41 53 80 33 33 93
81 88 76 55 92 68 29 51 31 66 63 64 42 78 54 44
55 33 91 40 75 45 17 88 93 32 32 79 32 54 21 33
93 78 78 88 31 90 66 7 7 75 76 92 17 66 4 41
17 54 69 3 79 57 31 91 63 80 19 92 21 6 39 87
40 28 5 57 91 77 90 93 33 30 91 75 55 31 27 76
41 45 4 80 39 40 68 54 51 44 3 75 16 41 40 29
5 53 56 17 7 89 63 4 28 53 65 3 27 18 21 41
63 81 6 79 51 77 54 17 88 57 80 43 16 43 54 27
65 3 57 42 56 89 40 56 57 45 68 93 42 43 67 30
43 27 16 57 19 19 66 53 20 93 6 43 57 20 77 5
56 55 31 17 8 91 29 63 4 69 53 30 63 41 28 67
91 78 54 8 45 32 5 39 7 45 29 67 28 41 89 21
55 80 56 5 52 27 80 51 19 27 31 93 55 15 8 69
