7 0 0 0 0 6 0 5 0 2
3 5 5 2 6 2 6 0 5 6
0 2 2 1 2 6 2 6 5 1
4 6 4 2 3 5 0 0 1 5
4 7 2 3 2 0 7 5 5 1
1 0 4 6 3 1 4 4 5 6
1 4 3 1 6 6 1 3 0 5
0 3 7 0 0 7 7 7 7 7
1 5 3 5 1 2 6 2 1 3
6 2 2 1 0 4 7 4 1 1
0 2 2 3 5 5 4 7 0 2
2 1 7 2 3 1 5 4 7 0
1 5 7 0 7 5 7 0 6 1
0 0 7 1 5 7 1 3 7 3
6 7 4 3 2 7 5 2 2 2
1 1 0 1 3 3 7 5 7 3
2 0 3 0 7 1 4 0 1 6
0 5 6 2 7 2 3 3 1 3
5 6 5 4 3 2 3 3 5 6
2 6 1 4 4 6 1 0 7 1
7 7 3 1 7 2 1 2 1 6
4 2 1 4 6 7 3 1 6 4
3 7 0 5 4 0 1 1 4 0
0 4 3 5 6 7 4 6 4 7
0 1 4 6 5 7 0 0 0 2
4 3 5 4 4 1 1 1 5 3
4 0 6 5 6 2 6 3 2 1
5 5 7 7 5 3 5 4 0 5
1 1 2 6 3 5 0 2 0 2
4 5 7 5 2 0 0 5 5 3
6 2 7 4 5 4 0 7 7 5
3 2 3 1 5 5 3 3 2 5
5 4 2 4 6 0 2 6 0 6
5 5 2 3 3 4 1 3 5 1
3 0 1 2 5 3 4 4 0 6
6 1 3 2 5 1 6 2 4 4
0 0 6 0 6 0 2 0 4 3
0 3 3 7 6 4 6 1 2 7
2 0 7 6 4 4 4 5 6 1
3 5 5 1 4 4 6 3 0 6
5 4 5 6 6 3 7 1 2 0
5 5 4 7 4 3 6 1 0 3
5 0 4 0 5 6 2 7 7 1
6 5 2 3 0 7 6 1 1 5
2 4 0 3 4 5 6 0 6 4
4 7 7 3 4 5 2 5 6 0
6 2 6 4 6 3 4 6 6 5
6 3 7 0 1 4 1 0 3 0
5 7 2 1 6 5 5 6 3 0
6 6 4 7 6 0 3 7 0 4
1 2 5 1 3 4 0 4 3 0
2 4 5 2 3 5 2 6 7 6
3 4 0 5 3 7 6 6 6 6
7 0 0 6 5 2 0 5 3 0
5 7 3 2 2 2 7 6 2 0
7 0 5 0 1 1 0 2 6 4
0 6 5 6 6 4 7 7 7 7
0 2 2 5 1 0 6 6 0 5
1 4 0 6 2 5 3 1 2 0
2 4 5 4 7 4 0 3 2 1
5 5 6 1 7 4 4 2 6 1
6 2 1 3 5 2 5 7 6 4
5 2 0 2 5 2 3 0 6 2
7 5 7 0 3 0 0 2 5 4
0 0 3 4 4 4 6 2 1 2
3 5 2 0 3 1 3 4 6 2
7 2 7 0 0 4 0 6 0 7
7 1 0 6 1 4 0 5 2 6
5 4 6 1 2 4 3 1 4 0
6 7 2 6 7 2 1 5 1 4
3 0 5 7 2 4 0 3 1 5
7 1 1 0 3 4 2 0 2 0
3 6 1 0 5 4 3 2 3 5
5 0 4 4 0 5 3 7 7 4
0 7 2 5 1 4 4 4 7 4
7 4 1 1 1 1 1 6 3 1
4 7 5 5 0 0 5 6 3 5
0 7 5 3 2 1 6 6 0 4
5 7 2 5 4 6 1 5 6 6
7 1 7 4 7 7 4 0 2 1
7 7 1 2 4 0 3 1 7 0
7 3 7 1 1 0 2 5 6 6
1 1 7 7 2 0 6 2 4 4
1 1 3 3 2 1 5 5 6 5
6 1 2 6 7 5 1 4 6 7
3 3 6 5 5 1 2 5 5 3
4 5 1 1 1 5 5 3 4 2
6 4 2 5 7 5 3 5 7 2
7 1 2 4 3 1 3 2 2 1
0 3 2 5 1 4 3 4 0 4
4 1 4 5 2 4 4 1 1 0
3 2 4 2 3 2 3 3 0 3
5 3 0 0 3 2 3 5 2 6
5 1 7 4 0 7 2 4 1 7
6 1 6 4 7 0 3 3 1 0
1 0 0 6 0 0 7 4 7 5
4 0 7 5 7 5 2 0 2 1
7 2 0 6 5 3 6 4 4 5
1 3 5 5 1 5 1 6 0 2
1 3 7 1 6 5 1 0 0 1
92 4 7 3 8 79 3 64 5 33
45 65 65 29 78 30 77 5 63 80
6 28 32 21 33 75 31 77 68 15
56 76 56 31 39 69 9 3 21 68
51 90 27 44 27 9 90 69 65 18
18 4 55 77 45 21 52 54 69 80
21 56 42 17 81 77 19 39 5 66
9 41 88 3 5 93 93 87 91 89
20 65 44 63 20 33 80 33 20 43
78 29 27 17 6 56 93 55 16 17
3 28 31 44 65 68 54 91 4 28
33 18 89 32 42 18 66 52 88 4
19 67 90 5 93 67 88 6 77 19
5 9 93 19 68 93 18 42 92 41
75 93 57 41 31 92 63 32 31 31
17 16 5 15 44 42 90 64 87 44
31 9 45 8 87 17 52 6 18 78
5 67 81 27 91 32 41 41 21 42
66 75 67 51 41 33 42 40 65 80
28 77 18 55 53 76 18 3 87 16
89 87 45 19 88 32 19 28 20 81
54 29 17 53 81 92 43 15 75 52
45 92 4 64 54 3 17 15 52 9
9 54 43 64 80 89 52 81 57 87
6 15 54 78 68 89 7 4 5 29
54 43 69 51 56 16 15 20 68 42
51 6 81 65 76 27 78 39 30 18
68 65 93 92 66 40 64 55 3 68
16 20 33 79 39 64 8 27 6 32
54 66 87 66 27 4 5 66 67 42
76 30 92 53 69 51 5 92 89 67
42 31 40 21 68 66 40 39 29 63
69 53 30 52 80 6 33 81 6 76
63 68 31 43 40 55 18 45 63 18
41 4 17 33 65 40 54 57 4 77
80 17 39 28 69 16 79 33 51 51
5 7 79 5 79 9 27 6 56 41
6 43 44 93 78 57 76 16 32 89
33 3 92 81 52 53 52 66 81 18
41 69 64 21 56 54 79 44 4 75
66 56 67 75 80 40 87 21 27 6
64 66 56 88 54 42 78 21 9 44
67 3 55 3 69 77 33 87 88 21
75 64 27 44 3 88 79 16 21 64
28 52 9 39 56 68 81 6 80 54
53 91 93 41 55 63 28 67 75 3
76 31 75 52 78 39 53 81 78 64
75 42 88 7 19 53 16 3 40 8
66 93 27 21 78 67 65 75 44 3
75 77 53 91 76 6 45 93 3 55
18 28 67 20 43 52 7 55 44 5
30 57 67 32 43 65 27 81 90 75
43 54 6 67 42 90 80 81 76 79
89 9 8 78 68 33 7 64 42 8
64 88 44 32 32 29 92 76 29 5
90 3 64 8 17 16 8 30 78 56
8 75 66 76 80 56 89 88 91 92
8 27 33 64 21 9 81 80 8 67
20 57 8 77 31 63 39 19 33 4
31 54 63 55 89 51 9 40 31 15
66 65 78 17 93 54 56 27 80 19
76 30 21 40 69 28 68 88 76 56
63 29 8 30 67 30 44 9 80 33
92 69 90 3 39 4 3 27 65 56
4 8 44 53 54 53 79 29 18 33
45 68 28 5 45 21 40 53 77 33
87 31 92 8 8 51 9 75 5 89
91 16 9 79 18 53 5 64 27 77
63 52 80 17 29 53 43 20 55 9
80 92 31 75 92 29 15 64 19 54
42 9 66 87 29 52 9 42 21 65
88 19 20 8 39 54 31 9 32 9
44 81 21 8 63 53 42 27 39 67
66 4 53 57 9 69 45 87 89 53
5 93 29 68 20 53 51 54 88 53
87 51 19 17 21 19 17 81 43 15
57 93 69 67 8 4 67 77 43 64
8 91 66 43 27 21 78 75 9 57
65 89 30 64 53 81 16 65 75 77
91 16 88 52 87 93 54 6 32 21
89 87 17 31 56 5 40 16 92 5
87 39 89 20 18 5 30 69 81 76
19 19 93 88 33 9 77 33 53 57
21 17 39 40 27 19 69 68 76 67
80 16 32 77 89 65 17 51 79 87
41 44 79 64 68 18 29 64 64 44
53 63 17 18 17 64 68 45 53 33
77 52 29 66 90 66 41 68 90 28
93 20 30 51 40 17 42 31 33 21
4 44 29 63 18 54 44 57 5 55
52 15 51 64 31 52 51 20 20 3
45 31 52 33 43 29 43 39 5 40
67 40 6 9 43 27 41 63 32 77
64 20 87 54 7 90 28 55 19 88
76 17 78 53 87 9 42 44 15 3
19 9 4 76 6 7 91 54 90 68
52 4 87 67 93 64 33 6 32 21
88 27 8 75 66 43 79 55 52 68
18 45 69 65 20 64 18 80 9 29
21 39 91 15 80 69 15 4 7 15
