1 1 2 2 1 6 7 4 6 7 2 7 1 3 6 2
5 7 1 1 7 2 7 1 6 5 2 7 4 4 0 6
3 2 0 6 6 1 3 4 5 1 5 1 4 5 7 1
5 5 1 2 4 1 0 1 4 1 7 0 3 5 6 5
2 2 7 2 2 1 0 3 3 3 0 7 6 2 4 4
0 0 2 3 6 4 2 0 6 2 5 4 3 2 2 3
3 3 4 5 4 2 5 7 2 3 4 1 6 0 3 7
6 0 2 0 7 2 7 4 6 7 7 7 3 1 2 0
7 7 0 2 7 0 6 7 5 4 3 1 5 4 3 3
3 0 2 5 0 5 0 3 2 3 3 4 2 3 0 7
2 1 0 4 0 5 2 7 7 7 1 7 1 5 2 6
4 0 4 4 3 2 6 1 7 3 2 2 0 0 0 7
6 0 3 1 5 4 4 4 6 4 2 0 1 0 4 0
7 3 7 3 2 5 6 1 6 6 6 5 1 3 2 2
4 7 7 0 5 5 5 6 1 4 5 1 7 1 5 5
7 4 1 2 5 6 3 7 3 3 5 7 1 2 0 3
18 16 27 32 21 75 90 55 77 93 31 93 19 39 76 27
65 87 19 21 89 29 93 16 79 65 27 93 52 54 4 81
39 31 5 76 78 16 40 51 63 21 65 16 51 67 88 17
66 66 17 27 56 21 3 20 54 20 90 9 44 66 79 66
29 31 88 29 33 16 9 43 44 45 7 90 81 32 55 57
7 3 28 44 78 56 28 4 76 27 66 54 43 33 27 40
39 42 57 66 53 27 69 93 29 43 53 18 80 9 42 92
75 5 33 8 91 29 87 56 81 88 90 87 41 18 28 4
87 92 9 31 90 5 79 91 67 51 41 17 65 53 44 45
39 5 31 69 7 67 8 39 30 43 45 56 29 45 6 88
32 15 5 56 6 65 33 91 90 87 19 93 19 67 29 77
54 6 52 55 39 29 76 19 90 45 33 33 8 4 4 92
76 6 44 16 65 55 52 54 81 55 33 6 18 8 53 4
90 40 90 44 33 66 81 18 75 75 76 64 21 39 32 31
56 88 88 3 64 64 68 79 15 51 63 20 93 15 67 69
89 57 16 27 63 78 45 93 42 39 69 90 16 28 6 43
