0 0 0 0 0 0 0 0 1 1 1 1 1 1 1 1
2 2 2 2 2 2 2 2 3 3 3 3 3 3 3 3
4 4 4 4 4 4 4 4 5 5 5 5 5 5 5 5
6 6 6 6 6 6 6 6 7 7 7 7 7 7 7 7
0 0 0 0 0 0 0 0 1 1 1 1 1 1 1 1
2 2 2 2 2 2 2 2 3 3 3 3 3 3 3 3
4 4 4 4 4 4 4 4 5 5 5 5 5 5 5 5
6 6 6 6 6 6 6 6 7 7 7 7 7 7 7 7
0 0 0 0 0 0 0 0 1 1 1 1 1 1 1 1
2 2 2 2 2 2 2 2 3 3 3 3 3 3 3 3
4 4 4 4 4 4 4 4 5 5 5 5 5 5 5 5
6 6 6 6 6 6 6 6 7 7 7 7 7 7 7 7
0 0 0 0 0 0 0 0 1 1 1 1 1 1 1 1
2 2 2 2 2 2 2 2 3 3 3 3 3 3 3 3
4 4 4 4 4 4 4 4 5 5 5 5 5 5 5 5
6 6 6 6 6 6 6 6 7 7 7 7 7 7 7 7
7 3 8 3 7 4 9 4 15 20 15 18 20 20 15 15
28 29 28 30 28 32 31 31 40 40 44 45 43 39 45 43
51 53 55 54 54 52 54 51 68 67 63 65 66 63 69 64
81 81 77 80 77 77 79 80 92 93 87 87 88 88 89 88
3 8 5 3 4 6 7 8 17 19 16 16 21 15 17 16
27 27 28 32 29 28 32 31 43 43 44 40 41 40 45 41
54 52 55 54 52 51 51 51 69 66 65 63 65 64 64 65
78 75 78 81 79 81 78 76 93 88 88 90 88 88 90 93
3 3 8 5 5 9 3 3 20 15 18 17 16 19 15 18
27 28 31 32 27 28 32 29 39 41 39 41 42 43 39 42
57 51 52 55 51 57 52 52 69 66 65 63 68 64 69 63
75 76 75 81 75 75 76 77 88 87 89 89 92 91 90 89
5 7 7 4 6 6 4 5 15 20 20 21 19 17 17 15
27 30 27 30 27 31 33 31 40 43 45 45 41 44 40 42
54 51 57 56 53 53 55 55 64 65 67 68 64 69 63 64
76 80 75 81 79 76 79 77 88 90 89 91 87 88 93 89
