0 0 0 0 0 0 0 0 1 1 1 1 1 1 1 1
2 2 2 2 2 2 2 2 3 3 3 3 3 3 3 3
4 4 4 4 4 4 4 4 5 5 5 5 5 5 5 5
6 6 6 6 6 6 6 6 7 7 7 7 7 7 7 7
0 0 0 0 0 0 0 0 1 1 1 1 1 1 1 1
2 2 2 2 2 2 2 2 3 3 3 3 3 3 3 3
4 4 4 4 4 4 4 4 5 5 5 5 5 5 5 5
6 6 6 6 6 6 6 6 7 7 7 7 7 7 7 7
0 0 0 0 0 0 0 0 1 1 1 1 1 1 1 1
2 2 2 2 2 2 2 2 3 3 3 3 3 3 3 3
4 4 4 4 4 4 4 4 5 5 5 5 5 5 5 5
6 6 6 6 6 6 6 6 7 7 7 7 7 7 7 7
0 0 0 0 0 0 0 0 1 1 1 1 1 1 1 1
2 2 2 2 2 2 2 2 3 3 3 3 3 3 3 3
4 4 4 4 4 4 4 4 5 5 5 5 5 5 5 5
6 6 6 6 6 6 6 6 7 7 7 7 7 7 7 7
3 6 4 6 8 7 9 4 19 15 15 16 18 19 19 16
28 27 31 29 32 28 27 28 43 43 40 45 44 40 42 45
56 52 57 55 56 55 51 54 67 66 69 69 68 69 63 66
78 80 81 79 78 78 81 75 93 93 89 88 92 87 89 88
6 6 6 3 8 9 6 9 18 20 20 19 20 19 20 15
32 29 27 30 33 29 29 30 40 42 43 44 45 43 42 39
52 56 53 51 52 51 52 56 68 64 65 66 68 64 64 65
76 80 75 81 81 75 81 80 87 88 88 92 89 90 91 92
7 7 9 7 3 9 5 7 17 15 16 19 19 16 19 16
30 28 33 27 29 30 31 28 39 44 39 42 43 39 43 44
54 52 55 52 51 51 51 57 68 67 68 64 64 68 68 63
75 78 79 75 80 77 80 79 93 90 91 88 90 88 89 90
3 6 4 5 6 4 8 4 18 20 16 18 18 19 18 17
29 28 27 29 29 29 29 30 45 44 43 40 41 44 42 43
55 55 51 56 55 56 56 57 64 67 69 68 68 66 65 63
78 76 75 77 81 76 75 77 91 89 93 89 89 87 93 91
