0 0 0 0 0 0 0 0 1 1 1 1 1 1 1 1
2 2 2 2 2 2 2 2 3 3 3 3 3 3 3 3
4 4 4 4 4 4 4 4 5 5 5 5 5 5 5 5
6 6 6 6 6 6 6 6 7 7 7 7 7 7 7 7
0 0 0 0 0 0 0 0 1 1 1 1 1 1 1 1
2 2 2 2 2 2 2 2 3 3 3 3 3 3 3 3
4 4 4 4 4 4 4 4 5 5 5 5 5 5 5 5
6 6 6 6 6 6 6 6 7 7 7 7 7 7 7 7
0 0 0 0 0 0 0 0 1 1 1 1 1 1 1 1
2 2 2 2 2 2 2 2 3 3 3 3 3 3 3 3
4 4 4 4 4 4 4 4 5 5 5 5 5 5 5 5
6 6 6 6 6 6 6 6 7 7 7 7 7 7 7 7
0 0 0 0 0 0 0 0 1 1 1 1 1 1 1 1
2 2 2 2 2 2 2 2 3 3 3 3 3 3 3 3
4 4 4 4 4 4 4 4 5 5 5 5 5 5 5 5
6 6 6 6 6 6 6 6 7 7 7 7 7 7 7 7
9 4 8 4 4 4 6 8 20 15 18 16 19 16 17 15
31 32 32 31 28 30 33 29 40 45 39 41 45 41 42 39
56 55 57 57 56 53 56 54 63 64 63 66 69 68 69 67
79 80 79 77 76 78 81 79 88 91 91 90 93 89 89 87
4 5 5 7 3 6 9 9 18 17 15 21 19 19 18 15
30 33 27 29 29 30 31 32 45 45 42 40 39 43 44 39
53 55 51 54 56 57 52 53 68 66 66 69 68 68 63 66
81 78 77 79 80 78 77 81 89 93 88 92 91 93 92 92
8 4 9 5 4 7 5 4 16 16 19 17 20 16 16 15
28 27 33 29 30 33 28 31 44 41 39 40 39 42 40 42
51 54 52 51 55 54 51 54 66 66 69 67 68 67 65 68
75 75 75 81 76 81 75 80 89 90 90 89 92 87 90 92
3 9 6 6 8 4 9 3 16 16 16 16 16 21 21 21
27 27 32 27 27 31 29 28 43 43 40 40 43 40 41 39
53 55 55 57 55 52 54 55 63 65 64 67 64 69 68 67
80 79 75 79 79 77 81 78 87 89 91 88 90 88 92 88
