0 0 0 0 0 0 0 0 1 1 1 1 1 1 1 1
2 2 2 2 2 2 2 2 3 3 3 3 3 3 3 3
4 4 4 4 4 4 4 4 5 5 5 5 5 5 5 5
6 6 6 6 6 6 6 6 7 7 7 7 7 7 7 7
0 0 0 0 0 0 0 0 1 1 1 1 1 1 1 1
2 2 2 2 2 2 2 2 3 3 3 3 3 3 3 3
4 4 4 4 4 4 4 4 5 5 5 5 5 5 5 5
6 6 6 6 6 6 6 6 7 7 7 7 7 7 7 7
0 0 0 0 0 0 0 0 1 1 1 1 1 1 1 1
2 2 2 2 2 2 2 2 3 3 3 3 3 3 3 3
4 4 4 4 4 4 4 4 5 5 5 5 5 5 5 5
6 6 6 6 6 6 6 6 7 7 7 7 7 7 7 7
0 0 0 0 0 0 0 0 1 1 1 1 1 1 1 1
2 2 2 2 2 2 2 2 3 3 3 3 3 3 3 3
4 4 4 4 4 4 4 4 5 5 5 5 5 5 5 5
6 6 6 6 6 6 6 6 7 7 7 7 7 7 7 7
4 8 3 3 6 6 3 3 15 18 15 15 20 17 16 20
30 27 31 28 31 29 31 30 45 39 41 42 42 41 39 39
56 53 57 54 55 56 56 55 66 64 68 65 65 69 69 65
77 79 81 75 81 76 81 75 89 89 89 88 91 88 92 90
3 9 6 7 5 3 3 6 17 18 18 17 20 17 15 19
27 31 33 28 33 31 29 30 44 39 43 42 43 42 45 41
56 52 53 53 55 55 56 51 65 69 63 63 64 64 64 69
78 78 76 77 79 79 77 75 91 88 89 87 93 92 89 92
8 6 6 5 8 6 4 6 15 15 17 18 18 17 15 19
31 30 27 32 33 32 28 28 40 39 41 39 44 41 44 45
52 52 51 56 55 51 52 55 63 67 66 68 63 69 68 64
76 80 76 80 79 77 77 75 90 91 91 89 92 90 92 93
8 5 8 4 8 7 4 3 19 16 19 16 17 15 18 16
31 29 29 33 27 33 30 30 40 44 45 42 41 40 41 44
57 52 57 55 52 53 57 54 64 67 64 63 66 68 67 65
79 76 78 78 81 77 81 79 93 91 93 89 92 88 90 89
