0 0 0 0 0 0 0 0 1 1 1 1 1 1 1 1
2 2 2 2 2 2 2 2 3 3 3 3 3 3 3 3
4 4 4 4 4 4 4 4 5 5 5 5 5 5 5 5
6 6 6 6 6 6 6 6 7 7 7 7 7 7 7 7
0 0 0 0 0 0 0 0 1 1 1 1 1 1 1 1
2 2 2 2 2 2 2 2 3 3 3 3 3 3 3 3
4 4 4 4 4 4 4 4 5 5 5 5 5 5 5 5
6 6 6 6 6 6 6 6 7 7 7 7 7 7 7 7
0 0 0 0 0 0 0 0 1 1 1 1 1 1 1 1
2 2 2 2 2 2 2 2 3 3 3 3 3 3 3 3
4 4 4 4 4 4 4 4 5 5 5 5 5 5 5 5
6 6 6 6 6 6 6 6 7 7 7 7 7 7 7 7
0 0 0 0 0 0 0 0 1 1 1 1 1 1 1 1
2 2 2 2 2 2 2 2 3 3 3 3 3 3 3 3
4 4 4 4 4 4 4 4 5 5 5 5 5 5 5 5
6 6 6 6 6 6 6 6 7 7 7 7 7 7 7 7
4 8 9 3 7 5 9 7 21 20 17 16 17 20 20 15
32 33 30 27 32 30 30 31 40 44 42 43 41 40 40 39
51 57 54 55 54 57 53 51 64 67 67 64 66 69 68 63
78 76 76 75 77 78 78 78 87 87 92 87 90 90 92 87
5 6 8 8 5 4 7 5 15 15 16 18 20 20 19 17
28 27 32 27 29 30 32 30 40 44 43 45 44 40 42 41
52 55 56 51 51 55 52 53 69 63 66 69 68 64 64 69
76 80 81 80 81 77 78 81 87 92 89 89 92 91 90 93
7 8 4 6 8 7 5 3 15 20 20 21 15 20 16 15
32 33 32 30 28 28 33 31 39 45 39 42 44 41 40 40
52 53 51 51 55 56 54 52 63 68 65 69 66 67 63 63
80 79 77 76 81 81 75 78 93 88 92 87 92 93 89 93
5 9 9 6 6 4 5 3 19 16 19 15 17 19 17 17
30 30 30 31 29 28 31 33 42 40 39 44 42 41 39 43
53 52 55 55 51 54 56 57 69 68 66 64 67 63 65 64
78 80 78 80 75 75 79 81 92 93 88 87 89 92 91 88
