0 0 0 0 0 0 0 0 1 1 1 1 1 1 1 1
2 2 2 2 2 2 2 2 3 3 3 3 3 3 3 3
4 4 4 4 4 4 4 4 5 5 5 5 5 5 5 5
6 6 6 6 6 6 6 6 7 7 7 7 7 7 7 7
0 0 0 0 0 0 0 0 1 1 1 1 1 1 1 1
2 2 2 2 2 2 2 2 3 3 3 3 3 3 3 3
4 4 4 4 4 4 4 4 5 5 5 5 5 5 5 5
6 6 6 6 6 6 6 6 7 7 7 7 7 7 7 7
0 0 0 0 0 0 0 0 1 1 1 1 1 1 1 1
2 2 2 2 2 2 2 2 3 3 3 3 3 3 3 3
4 4 4 4 4 4 4 4 5 5 5 5 5 5 5 5
6 6 6 6 6 6 6 6 7 7 7 7 7 7 7 7
0 0 0 0 0 0 0 0 1 1 1 1 1 1 1 1
2 2 2 2 2 2 2 2 3 3 3 3 3 3 3 3
4 4 4 4 4 4 4 4 5 5 5 5 5 5 5 5
6 6 6 6 6 6 6 6 7 7 7 7 7 7 7 7
5 3 8 6 6 8 7 6 21 16 21 18 15 21 20 21
27 27 30 29 30 28 29 29 43 39 39 41 45 42 43 39
55 55 57 56 56 53 51 55 66 66 64 69 66 63 63 66
79 80 76 81 78 79 75 79 90 91 92 88 87 92 91 88
7 7 4 4 3 3 6 7 20 21 16 15 18 16 16 17
29 33 31 33 31 29 29 31 39 42 41 39 41 40 45 45
57 54 53 56 51 54 57 55 65 67 65 65 68 67 66 64
77 80 80 78 81 77 79 81 88 87 87 89 91 91 88 90
8 9 8 3 8 9 7 6 21 19 15 15 19 15 18 18
31 28 27 31 33 31 31 27 44 42 43 45 41 39 42 42
51 56 52 57 55 57 56 51 65 64 69 63 66 65 69 68
78 81 75 80 76 78 81 76 88 91 88 89 91 93 87 93
7 6 4 3 4 7 7 8 17 18 15 19 17 18 19 19
28 29 32 29 30 28 31 31 43 43 43 39 42 40 43 45
54 51 51 51 54 56 54 54 63 68 63 68 69 69 66 67
78 75 77 78 79 79 81 81 91 92 93 88 87 89 88 92
