0 0 0 0 0 0 0 0 1 1 1 1 1 1 1 1
2 2 2 2 2 2 2 2 3 3 3 3 3 3 3 3
4 4 4 4 4 4 4 4 5 5 5 5 5 5 5 5
6 6 6 6 6 6 6 6 7 7 7 7 7 7 7 7
0 0 0 0 0 0 0 0 1 1 1 1 1 1 1 1
2 2 2 2 2 2 2 2 3 3 3 3 3 3 3 3
4 4 4 4 4 4 4 4 5 5 5 5 5 5 5 5
6 6 6 6 6 6 6 6 7 7 7 7 7 7 7 7
0 0 0 0 0 0 0 0 1 1 1 1 1 1 1 1
2 2 2 2 2 2 2 2 3 3 3 3 3 3 3 3
4 4 4 4 4 4 4 4 5 5 5 5 5 5 5 5
6 6 6 6 6 6 6 6 7 7 7 7 7 7 7 7
0 0 0 0 0 0 0 0 1 1 1 1 1 1 1 1
2 2 2 2 2 2 2 2 3 3 3 3 3 3 3 3
4 4 4 4 4 4 4 4 5 5 5 5 5 5 5 5
6 6 6 6 6 6 6 6 7 7 7 7 7 7 7 7
3 8 3 3 6 7 3 5 16 18 19 17 16 15 21 18
28 27 27 28 28 27 30 30 39 44 39 39 42 44 41 44
54 55 54 55 53 57 53 51 69 69 67 66 67 68 67 68
80 78 77 76 79 80 80 75 93 87 92 92 87 87 92 91
8 4 3 3 5 8 3 3 21 15 18 19 18 21 21 20
33 29 30 33 32 31 29 29 44 41 42 39 39 41 43 41
57 54 51 57 54 55 52 54 67 65 67 64 66 69 63 68
77 77 81 81 77 75 76 81 87 92 93 90 88 88 87 91
9 3 8 9 9 6 7 3 17 21 18 15 15 19 20 18
27 31 32 33 30 29 31 33 45 43 41 45 45 45 41 40
54 52 51 55 51 55 51 52 65 67 69 66 65 69 68 64
79 78 80 81 76 76 78 80 91 87 91 87 90 92 89 87
6 4 8 3 4 6 7 3 21 16 15 17 20 21 20 15
27 28 27 29 28 28 32 30 42 40 44 45 39 44 42 45
53 53 57 53 56 55 56 53 63 66 66 67 64 65 63 64
76 80 75 80 78 76 81 79 92 87 90 87 88 89 91 93
