0 0 0 0 0 0 0 0 1 1 1 1 1 1 1 1
2 2 2 2 2 2 2 2 3 3 3 3 3 3 3 3
4 4 4 4 4 4 4 4 5 5 5 5 5 5 5 5
6 6 6 6 6 6 6 6 7 7 7 7 7 7 7 7
0 0 0 0 0 0 0 0 1 1 1 1 1 1 1 1
2 2 2 2 2 2 2 2 3 3 3 3 3 3 3 3
4 4 4 4 4 4 4 4 5 5 5 5 5 5 5 5
6 6 6 6 6 6 6 6 7 7 7 7 7 7 7 7
0 0 0 0 0 0 0 0 1 1 1 1 1 1 1 1
2 2 2 2 2 2 2 2 3 3 3 3 3 3 3 3
4 4 4 4 4 4 4 4 5 5 5 5 5 5 5 5
6 6 6 6 6 6 6 6 7 7 7 7 7 7 7 7
0 0 0 0 0 0 0 0 1 1 1 1 1 1 1 1
2 2 2 2 2 2 2 2 3 3 3 3 3 3 3 3
4 4 4 4 4 4 4 4 5 5 5 5 5 5 5 5
6 6 6 6 6 6 6 6 7 7 7 7 7 7 7 7
4 8 3 6 8 3 7 9 19 16 19 17 16 20 17 19
33 32 27 30 30 33 33 29 43 45 39 43 42 44 41 44
54 52 51 53 54 53 51 53 67 63 65 65 63 64 66 68
77 80 76 77 76 81 81 76 87 91 90 93 93 90 91 90
4 9 8 5 5 6 4 7 17 16 21 21 16 21 17 17
32 33 27 31 30 29 27 31 40 39 39 41 43 45 44 39
56 51 54 53 52 57 51 56 64 68 66 65 63 68 66 64
77 79 75 80 78 76 81 80 91 89 93 88 90 92 88 91
6 7 5 7 4 7 8 5 21 17 16 19 17 17 18 16
33 27 33 29 30 30 28 30 40 44 44 41 43 44 39 40
51 56 54 56 57 57 52 53 63 69 65 67 64 67 64 66
80 79 75 80 78 76 79 76 87 87 87 90 90 91 93 88
4 9 6 6 7 3 3 6 19 19 17 15 18 20 21 16
33 30 33 31 27 32 32 30 42 43 40 43 41 41 39 45
56 57 54 57 57 54 55 53 64 66 63 67 67 63 69 66
77 78 79 81 78 77 79 75 93 90 90 89 89 93 91 93
