0 0 0 0 0 0 0 0 1 1 1 1 1 1 1 1
2 2 2 2 2 2 2 2 3 3 3 3 3 3 3 3
4 4 4 4 4 4 4 4 5 5 5 5 5 5 5 5
6 6 6 6 6 6 6 6 7 7 7 7 7 7 7 7
0 0 0 0 0 0 0 0 1 1 1 1 1 1 1 1
2 2 2 2 2 2 2 2 3 3 3 3 3 3 3 3
4 4 4 4 4 4 4 4 5 5 5 5 5 5 5 5
6 6 6 6 6 6 6 6 7 7 7 7 7 7 7 7
0 0 0 0 0 0 0 0 1 1 1 1 1 1 1 1
2 2 2 2 2 2 2 2 3 3 3 3 3 3 3 3
4 4 4 4 4 4 4 4 5 5 5 5 5 5 5 5
6 6 6 6 6 6 6 6 7 7 7 7 7 7 7 7
0 0 0 0 0 0 0 0 1 1 1 1 1 1 1 1
2 2 2 2 2 2 2 2 3 3 3 3 3 3 3 3
4 4 4 4 4 4 4 4 5 5 5 5 5 5 5 5
6 6 6 6 6 6 6 6 7 7 7 7 7 7 7 7
6 6 3 5 6 4 3 4 21 18 17 17 16 18 17 15
30 31 28 33 33 33 28 32 39 42 44 41 39 45 43 40
51 51 53 52 52 51 53 51 67 63 69 66 64 64 67 68
78 78 80 78 81 76 77 78 90 89 92 92 92 93 92 89
6 5 4 9 6 9 3 7 16 16 18 15 18 15 18 15
31 27 33 27 33 32 32 33 39 39 40 45 43 42 40 43
57 51 55 54 55 56 51 54 67 65 65 67 69 64 68 63
76 75 76 78 78 77 77 76 88 87 91 90 90 88 88 87
6 9 8 4 5 9 8 7 19 21 18 20 21 16 15 20
33 31 33 32 31 29 31 33 40 39 40 39 44 41 39 42
52 57 51 55 57 53 51 57 68 64 65 69 67 64 63 64
81 75 75 81 75 77 77 78 93 91 90 88 88 91 91 90
8 5 3 7 6 3 4 7 19 21 20 16 17 17 17 20
27 27 30 32 30 27 27 28 39 41 44 42 45 44 41 43
57 51 57 53 53 53 53 53 68 63 68 66 65 65 63 65
77 78 80 80 80 78 78 76 88 93 88 92 92 89 88 88
