0 0 0 0 0 0 0 0 1 1 1 1 1 1 1 1
2 2 2 2 2 2 2 2 3 3 3 3 3 3 3 3
4 4 4 4 4 4 4 4 5 5 5 5 5 5 5 5
6 6 6 6 6 6 6 6 7 7 7 7 7 7 7 7
0 0 0 0 0 0 0 0 1 1 1 1 1 1 1 1
2 2 2 2 2 2 2 2 3 3 3 3 3 3 3 3
4 4 4 4 4 4 4 4 5 5 5 5 5 5 5 5
6 6 6 6 6 6 6 6 7 7 7 7 7 7 7 7
0 0 0 0 0 0 0 0 1 1 1 1 1 1 1 1
2 2 2 2 2 2 2 2 3 3 3 3 3 3 3 3
4 4 4 4 4 4 4 4 5 5 5 5 5 5 5 5
6 6 6 6 6 6 6 6 7 7 7 7 7 7 7 7
0 0 0 0 0 0 0 0 1 1 1 1 1 1 1 1
2 2 2 2 2 2 2 2 3 3 3 3 3 3 3 3
4 4 4 4 4 4 4 4 5 5 5 5 5 5 5 5
6 6 6 6 6 6 6 6 7 7 7 7 7 7 7 7
9 4 3 6 3 3 4 5 16 20 21 20 20 18 17 17
32 30 31 27 28 29 29 27 41 45 45 42 41 40 44 42
51 54 52 51 55 56 57 53 64 64 63 63 63 64 68 68
77 80 77 76 80 80 77 75 92 89 88 91 90 93 92 88
4 8 6 7 4 9 3 5 19 17 17 15 16 20 17 18
29 31 31 30 30 28 32 29 40 45 44 40 40 41 40 39
56 51 56 56 56 52 55 52 63 66 69 68 68 66 66 68
78 80 81 80 77 79 79 80 91 91 91 88 92 89 87 90
7 4 9 8 6 6 6 4 17 19 21 21 21 16 19 16
31 29 30 29 29 30 27 32 41 43 44 45 41 40 40 45
56 56 54 52 57 52 56 51 66 63 65 68 63 65 67 63
77 81 76 77 77 78 75 80 91 87 93 91 88 87 88 89
4 3 7 8 5 9 8 4 21 15 16 21 15 18 15 16
32 27 31 33 32 30 33 33 40 41 45 42 45 41 39 39
53 52 57 53 51 57 55 51 68 67 67 64 66 66 64 66
81 77 81 81 78 78 76 81 92 87 93 91 87 90 92 88
