1 6 1 3 2 1 2 4 4 3 1 0 3 6 1 1
2 1 0 1 2 3 2 6 5 7 1 7 1 2 1 1
7 2 5 1 1 1 5 3 5 5 2 6 4 5 3 2
7 2 3 2 0 4 2 4 3 7 3 2 2 2 4 5
6 2 5 5 6 2 7 0 4 7 2 7 6 2 6 0
5 6 4 4 0 0 7 4 2 5 5 3 4 6 1 7
1 0 6 6 7 4 4 5 5 4 1 3 1 0 6 1
6 4 2 3 2 0 2 7 0 6 1 2 2 0 4 0
4 0 0 6 4 5 0 2 7 0 7 6 3 6 5 3
4 4 7 1 4 6 2 4 6 7 0 1 3 0 3 0
1 6 1 2 0 1 6 1 5 1 4 2 6 5 6 0
1 1 6 3 2 6 2 7 0 7 1 0 4 4 7 1
6 4 5 2 3 7 4 0 0 4 2 2 2 1 5 5
2 5 1 4 2 3 1 4 1 4 0 1 5 0 6 0
4 3 2 0 2 4 7 5 6 3 0 1 3 3 2 1
3 3 4 5 4 0 5 2 1 7 4 7 1 7 5 0
17 75 20 43 27 18 32 57 55 39 20 5 42 77 16 21
33 19 8 16 30 42 29 78 65 87 18 88 15 33 19 15
88 27 69 17 18 19 67 40 66 63 29 76 57 69 43 31
89 33 40 29 3 51 27 56 43 87 39 31 28 32 51 68
76 28 69 66 77 27 92 9 56 93 32 89 76 28 81 3
65 75 55 51 8 5 87 54 29 69 66 40 51 79 19 90
21 8 81 80 87 51 57 63 65 56 18 42 19 4 76 17
76 56 33 45 28 8 28 90 7 81 16 28 32 9 57 5
57 7 7 81 54 63 4 27 88 7 93 78 44 79 67 45
54 52 87 20 51 80 30 52 81 90 7 18 42 9 42 4
16 81 15 27 7 17 78 18 64 21 56 28 77 65 78 6
18 20 80 42 32 77 32 91 3 91 17 8 53 51 87 15
79 53 64 27 44 88 56 5 6 52 28 27 33 20 65 65
33 64 16 55 28 45 21 54 21 52 7 18 66 3 80 4
54 42 29 5 28 53 88 68 78 44 3 16 41 39 28 18
43 39 51 66 56 3 66 31 16 89 51 91 21 92 63 8
