1 3 6 1 7 7 6 2 3 5 4 2 3 0 5 3
6 6 0 7 5 0 4 6 0 3 0 4 6 5 5 4
5 1 4 7 3 1 7 1 5 6 3 6 4 5 5 4
0 3 7 4 0 6 3 2 0 1 7 4 0 3 4 6
6 5 5 2 0 4 7 2 0 5 5 3 2 7 2 2
3 1 7 5 3 0 1 2 4 3 4 1 2 3 5 1
2 0 4 0 3 1 5 5 7 7 7 1 3 0 0 4
5 2 7 3 4 7 0 0 2 2 3 3 3 4 1 3
6 1 3 2 1 1 4 3 4 7 3 2 4 4 4 2
0 2 1 0 2 2 2 3 6 2 7 4 0 4 5 5
0 3 6 6 1 0 0 2 6 4 2 6 2 1 0 1
3 7 0 0 2 7 0 4 2 6 7 6 2 6 1 1
6 2 3 7 4 4 3 4 4 7 4 6 5 4 0 3
3 6 5 6 1 4 2 4 4 1 0 7 2 3 3 1
3 2 5 4 5 5 0 4 6 3 6 4 2 0 5 0
4 0 3 2 4 2 0 6 1 6 4 6 3 0 6 1
19 42 79 19 92 90 75 33 43 65 55 31 42 5 63 39
79 80 3 88 67 6 52 79 6 41 8 57 80 65 69 52
65 17 51 87 45 19 87 17 64 75 41 75 56 69 66 57
5 42 88 56 9 81 42 31 6 17 91 51 5 45 52 77
77 69 68 31 7 52 87 27 6 69 63 39 27 88 30 29
43 18 87 65 39 6 15 33 56 39 57 21 28 44 65 21
28 3 56 5 43 21 65 63 92 92 87 19 45 9 3 57
63 33 92 43 57 89 6 6 27 30 45 42 44 55 17 40
79 20 39 33 21 17 56 40 51 88 41 32 53 55 55 32
3 27 17 7 30 29 33 43 80 27 89 51 9 54 66 68
9 45 81 77 19 7 8 29 80 56 27 77 30 17 3 15
42 93 7 6 28 89 3 51 33 80 92 78 28 76 21 19
75 32 44 88 53 56 41 51 53 91 56 81 68 53 4 43
43 81 67 76 16 54 30 52 54 16 7 91 30 41 41 17
44 28 64 53 63 67 8 56 76 40 77 56 31 3 68 7
53 6 43 28 51 32 4 76 18 80 53 76 42 9 81 21
