5 3 5 3 7 4 5 0 3 0
4 1 7 3 1 1 7 5 1 5
3 0 7 0 1 5 2 2 7 7
0 3 7 1 6 3 3 5 7 7
5 7 3 5 7 4 5 6 3 3
7 4 7 7 5 6 2 7 1 1
5 1 7 6 3 7 6 2 7 0
0 6 7 7 7 1 0 0 0 4
3 5 0 1 7 1 0 2 6 7
4 2 5 0 0 7 2 5 3 3
2 3 1 4 0 2 1 6 5 0
6 5 6 7 2 0 7 2 0 0
4 0 0 6 2 4 2 7 3 1
5 0 0 4 5 4 2 6 3 0
7 6 3 2 1 5 0 2 1 6
4 7 1 4 4 5 7 4 0 0
2 7 4 7 6 7 5 6 7 4
4 5 2 2 4 6 3 6 5 6
5 7 1 2 7 1 1 2 5 0
2 0 2 7 4 4 6 5 0 5
0 3 7 4 4 6 1 7 4 2
2 0 5 7 4 4 1 4 0 5
2 1 0 4 6 1 2 5 7 7
1 6 0 1 1 4 4 4 0 1
7 2 0 7 6 3 7 7 5 0
5 7 1 1 5 6 7 6 1 5
4 0 2 3 2 1 2 6 1 2
7 7 2 4 6 1 0 2 1 7
4 3 6 5 0 5 1 4 4 4
7 4 0 3 6 7 7 2 3 0
7 3 3 2 3 1 0 5 6 7
5 2 7 3 2 4 7 4 2 1
3 4 5 6 7 1 1 0 3 5
1 2 1 2 0 3 3 7 6 6
1 1 4 5 2 3 3 4 3 1
3 0 6 3 1 3 4 3 2 0
3 7 7 1 4 2 1 3 0 4
3 0 6 0 0 3 2 3 4 5
6 5 0 6 2 4 6 2 7 7
5 7 5 3 1 4 3 5 2 7
2 4 6 3 7 0 6 4 7 7
5 1 4 4 5 6 7 7 1 2
2 3 0 7 3 0 4 6 3 3
0 4 0 6 1 6 0 7 1 1
1 3 4 6 5 5 5 4 1 7
3 3 0 7 3 3 4 5 3 0
6 5 3 3 2 4 1 7 3 5
7 5 7 0 7 3 6 0 6 2
4 4 5 7 6 1 6 1 1 1
1 5 2 3 2 4 0 5 7 4
7 5 2 1 4 2 2 3 7 3
5 0 0 5 7 0 7 0 4 3
2 3 0 4 7 2 4 0 0 2
6 1 3 4 3 5 1 3 4 4
5 4 6 7 6 3 5 4 4 7
1 5 7 3 3 3 5 6 1 6
5 0 2 1 1 2 5 5 2 2
6 4 0 0 5 4 2 1 2 3
3 0 6 1 4 7 4 4 0 2
1 6 0 6 0 3 6 6 1 2
5 2 1 5 4 1 2 0 6 6
5 5 2 3 5 1 6 3 5 1
5 0 0 3 4 3 7 4 5 5
0 6 3 2 1 5 2 6 4 6
3 5 2 6 5 6 5 7 0 6
6 6 6 4 7 0 5 0 2 6
4 3 5 0 3 0 3 7 7 7
6 4 0 4 0 5 6 2 5 7
4 0 4 0 6 2 4 7 2 1
0 0 1 6 5 2 3 5 7 1
1 1 7 1 3 4 3 2 7 0
3 2 3 1 6 1 4 7 2 7
3 1 6 0 2 1 7 0 2 3
4 3 6 4 1 5 3 7 2 7
1 6 6 6 6 6 2 1 2 5
4 4 1 2 5 7 5 2 3 2
2 3 1 0 1 6 2 0 1 7
6 2 7 6 6 6 7 3 3 7
7 2 6 6 0 6 4 3 1 7
5 4 2 3 1 5 0 3 3 4
3 1 6 7 3 7 3 5 6 5
4 5 1 0 6 0 2 3 3 7
4 2 3 7 5 5 5 6 1 4
7 2 1 4 4 6 2 7 4 3
6 2 6 4 7 1 5 0 4 6
5 7 6 5 3 5 2 7 0 1
6 1 4 7 3 0 6 3 4 7
4 6 0 3 4 7 4 7 0 3
1 7 6 1 5 4 2 3 0 6
7 5 2 4 3 4 7 3 3 5
6 0 0 5 4 7 5 0 4 2
0 5 6 7 2 2 0 3 7 6
0 1 4 1 5 4 3 5 5 5
2 1 2 7 0 7 7 3 6 5
0 7 4 3 1 1 7 1 5 7
0 7 0 3 4 1 6 5 7 7
4 7 4 1 3 1 0 7 6 6
1 1 5 0 4 6 6 1 5 2
7 7 1 4 6 7 3 2 5 1
0 1 1 0 1 7 3 6 3 6
69 41 63 45 88 51 66 3 45 8
55 16 89 41 18 18 91 68 19 64
39 5 92 9 20 67 27 32 91 92
9 40 93 16 78 45 43 69 92 88
67 89 45 68 89 57 68 78 44 41
93 55 87 88 67 75 29 89 18 18
67 16 90 76 43 87 80 29 90 8
5 76 87 88 91 20 9 4 4 54
39 65 4 18 93 17 3 30 79 92
51 29 69 5 3 91 30 67 43 41
31 41 16 52 7 32 21 78 65 4
81 63 79 93 28 3 90 27 7 6
53 9 8 79 33 55 29 93 41 21
64 6 3 57 64 57 32 76 42 9
92 80 39 27 20 64 5 32 17 78
54 90 16 56 51 65 90 57 8 8
28 87 52 91 80 90 63 79 88 52
55 68 33 27 52 76 44 79 64 81
63 90 16 31 92 17 21 27 68 8
28 4 33 88 56 54 76 64 7 64
7 42 92 51 51 79 18 90 54 29
31 8 68 92 52 51 18 51 6 65
30 15 5 54 77 16 28 63 90 88
20 78 7 21 21 57 55 52 4 16
93 31 9 89 81 42 87 91 65 3
66 87 21 20 66 77 89 76 19 63
57 6 31 43 32 21 29 76 16 31
89 91 28 51 81 19 4 33 18 89
56 39 77 68 8 63 21 53 57 54
90 56 8 40 80 92 91 27 45 7
92 39 42 32 41 20 8 67 81 93
64 27 91 43 31 55 88 52 31 20
42 51 65 79 91 20 21 5 39 65
19 31 16 29 3 40 39 90 76 79
18 19 54 65 29 41 45 52 45 18
40 8 79 43 17 41 53 42 30 7
43 91 89 21 54 28 15 44 3 56
42 9 80 7 7 39 31 44 55 63
78 67 7 76 28 53 78 31 89 90
65 91 64 41 20 57 41 66 33 87
29 54 81 43 91 9 76 57 90 91
68 15 55 57 67 78 89 90 16 30
29 42 5 89 43 4 51 80 45 43
4 52 7 77 16 78 7 93 18 18
19 42 56 79 64 63 64 51 16 90
40 42 8 93 41 40 56 69 42 5
81 69 43 39 32 52 20 87 40 65
93 69 88 6 90 39 80 3 76 31
57 57 69 91 75 15 77 20 20 17
20 63 33 43 30 55 6 68 91 51
87 66 29 18 57 31 28 39 90 41
65 9 7 65 87 7 88 7 55 45
30 40 8 54 88 32 54 8 6 30
80 18 39 52 41 68 18 41 52 56
68 53 77 88 75 42 68 55 51 91
17 68 90 45 40 44 64 78 19 79
68 5 30 17 21 27 65 64 28 32
78 56 3 8 69 53 33 21 30 40
40 3 75 21 57 89 57 55 6 31
19 77 9 75 8 45 81 76 20 33
68 32 20 69 55 20 32 7 80 78
65 68 30 45 69 16 75 45 63 19
65 8 5 41 55 40 90 52 66 66
3 80 42 33 16 69 32 79 52 76
39 64 32 75 63 78 68 93 9 81
75 80 78 56 93 8 68 4 28 77
55 39 63 4 41 4 45 92 90 93
81 55 5 55 3 64 76 32 63 92
53 7 54 5 77 31 53 90 31 19
5 4 15 79 67 31 40 69 92 18
15 19 89 21 43 54 39 30 90 5
40 30 45 16 77 17 53 89 32 87
40 19 76 3 28 15 87 7 28 40
56 40 78 53 20 68 42 89 31 88
17 81 75 78 75 80 31 17 28 63
56 52 16 32 68 91 65 32 42 29
29 44 19 5 17 81 30 5 18 92
81 31 93 81 77 79 91 40 42 92
89 29 79 76 3 80 55 42 15 90
64 55 30 43 18 67 8 41 43 56
41 21 81 88 42 87 42 69 75 68
54 67 15 8 75 3 27 44 40 91
52 32 40 90 65 68 65 79 17 57
90 31 15 51 53 81 30 88 51 41
77 30 77 51 89 21 63 4 54 77
67 89 77 66 40 69 31 88 7 17
80 16 55 89 41 7 76 44 52 93
55 80 4 40 51 87 54 93 4 42
18 91 79 18 68 55 27 40 5 78
89 66 31 53 40 51 89 45 39 65
76 4 9 67 56 92 63 4 53 33
6 66 78 92 28 29 7 41 91 76
3 21 55 21 68 55 39 63 65 66
30 17 28 88 9 89 88 44 80 68
7 91 53 45 16 17 90 17 65 92
5 89 5 42 51 15 77 69 91 90
55 93 52 15 40 19 7 92 80 75
19 21 67 9 54 80 79 19 67 28
88 90 17 57 81 88 39 30 66 18
3 15 20 4 15 92 41 80 39 79
