0 0 0 0 1 1 1 1 2 2 2 2 3 3 3 3
0 0 0 0 1 1 1 1 2 2 2 2 3 3 3 3
0 0 0 0 1 1 1 1 2 2 2 2 3 3 3 3
0 0 0 0 1 1 1 1 2 2 2 2 3 3 3 3
0 0 0 0 1 1 1 1 2 2 2 2 3 3 3 3
0 0 0 0 1 1 1 1 2 2 2 2 3 3 3 3
0 0 0 0 1 1 1 1 2 2 2 2 3 3 3 3
0 0 0 0 1 1 1 1 2 2 2 2 3 3 3 3
0 0 0 0 1 1 1 1 2 2 2 2 3 3 3 3
4 4 4 4 5 5 5 5 6 6 6 6 7 7 7 7
4 4 4 4 5 5 5 5 6 6 6 6 7 7 7 7
4 4 4 4 5 5 5 5 6 6 6 6 7 7 7 7
4 4 4 4 5 5 5 5 6 6 6 6 7 7 7 7
4 4 4 4 5 5 5 5 6 6 6 6 7 7 7 7
4 4 4 4 5 5 5 5 6 6 6 6 7 7 7 7
4 4 4 4 5 5 5 5 6 6 6 6 7 7 7 7
9 4 6 3 20 17 21 20 30 29 27 33 41 40 43 41
5 5 3 3 15 15 16 19 27 33 33 30 42 44 39 40
5 4 9 9 18 16 19 18 31 33 33 28 39 42 41 44
4 6 3 9 19 18 19 20 29 28 31 31 42 41 44 44
3 8 7 9 21 20 21 17 31 33 32 30 39 43 39 40
9 9 5 9 21 15 21 15 30 27 32 31 42 39 41 40
8 3 7 4 16 18 19 15 27 28 27 29 41 40 44 41
9 3 8 8 21 15 17 18 30 31 33 28 43 39 45 45
9 4 6 7 17 19 17 17 30 33 31 30 44 39 41 45
53 53 52 57 67 63 69 69 81 76 75 79 91 91 87 90
57 52 52 52 63 68 63 68 81 81 77 77 87 88 93 87
51 57 57 54 68 64 69 65 81 79 78 76 89 89 93 88
55 52 52 54 68 67 69 69 75 81 80 75 88 92 89 89
55 52 52 56 63 66 66 67 76 77 76 77 92 88 92 92
56 56 55 57 65 69 66 64 77 77 76 76 89 92 87 91
52 55 54 52 63 64 68 67 78 80 81 77 93 93 91 89
