0 0 0 0 1 1 1 1 2 2 2 2 3 3 3 3
0 0 0 0 1 1 1 1 2 2 2 2 3 3 3 3
0 0 0 0 1 1 1 1 2 2 2 2 3 3 3 3
0 0 0 0 1 1 1 1 2 2 2 2 3 3 3 3
0 0 0 0 1 1 1 1 2 2 2 2 3 3 3 3
0 0 0 0 1 1 1 1 2 2 2 2 3 3 3 3
0 0 0 0 1 1 1 1 2 2 2 2 3 3 3 3
0 0 0 0 1 1 1 1 2 2 2 2 3 3 3 3
0 0 0 0 1 1 1 1 2 2 2 2 3 3 3 3
4 4 4 4 5 5 5 5 6 6 6 6 7 7 7 7
4 4 4 4 5 5 5 5 6 6 6 6 7 7 7 7
4 4 4 4 5 5 5 5 6 6 6 6 7 7 7 7
4 4 4 4 5 5 5 5 6 6 6 6 7 7 7 7
4 4 4 4 5 5 5 5 6 6 6 6 7 7 7 7
4 4 4 4 5 5 5 5 6 6 6 6 7 7 7 7
4 4 4 4 5 5 5 5 6 6 6 6 7 7 7 7
3 9 4 6 17 19 17 18 27 33 30 30 39 44 41 40
8 8 7 8 15 21 18 17 29 28 27 27 39 43 39 44
3 6 4 5 19 18 16 19 28 28 29 29 39 45 39 40
4 9 3 3 19 21 19 18 31 27 27 30 45 45 42 39
5 9 9 3 17 15 15 16 27 29 30 28 43 40 44 41
4 4 6 3 20 21 19 16 27 30 27 32 45 40 41 40
6 3 6 5 17 19 19 21 27 27 29 27 40 40 44 45
6 5 4 4 15 17 18 17 30 30 27 28 43 40 39 44
5 7 3 3 17 17 21 18 27 27 30 33 44 42 44 40
52 55 57 53 67 69 67 67 77 81 79 81 93 93 91 89
53 57 53 54 68 64 65 63 75 79 77 76 92 90 92 93
51 55 54 52 67 65 68 67 78 80 81 78 88 89 93 87
57 56 57 57 64 64 66 63 75 75 78 75 90 93 89 92
56 57 52 54 69 63 67 67 79 80 79 77 90 89 93 93
52 54 54 52 64 67 66 64 76 76 78 81 92 91 89 93
55 55 57 57 68 63 63 66 81 80 80 75 87 92 89 90
