0 0 0 0 1 1 1 1 2 2 2 2 3 3 3 3
0 0 0 0 1 1 1 1 2 2 2 2 3 3 3 3
0 0 0 0 1 1 1 1 2 2 2 2 3 3 3 3
0 0 0 0 1 1 1 1 2 2 2 2 3 3 3 3
0 0 0 0 1 1 1 1 2 2 2 2 3 3 3 3
0 0 0 0 1 1 1 1 2 2 2 2 3 3 3 3
0 0 0 0 1 1 1 1 2 2 2 2 3 3 3 3
0 0 0 0 1 1 1 1 2 2 2 2 3 3 3 3
0 0 0 0 1 1 1 1 2 2 2 2 3 3 3 3
4 4 4 4 5 5 5 5 6 6 6 6 7 7 7 7
4 4 4 4 5 5 5 5 6 6 6 6 7 7 7 7
4 4 4 4 5 5 5 5 6 6 6 6 7 7 7 7
4 4 4 4 5 5 5 5 6 6 6 6 7 7 7 7
4 4 4 4 5 5 5 5 6 6 6 6 7 7 7 7
4 4 4 4 5 5 5 5 6 6 6 6 7 7 7 7
4 4 4 4 5 5 5 5 6 6 6 6 7 7 7 7
7 3 9 8 15 18 16 21 27 28 30 32 42 45 45 43
4 4 7 4 19 20 20 16 29 32 29 28 39 45 41 39
9 4 9 9 20 21 19 17 32 28 32 29 41 44 42 44
6 7 9 8 18 20 17 15 32 28 29 28 44 43 41 42
7 7 3 7 15 18 17 17 31 30 31 32 40 44 41 41
9 9 6 8 17 18 17 21 28 30 28 27 43 42 45 45
4 8 3 3 17 20 15 19 30 29 29 30 45 41 40 41
7 5 7 9 15 18 21 17 31 31 33 27 45 42 44 45
6 7 8 7 17 20 20 18 31 30 32 30 41 41 42 39
51 52 53 55 66 69 63 69 75 76 79 81 88 91 89 93
54 56 54 56 67 65 66 69 75 76 81 77 88 90 89 89
54 56 53 56 68 69 68 69 80 75 80 75 90 92 87 91
54 54 53 55 64 69 67 67 77 81 81 78 93 87 90 91
57 51 52 52 64 66 67 69 80 78 81 76 87 88 92 90
55 53 54 52 66 63 66 65 76 75 79 81 93 90 90 91
52 51 51 54 66 65 67 68 76 79 77 78 90 90 87 87
