0 0 0 0 1 1 1 1 2 2 2 2 3 3 3 3
0 0 0 0 1 1 1 1 2 2 2 2 3 3 3 3
0 0 0 0 1 1 1 1 2 2 2 2 3 3 3 3
0 0 0 0 1 1 1 1 2 2 2 2 3 3 3 3
0 0 0 0 1 1 1 1 2 2 2 2 3 3 3 3
0 0 0 0 1 1 1 1 2 2 2 2 3 3 3 3
0 0 0 0 1 1 1 1 2 2 2 2 3 3 3 3
0 0 0 0 1 1 1 1 2 2 2 2 3 3 3 3
0 0 0 0 1 1 1 1 2 2 2 2 3 3 3 3
4 4 4 4 5 5 5 5 6 6 6 6 7 7 7 7
4 4 4 4 5 5 5 5 6 6 6 6 7 7 7 7
4 4 4 4 5 5 5 5 6 6 6 6 7 7 7 7
4 4 4 4 5 5 5 5 6 6 6 6 7 7 7 7
4 4 4 4 5 5 5 5 6 6 6 6 7 7 7 7
4 4 4 4 5 5 5 5 6 6 6 6 7 7 7 7
4 4 4 4 5 5 5 5 6 6 6 6 7 7 7 7
7 8 6 4 18 21 15 19 31 33 32 28 43 41 42 43
6 7 5 4 21 18 21 18 29 28 33 30 43 42 42 40
4 7 3 5 19 20 21 21 33 28 30 27 43 41 40 42
5 6 5 3 18 18 21 21 31 32 28 29 43 39 44 39
6 8 8 5 20 18 17 17 29 29 32 32 39 41 40 44
7 3 7 8 15 19 17 20 33 33 29 32 44 42 45 45
6 8 5 7 20 20 20 21 29 29 32 27 42 44 43 40
7 6 8 7 21 17 17 19 32 29 30 30 45 42 43 40
5 5 4 6 19 15 17 21 33 33 28 30 39 42 41 43
57 54 54 55 64 66 63 64 75 80 80 79 89 92 87 90
52 55 51 52 68 65 64 68 76 78 81 76 91 87 92 93
54 54 56 55 68 67 63 64 80 79 75 75 89 88 87 92
51 55 53 52 67 63 64 65 77 78 80 80 93 88 92 91
51 56 55 52 63 64 63 64 76 80 75 79 93 90 93 87
55 52 53 51 69 69 66 69 75 78 77 77 91 88 88 88
53 57 57 51 64 69 63 68 75 81 79 77 92 92 91 91
