0 0 0 0 1 1 1 1 2 2 2 2 3 3 3 3
0 0 0 0 1 1 1 1 2 2 2 2 3 3 3 3
0 0 0 0 1 1 1 1 2 2 2 2 3 3 3 3
0 0 0 0 1 1 1 1 2 2 2 2 3 3 3 3
0 0 0 0 1 1 1 1 2 2 2 2 3 3 3 3
0 0 0 0 1 1 1 1 2 2 2 2 3 3 3 3
0 0 0 0 1 1 1 1 2 2 2 2 3 3 3 3
0 0 0 0 1 1 1 1 2 2 2 2 3 3 3 3
0 0 0 0 1 1 1 1 2 2 2 2 3 3 3 3
4 4 4 4 5 5 5 5 6 6 6 6 7 7 7 7
4 4 4 4 5 5 5 5 6 6 6 6 7 7 7 7
4 4 4 4 5 5 5 5 6 6 6 6 7 7 7 7
4 4 4 4 5 5 5 5 6 6 6 6 7 7 7 7
4 4 4 4 5 5 5 5 6 6 6 6 7 7 7 7
4 4 4 4 5 5 5 5 6 6 6 6 7 7 7 7
4 4 4 4 5 5 5 5 6 6 6 6 7 7 7 7
5 8 7 6 16 15 15 18 29 32 32 28 42 44 41 40
5 7 5 5 17 18 15 21 33 28 33 28 41 40 44 41
4 3 5 3 20 15 18 19 27 29 28 28 40 44 43 39
3 7 7 7 16 15 19 16 27 30 32 33 42 41 45 43
4 4 6 4 20 15 18 19 32 32 32 30 43 44 43 39
4 4 9 9 15 19 18 15 31 30 31 29 45 43 41 41
6 6 3 7 19 19 18 19 31 31 28 30 45 42 40 40
6 8 8 4 21 21 15 16 33 31 27 27 43 40 39 39
4 9 9 3 15 17 18 20 27 31 31 27 40 40 44 41
55 53 56 57 65 64 68 63 76 76 76 77 93 93 89 93
52 54 52 54 65 64 64 64 80 76 78 77 92 93 89 92
53 55 57 57 63 69 64 63 75 81 78 77 89 92 90 91
52 55 56 54 69 63 65 67 81 76 78 78 93 87 93 91
56 56 51 57 65 68 65 64 81 77 81 77 92 93 91 89
56 51 54 52 69 69 63 66 79 77 79 80 92 87 89 92
51 54 57 54 65 67 66 64 79 81 76 76 89 91 90 92
