0 0 0 0 1 1 1 1 2 2 2 2 3 3 3 3
0 0 0 0 1 1 1 1 2 2 2 2 3 3 3 3
0 0 0 0 1 1 1 1 2 2 2 2 3 3 3 3
0 0 0 0 1 1 1 1 2 2 2 2 3 3 3 3
0 0 0 0 1 1 1 1 2 2 2 2 3 3 3 3
0 0 0 0 1 1 1 1 2 2 2 2 3 3 3 3
0 0 0 0 1 1 1 1 2 2 2 2 3 3 3 3
0 0 0 0 1 1 1 1 2 2 2 2 3 3 3 3
0 0 0 0 1 1 1 1 2 2 2 2 3 3 3 3
4 4 4 4 5 5 5 5 6 6 6 6 7 7 7 7
4 4 4 4 5 5 5 5 6 6 6 6 7 7 7 7
4 4 4 4 5 5 5 5 6 6 6 6 7 7 7 7
4 4 4 4 5 5 5 5 6 6 6 6 7 7 7 7
4 4 4 4 5 5 5 5 6 6 6 6 7 7 7 7
4 4 4 4 5 5 5 5 6 6 6 6 7 7 7 7
4 4 4 4 5 5 5 5 6 6 6 6 7 7 7 7
7 4 9 4 17 15 15 20 33 33 28 31 42 41 39 43
7 5 5 8 21 19 16 18 33 31 27 32 45 45 45 44
3 3 7 8 16 16 20 20 29 29 30 32 40 43 44 42
5 4 7 8 17 15 18 20 33 30 31 28 41 43 40 40
7 6 5 9 15 19 16 20 29 32 31 30 40 43 44 41
7 3 3 3 20 15 18 20 33 30 33 31 42 39 41 45
7 8 6 6 17 16 19 15 30 33 29 27 42 42 42 43
9 3 4 3 20 19 15 15 30 31 29 33 45 41 43 41
8 4 7 6 20 20 17 21 28 28 28 29 39 43 40 43
56 55 51 51 67 66 69 68 78 81 80 77 90 93 91 92
55 51 54 52 63 65 69 68 80 77 81 75 87 91 93 90
53 54 51 51 63 65 64 67 79 76 75 81 92 88 93 92
56 52 53 55 63 66 68 66 79 76 79 79 89 88 89 88
55 51 51 56 65 67 66 69 76 78 75 76 90 89 91 90
51 54 54 52 67 63 69 67 81 79 76 81 90 88 87 93
52 51 54 51 63 67 63 66 78 79 75 75 88 92 87 93
