0 0 0 0 1 1 1 1 2 2 2 2 3 3 3 3
0 0 0 0 1 1 1 1 2 2 2 2 3 3 3 3
0 0 0 0 1 1 1 1 2 2 2 2 3 3 3 3
0 0 0 0 1 1 1 1 2 2 2 2 3 3 3 3
0 0 0 0 1 1 1 1 2 2 2 2 3 3 3 3
0 0 0 0 1 1 1 1 2 2 2 2 3 3 3 3
0 0 0 0 1 1 1 1 2 2 2 2 3 3 3 3
0 0 0 0 1 1 1 1 2 2 2 2 3 3 3 3
0 0 0 0 1 1 1 1 2 2 2 2 3 3 3 3
4 4 4 4 5 5 5 5 6 6 6 6 7 7 7 7
4 4 4 4 5 5 5 5 6 6 6 6 7 7 7 7
4 4 4 4 5 5 5 5 6 6 6 6 7 7 7 7
4 4 4 4 5 5 5 5 6 6 6 6 7 7 7 7
4 4 4 4 5 5 5 5 6 6 6 6 7 7 7 7
4 4 4 4 5 5 5 5 6 6 6 6 7 7 7 7
4 4 4 4 5 5 5 5 6 6 6 6 7 7 7 7
6 5 4 4 18 18 16 21 32 33 30 31 39 43 43 44
3 5 3 7 20 18 16 19 29 29 32 27 39 45 43 43
3 3 7 8 17 21 20 15 33 30 31 30 45 45 44 41
5 8 6 9 17 19 16 21 33 28 27 32 40 42 44 40
9 7 9 5 15 19 18 20 30 32 27 30 40 43 42 44
7 6 5 6 21 18 15 15 31 32 31 33 40 40 39 42
6 8 5 8 20 15 17 21 30 30 30 29 44 41 42 41
7 7 4 8 15 16 18 20 33 32 30 32 40 43 42 45
9 4 7 8 20 18 18 21 27 31 32 33 41 42 39 43
51 57 57 55 63 65 67 64 75 80 77 79 90 90 90 91
55 57 57 51 69 68 69 68 75 78 76 80 93 92 90 92
52 54 56 56 63 68 63 69 81 77 79 81 93 89 90 88
56 51 57 55 68 68 67 69 75 75 79 79 93 87 93 91
51 56 51 55 69 63 67 64 76 76 75 79 88 87 90 90
54 57 53 53 67 69 63 66 77 81 81 81 87 92 90 90
54 52 54 53 69 63 64 65 78 77 75 76 88 90 91 88
