0 0 0 0 1 1 1 1 2 2 2 2 3 3 3 3
0 0 0 0 1 1 1 1 2 2 2 2 3 3 3 3
0 0 0 0 1 1 1 1 2 2 2 2 3 3 3 3
0 0 0 0 1 1 1 1 2 2 2 2 3 3 3 3
0 0 0 0 1 1 1 1 2 2 2 2 3 3 3 3
0 0 0 0 1 1 1 1 2 2 2 2 3 3 3 3
0 0 0 0 1 1 1 1 2 2 2 2 3 3 3 3
0 0 0 0 1 1 1 1 2 2 2 2 3 3 3 3
0 0 0 0 1 1 1 1 2 2 2 2 3 3 3 3
4 4 4 4 5 5 5 5 6 6 6 6 7 7 7 7
4 4 4 4 5 5 5 5 6 6 6 6 7 7 7 7
4 4 4 4 5 5 5 5 6 6 6 6 7 7 7 7
4 4 4 4 5 5 5 5 6 6 6 6 7 7 7 7
4 4 4 4 5 5 5 5 6 6 6 6 7 7 7 7
4 4 4 4 5 5 5 5 6 6 6 6 7 7 7 7
4 4 4 4 5 5 5 5 6 6 6 6 7 7 7 7
7 8 7 9 18 20 19 17 32 32 31 27 44 41 44 41
3 6 4 6 21 15 20 19 27 30 32 30 39 41 40 41
9 7 6 7 21 16 18 17 33 33 30 28 41 43 45 41
5 5 4 3 20 19 19 15 28 32 31 30 43 40 42 44
7 4 6 6 18 21 21 17 30 28 29 30 39 41 45 44
3 6 9 6 19 20 18 20 32 27 32 32 39 44 39 43
9 7 6 4 21 19 21 17 33 33 32 27 39 39 39 40
4 8 7 9 18 16 15 17 32 33 33 30 40 39 43 40
5 8 5 7 21 17 16 19 27 27 28 32 39 45 41 40
52 53 53 57 66 68 68 67 79 79 77 75 93 89 88 93
54 57 54 57 64 65 67 67 79 78 80 80 88 90 87 91
52 56 56 51 63 65 67 63 76 80 77 81 91 90 87 90
56 51 54 51 64 65 63 69 78 80 81 75 89 87 92 89
52 54 54 51 63 69 68 66 78 78 76 75 92 93 90 89
56 56 53 56 68 69 67 67 78 76 80 78 92 92 93 87
51 51 51 52 65 64 65 65 76 75 76 76 87 92 93 88
