0 0 0 0 1 1 1 1 2 2 2 2 3 3 3 3
0 0 0 0 1 1 1 1 2 2 2 2 3 3 3 3
0 0 0 0 1 1 1 1 2 2 2 2 3 3 3 3
0 0 0 0 1 1 1 1 2 2 2 2 3 3 3 3
0 0 0 0 1 1 1 1 2 2 2 2 3 3 3 3
0 0 0 0 1 1 1 1 2 2 2 2 3 3 3 3
0 0 0 0 1 1 1 1 2 2 2 2 3 3 3 3
0 0 0 0 1 1 1 1 2 2 2 2 3 3 3 3
0 0 0 0 1 1 1 1 2 2 2 2 3 3 3 3
4 4 4 4 5 5 5 5 6 6 6 6 7 7 7 7
4 4 4 4 5 5 5 5 6 6 6 6 7 7 7 7
4 4 4 4 5 5 5 5 6 6 6 6 7 7 7 7
4 4 4 4 5 5 5 5 6 6 6 6 7 7 7 7
4 4 4 4 5 5 5 5 6 6 6 6 7 7 7 7
4 4 4 4 5 5 5 5 6 6 6 6 7 7 7 7
4 4 4 4 5 5 5 5 6 6 6 6 7 7 7 7
9 7 7 9 16 16 16 19 27 30 28 27 42 39 40 42
5 8 8 9 18 17 16 15 31 33 33 28 40 45 44 42
7 3 4 3 18 18 15 21 28 28 28 31 43 45 44 40
3 6 5 7 20 15 20 18 28 31 28 28 44 44 41 40
5 5 7 6 19 20 16 20 28 32 28 28 41 44 45 40
6 9 9 4 15 21 18 19 32 33 28 27 43 42 45 45
5 6 7 4 17 18 18 17 27 31 28 30 44 43 41 39
6 5 4 9 21 18 21 20 27 29 33 31 39 39 41 41
5 5 3 7 20 18 15 17 31 31 30 30 44 44 42 40
54 51 55 57 68 66 64 67 81 80 79 78 88 92 87 92
54 57 51 54 65 67 64 69 75 76 76 77 91 89 89 92
53 51 56 55 65 64 68 63 75 79 77 79 92 88 92 92
56 56 51 51 64 66 63 65 78 79 80 76 91 93 91 89
53 55 55 51 68 63 64 66 76 76 81 76 90 93 91 90
57 52 57 56 64 67 67 65 79 75 77 77 91 87 87 88
57 51 53 53 69 66 66 64 79 81 81 76 92 91 88 89
