0 0 0 0 1 1 1 1 2 2 2 2 3 3 3 3
0 0 0 0 1 1 1 1 2 2 2 2 3 3 3 3
0 0 0 0 1 1 1 1 2 2 2 2 3 3 3 3
0 0 0 0 1 1 1 1 2 2 2 2 3 3 3 3
0 0 0 0 1 1 1 1 2 2 2 2 3 3 3 3
0 0 0 0 1 1 1 1 2 2 2 2 3 3 3 3
0 0 0 0 1 1 1 1 2 2 2 2 3 3 3 3
0 0 0 0 1 1 1 1 2 2 2 2 3 3 3 3
0 0 0 0 1 1 1 1 2 2 2 2 3 3 3 3
4 4 4 4 5 5 5 5 6 6 6 6 7 7 7 7
4 4 4 4 5 5 5 5 6 6 6 6 7 7 7 7
4 4 4 4 5 5 5 5 6 6 6 6 7 7 7 7
4 4 4 4 5 5 5 5 6 6 6 6 7 7 7 7
4 4 4 4 5 5 5 5 6 6 6 6 7 7 7 7
4 4 4 4 5 5 5 5 6 6 6 6 7 7 7 7
4 4 4 4 5 5 5 5 6 6 6 6 7 7 7 7
6 8 4 4 18 21 21 20 31 30 27 32 39 40 42 39
7 3 8 3 19 16 16 18 30 32 28 28 42 40 40 45
6 3 8 9 19 17 17 20 32 28 29 30 39 42 40 39
5 7 9 5 16 19 17 18 32 29 27 29 44 43 43 43
5 4 6 4 15 16 21 20 33 32 30 31 42 45 41 39
6 6 6 9 19 17 21 17 27 27 28 32 41 42 44 43
9 7 4 8 17 17 16 15 32 30 28 30 39 45 39 44
3 8 3 8 17 19 16 16 28 29 28 28 42 45 45 43
3 5 5 9 15 17 15 19 29 29 31 32 44 42 39 41
56 54 53 55 65 64 69 65 79 76 75 77 87 88 91 91
53 54 56 57 63 69 65 64 75 79 78 79 88 91 93 88
51 57 57 57 66 69 64 66 81 77 81 80 88 91 93 93
55 55 51 55 63 64 66 64 79 78 75 79 90 91 90 88
57 52 52 56 68 69 67 64 78 75 80 76 90 91 90 87
55 56 54 57 68 67 63 69 81 79 79 77 93 89 90 89
51 52 55 57 64 63 63 64 78 81 76 77 93 89 90 90
