0 7 2 3 1 3 3 1 3 2
6 1 2 3 1 3 3 6 5 0
0 0 4 0 4 5 7 6 1 5
5 7 2 3 4 6 3 5 6 3
5 7 2 4 2 1 4 6 6 4
6 3 4 6 6 1 0 1 4 5
5 1 6 2 5 0 3 6 6 4
5 4 4 1 0 4 0 4 5 7
2 4 4 3 2 2 2 6 7 6
5 6 4 6 2 5 7 2 0 1
3 5 7 3 3 6 7 2 3 7
6 5 4 0 6 3 5 1 1 2
4 2 2 5 3 1 3 2 7 3
1 4 0 3 0 5 2 4 5 4
0 6 6 0 6 4 6 4 4 3
5 7 3 6 5 4 7 0 0 4
4 0 5 3 2 2 2 1 5 6
1 5 5 6 5 2 1 6 1 5
4 2 2 7 2 7 3 1 1 5
3 4 2 6 0 6 3 5 7 5
6 7 5 3 5 0 4 4 3 4
1 7 6 2 0 0 7 4 1 4
5 1 5 5 7 4 7 7 7 4
0 0 5 1 3 5 4 3 1 6
3 0 5 6 6 2 7 2 3 7
2 5 5 5 6 0 2 3 5 7
0 7 5 4 7 6 6 1 0 7
1 6 6 4 6 3 3 0 2 6
6 4 5 2 3 4 5 6 7 5
7 2 6 5 3 3 7 1 2 3
0 1 5 0 3 2 7 6 0 6
3 1 0 5 0 3 4 1 7 1
2 2 7 2 2 6 0 6 5 6
5 7 2 2 4 0 5 0 5 0
1 7 6 5 7 3 2 0 5 3
7 0 4 4 2 1 7 1 2 7
2 4 6 2 7 6 7 1 0 6
7 1 2 7 2 0 4 5 7 6
4 1 4 2 4 3 3 6 5 7
2 5 4 2 7 1 4 7 1 2
1 5 5 2 7 6 0 0 4 0
2 3 3 0 3 2 7 1 2 6
0 0 1 5 5 2 5 5 0 6
6 2 7 0 6 5 1 1 5 3
1 4 0 5 7 7 6 3 3 5
5 2 1 7 6 2 2 6 3 5
6 7 5 2 1 1 1 6 0 3
5 0 6 4 0 7 5 5 3 2
3 3 7 4 5 2 1 5 6 3
0 0 7 1 4 5 3 4 7 4
5 2 6 5 7 6 6 5 1 7
3 3 1 2 0 6 0 1 1 5
1 6 2 2 0 3 4 6 5 0
6 7 2 5 5 7 4 4 5 6
6 3 0 4 2 5 0 5 4 3
5 4 6 3 2 7 1 5 7 7
5 1 6 5 5 2 4 7 7 3
6 3 2 1 0 2 7 3 1 2
6 3 6 4 1 6 7 0 5 6
2 7 2 2 2 6 5 4 5 7
4 6 4 3 0 3 3 5 0 7
5 4 3 6 6 0 4 2 2 1
3 6 5 7 7 0 6 1 0 4
4 1 3 1 1 5 4 2 7 4
4 3 4 0 5 6 1 5 1 6
7 7 5 0 3 3 0 7 5 5
5 2 5 2 1 6 3 1 0 5
4 1 1 3 3 5 7 1 6 6
4 6 1 4 7 3 4 6 1 1
5 6 0 1 5 3 6 4 4 4
7 3 2 5 5 4 2 3 3 4
4 5 5 1 0 1 2 3 6 3
3 0 2 6 4 0 7 2 1 6
5 7 3 0 1 6 4 7 2 7
2 4 3 1 0 2 2 0 7 7
3 4 7 1 3 6 5 2 7 5
7 4 0 7 4 3 4 6 1 7
7 7 4 1 6 5 6 6 6 1
1 7 5 7 7 5 5 1 5 2
6 1 3 7 2 1 6 6 2 6
5 3 6 1 7 4 2 6 4 5
1 0 2 5 3 5 3 7 6 4
0 5 2 6 0 4 6 4 0 4
6 3 5 5 0 6 6 4 4 7
4 1 7 4 4 7 6 0 1 3
0 5 1 7 0 2 0 0 3 7
2 5 0 6 2 6 3 1 2 1
3 1 3 2 2 5 0 5 3 0
6 4 0 2 2 5 6 2 5 4
3 1 5 2 1 4 0 5 1 7
7 0 3 2 1 6 0 3 2 1
4 5 4 5 6 4 2 1 4 7
2 2 0 3 6 7 1 1 4 5
7 5 5 7 4 4 3 1 5 7
5 6 0 1 6 3 6 3 2 4
5 6 3 1 3 1 4 7 0 0
4 5 3 3 5 7 2 0 0 3
2 6 5 2 4 1 2 2 7 5
3 0 4 6 0 5 1 2 7 3
5 7 6 7 3 1 3 1 2 3
7 87 29 43 20 40 43 18 41 29
81 15 28 41 20 42 45 80 63 8
5 3 57 5 55 66 91 77 18 64
65 92 29 39 57 75 41 63 75 44
65 91 32 54 32 21 54 76 80 56
76 45 55 81 79 18 7 19 52 65
63 15 77 29 63 4 44 76 76 52
63 55 57 16 8 53 4 52 64 87
30 57 56 39 33 32 33 81 88 80
63 75 51 78 33 64 92 30 8 15
43 69 88 45 45 81 88 27 45 88
75 63 51 4 80 40 67 21 16 32
56 29 31 65 39 17 42 29 91 42
16 57 3 39 7 63 32 55 66 53
5 79 81 6 81 56 76 51 53 43
65 87 41 80 63 53 87 3 5 57
52 9 68 40 30 27 33 19 69 78
21 68 66 80 68 31 20 79 17 66
52 31 29 87 31 92 39 16 19 63
40 57 31 78 5 81 39 64 88 64
75 93 65 40 68 5 54 53 39 54
20 87 81 29 8 7 93 52 20 53
64 21 65 67 92 51 87 90 91 51
3 4 63 17 44 66 54 41 18 78
43 6 67 76 80 31 93 28 43 90
29 67 64 64 81 5 27 45 65 87
3 93 68 56 90 79 80 20 5 92
15 77 81 53 81 45 39 3 32 81
77 51 66 32 41 56 66 80 90 69
89 30 75 68 44 44 87 18 30 40
9 17 65 3 40 28 88 80 8 75
41 21 6 68 5 45 52 21 90 17
31 30 91 33 32 77 3 81 66 79
66 92 28 33 53 6 64 4 63 7
20 89 80 68 91 42 30 4 66 43
89 5 57 53 31 21 87 15 30 93
29 51 75 27 92 78 90 18 7 80
91 21 32 90 30 6 52 68 93 78
56 15 54 31 57 44 43 80 69 92
32 68 56 33 93 15 55 87 21 31
17 68 68 28 92 79 5 6 51 4
30 39 43 3 42 28 88 20 31 81
4 9 17 66 66 27 69 69 6 81
81 33 92 8 77 63 21 17 64 44
15 53 5 66 91 92 76 39 43 64
63 32 17 91 81 31 29 77 41 63
76 87 64 33 19 15 19 79 3 42
63 9 81 55 6 92 63 65 45 28
40 44 89 54 69 27 18 66 78 40
9 6 91 17 52 67 40 52 92 53
64 31 80 68 88 75 79 64 15 91
41 45 20 33 6 79 6 20 21 63
15 78 31 30 5 45 57 78 67 7
77 90 30 68 64 87 57 55 66 76
79 41 6 56 33 65 8 69 54 41
66 57 76 39 31 88 19 69 93 93
67 20 76 65 65 29 53 89 88 42
81 41 27 16 7 31 90 44 16 32
79 45 75 52 21 77 88 4 68 79
32 91 29 29 31 79 64 54 68 91
57 81 51 39 4 45 42 69 7 93
64 56 45 77 76 9 55 27 32 16
42 81 69 88 87 9 77 19 4 56
55 20 39 17 20 68 53 33 92 53
52 39 52 6 68 76 21 63 21 78
91 87 65 6 39 40 7 87 69 64
69 31 69 27 16 80 43 20 7 64
57 17 20 45 42 63 93 18 78 80
56 78 15 53 89 43 57 77 15 15
65 76 8 19 69 45 77 56 55 56
88 44 30 68 63 51 27 42 39 52
54 66 63 18 8 15 33 40 78 45
45 8 29 76 55 3 91 29 16 75
68 92 44 6 21 81 57 91 33 90
32 56 43 17 8 32 33 6 92 87
41 51 88 19 43 77 69 27 89 64
91 51 7 93 51 43 57 77 17 92
93 90 51 15 81 63 79 78 77 21
20 87 63 91 92 63 65 20 66 33
78 20 42 91 27 15 79 79 32 78
67 39 80 20 90 57 31 79 56 68
19 9 31 64 39 68 42 87 77 57
3 65 28 75 6 57 76 53 9 56
78 40 69 64 5 76 76 53 55 88
54 20 92 55 55 87 77 4 20 42
9 69 19 93 5 30 3 3 41 91
32 69 8 78 31 80 41 21 27 19
45 21 45 27 30 65 9 68 44 7
81 57 7 28 27 67 75 30 69 56
43 16 63 27 19 56 3 68 19 88
89 7 42 29 16 78 6 39 31 16
52 68 51 63 79 57 33 18 55 89
29 30 3 43 77 87 19 17 51 67
89 68 67 87 51 57 44 20 65 92
66 80 4 16 76 42 75 45 29 56
65 81 43 16 41 15 56 90 5 5
54 63 39 44 68 89 28 3 5 39
28 77 68 27 55 18 29 28 93 66
45 3 52 76 9 63 21 30 89 44
66 87 78 90 41 17 40 16 31 41
