4 5 7 1 3 2 0 7 5 7 6 6 6 6 3 6
6 1 7 2 5 3 2 2 5 7 4 5 5 6 0 2
2 4 2 1 3 3 7 2 5 5 4 4 4 4 5 7
5 4 4 0 2 4 2 5 0 5 0 1 0 5 0 2
4 5 1 4 2 5 3 2 6 6 4 5 7 7 7 7
7 1 2 0 4 6 4 3 4 3 7 2 1 3 6 3
3 3 1 0 2 6 7 5 0 2 0 6 5 7 0 0
3 2 2 2 7 1 0 3 7 1 5 7 7 4 0 0
1 3 4 2 5 3 1 7 1 5 2 5 7 7 4 6
1 3 2 2 4 2 6 6 7 2 6 0 0 6 2 0
4 4 5 0 7 4 3 6 3 5 6 6 1 7 7 6
0 5 3 0 4 7 4 0 2 5 0 0 6 4 3 5
5 7 4 3 2 1 0 7 1 3 3 2 3 1 3 3
4 2 6 2 5 4 2 0 1 7 7 3 5 0 3 2
5 6 5 0 6 2 6 5 0 2 7 0 0 0 1 0
3 4 4 4 6 2 3 0 3 4 5 1 4 3 1 7
51 68 87 18 39 27 6 93 66 91 76 80 81 81 42 75
81 15 91 31 64 42 30 28 65 87 55 69 66 75 6 27
33 54 30 21 42 44 90 32 69 65 53 56 55 53 69 93
66 54 56 8 30 52 29 63 3 66 4 21 9 69 5 29
54 67 16 57 29 65 45 28 80 75 54 65 93 88 90 88
88 18 33 4 56 77 52 43 51 41 89 28 21 45 79 44
39 43 17 6 29 75 90 68 8 33 6 79 67 90 5 8
41 28 31 30 87 19 5 42 87 21 66 93 91 53 5 5
20 41 54 31 67 40 18 88 21 63 29 68 92 88 53 79
20 40 31 29 55 29 77 80 89 31 78 8 6 78 27 9
54 54 68 6 87 55 41 77 45 65 78 78 16 89 93 80
4 68 40 9 54 91 52 5 30 64 6 4 80 51 40 65
66 90 57 41 32 15 4 89 21 41 43 33 44 15 39 44
52 31 79 30 65 51 32 3 15 88 89 44 63 3 45 32
67 78 64 4 76 32 76 67 5 32 90 8 5 8 21 7
42 55 51 55 76 27 43 5 45 56 66 19 55 45 18 93
