7 1 1 6 3 5 3 0 1 5 3 5 0 2 7 1
7 1 6 2 3 0 7 7 0 7 0 7 4 0 2 3
2 3 2 3 6 6 2 0 6 0 6 3 7 6 7 5
6 1 3 0 5 5 6 5 5 0 6 5 0 5 4 5
7 5 6 7 6 7 6 1 6 6 0 4 5 2 5 1
1 1 2 0 3 7 2 5 5 3 7 4 2 2 0 6
3 4 1 3 5 5 3 3 2 7 5 6 2 5 1 7
7 6 4 3 7 4 3 5 7 5 0 3 5 3 2 3
0 6 0 5 2 6 6 3 4 0 2 3 7 7 4 0
6 0 2 1 0 0 4 2 5 7 7 4 1 5 2 4
7 0 4 3 6 3 2 4 1 1 2 3 2 3 5 0
7 0 1 3 5 2 2 1 7 3 5 5 6 2 3 0
1 6 4 6 6 3 5 2 6 1 2 4 3 2 2 3
4 2 2 6 1 3 5 1 3 5 0 5 6 6 2 6
6 1 6 5 1 5 5 2 4 3 2 6 2 7 4 7
5 5 2 1 4 7 0 2 1 3 3 6 4 0 2 5
88 20 21 77 45 63 42 7 21 68 41 64 8 27 92 20
93 18 80 31 40 3 87 90 4 88 9 93 55 9 28 43
33 44 27 44 77 78 29 9 77 3 78 44 87 81 89 65
80 21 41 5 64 68 81 64 66 7 77 67 9 66 54 68
87 66 79 91 81 92 81 18 78 79 7 54 64 33 64 18
18 19 33 5 39 92 30 63 68 43 91 51 31 32 4 79
40 52 21 42 67 67 45 43 33 92 68 78 30 63 21 91
93 81 52 41 91 54 42 69 90 63 3 41 64 43 30 39
7 78 4 66 27 77 77 43 53 7 29 43 87 92 56 3
80 9 32 20 8 9 55 27 63 92 92 52 19 63 32 54
90 4 54 39 80 44 28 54 16 16 33 43 27 44 67 8
91 6 21 39 64 32 30 17 89 40 66 63 78 31 39 8
19 77 54 79 79 40 64 30 75 18 30 53 42 33 30 45
51 32 31 77 20 40 66 18 43 64 5 69 81 76 29 79
77 16 75 66 15 69 64 33 52 42 33 79 28 93 55 93
65 68 30 20 53 93 5 33 20 43 39 77 52 3 33 67
