3 4 5 2 4 1 3 5 1 6 7 1 0 5 1 7
3 3 6 6 0 0 0 4 5 2 5 3 7 4 0 5
5 0 5 2 5 5 5 4 7 1 6 4 4 1 3 1
6 3 1 5 5 3 0 7 0 2 5 0 4 0 0 1
4 3 6 1 3 6 1 3 6 7 7 0 6 0 2 4
1 4 3 3 0 4 6 0 1 7 3 6 7 5 3 4
7 1 2 6 1 2 4 1 3 0 0 6 2 5 5 3
2 6 0 1 4 6 7 1 7 3 5 4 3 5 3 0
7 1 7 2 2 7 0 1 6 5 4 2 0 0 2 0
5 1 3 0 6 1 3 0 5 0 0 6 7 0 0 2
7 3 4 4 0 0 6 1 7 4 1 5 7 6 6 5
2 6 1 7 3 5 0 3 1 6 3 3 1 1 5 4
7 6 5 6 7 0 0 7 2 1 1 3 1 5 6 4
5 3 2 0 1 4 4 6 6 6 4 4 6 5 7 0
1 0 0 3 1 5 5 5 6 2 1 0 0 5 6 2
2 1 4 3 0 2 0 3 0 4 6 0 4 4 3 1
43 53 69 29 55 19 43 69 17 77 93 17 3 64 20 88
45 45 76 81 6 6 3 57 66 30 69 41 87 55 5 65
63 5 65 29 65 67 68 52 87 20 80 51 54 21 43 19
77 41 17 67 66 44 6 91 9 30 64 4 55 4 3 19
56 42 75 19 39 75 19 45 76 89 92 7 81 5 33 57
15 56 39 40 5 56 75 8 17 93 42 79 90 68 40 55
92 16 29 80 16 33 53 17 42 7 6 80 27 69 68 41
28 81 4 18 55 80 91 18 91 44 69 55 41 69 42 3
87 17 88 31 33 93 3 19 79 69 56 33 5 4 31 3
65 16 45 6 79 17 44 9 66 4 9 81 93 9 6 28
89 45 54 57 9 4 80 18 89 56 18 67 93 77 75 68
29 80 19 90 41 65 7 42 16 78 40 40 16 15 65 54
87 76 69 81 89 6 3 87 27 21 19 40 16 68 78 57
69 40 28 8 16 54 52 79 75 76 57 55 76 66 92 8
15 9 3 40 15 63 68 64 78 27 19 9 8 65 78 31
30 18 51 42 3 31 6 42 3 55 75 8 56 54 42 17
