7 7 3 3 4 6 3 2 1 1 0 6 2 0 6 3
2 2 7 1 4 6 3 4 0 3 4 4 4 3 4 4
0 3 6 4 1 5 6 6 7 0 6 4 7 7 2 1
0 4 0 0 3 5 6 2 7 6 1 3 4 2 0 1
2 2 4 7 1 1 4 6 5 6 6 3 2 4 0 7
5 6 6 0 7 5 2 1 4 2 0 2 2 1 1 1
6 0 7 1 0 5 1 1 4 3 7 3 2 7 1 1
0 6 0 2 4 3 3 6 3 5 6 4 1 0 7 0
4 2 2 5 5 5 5 2 1 6 7 1 3 4 6 6
1 2 7 7 1 3 4 7 4 1 4 3 2 7 4 3
5 6 2 0 4 3 0 2 0 4 0 1 7 0 2 0
7 2 4 6 6 5 1 6 4 5 7 4 0 3 7 1
1 4 4 0 6 5 6 1 1 3 4 6 2 0 0 5
6 1 2 3 3 3 7 2 4 1 4 3 0 5 6 1
3 6 3 5 0 7 0 4 1 5 2 7 2 6 6 2
2 3 1 3 7 5 4 0 4 2 4 5 4 6 4 4
93 89 41 39 51 77 41 30 16 19 9 78 29 3 78 45
31 29 90 16 57 80 43 55 3 39 51 56 57 45 55 57
8 42 76 56 19 66 81 76 89 8 76 53 87 87 28 15
4 52 4 7 39 67 75 30 91 78 21 42 52 28 7 15
28 28 52 91 19 15 55 75 65 80 78 44 29 57 7 88
66 77 81 9 87 65 28 20 52 30 8 33 32 16 18 17
76 4 91 20 9 67 15 17 57 43 87 45 33 88 21 16
6 75 3 31 54 40 40 76 42 66 78 57 21 9 90 4
52 31 32 63 63 63 65 32 20 79 93 16 44 57 81 75
18 32 88 88 16 42 54 89 52 17 57 40 31 93 55 43
63 80 33 5 54 42 7 30 8 54 5 21 90 5 31 3
93 29 56 76 75 67 17 81 52 69 91 54 5 44 92 15
20 54 56 9 75 63 80 18 16 43 55 81 30 6 3 63
77 19 31 40 43 40 92 33 52 21 51 41 8 69 78 19
41 81 44 68 7 91 5 55 18 65 33 92 30 76 79 32
28 41 16 43 91 65 52 5 53 27 52 69 53 79 54 52
