6 5 5 4 4 7 7 1 7 6
6 4 6 5 0 4 4 4 0 0
4 6 1 5 2 2 7 4 5 2
3 5 4 4 4 0 7 1 3 4
3 4 0 1 3 6 0 6 1 6
4 6 1 6 7 0 1 0 6 1
1 5 5 6 5 3 2 7 3 4
2 2 5 1 0 2 0 4 6 4
1 0 2 0 3 5 5 7 7 3
0 5 4 0 3 4 4 2 7 2
4 3 3 7 0 3 5 3 4 4
6 0 5 3 4 2 5 0 6 4
2 1 2 7 4 1 1 6 1 3
7 1 7 3 0 6 0 3 1 5
2 6 0 7 0 5 4 3 5 7
5 4 1 0 5 5 4 3 1 1
7 2 5 2 2 5 3 6 3 0
7 1 2 0 1 5 4 4 6 2
1 5 6 4 2 6 4 5 4 5
2 2 3 3 5 1 3 3 5 5
3 1 4 7 1 5 1 1 6 7
5 6 3 6 6 4 3 1 5 5
3 4 6 7 3 7 0 6 5 1
4 3 5 6 2 3 3 7 1 7
0 0 2 1 6 3 1 4 3 1
4 2 7 3 0 3 2 4 4 7
3 5 2 5 1 7 0 1 3 4
7 7 6 6 2 3 4 6 7 5
1 2 6 5 6 7 5 7 0 7
5 5 7 4 2 0 2 6 4 7
4 4 3 1 6 3 1 6 4 0
1 4 5 1 3 1 4 4 4 6
7 4 0 6 3 4 6 7 1 0
3 0 5 7 7 7 0 2 7 4
3 1 6 0 7 3 1 5 2 5
2 2 4 6 4 6 1 1 5 7
3 3 0 0 4 6 0 7 7 1
7 3 5 0 6 5 6 1 3 3
1 2 3 4 6 6 5 4 1 1
2 6 5 2 4 7 0 0 6 6
7 1 0 2 2 1 3 6 2 6
0 3 4 6 4 7 2 2 3 1
1 3 5 5 6 7 2 1 0 7
3 1 7 0 6 6 0 0 1 7
2 2 3 3 1 5 3 4 5 0
2 7 1 4 6 4 2 4 4 3
6 6 3 1 6 2 7 6 5 7
2 3 3 1 6 5 6 4 1 5
6 0 7 6 0 7 6 2 1 1
5 6 6 7 5 1 1 3 7 6
5 0 6 7 1 7 0 2 4 2
0 6 5 7 0 6 3 5 0 0
2 0 2 3 4 1 7 7 7 6
6 4 3 2 2 5 5 0 3 6
6 4 7 3 5 4 6 6 4 4
4 7 5 6 4 0 4 6 3 6
1 6 6 4 7 5 7 6 7 6
5 2 0 7 4 4 2 0 2 3
5 4 1 2 5 2 6 3 4 2
3 1 4 0 5 7 1 0 5 3
3 6 3 3 2 1 3 5 2 2
4 5 0 2 2 1 7 4 3 7
6 5 5 4 0 0 7 4 3 3
0 6 4 1 5 5 3 1 3 4
5 7 2 7 0 6 2 2 7 1
2 0 2 7 0 6 3 2 2 7
4 1 3 0 1 3 3 3 2 3
0 4 2 0 4 7 7 7 0 6
7 2 5 0 2 3 6 2 3 0
6 7 7 0 7 3 7 2 4 2
4 6 2 3 6 0 2 1 7 6
3 2 2 5 0 5 5 0 4 1
6 7 2 4 2 7 6 2 4 2
1 2 7 3 1 5 7 5 0 3
0 4 4 0 7 3 7 0 7 4
7 3 3 5 6 4 4 6 3 4
4 0 0 1 5 1 7 1 4 1
2 1 3 2 6 0 6 7 0 4
3 0 2 1 6 7 7 3 2 1
0 6 2 0 1 4 3 6 2 1
3 6 1 5 1 7 7 6 6 7
0 3 5 1 2 4 6 1 0 4
2 0 2 1 5 7 4 7 3 4
1 2 2 6 5 0 7 5 1 4
3 5 6 3 1 1 1 6 6 2
4 4 5 6 6 1 0 1 1 3
5 4 2 5 2 5 6 6 7 2
4 1 2 5 5 5 1 4 7 2
6 4 5 6 0 4 2 2 1 7
1 4 0 0 6 6 4 4 0 5
1 4 4 5 5 7 2 3 5 7
1 1 6 2 3 4 5 1 1 4
3 4 2 5 2 4 2 3 4 3
4 6 1 5 4 2 5 2 3 5
7 4 1 2 1 7 2 2 7 0
4 3 2 2 6 2 5 5 5 5
1 3 1 6 3 5 6 6 4 2
3 2 5 2 3 2 6 4 6 2
2 3 0 2 0 5 1 7 1 5
6 0 0 1 3 5 3 4 6 5
75 69 68 52 51 88 91 20 89 80
79 57 81 69 5 51 53 52 3 7
56 79 19 69 32 29 87 57 64 33
44 67 54 54 56 4 89 15 45 56
39 51 7 16 41 77 3 77 19 79
54 79 20 79 92 7 21 4 77 16
18 69 69 81 67 42 29 87 41 56
28 31 65 21 4 32 4 55 81 51
19 5 31 8 44 67 67 90 91 41
9 64 56 3 43 54 56 32 93 32
53 39 45 93 5 43 68 39 55 54
78 3 67 41 57 31 65 6 80 51
32 15 32 90 53 16 18 79 16 40
87 19 90 42 5 78 3 44 21 65
33 78 3 90 6 66 53 39 66 89
66 57 16 3 65 65 54 41 20 19
87 32 67 32 31 66 44 81 44 7
87 20 32 6 17 68 54 57 79 30
17 63 81 56 27 75 54 65 54 63
33 32 40 39 67 19 42 43 63 65
44 15 54 88 17 68 16 19 78 90
65 78 42 80 76 57 41 20 67 69
40 51 81 90 40 89 4 80 67 20
54 42 69 79 29 39 39 87 15 88
9 3 31 18 76 41 18 52 40 15
51 30 93 44 9 43 29 51 54 90
41 67 32 67 19 92 4 21 42 56
92 89 80 81 29 39 52 79 90 69
17 29 81 68 76 89 63 91 7 89
68 67 93 54 30 4 28 75 54 89
52 53 39 17 81 44 16 76 52 6
16 55 69 17 39 17 51 57 56 80
93 57 3 79 44 54 80 89 18 4
39 6 67 92 88 92 8 32 93 56
43 18 79 6 89 43 15 69 33 65
32 27 54 79 54 81 19 20 66 90
45 42 4 9 52 75 5 88 92 21
89 42 68 6 80 67 78 21 44 44
20 29 39 56 75 76 68 52 21 17
29 79 64 33 56 88 7 9 75 75
88 18 8 32 33 20 44 77 30 80
7 40 55 77 54 91 27 27 42 16
20 39 69 69 77 93 28 19 8 93
40 17 89 5 81 76 7 4 16 92
33 29 41 42 19 68 39 52 65 8
27 92 21 51 79 51 30 53 56 44
81 76 40 17 78 27 87 75 69 91
27 45 44 20 80 63 77 52 16 65
78 5 92 78 5 93 75 33 18 17
65 79 77 87 64 21 17 40 92 77
69 4 78 92 19 91 8 33 57 32
9 75 63 88 5 77 44 68 5 8
33 7 27 40 54 21 87 91 88 81
80 56 39 33 27 67 64 8 43 76
76 51 92 43 69 57 81 77 53 55
51 88 63 76 53 4 56 81 40 76
19 77 76 53 89 69 93 79 88 78
69 29 8 87 55 57 32 7 28 41
64 51 20 29 68 27 77 45 55 27
41 20 54 7 68 89 16 5 67 39
44 75 45 41 28 15 39 65 31 33
51 66 3 29 33 15 87 56 42 88
78 63 66 51 6 8 93 51 41 45
6 80 52 17 68 64 41 17 42 55
64 88 31 87 6 79 33 31 90 20
31 9 31 91 6 81 40 27 31 92
57 15 43 8 15 41 44 45 30 45
6 57 29 3 55 93 90 89 6 78
92 32 67 6 33 44 81 32 40 7
75 90 89 3 92 45 89 32 54 28
52 81 33 43 79 7 31 17 92 78
41 33 33 67 3 64 66 4 55 17
78 93 30 57 31 88 79 28 54 31
19 33 91 42 19 69 91 67 9 44
4 57 52 5 92 42 93 6 91 57
91 44 42 67 78 53 53 77 39 52
53 9 5 16 67 18 90 16 51 19
31 16 43 27 80 8 79 89 4 53
42 6 33 16 79 92 91 45 29 20
3 78 31 6 17 55 43 78 32 16
40 76 21 64 18 88 89 77 80 87
4 39 64 18 27 52 75 21 6 55
29 7 28 16 64 91 56 88 42 57
15 31 31 75 69 7 90 63 16 57
41 68 80 39 17 18 18 81 79 32
56 56 68 80 75 16 8 17 19 44
68 54 31 67 30 66 81 80 87 27
56 18 31 67 69 69 21 52 91 29
80 57 65 78 8 54 28 31 20 92
18 56 6 5 77 78 53 53 4 69
17 52 54 64 66 93 29 40 66 87
18 21 75 32 39 54 64 21 16 51
45 51 27 64 32 51 31 41 51 39
52 75 16 68 56 32 69 28 41 69
87 54 17 32 17 89 33 27 92 3
53 42 32 27 81 29 66 69 65 67
15 45 16 80 40 63 78 77 54 33
44 30 67 32 39 30 76 57 76 30
29 40 3 29 8 68 20 91 20 69
78 6 9 19 40 67 43 57 77 64
