1 5 1 0 7 3 6 5 7 0 4 2 5 4 1 0
4 0 1 4 4 6 0 4 1 6 4 1 1 7 2 3
7 5 5 3 7 4 3 0 1 4 2 4 5 3 4 2
3 7 4 7 3 6 3 6 2 5 6 1 3 0 5 3
0 4 1 5 7 7 6 6 0 1 2 7 4 5 3 3
3 0 4 7 4 2 4 2 0 1 4 6 7 0 7 6
0 1 5 7 3 0 1 4 4 2 3 0 6 6 4 4
1 5 0 1 0 3 6 4 3 0 5 7 3 6 2 4
4 1 7 7 5 5 2 0 0 4 2 4 5 2 7 1
1 5 7 7 6 1 0 2 4 3 2 4 5 2 0 0
0 2 7 6 0 4 0 2 2 2 3 2 2 7 1 3
0 0 2 2 1 4 0 3 4 1 1 0 7 6 0 3
7 0 3 0 1 6 7 1 6 7 1 0 6 6 5 2
3 1 0 7 0 3 1 6 1 5 1 0 0 3 3 5
5 5 2 6 0 2 2 4 3 5 3 6 5 4 5 5
0 6 6 0 0 2 5 2 1 5 7 7 7 5 5 6
19 67 19 7 89 41 80 65 89 9 51 31 66 53 20 9
56 5 17 54 57 75 9 55 20 78 53 20 21 93 30 40
89 63 63 42 91 52 44 7 18 57 30 51 65 39 57 33
42 91 55 87 39 77 45 79 33 69 79 20 43 6 67 42
3 52 16 63 87 88 76 81 6 19 32 91 53 65 42 44
40 8 56 89 57 27 53 30 8 16 55 76 88 9 91 76
9 21 65 90 39 5 17 56 51 31 44 3 78 75 57 56
16 69 4 15 6 41 76 54 44 3 65 91 39 78 27 54
53 16 89 93 65 69 33 4 8 52 29 55 63 33 92 17
16 68 89 92 80 19 3 28 53 40 27 54 67 27 4 9
7 30 90 76 3 54 3 30 33 31 43 33 33 92 18 42
5 9 28 30 15 53 9 42 51 20 18 4 90 77 5 41
88 4 39 5 20 78 90 15 81 91 19 3 75 76 66 30
41 20 9 89 4 43 16 76 21 64 17 4 5 45 42 63
64 65 29 77 8 32 31 57 43 65 39 78 69 53 64 64
5 78 80 7 6 31 69 32 19 64 92 92 91 63 63 75
