5 1 1 1 5 2 1 6 2 6
3 1 5 0 5 1 2 0 4 5
3 0 1 5 7 0 1 4 1 2
4 6 4 6 7 6 2 4 3 3
3 6 5 7 0 5 6 4 3 6
2 7 3 3 7 0 1 4 1 3
3 7 5 2 2 1 6 4 7 2
3 6 1 5 1 7 3 0 0 0
2 2 6 5 7 4 3 3 0 6
4 6 2 5 0 5 3 0 3 1
2 6 1 0 0 6 5 3 7 2
0 1 0 7 2 5 2 6 1 1
5 5 5 4 4 0 0 5 4 5
5 2 0 1 5 7 4 7 2 0
2 2 6 1 4 1 3 2 5 2
0 4 5 2 5 0 1 4 2 2
0 5 0 6 6 0 3 5 6 2
0 3 5 0 4 3 3 4 6 6
0 3 7 0 1 6 6 6 0 4
3 5 2 7 1 5 4 2 3 3
1 7 5 3 4 7 5 1 3 3
2 6 7 4 1 0 4 7 0 7
4 0 4 4 7 7 4 1 2 4
3 5 1 4 4 7 6 7 4 7
0 4 5 7 4 7 0 2 2 6
7 3 2 7 2 3 2 3 6 1
5 3 7 1 1 0 1 3 1 5
6 5 1 4 4 4 1 3 0 2
2 4 7 1 3 0 5 6 3 7
4 3 1 2 2 7 3 7 4 0
6 0 3 4 6 2 0 4 5 5
3 5 0 1 3 2 7 5 3 7
4 6 6 4 0 2 7 7 3 1
0 4 7 7 7 2 5 1 6 5
0 1 3 1 0 2 1 7 1 2
5 2 5 0 5 2 7 6 5 0
3 6 7 5 5 4 3 0 0 6
5 3 5 3 3 2 4 2 5 6
0 4 5 7 2 1 3 3 5 3
5 5 1 4 4 3 0 4 6 5
7 6 6 4 4 5 1 1 2 0
3 2 4 4 7 1 3 3 2 1
1 7 5 1 7 4 7 7 6 1
2 7 4 6 7 0 4 2 3 1
2 7 6 3 4 2 5 6 6 4
4 3 2 6 7 2 4 6 1 7
3 6 6 1 0 7 4 0 7 6
2 3 4 3 0 0 5 7 0 2
1 0 4 6 1 3 4 2 3 5
5 2 0 2 6 3 7 1 5 0
5 6 7 2 5 3 7 7 2 4
1 7 0 7 0 4 3 0 1 2
4 6 3 6 7 2 5 4 7 3
0 0 5 4 2 2 1 2 6 7
0 1 7 3 5 3 7 1 4 6
5 0 2 5 1 3 1 7 4 3
6 4 2 7 1 7 2 2 7 6
1 6 3 4 3 4 0 5 6 6
0 0 1 3 2 6 3 0 5 3
5 3 6 3 5 5 4 1 3 0
0 1 2 7 1 0 6 6 4 5
6 4 4 2 7 4 2 3 6 0
4 1 3 3 4 6 1 1 3 1
1 5 7 1 2 3 2 1 5 5
1 4 7 5 0 1 3 2 1 4
7 2 0 3 7 3 1 3 1 2
5 1 3 7 2 5 3 6 4 6
0 0 5 5 7 3 6 5 7 4
3 0 4 2 7 4 3 1 2 5
7 2 4 7 4 7 4 5 5 2
3 7 5 4 7 6 2 1 0 7
3 2 3 3 3 0 0 3 0 3
4 7 2 2 4 1 6 3 0 1
1 0 3 4 2 2 2 1 4 1
2 6 7 3 1 2 1 5 2 0
2 2 3 0 2 0 5 6 6 2
1 2 3 1 3 6 4 1 4 2
0 0 5 6 0 0 2 4 2 6
1 4 6 6 0 0 6 5 6 4
7 5 2 6 4 5 4 2 5 2
6 7 1 2 4 3 7 6 6 0
7 3 6 6 1 2 1 0 4 0
3 4 0 4 0 4 7 1 5 5
2 5 1 1 2 4 7 0 5 3
1 1 4 5 2 3 2 7 7 5
4 0 3 4 0 5 4 2 0 5
4 1 6 5 3 2 3 5 6 6
6 2 7 0 0 1 4 6 4 3
0 5 4 6 5 3 2 6 0 5
2 5 7 2 2 6 3 3 2 6
3 2 1 0 3 7 5 2 4 7
4 1 4 0 4 6 1 3 3 5
7 5 2 3 2 4 3 0 6 3
2 4 4 3 2 0 7 6 6 5
3 5 4 0 6 1 4 2 7 2
0 1 2 5 6 5 1 2 5 4
0 7 5 2 3 6 1 5 5 2
2 6 0 1 6 2 1 3 1 1
4 1 7 3 6 2 0 0 5 6
5 1 2 4 5 0 4 0 7 2
67 19 20 20 64 32 15 80 29 79
42 17 69 8 68 15 30 3 54 67
40 6 18 68 87 9 18 54 16 28
57 77 55 76 87 75 32 57 42 42
44 78 63 91 5 69 75 54 39 80
27 91 39 44 91 5 17 55 21 45
43 91 64 27 28 16 80 55 91 28
41 78 18 69 17 93 40 6 9 7
28 33 80 63 87 52 45 43 3 78
54 78 32 67 5 68 43 9 40 17
27 75 15 7 8 79 63 40 93 28
8 16 6 91 28 64 30 77 15 20
67 63 66 51 54 5 5 65 52 66
68 30 3 15 63 91 54 89 29 7
27 33 80 18 57 21 44 33 65 32
9 54 63 32 63 8 15 51 27 31
9 67 5 75 78 7 40 68 76 31
8 44 66 6 55 44 44 53 80 80
9 45 93 3 20 76 77 77 7 53
39 65 27 87 20 66 55 28 41 44
19 91 63 43 53 89 63 17 45 44
27 81 87 54 17 4 57 88 4 92
56 3 51 57 89 92 54 15 27 55
39 63 18 54 56 89 79 92 51 91
8 54 67 90 56 92 3 31 30 79
91 43 28 90 28 45 29 39 75 21
63 39 90 16 17 6 17 41 15 69
78 69 21 55 55 53 17 44 6 30
28 56 88 21 41 6 66 79 40 87
51 43 17 27 33 89 45 88 53 6
79 5 41 51 80 32 4 51 66 66
42 64 5 19 45 32 92 66 43 89
55 77 75 52 3 29 89 92 39 21
3 51 89 90 92 30 66 18 79 69
7 17 43 21 6 33 16 92 20 27
63 27 64 6 64 30 90 79 69 7
42 80 89 69 65 51 42 7 4 76
68 45 68 42 41 32 54 31 65 81
4 56 68 89 28 20 39 43 65 45
68 67 17 53 56 43 9 51 79 63
90 79 80 53 54 63 17 19 30 7
45 28 51 57 87 17 39 40 29 16
21 88 63 17 89 52 91 91 80 21
33 93 53 76 93 3 55 27 42 20
33 93 77 43 53 32 65 80 77 53
51 44 32 78 91 31 57 77 21 92
40 80 78 15 6 90 51 9 91 77
29 44 56 43 9 8 69 87 7 29
16 8 52 77 20 44 51 29 44 63
67 33 5 27 76 41 88 15 69 7
63 77 88 29 69 45 90 92 29 57
15 87 4 92 3 56 44 7 19 31
56 78 43 77 89 28 67 52 87 41
6 9 63 55 29 28 20 33 79 88
7 19 88 45 65 42 90 15 54 81
64 8 28 63 21 44 20 92 51 42
80 52 27 93 15 87 31 28 87 77
15 75 41 53 43 53 4 63 78 80
8 3 17 42 30 75 43 4 68 42
69 45 76 41 65 66 54 15 42 4
3 16 28 88 20 3 75 75 55 68
77 56 56 27 87 55 32 44 75 4
51 16 41 39 53 79 17 20 40 18
21 63 91 18 27 44 30 16 64 63
16 57 93 68 3 21 40 31 15 57
91 33 9 40 93 40 21 41 19 28
63 16 42 91 32 69 45 78 53 79
6 3 65 63 93 39 80 68 89 56
45 4 52 31 92 51 44 19 29 68
88 31 53 89 54 92 51 66 65 29
39 93 65 57 90 81 30 21 6 90
43 32 42 42 45 3 5 44 4 40
55 92 33 28 51 16 77 39 8 16
18 3 45 51 28 28 30 18 57 20
27 80 92 40 19 27 16 68 30 7
33 32 42 7 29 5 64 75 80 31
20 31 43 16 41 81 55 17 55 31
6 8 65 75 4 8 33 56 29 77
15 53 80 79 8 6 75 63 78 51
87 64 32 79 51 66 54 31 65 29
77 91 18 27 52 39 87 77 77 6
87 44 79 80 18 28 19 6 57 3
45 55 6 54 3 56 88 21 67 68
33 69 21 16 32 55 88 7 69 45
21 15 55 63 29 42 28 93 91 66
55 8 39 51 5 66 52 28 6 67
56 16 81 68 44 28 43 68 78 79
77 30 93 9 5 20 55 80 51 39
4 67 57 80 66 45 32 79 4 69
32 63 92 28 31 79 45 40 31 81
40 31 20 8 41 91 66 28 54 88
52 18 51 3 56 75 16 42 39 68
91 64 32 40 33 54 44 3 78 41
31 54 54 41 33 7 90 81 76 63
41 66 52 8 80 17 54 28 91 28
8 19 27 64 75 66 21 29 63 53
8 92 64 33 39 78 19 67 66 27
33 77 9 16 79 33 19 39 20 18
54 19 91 42 75 32 5 8 65 75
64 20 29 55 64 4 55 3 93 32
