5 0 4 2 1 6 0 7 0 6 3 3 3 5 4 2
2 5 6 1 7 4 0 7 7 6 0 3 0 1 4 7
6 3 2 2 3 2 4 0 7 3 0 4 0 0 7 0
4 2 0 7 3 7 6 5 3 6 3 3 3 4 7 4
1 6 1 0 5 1 1 0 0 0 2 7 3 2 2 5
4 5 2 0 7 0 4 6 1 4 2 0 1 1 0 2
3 4 6 4 1 7 7 4 6 7 4 6 7 0 7 3
0 1 6 6 2 7 2 5 0 4 1 6 2 4 0 1
2 0 7 6 6 0 5 0 4 2 7 2 0 5 4 7
5 1 6 7 5 7 3 3 1 2 4 0 5 2 1 5
0 1 3 2 3 1 3 7 1 2 6 4 5 0 5 7
3 6 3 2 7 5 1 5 2 1 1 6 5 4 6 3
6 4 2 4 2 7 4 3 1 5 2 1 7 2 3 2
1 5 4 1 3 4 0 1 6 3 1 3 1 5 7 1
7 3 5 7 3 7 5 6 3 4 7 5 1 7 5 7
7 4 6 2 1 2 5 1 5 5 7 3 2 6 7 2
65 8 53 27 16 78 9 93 7 79 41 40 42 68 56 28
27 63 78 19 90 56 4 87 92 77 8 45 9 19 56 92
80 43 28 27 45 28 57 4 87 41 5 51 6 8 87 6
57 32 3 88 41 91 80 67 44 80 43 39 40 54 92 52
15 76 16 4 64 17 21 8 5 5 33 93 45 31 33 65
52 65 31 3 88 9 56 79 18 52 30 8 17 20 5 32
42 54 80 57 15 93 91 55 75 92 52 79 89 6 92 44
3 18 76 80 30 91 27 65 7 54 16 76 28 52 7 15
33 5 93 80 75 4 68 8 54 28 91 30 7 63 54 93
65 20 77 87 66 92 44 39 20 30 51 8 68 28 15 68
8 17 42 29 44 17 40 92 17 28 76 52 67 5 68 89
42 77 39 29 92 66 15 65 33 16 16 78 65 56 78 45
81 53 27 56 30 88 56 40 19 69 31 17 87 31 42 32
15 66 53 21 39 56 9 15 81 41 20 42 18 67 91 16
89 39 66 92 44 88 67 78 41 56 87 64 20 92 64 89
87 51 77 27 16 27 64 21 65 63 90 40 30 77 88 28
