5 2 3 5 2 3 7 1 6 6
5 2 0 0 2 1 4 1 2 4
5 6 4 5 2 2 6 3 2 6
1 7 7 4 7 3 0 7 0 7
1 7 7 3 7 0 1 2 4 3
0 5 4 1 3 1 4 7 0 6
2 0 6 0 4 4 1 1 4 2
5 3 7 7 1 3 3 7 2 2
5 4 4 4 0 4 4 7 5 5
0 4 2 5 0 3 1 1 3 0
6 3 0 2 3 3 1 2 1 3
6 1 3 0 0 3 7 4 4 5
2 7 5 5 6 0 4 4 1 3
5 2 7 5 6 0 1 6 2 3
0 0 4 3 7 0 0 7 0 5
2 0 1 3 0 7 3 3 6 4
6 1 7 2 3 2 3 7 2 5
0 7 3 5 1 5 1 3 2 3
4 0 6 0 2 6 4 7 1 6
2 0 4 1 6 3 7 4 0 2
6 3 5 0 6 7 5 6 1 5
3 7 3 2 0 2 3 6 0 2
0 1 5 5 7 5 3 1 4 3
7 7 5 2 2 5 6 2 0 4
1 3 7 3 6 3 4 4 5 7
3 7 6 5 1 6 5 2 2 1
1 4 5 1 3 5 4 6 4 3
2 0 7 3 3 2 1 0 1 7
3 1 6 6 0 6 3 3 4 7
5 7 3 3 2 1 1 2 4 3
5 7 2 1 0 2 0 5 7 2
5 4 6 6 0 1 5 5 0 2
4 2 0 5 5 6 2 7 0 3
0 6 0 5 5 0 2 1 4 6
2 4 5 0 0 0 2 1 0 7
3 4 7 6 0 2 4 5 4 0
7 5 4 6 2 3 6 5 4 4
2 0 3 5 5 7 1 7 5 4
4 5 0 5 3 7 1 1 3 4
0 2 1 1 6 4 2 6 1 4
1 5 1 7 6 7 1 2 1 1
5 2 5 1 3 2 0 3 0 4
6 1 7 1 7 3 3 0 0 0
7 3 1 5 7 7 4 2 0 6
7 5 1 3 6 4 7 0 4 5
3 1 3 6 1 3 4 5 2 2
5 7 1 5 6 7 5 2 6 2
1 3 5 1 7 0 2 6 5 0
3 0 5 5 2 0 0 2 1 3
1 3 7 0 6 3 4 7 0 7
6 6 3 0 7 0 4 4 5 5
0 0 5 1 6 2 3 4 5 6
5 6 6 0 1 5 3 2 5 0
6 1 4 6 6 3 2 1 0 3
0 5 3 0 4 3 1 4 5 1
6 6 4 6 6 6 0 0 5 0
2 5 6 7 3 7 4 3 2 0
1 4 2 0 6 3 1 2 3 2
6 5 1 1 1 2 5 2 6 0
2 3 6 4 2 1 4 2 3 0
4 4 1 0 6 4 0 5 4 2
0 0 0 7 0 3 1 3 5 5
3 3 3 4 1 5 7 0 1 3
6 1 4 4 3 3 4 6 3 6
0 0 0 3 3 1 1 5 4 1
0 3 5 0 5 4 7 1 3 6
1 6 4 4 7 4 7 7 2 7
5 3 1 7 5 7 4 0 7 1
2 5 0 5 3 1 4 3 3 1
1 7 3 3 2 5 7 3 5 5
0 0 6 4 6 0 3 1 7 4
5 3 2 7 7 2 4 5 2 3
6 1 0 5 1 2 2 1 7 4
4 7 1 2 2 0 4 3 5 4
2 6 7 4 1 6 2 5 5 6
4 2 6 6 6 4 5 0 6 5
0 7 7 7 3 7 3 2 1 4
4 3 3 2 3 2 3 7 2 5
5 7 0 1 7 7 6 7 7 1
6 2 7 0 5 3 3 1 5 6
7 4 7 3 7 3 6 4 5 4
2 2 5 7 7 3 3 6 6 3
0 3 3 3 1 0 7 6 5 0
0 5 2 1 5 5 5 7 5 4
4 1 6 1 7 1 5 4 7 6
3 6 1 0 0 6 0 6 6 2
0 1 2 2 3 7 7 6 4 2
6 1 7 6 5 5 6 7 3 4
6 6 2 3 1 6 6 3 0 2
4 6 5 3 0 2 3 6 6 3
7 5 2 2 3 5 5 2 0 0
2 1 3 1 5 6 7 3 4 3
3 5 2 3 4 1 5 7 2 6
3 7 1 5 1 1 7 3 5 5
3 2 7 0 6 6 3 6 7 5
7 1 0 6 7 4 5 2 2 4
2 3 1 2 6 4 1 2 7 4
7 1 2 1 7 1 2 4 6 2
0 3 0 4 1 0 7 3 6 7
1 7 2 6 6 7 1 4 5 0
64 33 39 65 32 40 93 16 75 76
65 29 8 8 33 16 57 21 28 54
68 79 52 68 31 32 75 42 27 78
18 92 88 54 87 43 4 87 7 89
21 92 93 40 90 4 18 32 52 43
3 67 53 18 45 18 52 88 4 76
32 9 78 6 52 54 17 19 51 27
69 42 90 90 20 40 39 92 27 29
65 57 52 56 5 54 57 91 65 68
5 52 33 65 6 43 20 17 40 6
78 39 6 31 43 45 17 31 17 41
78 17 45 4 6 39 93 53 53 63
33 89 67 66 76 4 51 53 20 42
68 27 92 67 76 4 15 80 33 39
5 4 53 42 88 9 4 87 8 66
31 3 21 45 4 90 44 43 76 52
78 19 88 33 45 28 45 90 28 67
7 92 45 65 19 69 21 39 33 44
57 7 78 6 32 76 57 91 16 77
33 8 51 15 80 41 92 53 3 29
75 43 63 6 76 88 65 79 20 67
41 91 44 30 7 27 39 76 3 33
6 21 65 67 91 66 39 18 55 39
89 91 63 30 27 69 81 27 6 52
18 45 92 42 76 43 51 57 66 89
39 90 79 63 15 76 68 33 27 17
21 53 68 18 40 68 51 81 54 42
28 7 93 40 40 31 17 4 20 92
40 18 75 77 3 76 39 45 53 89
64 87 40 45 29 20 18 29 57 39
64 88 33 18 3 32 7 66 93 29
64 56 76 80 9 20 69 63 9 28
55 31 5 64 66 81 33 90 6 41
8 77 8 69 65 8 28 18 51 80
32 52 64 7 3 9 32 17 9 87
39 52 89 77 4 30 57 63 54 5
93 64 51 76 29 43 78 64 57 54
31 8 40 68 64 89 19 88 65 51
51 67 7 68 39 88 16 20 42 57
8 27 19 15 81 54 29 75 18 53
16 64 15 91 75 90 21 29 19 15
65 27 65 19 40 28 9 43 6 54
78 16 87 21 88 40 44 3 7 7
88 43 19 66 91 90 54 31 7 77
90 65 15 40 78 53 92 6 55 66
40 16 39 76 21 43 56 64 31 28
66 89 20 67 75 90 67 30 79 30
20 40 63 15 89 8 29 75 69 5
39 5 64 69 30 9 8 30 17 44
19 41 89 3 76 39 55 91 3 90
80 78 39 9 93 6 51 53 64 64
7 7 64 20 81 33 45 56 67 76
64 76 76 4 19 68 39 31 67 8
78 16 56 78 80 45 33 21 6 40
3 64 40 7 57 41 18 54 66 20
76 81 56 81 81 77 8 6 68 8
33 66 79 87 42 90 55 45 32 6
19 56 31 3 77 40 17 31 43 31
78 65 20 21 20 28 68 32 79 5
31 45 79 52 32 16 56 28 44 6
56 56 15 6 77 52 7 67 56 31
7 8 9 92 4 42 20 39 67 63
45 42 45 55 18 67 87 9 16 39
78 16 55 56 40 40 56 80 39 78
4 3 5 39 39 18 15 64 52 17
5 42 65 7 69 53 89 19 40 81
18 76 56 57 89 53 93 88 33 88
63 39 18 91 66 91 53 6 89 15
30 66 5 67 42 21 52 45 39 17
16 87 40 40 28 64 90 40 69 64
6 3 79 56 78 5 44 19 90 55
68 44 30 88 93 28 54 68 27 39
79 19 3 67 18 27 27 19 89 57
55 88 15 27 31 7 55 45 67 52
28 79 88 51 20 75 32 66 64 78
53 33 78 78 76 54 68 8 80 64
8 89 93 90 44 87 45 30 21 54
54 39 42 30 39 29 45 91 29 69
63 92 7 18 93 87 78 90 92 15
81 33 92 5 64 45 45 18 67 80
92 52 91 42 90 40 78 52 65 54
28 30 66 88 87 45 41 81 78 45
6 39 40 40 17 5 92 76 66 7
5 68 27 21 63 66 65 88 68 57
54 19 78 16 89 16 64 52 91 80
39 76 15 5 9 80 6 75 81 29
9 19 33 31 40 88 93 79 51 29
76 15 87 78 66 68 79 93 41 57
77 79 30 42 21 76 75 43 5 29
56 78 69 42 9 32 40 80 81 45
90 67 30 33 44 64 63 29 9 3
27 21 43 15 63 79 90 40 56 45
43 69 32 42 52 21 65 93 27 81
41 88 19 69 17 17 88 45 64 64
45 31 88 6 78 77 40 78 90 63
92 19 9 76 93 55 63 28 28 52
30 44 18 30 80 53 21 30 87 55
91 19 31 20 92 17 30 52 80 32
3 42 7 55 19 4 91 45 79 88
17 92 32 78 81 92 16 52 65 3
