6 2 4 7 4 3 7 3 3 2 0 0 6 7 7 7
6 0 2 7 0 1 0 1 2 3 4 4 5 0 7 5
1 3 7 3 1 0 3 3 7 1 2 1 6 7 3 1
2 4 7 4 5 7 2 6 1 3 7 3 1 7 6 5
7 2 5 4 1 5 2 0 3 4 4 0 0 5 1 0
3 2 5 0 7 7 1 4 7 3 0 4 1 7 6 3
4 7 1 4 0 3 1 6 5 4 6 5 4 7 5 5
6 6 6 5 0 1 0 6 2 3 3 0 0 2 5 1
0 1 1 1 7 0 6 5 2 7 1 6 1 1 1 2
7 6 1 5 5 5 4 0 0 7 6 2 7 2 0 0
5 5 5 6 4 7 3 1 5 3 5 2 0 1 5 2
6 2 3 5 1 0 5 3 6 7 6 5 1 7 5 5
3 6 4 1 4 2 0 2 5 5 7 2 7 1 6 1
4 6 6 4 7 4 4 7 4 4 3 4 5 4 6 4
6 3 1 1 6 3 6 5 6 6 0 4 4 4 7 5
0 1 3 7 5 6 2 0 6 6 3 5 6 7 4 7
81 33 51 88 51 42 89 43 45 27 3 3 79 91 91 87
75 9 33 91 6 17 7 17 32 40 55 53 68 7 93 68
15 42 90 43 17 9 42 44 89 21 28 20 77 92 44 20
33 56 88 57 69 88 33 79 18 41 88 42 19 90 78 64
90 27 68 52 16 64 32 3 44 57 53 3 7 64 15 4
40 30 68 6 91 88 20 52 87 43 7 54 17 90 80 40
53 90 16 57 7 39 21 80 66 55 79 64 54 93 64 68
76 76 77 64 7 20 9 80 27 41 40 4 9 28 67 21
7 19 20 20 88 3 81 68 28 89 21 76 21 17 21 31
93 75 19 63 64 66 51 6 9 90 80 30 92 27 5 3
64 67 66 79 57 93 42 19 66 45 66 32 7 21 65 31
81 28 39 63 21 7 69 44 78 88 79 65 17 89 69 65
41 79 56 17 57 30 8 30 66 65 87 29 92 18 81 15
52 79 80 55 93 57 57 91 54 51 39 56 68 53 77 53
78 44 16 19 78 40 76 66 77 77 5 53 52 57 88 67
8 19 41 88 66 76 31 7 75 78 40 64 81 91 54 89
