5 3 7 0 1 4 1 5 7 5 4 0 5 0 3 1
1 4 4 6 0 5 4 6 0 0 0 6 1 4 0 7
5 6 1 6 6 7 7 5 0 6 2 5 2 0 2 4
1 0 6 3 5 7 5 7 6 7 6 7 3 7 6 3
1 5 7 6 1 0 6 3 1 1 7 4 6 5 2 7
4 4 5 2 1 2 7 4 2 3 6 0 2 6 3 1
3 6 0 1 0 0 0 5 1 0 6 3 5 6 0 2
1 7 7 0 1 0 1 1 2 0 0 1 2 4 6 2
0 4 4 0 6 5 4 3 4 4 4 7 4 3 7 3
1 3 0 5 1 7 5 6 3 3 6 0 6 6 4 6
5 6 3 5 6 5 0 5 6 7 3 1 4 5 2 7
1 5 4 4 0 7 3 6 1 7 0 7 3 2 0 5
2 2 3 7 0 6 5 4 5 2 0 2 4 0 1 4
2 5 5 4 7 0 2 0 3 5 5 5 4 3 3 6
4 6 4 5 5 1 3 4 3 4 3 2 6 1 6 3
7 1 5 2 2 6 1 3 7 5 5 5 0 6 1 7
69 45 92 9 18 56 16 69 91 66 51 7 68 6 39 20
19 52 57 76 4 66 56 77 4 4 8 78 18 55 6 92
63 75 16 77 77 89 91 63 6 76 31 67 28 4 30 53
19 9 77 40 63 89 69 87 75 92 78 92 41 88 76 41
15 69 87 78 19 4 80 43 19 21 88 52 78 64 30 89
51 51 67 27 21 30 93 57 32 44 80 6 30 75 43 20
42 81 8 15 4 7 3 69 16 9 76 42 68 79 6 27
20 93 91 6 17 3 16 18 27 9 3 20 31 54 75 33
5 54 52 6 76 67 52 39 53 57 54 88 56 43 90 45
21 41 5 63 18 89 64 76 39 41 76 4 78 80 55 77
64 79 44 69 77 68 6 66 80 92 45 15 54 69 30 91
19 63 55 52 6 92 42 81 16 89 7 91 45 33 6 63
32 27 40 93 5 81 64 53 66 29 8 28 53 4 16 57
30 68 65 54 93 4 28 3 45 63 64 67 51 42 40 81
53 79 53 65 66 15 44 54 44 56 42 29 75 15 81 44
87 21 68 29 28 77 15 41 90 68 64 65 3 81 21 93
