0 4 6 3 7 1 6 6 2 0 1 1 6 2 3 3
0 1 5 7 6 6 1 1 1 0 6 7 7 1 1 0
1 6 5 7 1 6 0 0 0 7 7 7 7 5 0 5
3 1 1 6 1 0 3 1 7 7 6 1 0 5 5 6
1 4 4 0 5 5 4 0 0 1 3 3 0 0 4 6
7 7 7 5 7 7 3 6 7 7 0 3 3 2 3 3
3 3 1 6 7 2 2 5 3 0 0 2 4 7 5 7
7 3 3 4 1 3 3 3 4 4 7 3 2 0 4 4
1 1 7 3 3 2 3 3 3 3 1 1 1 2 7 2
2 2 3 2 7 1 7 7 4 7 7 3 1 3 0 1
1 1 0 3 0 0 6 6 0 7 0 7 7 4 4 4
7 4 7 7 0 7 1 1 0 0 1 1 7 0 5 1
3 1 6 4 4 3 6 1 3 1 6 1 1 7 5 5
1 1 4 0 1 5 1 7 5 5 2 0 0 7 0 0
6 3 0 0 0 6 6 3 6 6 6 3 5 3 0 0
3 0 3 7 7 3 0 4 7 5 1 3 7 7 4 7
44 50 52 37 63 23 52 52 4 54 13 35 42 36 37 5
54 35 29 63 62 42 55 55 55 34 62 43 43 45 45 44
35 42 39 43 45 42 2 2 2 43 11 11 11 39 54 51
59 35 55 62 55 54 47 55 43 43 42 35 44 39 39 42
45 6 6 44 39 39 50 54 54 45 47 47 22 22 50 62
21 21 53 51 21 21 59 62 53 21 2 47 59 46 59 47
47 59 45 62 21 46 46 51 59 44 44 46 38 53 51 53
53 15 15 50 35 15 15 15 60 60 53 15 14 2 60 60
55 55 21 59 59 14 59 5 59 5 35 45 35 14 43 14
14 14 5 14 43 23 43 43 6 43 43 5 55 37 44 55
55 55 44 47 34 12 62 62 34 53 12 53 53 50 50 50
53 50 53 21 12 53 23 3 12 12 23 3 21 12 61 13
47 13 10 50 50 15 62 13 15 13 52 3 3 21 61 61
3 23 60 22 23 61 23 21 61 61 4 22 22 21 22 22
30 27 22 54 54 30 30 59 30 30 30 47 39 47 54 54
47 54 47 63 63 59 54 60 63 51 45 37 63 63 28 63
