0 7 3 0 4 0 6 4 5 0 3 3 5 5 1 6
1 5 5 6 5 6 4 3 0 4 5 5 6 6 6 6
4 6 1 1 7 1 6 6 1 7 2 4 6 6 2 2
0 4 5 7 4 0 4 4 7 5 5 0 5 5 6 6
0 6 3 2 7 5 2 2 4 4 0 4 0 5 0 7
0 7 0 5 1 4 4 0 0 7 4 5 4 1 3 1
0 3 0 1 4 3 4 3 4 5 7 7 3 5 5 5
5 1 5 7 3 3 3 5 0 7 3 5 7 0 5 0
5 3 4 3 5 5 3 5 3 5 4 7 3 5 7 0
0 7 6 3 7 6 3 7 4 6 7 0 6 3 6 1
3 0 6 1 3 2 6 6 6 3 0 4 0 3 0 4
0 0 0 3 3 5 0 1 3 3 1 5 5 1 5 0
5 5 3 0 4 3 6 4 3 4 3 1 0 0 3 0
1 0 4 0 4 0 6 0 0 6 6 4 4 6 4 4
0 3 2 4 3 4 0 4 1 1 1 1 4 7 1 7
6 4 6 3 6 2 1 1 1 2 2 7 2 2 2 6
44 53 59 34 38 12 20 18 51 54 27 59 19 61 35 30
35 51 39 30 19 30 28 27 22 28 51 51 30 30 62 10
38 30 35 23 43 35 42 42 45 43 58 38 62 62 58 58
22 60 29 43 60 22 38 38 43 19 19 34 19 19 62 62
12 62 59 58 21 7 58 58 18 18 54 18 22 7 22 43
22 43 12 51 23 18 60 12 12 21 60 39 60 55 59 55
54 59 12 23 60 27 38 59 18 61 21 21 27 61 61 61
61 35 51 63 27 37 27 39 34 21 37 39 21 2 39 34
19 59 18 59 19 19 59 19 59 19 18 21 37 19 21 54
54 21 62 27 21 30 59 21 18 30 21 34 30 59 30 55
37 54 30 3 37 58 62 30 62 37 54 60 2 15 2 38
54 2 34 37 5 39 54 3 15 37 55 39 39 35 39 34
39 39 27 2 50 15 62 60 15 38 15 3 34 34 15 22
35 22 38 22 38 22 20 22 22 20 62 28 38 20 28 28
34 27 14 28 5 28 2 38 35 35 35 35 60 43 55 43
52 28 20 5 20 14 55 55 55 36 36 43 36 36 36 52
