0 6 3 3 5 5 3 2 1 0 4 2 6 5 3 6
2 6 1 6 4 6 4 5 4 6 6 6 7 3 3 5
3 4 3 6 6 7 4 4 7 7 6 6 6 3 6 1
5 7 7 7 7 4 7 0 7 7 3 1 6 5 7 3
0 3 0 7 7 5 4 3 7 1 1 1 0 0 4 4
1 1 1 5 1 2 0 6 0 7 0 2 4 3 3 2
4 0 0 1 0 0 4 0 1 0 2 5 1 0 1 3
4 2 1 1 2 7 5 5 2 7 2 5 7 0 5 2
6 7 6 2 7 6 2 2 3 2 7 2 0 4 4 0
7 2 0 0 4 4 3 7 3 2 4 4 3 3 4 0
2 5 3 4 1 1 6 5 6 7 5 4 0 6 6 6
0 3 0 7 6 5 1 1 5 5 1 5 7 1 1 7
5 0 0 7 7 7 2 2 2 7 2 5 1 1 1 1
1 4 4 0 7 5 1 1 0 6 5 0 1 5 7 1
0 5 7 5 3 5 6 5 7 7 6 2 3 7 7 7
3 7 0 2 3 2 3 6 4 6 3 3 6 3 5 3
44 62 37 37 19 29 37 4 35 54 18 4 42 61 59 30
58 20 55 30 60 30 60 51 60 30 30 30 31 37 27 19
59 50 27 52 52 53 28 28 43 43 52 52 52 59 52 13
61 53 53 43 53 28 53 12 43 53 5 13 20 19 31 15
12 27 12 43 43 19 50 59 31 45 35 35 22 22 50 50
35 35 55 51 35 36 34 62 22 21 34 58 60 59 59 36
50 34 12 23 22 22 50 34 45 34 36 19 45 34 45 5
60 58 45 45 36 31 19 39 36 31 26 39 31 2 39 26
30 31 52 26 31 52 58 58 59 58 31 58 12 50 50 12
31 58 12 12 50 50 59 31 59 58 50 50 59 59 60 12
14 19 59 60 45 45 52 19 30 53 19 60 34 52 52 52
12 15 34 21 20 51 23 3 19 19 55 51 21 35 23 21
51 22 22 21 21 63 36 46 46 63 46 61 35 35 35 35
35 60 60 22 53 51 23 23 22 20 51 22 23 39 31 23
34 51 43 39 5 19 30 7 21 53 10 14 37 53 53 43
47 53 44 46 37 14 47 30 60 30 47 37 30 5 7 47
