0 4 6 3 7 1 6 6 2 0 1 1 6 0 2 4
2 4 4 2 4 1 1 7 1 0 4 4 1 6 4 4
0 4 0 4 6 4 7 4 6 7 3 6 6 3 3 5
0 4 5 6 5 4 1 3 5 1 2 1 7 5 3 3
2 2 2 2 0 5 1 3 1 2 0 3 0 5 1 3
0 3 0 5 1 2 1 6 0 1 5 2 1 5 1 5
2 5 1 1 7 6 7 1 1 3 7 1 3 7 0 1
4 2 1 6 3 0 5 5 0 4 4 1 7 2 4 5
2 1 2 3 3 3 3 3 3 4 5 1 2 4 2 4
7 7 7 3 4 4 7 7 7 1 4 1 1 0 7 1
1 5 1 1 1 1 1 5 7 7 1 1 7 1 1 5
4 5 0 5 3 5 2 1 5 6 1 5 5 1 5 2
2 2 1 2 3 1 2 6 3 3 3 6 0 3 3 3
0 0 4 0 6 0 1 0 4 3 6 7 2 6 6 1
0 3 2 0 0 0 6 3 7 7 6 7 4 7 4 4
6 4 0 4 0 2 3 2 4 5 0 6 3 0 6 3
44 50 52 37 63 23 52 52 4 54 13 35 42 44 14 6
14 38 38 14 38 55 55 53 55 34 50 50 55 10 50 50
54 50 54 28 52 60 21 28 62 43 47 62 52 47 47 51
22 28 29 62 29 28 3 37 19 3 4 35 53 19 37 15
4 4 4 4 12 7 55 15 35 36 12 37 22 7 35 37
44 37 12 51 35 58 55 62 12 35 7 58 3 7 13 7
26 7 3 23 53 10 53 3 3 27 53 13 27 53 44 13
60 58 13 10 27 12 19 51 12 60 60 13 11 26 60 19
4 55 4 37 37 37 37 37 37 50 7 3 4 50 36 50
53 53 53 27 50 50 53 53 53 13 50 13 13 12 11 55
13 61 55 3 35 13 13 61 11 11 35 55 11 35 35 7
38 51 34 51 5 51 36 3 7 62 55 7 7 35 7 36
14 36 55 14 15 45 36 10 47 47 47 10 34 47 47 47
54 22 60 22 62 22 35 44 18 5 52 31 14 52 52 23
34 27 14 54 54 22 30 59 21 21 10 21 60 21 18 18
52 18 44 18 22 14 27 14 18 51 12 62 27 12 62 27
