5 5 5 1 5 5 2 2 7 5 5 1 1 3 4 2
2 3 3 3 1 4 3 3 3 2 0 1 7 6 0 5
2 1 4 6 1 4 4 4 7 7 4 7 6 1 1 3
5 4 2 6 2 5 2 7 5 2 2 4 4 6 7 5
5 5 0 0 0 5 5 1 1 6 0 5 0 0 1 6
2 4 0 5 5 5 5 6 4 7 6 0 6 4 0 3
0 0 0 5 5 0 6 5 4 0 7 7 5 0 4 7
5 6 6 7 0 0 2 6 0 4 4 6 6 7 5 0
5 5 4 1 5 4 5 5 5 5 4 6 6 5 5 6
6 6 5 5 6 6 6 5 4 1 2 1 6 5 5 5
6 5 6 6 5 6 6 6 6 5 1 4 6 6 1 5
6 6 0 5 6 5 5 6 5 5 5 5 6 5 5 6
5 6 6 5 6 5 5 5 6 5 6 5 5 5 5 5
5 5 6 5 5 5 5 5 5 5 5 5 5 5 5 5
5 5 5 5 5 5 5 5 7 7 5 5 5 5 5 5
5 5 5 2 5 5 5 6 5 5 5 5 6 5 6 6
39 39 39 35 19 7 36 58 63 61 29 55 35 47 28 4
26 5 5 5 3 6 5 37 37 4 2 3 31 30 34 61
58 13 18 20 23 6 6 6 11 11 60 11 52 35 45 59
61 60 58 62 58 61 58 63 61 58 4 60 60 62 63 61
7 51 22 22 22 51 19 35 35 30 22 19 22 22 35 20
26 28 12 51 19 19 19 62 18 21 20 54 20 18 54 47
54 54 12 51 39 54 20 51 18 34 21 21 51 34 18 21
39 30 30 21 34 12 46 20 34 60 60 30 42 21 29 12
51 51 18 35 19 60 29 29 51 51 18 30 30 51 51 30
30 30 51 19 30 30 30 51 18 35 26 35 30 19 51 51
30 51 30 30 51 30 30 30 30 51 35 60 30 30 35 19
30 30 34 51 30 51 51 30 19 51 51 51 30 51 51 30
19 30 30 51 30 19 19 51 30 51 30 51 51 51 51 51
51 51 30 51 51 51 51 51 51 19 51 51 51 51 51 51
51 51 51 39 51 19 51 51 21 21 51 51 51 51 51 51
51 51 51 46 51 51 51 30 51 51 51 29 30 51 30 30
