5 5 5 1 5 5 2 2 7 5 5 1 1 3 4 4
0 4 4 4 4 4 1 1 1 6 6 0 6 5 6 5
5 5 6 6 4 1 1 5 1 1 5 1 6 2 5 4
5 5 5 0 6 0 6 2 7 6 6 2 2 2 2 6
0 3 2 3 1 1 1 5 0 0 4 1 1 1 5 5
0 7 7 2 0 2 5 3 5 4 0 2 4 2 2 7
7 7 7 1 7 7 4 4 4 2 4 3 3 2 3 3
4 4 3 7 1 7 5 4 6 4 4 6 6 0 6 5
5 3 6 0 5 4 2 2 3 4 7 4 5 2 4 7
4 5 2 2 7 2 3 7 5 5 2 2 5 2 2 2
1 1 5 1 2 1 6 6 6 4 5 4 6 6 6 5
6 6 0 7 7 0 4 0 5 0 4 3 7 0 7 7
0 6 6 7 6 3 6 6 6 6 6 2 5 5 5 5
5 5 4 5 5 5 5 4 5 5 5 4 5 4 5 3
4 4 4 5 4 2 6 3 5 7 5 0 2 3 2 2
3 5 0 2 0 3 1 4 4 5 6 6 5 5 5 5
39 39 39 35 19 7 36 58 63 61 29 55 35 47 38 50
54 50 50 50 50 50 55 55 55 52 52 54 52 51 52 51
51 29 52 52 60 35 55 51 3 3 51 45 10 14 29 6
29 29 29 12 10 12 10 46 43 10 10 14 14 14 46 10
12 27 14 27 23 23 55 61 12 12 38 23 23 23 61 51
44 43 43 46 34 14 19 27 61 18 2 58 60 46 58 53
53 53 53 23 53 53 38 38 18 4 38 47 47 46 47 47
60 38 47 63 35 31 19 28 30 60 60 30 30 2 30 19
29 59 30 2 19 60 36 36 59 38 31 38 29 46 38 63
38 29 46 46 21 46 59 43 61 39 26 36 39 36 36 36
35 35 39 35 36 35 30 30 30 60 19 60 30 30 30 19
30 30 22 21 21 22 28 34 19 2 28 59 21 2 31 31
2 30 30 31 30 59 30 30 30 30 30 26 29 29 29 29
29 29 60 29 29 29 29 60 29 29 29 60 29 60 29 59
60 60 60 29 60 58 30 59 29 21 61 22 58 47 58 58
47 29 12 46 22 59 55 60 50 51 52 52 51 51 51 29
