5 5 5 1 5 5 2 2 7 5 5 1 1 3 3 2
2 6 5 3 4 4 5 3 3 3 4 6 6 6 0 6
4 4 4 4 4 1 1 4 4 6 6 6 6 1 6 5
1 1 0 5 5 5 5 0 1 1 1 1 7 0 2 2
5 7 7 5 5 5 2 6 6 1 6 6 1 6 2 6
2 7 0 4 0 5 2 7 6 3 0 2 4 3 3 3
3 3 0 4 4 4 3 0 4 2 2 6 4 4 6 3
3 4 5 7 1 3 7 5 5 5 3 4 7 0 4 0
0 0 5 0 5 0 0 5 0 0 0 6 2 1 2 5
2 5 5 2 3 3 3 0 1 0 7 0 1 4 4 1
1 4 1 1 1 1 1 4 4 1 1 4 6 6 1 4
4 6 0 6 6 4 1 6 6 6 6 6 4 4 6 4
4 5 4 5 5 5 5 5 1 5 5 5 5 5 1 1
1 4 4 5 5 5 1 1 4 5 5 5 5 5 1 5
6 5 4 1 4 5 6 3 5 1 6 5 4 4 4 5
3 1 1 5 1 6 3 1 4 6 6 5 6 1 6 5
39 39 39 35 19 7 36 58 63 61 29 55 35 47 47 4
26 52 51 15 6 6 61 27 37 37 38 30 30 30 34 42
28 50 50 50 50 55 55 50 50 52 52 52 52 35 52 51
3 55 44 51 51 51 51 44 3 3 3 35 53 54 46 46
7 63 63 7 7 7 58 62 62 45 62 62 23 62 4 62
58 43 12 60 34 7 14 63 30 59 2 58 60 59 59 27
59 59 2 60 60 60 59 2 60 36 36 10 28 28 30 5
37 38 61 63 3 37 63 61 61 61 37 38 11 2 38 2
2 2 39 2 39 2 2 39 2 2 2 30 26 35 36 39
36 39 39 36 37 37 37 44 45 44 21 34 45 38 38 45
35 38 35 35 35 45 45 38 38 35 35 38 30 30 35 38
38 30 34 30 30 38 35 30 30 62 30 30 60 60 62 60
60 19 60 19 19 19 19 19 35 19 19 19 51 19 35 35
35 60 60 19 19 19 35 35 60 19 19 19 19 19 35 19
30 19 60 35 60 19 30 59 19 35 30 19 60 60 18 19
47 35 35 19 35 30 47 35 60 30 30 29 30 35 30 61
