1 0 0 1 1 1 1 1 0 1 0 0 0 0 0 0
0 0 1 1 0 1 0 0 0 0 0 1 0 0 1 0
1 0 0 0 1 1 1 1 1 0 1 1 1 0 0 1
1 0 1 0 0 1 0 1 1 0 0 1 0 1 1 0
1 1 1 0 0 0 1 1 1 1 1 0 1 1 0 0
0 0 0 0 0 1 1 1 0 0 1 1 1 1 1 0
0 1 0 0 1 0 1 0 0 1 1 0 0 1 0 1
0 0 1 0 1 0 0 1 0 1 0 0 0 1 1 0
0 0 1 0 1 1 1 1 0 1 1 0 1 0 1 0
0 0 1 1 1 1 0 1 0 0 1 1 1 0 1 1
0 0 1 0 0 1 1 1 0 0 0 1 1 1 0 0
0 0 0 0 1 1 1 1 1 0 1 1 1 0 1 0
1 0 0 0 1 0 1 0 1 1 1 1 0 1 1 0
1 0 0 1 1 0 0 0 0 0 0 0 1 1 1 1
1 0 0 1 0 1 1 0 0 1 0 1 0 1 1 1
1 0 0 0 0 0 0 0 0 0 0 1 1 1 1 1
28 2 5 23 31 27 27 30 6 30 9 15 3 4 10 9
12 3 27 31 6 18 11 7 14 3 14 23 14 8 18 12
31 4 12 12 27 27 25 20 30 15 28 22 22 9 2 29
23 14 31 2 7 25 9 24 26 9 7 20 13 26 22 15
30 26 28 7 4 5 24 25 31 30 27 8 28 28 10 12
8 4 6 6 3 23 28 21 12 14 23 29 28 18 23 6
9 28 8 11 19 10 21 13 14 27 21 13 3 18 10 19
8 11 29 6 24 5 2 23 4 25 11 2 15 29 29 12
6 12 24 11 27 20 21 23 4 18 27 9 18 8 25 11
8 8 31 31 23 18 13 29 14 14 21 24 31 4 30 22
14 14 18 6 2 29 30 30 7 7 13 31 20 25 4 12
4 9 6 4 24 22 27 26 18 11 30 30 24 13 22 4
25 11 11 3 26 10 26 9 21 28 29 26 9 30 30 6
22 12 4 26 21 13 8 4 14 13 6 13 20 31 20 27
26 14 5 30 3 30 27 14 12 22 11 25 5 22 28 29
26 13 2 7 8 7 8 2 7 2 4 27 31 24 25 24
