0 0 1 1 0 1 0 0 0 0 1 1 0 0 0 0
1 0 0 1 1 1 0 0 0 0 0 0 0 0 1 1
1 0 1 1 1 1 0 0 0 1 0 0 0 1 0 0
1 1 1 0 0 0 1 0 0 0 1 0 0 0 0 0
1 1 1 0 1 0 1 0 1 0 1 1 0 0 1 1
0 1 0 0 1 0 1 0 1 1 0 1 1 0 0 1
1 0 1 1 0 1 0 1 0 0 1 0 0 1 0 1
0 1 0 0 1 1 1 1 1 0 1 0 1 1 1 1
1 1 0 1 1 1 0 0 0 0 0 0 0 1 0 1
0 1 0 1 0 1 1 0 1 1 1 0 1 1 1 1
1 1 1 0 1 0 1 1 1 0 0 1 1 1 0 0
1 0 1 1 1 1 0 0 1 1 1 0 0 0 0 1
1 1 0 0 1 0 1 0 0 1 0 0 0 0 1 1
1 1 1 1 1 0 1 0 0 1 1 0 0 0 0 1
1 1 1 1 1 1 1 0 1 1 0 1 1 0 1 1
0 1 0 1 0 0 0 0 1 0 1 1 1 0 0 0
14 10 30 21 7 23 9 3 9 14 23 26 7 3 8 5
22 6 2 31 23 26 8 4 5 8 2 6 8 9 27 27
21 5 23 29 19 18 14 6 12 24 4 6 12 27 4 11
26 19 25 12 9 10 25 14 8 2 31 2 12 14 2 10
28 31 24 10 31 14 26 5 20 14 31 18 3 10 26 24
2 28 7 4 19 2 28 13 25 28 15 18 24 11 4 27
30 9 18 23 14 27 4 18 8 5 20 9 9 22 15 30
10 29 2 5 21 20 26 27 28 11 23 6 19 24 24 18
23 20 6 30 30 26 10 9 10 11 9 4 11 24 7 28
7 26 11 31 7 20 20 5 28 20 26 8 22 22 22 19
29 25 26 6 22 6 19 23 28 14 5 19 30 23 14 9
24 15 20 23 18 22 13 5 28 22 19 9 11 4 11 20
29 29 12 13 19 6 27 7 6 22 5 3 3 7 24 22
29 24 31 22 31 9 28 14 8 18 28 6 9 14 9 21
28 21 28 18 24 23 28 9 19 26 14 18 26 2 24 19
11 18 11 25 6 10 3 6 31 6 26 20 31 9 6 9
