0 0 0 0 0 0 0 0 0 0 0 0 0 0 0 0
1 1 1 1 1 1 1 1 1 1 1 1 1 1 1 1
0 0 0 0 0 0 0 0 0 0 0 0 0 0 0 0
1 1 1 1 1 1 1 1 1 1 1 1 1 1 1 1
0 0 0 0 0 0 0 0 0 0 0 0 0 0 0 0
1 1 1 1 1 1 1 1 1 1 1 1 1 1 1 1
0 0 0 0 0 0 0 0 0 0 0 0 0 0 0 0
1 1 1 1 1 1 1 1 1 1 1 1 1 1 1 1
0 0 0 0 0 0 0 0 0 0 0 0 0 0 0 0
1 1 1 1 1 1 1 1 1 1 1 1 1 1 1 1
0 0 0 0 0 0 0 0 0 0 0 0 0 0 0 0
1 1 1 1 1 1 1 1 1 1 1 1 1 1 1 1
0 0 0 0 0 0 0 0 0 0 0 0 0 0 0 0
1 1 1 1 1 1 1 1 1 1 1 1 1 1 1 1
0 0 0 0 0 0 0 0 0 0 0 0 0 0 0 0
1 1 1 1 1 1 1 1 1 1 1 1 1 1 1 1
2 3 4 5 6 7 8 9 10 11 12 13 14 15 2 3
18 19 20 21 22 23 24 25 26 27 28 29 30 31 18 19
4 5 6 7 8 9 10 11 12 13 14 15 2 3 4 5
20 21 22 23 24 25 26 27 28 29 30 31 18 19 20 21
6 7 8 9 10 11 12 13 14 15 2 3 4 5 6 7
22 23 24 25 26 27 28 29 30 31 18 19 20 21 22 23
8 9 10 11 12 13 14 15 2 3 4 5 6 7 8 9
24 25 26 27 28 29 30 31 18 19 20 21 22 23 24 25
10 11 12 13 14 15 2 3 4 5 6 7 8 9 10 11
26 27 28 29 30 31 18 19 20 21 22 23 24 25 26 27
12 13 14 15 2 3 4 5 6 7 8 9 10 11 12 13
28 29 30 31 18 19 20 21 22 23 24 25 26 27 28 29
14 15 2 3 4 5 6 7 8 9 10 11 12 13 14 15
30 31 18 19 20 21 22 23 24 25 26 27 28 29 30 31
2 3 4 5 6 7 8 9 10 11 12 13 14 15 2 3
18 19 20 21 22 23 24 25 26 27 28 29 30 31 18 19
