1 0 0 0 1 0 0 0 1 1 0 0 0 1 1 1
1 0 0 0 0 0 1 0 1 1 1 1 1 0 0 1
0 1 0 1 1 0 1 1 0 1 1 0 0 1 0 0
0 1 0 1 1 0 1 0 0 0 0 1 1 1 0 1
1 1 1 0 0 1 1 0 0 1 1 1 0 1 0 0
0 0 1 0 0 1 0 0 0 0 0 1 0 0 1 1
1 0 0 0 0 0 0 1 1 1 1 0 0 0 1 1
1 1 0 1 1 0 1 1 0 0 0 1 1 1 0 0
1 0 1 1 1 1 0 0 1 1 1 1 0 0 0 0
0 0 1 1 1 0 0 0 0 0 1 0 0 1 1 1
0 0 1 1 0 0 1 1 0 1 1 1 1 0 1 0
0 0 1 1 1 0 1 0 1 0 1 0 0 1 1 1
0 1 0 0 1 1 0 1 0 1 0 1 1 0 1 0
1 1 1 1 1 0 0 0 0 0 0 0 1 1 0 1
0 1 1 0 0 1 1 0 0 0 1 0 0 0 1 0
1 1 1 0 0 0 1 1 1 1 0 0 1 0 1 1
30 11 4 4 21 7 4 8 20 20 4 10 13 28 18 31
24 15 2 14 7 13 26 2 20 22 20 21 18 6 13 20
6 26 4 21 27 6 24 25 8 18 19 15 3 23 4 8
15 26 8 18 30 10 26 6 15 9 7 28 30 31 13 26
20 25 29 10 8 18 30 12 13 27 31 29 13 26 9 4
14 7 20 14 15 30 14 3 7 10 6 29 2 10 23 23
21 15 4 7 9 15 10 27 30 29 21 15 4 12 18 23
27 29 6 31 31 3 21 22 11 14 9 25 24 30 6 8
30 6 28 31 20 18 15 2 20 30 22 18 3 4 5 4
4 4 25 21 24 3 12 10 14 3 25 8 12 30 27 28
8 13 22 18 8 4 31 30 10 28 25 23 22 14 18 9
9 9 23 20 24 13 25 9 26 7 29 7 11 29 31 22
14 20 4 8 26 25 13 22 2 26 8 28 19 5 26 9
29 31 23 24 30 7 2 12 3 3 8 11 25 20 13 30
10 21 26 4 10 29 19 13 5 9 28 2 15 14 30 11
22 26 23 13 4 8 20 26 27 22 7 15 25 3 23 18
