0 0 1 0 1 0 1 1 1 1 0 1 0 0 1 1
0 1 1 0 0 1 0 1 1 1 1 0 0 1 1 1
0 0 0 1 0 1 1 0 0 1 1 0 1 0 0 1
1 1 1 1 1 0 0 0 1 0 0 0 0 1 0 0
0 0 1 0 1 1 0 0 1 0 1 1 1 1 0 0
0 0 1 0 0 1 1 0 0 1 1 0 0 1 0 0
0 1 0 1 1 1 1 0 1 0 1 0 1 0 0 1
1 1 0 1 1 1 1 0 0 0 0 1 1 1 0 0
1 1 0 0 1 1 1 1 0 0 0 1 0 1 0 1
0 1 0 1 1 0 0 0 1 1 1 1 1 1 1 0
0 0 1 0 0 1 0 1 1 0 1 1 0 1 0 1
1 0 1 1 0 0 0 1 1 0 1 1 1 0 1 1
1 1 1 1 0 1 1 1 0 1 1 0 0 1 0 0
1 0 0 1 1 1 1 0 0 0 1 0 1 1 1 0
1 1 0 0 0 0 0 0 1 0 1 1 0 1 0 1
0 0 1 1 0 1 1 1 0 0 1 0 1 1 0 1
13 13 18 3 26 11 23 26 31 22 7 28 9 5 20 27
3 25 30 15 14 28 2 25 25 20 21 6 13 25 31 25
12 2 13 27 15 24 25 3 5 20 27 15 19 7 4 18
20 23 30 28 24 11 14 9 18 6 11 14 5 18 15 9
13 11 25 13 18 30 5 10 31 14 19 24 24 27 8 4
13 2 29 12 7 28 27 4 2 19 27 11 8 30 15 5
2 27 12 30 23 23 27 12 31 12 23 8 18 12 6 23
30 26 6 23 18 26 26 12 15 11 8 18 22 24 6 5
30 23 13 7 23 23 22 19 15 4 15 28 2 31 4 18
8 21 11 29 24 10 13 13 23 30 23 24 30 18 23 11
9 3 27 2 11 26 15 31 29 2 24 18 9 25 3 18
24 11 26 22 4 7 8 25 28 11 28 24 21 2 31 25
22 28 26 27 7 28 30 21 3 18 23 12 2 31 12 2
20 4 3 22 25 28 25 10 11 4 22 15 29 19 24 6
24 19 13 7 6 4 2 7 30 14 29 31 6 18 12 27
11 8 28 30 3 19 20 23 10 5 20 8 30 21 14 20
