0 1 1 1 0 0 1 0 1 1 0 1 1 1 1 1
1 0 0 0 1 1 1 1 1 0 0 0 1 0 0 1
0 0 0 0 0 0 1 0 0 1 1 0 0 1 0 0
0 1 0 1 0 0 1 1 1 0 1 0 0 0 0 0
0 1 1 1 0 1 1 0 1 1 1 1 0 0 1 1
1 1 0 0 1 1 1 1 1 0 0 0 1 0 1 1
1 0 1 1 0 0 1 1 1 0 0 0 1 1 0 0
0 1 0 1 1 1 0 0 1 1 0 1 1 0 1 1
0 1 1 1 0 1 1 1 1 1 0 1 0 0 1 0
0 1 0 1 0 1 0 1 1 1 0 0 1 0 1 1
0 1 1 0 0 1 1 0 1 1 0 0 1 0 1 0
0 0 0 0 0 1 0 0 1 1 0 1 1 1 1 0
1 0 0 1 0 0 1 1 1 0 0 1 0 1 1 0
1 1 0 0 1 0 0 1 1 1 0 1 1 0 0 0
0 0 1 1 0 0 1 0 1 0 0 0 0 0 1 1
0 1 1 1 0 1 0 0 0 0 1 1 1 1 0 1
2 30 30 20 5 11 29 4 26 28 11 30 24 28 24 28
22 6 5 11 22 30 23 25 23 12 9 7 19 11 2 30
4 13 4 14 7 15 24 6 14 19 31 14 7 30 9 3
14 19 6 31 5 8 21 23 31 11 20 3 11 13 12 3
3 30 28 21 14 31 18 8 22 31 26 30 6 13 23 28
21 19 10 9 22 30 18 29 24 14 12 9 30 10 29 29
26 14 23 28 10 7 22 31 27 4 9 12 22 25 4 15
2 29 15 23 31 22 3 15 28 28 6 25 30 11 18 21
10 30 25 22 14 19 30 23 24 25 10 21 11 2 23 2
6 26 13 26 8 24 13 21 18 23 13 5 26 2 25 20
3 30 26 11 13 25 25 13 20 28 8 13 23 15 23 5
14 4 6 4 8 18 5 15 23 21 12 21 31 20 27 14
19 8 10 30 8 4 24 31 19 14 5 29 11 27 19 14
19 28 8 15 30 2 11 28 19 27 10 30 28 13 7 12
2 2 23 30 7 2 29 4 21 11 14 9 9 3 26 19
2 31 20 22 7 22 2 6 4 2 18 18 19 30 6 27
