0 1 0 1 1 1 0 0 1 1 1 1 0 0 1 0
1 0 1 1 0 1 0 0 0 0 0 0 0 0 0 1
0 1 0 0 0 1 1 1 1 0 1 0 1 1 0 0
1 0 0 0 0 0 1 0 1 1 1 0 0 1 1 1
1 0 1 0 1 1 1 1 1 1 0 0 1 0 0 1
0 0 0 1 1 0 0 1 0 0 0 0 0 1 0 1
0 1 0 0 0 1 0 0 0 0 0 1 1 0 1 0
1 1 1 1 1 1 1 1 0 0 0 0 0 0 1 0
0 1 0 1 1 1 0 0 1 0 1 1 0 0 0 1
0 0 1 1 1 1 1 0 1 1 1 0 0 0 0 1
0 1 1 0 0 0 0 0 1 0 1 0 0 0 0 1
0 1 1 0 1 1 0 1 1 1 1 0 0 0 0 1
1 0 0 1 0 0 1 1 1 1 0 1 0 1 1 1
1 0 0 0 1 0 1 0 0 1 0 1 0 1 0 0
1 1 0 0 0 0 0 0 1 1 0 0 0 0 0 1
1 0 1 0 0 0 0 1 1 0 0 0 1 1 0 0
10 21 5 28 18 27 6 12 24 27 18 20 5 4 21 8
29 12 18 23 7 25 10 6 14 10 10 14 5 15 13 18
14 29 6 12 11 29 27 19 24 11 27 10 20 31 2 2
27 6 6 14 14 10 28 5 25 21 19 14 6 21 20 27
24 8 18 5 28 22 26 25 20 21 6 13 26 4 13 27
7 9 11 22 23 5 9 30 14 11 15 12 9 27 15 25
9 29 8 6 11 20 6 9 5 15 4 30 20 11 31 14
31 30 20 18 24 20 25 26 3 6 13 9 3 15 31 12
8 19 9 30 27 19 6 2 27 15 22 19 9 6 14 23
10 15 21 23 23 29 28 13 31 29 31 7 4 4 11 19
14 27 26 6 10 10 9 12 27 10 20 7 10 3 4 23
13 27 28 3 25 30 4 20 29 31 30 8 11 14 8 20
19 2 12 18 6 3 26 19 31 22 10 24 2 23 24 25
21 9 3 13 28 11 30 15 12 18 11 30 10 25 6 14
26 20 15 15 4 2 12 10 26 18 4 15 12 15 14 26
26 3 26 3 9 12 7 26 21 5 6 5 26 21 7 11
