0 0 1 1 0 1 0 0 0 0 0 1 1 0 1 1
1 1 1 1 1 1 0 0 0 1 0 1 0 0 0 0
0 0 0 1 1 0 1 0 0 0 0 1 1 1 0 1
1 0 1 1 1 0 0 0 1 0 1 0 0 0 1 0
1 0 0 1 1 1 1 1 0 0 1 1 0 1 0 0
0 1 1 1 0 0 1 1 1 1 0 1 0 0 0 0
0 1 0 1 0 1 0 1 1 1 1 0 0 1 0 1
1 0 1 0 0 0 0 1 0 0 1 1 0 0 0 1
0 1 1 0 0 0 1 1 1 0 1 1 1 1 0 1
0 1 0 1 1 1 0 1 1 1 1 0 1 0 1 1
1 0 1 0 0 1 1 1 0 1 0 0 0 0 1 0
0 1 0 0 1 0 0 1 0 0 0 1 1 1 1 0
0 0 0 1 0 1 1 1 1 1 1 0 1 0 0 0
1 1 0 1 1 0 1 0 1 1 1 0 1 1 0 1
0 0 0 0 1 0 1 0 0 0 0 0 0 0 0 1
1 0 0 0 1 0 0 1 0 0 0 0 0 1 0 1
2 9 23 30 13 31 10 12 8 9 15 30 23 3 30 27
26 22 23 24 22 26 5 3 7 21 14 29 5 5 11 7
9 2 4 18 21 7 20 15 9 11 13 28 31 21 12 19
28 14 31 21 30 15 9 4 19 13 22 2 13 6 24 15
27 12 13 28 30 30 31 18 14 8 23 27 7 24 5 6
7 18 20 20 3 2 26 19 18 22 7 26 3 5 3 4
9 26 13 29 2 19 5 24 28 24 22 15 4 26 7 28
28 11 23 8 2 14 9 18 6 14 20 31 9 8 15 22
8 28 25 3 13 5 18 30 31 3 31 28 20 23 5 27
5 23 10 20 20 21 2 18 28 22 29 14 18 8 22 18
26 2 21 10 9 18 18 31 14 22 10 9 7 2 27 11
13 30 14 5 27 4 6 26 8 13 9 22 26 24 30 6
12 4 13 31 10 23 30 22 21 29 31 7 31 10 8 11
22 26 5 21 27 3 29 13 23 24 18 8 27 23 9 31
14 3 7 8 22 7 18 7 13 2 15 4 4 10 15 28
28 6 12 11 22 4 7 30 14 8 14 4 8 28 7 19
