0 0 0 0 1 1 1 1 1 1 1 0 0 1 1 0
1 1 0 0 0 1 1 1 0 0 0 0 1 0 0 1
1 1 1 0 0 1 0 0 0 0 1 1 0 0 0 1
1 1 0 1 1 1 0 0 1 1 0 1 1 0 0 0
0 1 1 0 0 0 1 1 1 0 0 1 0 0 0 0
0 1 0 1 1 1 1 0 0 0 1 0 0 0 0 1
1 1 0 1 0 0 1 1 1 1 1 1 0 1 0 0
1 1 1 1 1 1 1 1 1 1 1 1 1 0 0 0
1 0 1 1 1 0 1 1 0 0 1 0 1 0 1 1
0 0 0 1 1 0 1 0 1 1 0 0 1 0 1 0
0 1 0 1 1 0 0 0 1 1 1 0 0 0 1 1
1 1 1 0 1 0 1 0 1 1 0 0 0 1 1 0
1 0 1 0 0 1 0 1 1 1 0 0 1 0 1 1
1 0 0 1 1 1 0 0 1 0 1 1 1 0 0 1
0 0 0 1 0 1 0 1 0 1 1 0 0 0 1 1
1 0 0 1 1 0 1 1 1 1 1 1 1 1 1 1
7 6 12 4 30 29 19 30 20 22 24 5 4 24 31 14
22 30 9 14 4 31 19 27 11 5 9 7 19 6 7 24
19 20 24 4 2 23 8 7 14 3 28 24 13 2 10 19
23 28 13 26 27 19 7 7 18 26 5 25 21 3 2 12
11 28 18 14 8 5 23 23 29 9 4 22 10 2 9 3
12 31 9 24 22 19 22 12 4 3 23 4 4 2 10 23
31 25 7 19 6 2 18 29 29 18 28 28 11 18 5 8
19 30 18 22 24 28 19 27 28 29 22 20 18 3 13 14
24 13 31 28 29 7 31 27 12 2 18 4 31 8 29 31
8 3 8 18 18 12 30 2 24 21 7 14 31 14 21 6
7 26 14 28 27 11 6 10 25 27 27 5 2 6 31 21
23 28 29 6 29 3 21 10 25 22 12 12 6 31 25 3
25 11 26 9 14 30 5 19 24 23 13 6 28 13 30 24
29 12 15 23 21 26 12 13 20 11 26 31 26 15 4 22
10 12 15 23 10 24 14 19 4 21 19 7 6 6 28 23
20 9 10 26 27 7 24 24 27 20 24 19 24 27 21 27
