0 0 0 1 1 0 1 1 0 1 0 0 1 1 1 0
1 0 0 1 1 0 1 0 1 0 0 1 0 0 1 1
1 1 0 0 0 1 1 1 1 0 1 1 0 0 1 1
0 0 0 0 1 0 0 0 0 1 0 1 1 1 1 1
0 0 1 0 0 1 0 1 0 1 0 0 0 1 0 0
1 1 1 1 1 1 1 1 1 1 1 0 0 0 0 1
0 0 0 1 0 0 1 0 0 1 0 1 1 0 0 0
0 0 1 0 0 1 0 1 0 0 0 0 0 1 1 0
1 0 1 0 1 0 0 1 1 1 1 1 0 1 1 1
1 1 1 0 1 1 0 1 0 1 1 0 1 1 0 1
0 0 0 0 1 1 1 1 1 0 1 0 0 1 0 1
1 1 1 1 0 0 0 0 0 0 0 1 1 1 1 1
1 1 0 1 0 0 1 1 0 1 1 0 0 0 0 0
0 1 0 1 0 1 0 0 1 1 1 0 0 0 1 1
0 0 0 1 1 1 0 0 0 1 1 0 1 0 1 0
1 1 0 0 1 1 0 1 0 1 0 0 0 0 0 0
14 6 7 25 26 15 18 19 11 18 4 10 27 18 27 11
31 8 2 30 21 8 21 8 19 13 8 18 14 4 29 31
22 19 12 6 4 25 26 28 18 12 27 19 15 12 22 18
3 11 12 5 25 6 14 6 10 19 9 22 24 31 29 27
13 4 27 11 7 28 2 26 10 25 5 13 13 25 15 15
31 26 29 29 28 21 27 21 22 29 26 2 14 7 2 23
7 12 7 18 4 8 21 6 7 28 14 18 21 10 4 3
12 4 26 9 4 23 9 23 3 5 8 4 15 31 21 15
25 12 26 5 25 2 10 19 19 29 23 22 10 22 24 31
25 20 24 13 23 27 5 18 5 26 28 10 30 20 7 29
13 14 2 15 24 26 22 23 24 13 27 3 15 21 13 19
20 22 30 20 8 7 5 13 10 15 9 23 21 18 28 25
19 20 5 25 15 8 30 19 7 25 30 4 4 5 11 15
12 24 3 30 14 29 2 4 29 25 26 5 2 11 31 29
10 10 11 28 23 20 13 12 2 31 20 5 30 11 29 7
20 20 4 13 26 30 8 26 12 22 13 6 9 6 5 9
