1 1 0 0 0 0 1 1 1 1 0 0 1 0 0 0
1 1 0 1 1 0 1 0 0 1 1 1 0 0 1 0
1 1 1 0 1 0 0 1 1 1 1 1 0 1 1 1
0 0 0 0 1 0 1 1 0 0 0 1 1 0 0 0
0 1 1 1 1 0 1 0 0 1 1 1 1 1 1 1
0 1 1 1 1 1 0 1 0 1 1 1 0 1 0 0
0 1 0 0 0 0 1 1 1 0 1 1 0 1 0 0
0 1 0 0 1 0 1 0 1 1 0 1 1 0 1 1
1 0 0 0 0 0 0 0 1 1 1 1 0 0 0 0
1 1 1 1 1 1 1 1 0 1 1 1 0 1 0 1
1 1 1 0 0 0 0 0 0 0 0 0 0 1 1 0
0 0 0 1 0 1 1 0 1 0 0 1 0 1 0 0
1 0 1 1 1 1 0 0 0 0 1 1 1 1 1 1
0 0 0 0 1 1 0 1 1 1 1 0 0 0 0 1
0 0 0 0 0 0 0 0 1 1 1 1 0 0 0 1
0 0 0 1 1 0 1 1 0 0 0 1 0 0 0 0
21 25 8 6 5 7 18 26 21 18 14 2 23 6 6 7
22 25 3 28 21 3 29 9 9 22 25 31 13 3 18 9
24 20 18 8 27 11 7 19 30 19 19 23 2 18 27 30
4 13 2 5 27 5 25 29 9 12 12 25 31 5 9 2
14 22 23 19 27 4 30 6 9 19 25 28 22 30 28 24
13 18 27 20 29 31 4 25 4 29 25 31 15 29 13 2
6 23 4 5 13 4 23 31 21 11 25 19 8 27 7 12
15 30 6 5 30 14 26 10 19 27 11 21 22 12 30 31
21 14 7 13 7 9 9 15 26 22 30 30 2 7 7 12
25 19 24 20 18 23 22 26 5 19 28 20 14 28 7 19
29 19 28 2 2 5 4 13 12 11 9 9 14 23 25 11
9 6 15 21 4 31 24 15 23 8 8 27 9 25 6 6
22 5 28 30 20 21 3 12 6 3 31 24 28 30 19 27
4 14 9 12 22 27 11 19 22 27 25 3 12 13 12 18
9 2 3 13 7 4 10 2 19 29 25 31 13 14 8 23
5 9 3 25 31 5 30 21 3 5 12 21 7 15 7 5
