1 1 1 0 0 1 1 1 0 1 1 1 1 0 1 1
1 1 1 1 0 1 0 0 0 0 0 1 1 0 0 0
0 0 0 0 0 0 1 1 1 0 1 1 0 0 0 0
0 1 0 1 1 0 1 1 0 1 1 0 0 1 1 0
0 0 0 1 1 1 1 1 0 1 0 1 0 0 1 1
1 1 1 1 0 0 1 0 1 0 1 1 0 0 0 0
0 0 1 1 1 0 0 0 0 0 1 0 0 0 0 0
0 1 1 1 1 1 0 1 1 1 0 1 0 1 0 0
0 0 0 1 1 0 0 0 0 0 0 1 0 1 0 0
0 1 1 1 0 1 0 1 0 0 1 0 1 0 0 1
1 0 0 1 0 0 1 1 0 1 1 1 1 0 0 1
1 0 1 1 1 0 1 1 0 0 0 0 1 1 0 1
1 1 0 0 0 1 0 0 1 1 0 1 0 1 0 0
0 0 1 1 0 0 0 1 0 0 1 1 1 0 0 0
1 0 1 0 0 0 1 1 0 1 0 1 0 1 0 0
1 0 1 0 0 0 1 0 1 0 0 1 0 1 1 0
28 31 26 13 4 31 24 28 14 21 31 31 31 13 25 30
26 22 21 24 5 30 10 11 6 6 13 26 24 2 10 12
2 12 15 15 3 9 19 19 26 14 31 28 5 9 4 4
13 27 8 24 19 15 24 28 15 19 19 10 11 27 26 4
14 12 13 31 31 20 28 25 12 26 6 26 7 11 25 19
31 31 22 29 10 13 31 5 24 7 28 24 8 12 4 15
4 3 23 31 30 6 6 5 14 9 26 8 3 6 10 9
7 19 20 28 31 30 11 21 24 24 12 31 2 23 9 6
7 12 6 19 31 5 12 6 6 10 10 18 13 26 11 14
2 31 20 18 2 26 6 31 15 12 25 13 25 10 10 19
18 5 5 25 12 8 26 22 13 24 19 26 31 6 2 20
31 9 31 19 25 13 21 28 7 8 2 15 22 25 15 28
31 23 4 15 11 22 5 2 31 23 7 31 4 20 6 8
15 5 29 31 12 14 2 28 11 11 20 28 18 3 14 2
31 11 25 3 14 4 21 28 13 31 8 23 7 19 13 5
23 9 19 10 10 13 21 8 28 15 11 24 9 27 19 7
