1 1 1 0 1 1 1 0 1 0 0 0 1 0 1 0
0 0 1 0 0 0 0 0 0 0 1 0 0 0 1 1
1 0 1 1 0 0 0 1 0 1 0 1 0 0 1 1
0 1 1 1 0 0 1 0 0 0 1 0 0 0 0 0
1 0 0 1 0 1 1 1 1 1 1 0 0 0 1 0
1 0 1 1 0 1 0 1 0 0 0 0 0 1 1 1
1 1 1 1 1 1 0 1 1 0 0 0 1 0 0 1
1 0 1 1 1 1 1 0 1 1 0 0 1 1 0 1
1 1 0 0 0 0 0 1 1 0 0 1 1 0 0 1
0 0 1 1 1 1 0 0 1 0 0 0 1 0 1 1
0 0 1 0 1 1 1 1 0 0 1 0 1 1 0 1
1 1 0 1 1 0 0 1 1 0 1 1 1 1 1 1
1 0 0 0 0 1 1 0 0 0 0 1 1 1 0 1
1 1 1 0 0 0 1 1 1 0 1 0 1 1 1 0
1 1 0 1 1 1 0 0 1 0 1 0 1 0 1 1
1 1 1 0 1 0 0 0 0 1 0 0 1 1 0 1
22 26 21 15 25 19 22 5 29 3 11 13 30 2 19 7
11 3 23 15 5 9 14 3 9 12 24 11 8 5 25 23
30 12 23 27 14 7 7 31 12 20 8 24 12 8 21 18
8 27 21 22 13 7 26 13 6 12 18 7 8 11 14 3
27 7 4 31 5 30 27 24 28 19 22 5 9 11 23 11
31 7 20 31 3 24 12 22 13 5 11 10 15 21 28 28
28 26 28 26 19 22 15 22 22 14 6 14 26 10 2 27
21 15 24 25 19 20 30 2 23 29 8 8 27 28 9 18
19 23 12 4 2 3 11 19 28 5 13 22 24 13 15 29
6 3 24 31 26 29 15 4 18 4 7 6 19 14 20 22
10 7 20 8 21 18 29 20 8 14 20 8 31 29 2 25
28 29 11 31 30 2 10 25 27 15 23 23 26 27 28 29
22 9 11 15 5 22 27 11 3 13 7 24 26 19 8 18
18 30 31 6 14 2 27 27 30 9 20 2 29 22 22 11
28 26 3 31 20 19 3 12 26 2 27 13 18 8 31 20
24 30 23 10 31 12 12 11 12 31 8 10 20 28 7 23
