0 1 1 1 1 0 0 0 1 1 0 0 1 1 0 0
0 1 0 1 1 0 1 0 0 1 1 1 0 0 1 0
1 1 0 0 0 1 0 0 0 0 0 0 1 0 1 0
0 0 1 0 0 1 0 1 0 0 0 1 0 0 0 1
1 1 0 0 0 0 0 1 1 0 0 0 1 0 1 0
0 0 1 1 0 0 0 0 1 0 0 0 0 1 0 0
1 1 1 0 0 1 0 0 1 1 0 1 0 1 1 1
0 0 0 1 1 0 1 1 1 1 0 0 0 1 0 1
0 0 1 0 1 1 1 1 1 1 0 0 1 0 0 0
1 0 1 0 1 1 1 0 0 1 1 1 0 1 1 0
0 0 0 0 0 0 0 1 0 1 0 0 1 0 1 1
1 1 1 1 0 0 0 0 0 1 1 0 0 0 0 0
0 0 1 0 0 1 0 1 1 0 1 0 1 0 1 0
0 1 1 0 0 1 0 0 0 1 0 0 0 1 1 0
0 1 0 1 0 0 1 0 1 0 0 0 1 1 1 0
1 0 1 1 0 0 0 1 0 1 0 0 1 1 0 1
7 24 23 28 23 9 11 8 30 22 2 2 23 27 6 13
10 18 13 24 29 5 28 6 12 27 30 26 3 8 24 6
28 30 10 8 10 18 8 14 6 15 11 2 20 13 19 12
9 8 29 9 6 19 11 29 8 7 11 20 3 13 7 25
18 24 3 7 6 12 9 19 19 15 12 10 31 9 29 4
8 5 28 29 11 2 9 5 30 2 4 12 9 28 4 3
20 27 19 4 6 29 5 12 23 22 12 26 7 24 24 30
12 3 13 30 28 2 25 30 19 27 5 2 3 28 11 30
5 14 28 8 26 31 21 28 29 31 13 12 30 15 8 5
18 13 19 10 21 29 28 11 15 20 26 28 13 25 25 11
9 2 4 14 6 12 2 30 13 27 5 8 29 7 21 29
28 19 25 31 3 10 12 10 12 29 30 2 8 4 9 14
2 4 23 14 12 20 12 26 22 8 28 10 21 14 19 7
4 28 29 4 7 19 12 12 12 26 3 7 7 18 31 11
9 28 3 25 6 13 20 8 30 10 2 5 21 20 24 9
24 5 30 22 12 12 13 18 7 30 4 5 23 19 14 19
