1 0 1 1 0 0 0 0 1 1 0 1 1 0 0 1
1 1 0 1 0 1 0 1 1 1 1 0 1 0 1 0
0 1 0 1 0 1 0 0 0 1 1 1 0 1 0 0
1 1 1 0 0 1 1 0 1 1 0 1 0 0 0 1
1 1 1 1 0 1 0 1 0 1 0 1 1 0 1 1
0 1 1 1 0 0 0 0 1 0 0 1 0 1 1 0
0 1 1 1 1 1 0 0 0 0 1 0 1 1 1 1
1 0 0 1 0 1 0 0 1 0 0 1 0 0 0 0
1 1 1 1 1 1 0 1 1 1 1 0 1 0 1 1
0 0 0 0 0 0 1 1 1 0 0 1 1 0 1 1
1 1 1 1 1 0 1 0 0 1 0 1 1 0 0 0
0 0 1 1 1 0 0 0 0 0 1 0 0 0 0 0
0 1 1 0 0 0 0 0 0 1 0 1 0 0 0 1
0 0 1 0 0 1 1 1 0 1 0 0 0 1 1 1
0 0 0 1 1 1 1 0 1 1 0 0 0 0 1 1
1 0 0 1 1 1 0 0 1 1 1 1 1 1 1 1
23 13 28 28 12 15 4 4 21 28 5 25 28 13 14 28
24 22 12 25 9 24 3 23 31 31 28 14 27 5 23 4
2 31 6 23 8 30 10 9 12 28 19 30 5 18 5 12
25 28 23 4 5 30 21 13 31 31 5 28 12 4 10 26
29 21 19 25 9 25 7 24 5 27 15 29 25 7 28 30
13 18 19 19 4 7 4 7 27 14 6 24 10 24 24 6
15 24 20 26 18 25 12 8 3 8 30 11 23 20 26 25
26 7 8 22 6 19 5 4 30 15 6 20 11 8 4 3
25 24 21 30 20 24 15 22 30 30 26 3 23 12 18 22
9 8 6 15 4 3 28 30 28 2 10 19 20 6 29 28
31 23 23 25 29 3 22 6 9 22 13 20 28 14 10 4
9 14 28 21 26 15 5 7 14 13 20 7 5 3 2 3
5 27 27 9 9 4 6 13 5 20 3 31 6 12 6 31
9 10 18 6 7 29 29 18 12 20 2 5 9 24 28 24
8 13 12 20 30 22 29 3 26 25 5 15 3 13 22 25
30 15 3 20 25 21 10 14 26 24 29 18 19 23 31 27
