0 0 0 0 0 0 0 0 1 0 0 0 0 0 0 1
1 1 0 1 0 0 1 1 1 1 1 0 0 1 0 1
0 0 1 0 0 1 0 1 1 0 1 0 0 1 0 0
1 1 0 1 0 1 1 0 0 0 0 0 1 0 1 0
1 0 0 0 1 1 1 1 0 0 0 1 0 1 1 0
0 1 0 0 0 0 1 1 1 0 0 0 0 0 1 1
0 0 0 1 1 0 1 1 1 1 0 0 1 1 0 0
1 0 1 1 1 0 1 0 0 0 1 0 0 1 1 0
1 1 1 0 1 0 0 0 1 0 1 0 0 1 1 0
0 1 0 1 1 1 0 1 0 0 0 1 1 1 1 0
0 1 0 0 1 0 0 0 0 0 0 0 1 1 0 0
0 1 0 1 1 1 1 1 0 1 1 0 0 0 0 0
1 0 0 1 0 1 0 0 0 1 1 1 1 0 0 0
0 0 1 0 0 1 0 0 1 1 1 1 1 1 1 0
1 1 0 0 1 1 0 1 0 1 0 1 1 1 0 1
1 1 1 0 1 0 1 1 1 0 1 0 0 0 0 0
10 15 8 14 6 9 4 15 22 11 7 10 14 12 3 20
22 18 2 29 7 7 22 22 18 23 19 12 15 28 7 20
14 2 27 4 6 27 7 26 30 12 23 4 15 27 12 12
23 19 15 18 3 20 30 3 13 8 8 8 30 14 23 13
20 3 14 12 26 23 30 18 6 10 3 27 15 18 27 8
15 24 13 6 4 2 29 21 31 7 9 10 5 2 29 24
13 9 11 22 31 9 27 18 28 27 7 8 28 18 15 11
23 7 31 30 22 5 25 8 8 4 26 8 3 31 31 2
26 23 20 3 23 3 6 9 28 4 19 2 10 31 21 3
5 27 15 29 29 20 10 20 15 15 6 22 23 20 25 3
9 30 9 7 25 3 8 5 7 9 8 14 30 22 8 7
2 25 7 20 19 19 28 20 4 19 25 5 12 2 8 6
19 12 2 21 8 20 3 7 10 26 20 24 26 13 15 8
13 14 31 5 3 22 4 14 25 31 21 25 24 25 31 10
18 21 8 14 28 31 15 26 12 30 10 28 21 20 8 29
21 26 24 15 30 4 27 30 26 3 30 2 2 10 12 2
