0 1 0 0 1 0 1 1 0 1 1 1 1 1 1 1
1 1 1 0 0 0 0 1 1 0 0 1 0 1 0 0
0 0 0 1 0 1 1 1 1 0 1 0 1 1 0 1
0 1 1 1 1 0 0 1 0 0 1 0 0 1 0 0
1 1 0 1 1 0 1 1 0 1 0 0 1 1 1 1
0 1 0 1 1 1 0 0 1 0 1 0 0 0 1 0
0 0 1 1 0 1 0 1 0 1 0 1 1 1 0 0
0 0 1 1 0 0 1 1 1 1 1 1 0 0 0 1
1 0 1 0 0 0 1 0 0 0 1 1 0 1 1 0
1 1 0 0 1 0 0 1 1 0 1 0 0 1 0 0
1 1 1 1 0 1 1 1 0 1 1 0 0 1 1 0
0 1 0 1 0 0 0 0 0 0 0 0 0 0 0 0
0 1 0 1 1 0 0 0 1 1 1 1 0 1 0 0
0 0 0 1 0 0 1 0 0 0 1 0 0 1 1 1
0 0 0 1 0 0 1 1 0 1 1 0 1 0 1 1
0 0 1 0 0 0 0 1 1 1 1 0 0 0 0 0
5 24 5 7 31 4 23 29 12 22 29 26 24 29 23 18
23 23 25 5 10 5 13 28 23 5 12 28 8 28 6 8
10 11 2 27 9 18 27 20 31 3 29 11 20 28 8 25
5 30 20 28 26 10 8 23 4 14 20 2 8 24 9 7
25 30 9 22 20 7 30 23 6 25 15 7 26 22 18 22
2 26 14 29 19 21 12 10 19 10 28 9 4 10 23 7
13 12 27 24 10 22 13 25 10 20 12 20 25 27 2 12
4 8 24 26 14 11 28 19 31 29 29 18 7 2 7 30
24 6 24 13 9 6 28 10 8 12 23 20 8 19 19 11
31 30 12 12 28 4 13 27 22 2 21 14 13 28 3 12
30 21 27 30 3 25 31 30 2 20 29 13 3 30 24 9
7 20 12 30 3 9 11 8 15 13 7 8 9 15 11 11
7 18 8 28 25 10 8 2 22 27 23 28 6 19 9 11
6 9 11 25 2 5 18 7 12 2 19 12 15 22 22 30
10 14 8 29 6 14 30 23 13 27 31 5 27 5 28 27
14 12 28 2 10 13 6 26 18 29 25 10 6 9 9 13
