0 0 0 0 1 1 1 0 0 0 1 0 1 1 1 0
0 1 1 1 1 0 0 0 0 1 0 0 0 0 0 1
1 1 0 0 0 1 1 1 1 1 1 1 1 1 1 0
0 1 1 1 0 0 1 1 1 1 1 0 1 0 0 1
0 0 1 0 0 1 0 0 1 0 0 0 1 1 0 0
0 1 1 1 0 0 1 0 1 0 1 1 1 0 0 0
1 1 1 1 1 0 0 1 1 0 1 1 1 0 1 1
0 1 1 0 0 1 1 0 1 1 0 1 0 1 1 0
1 0 0 1 0 0 0 1 1 0 0 0 0 0 1 0
1 1 0 0 0 0 0 1 1 1 1 1 1 0 0 0
0 1 0 1 0 1 1 0 1 1 1 0 1 1 1 1
1 0 0 1 0 0 0 0 1 1 1 0 1 0 0 1
1 1 0 0 0 0 0 0 0 0 1 0 1 1 0 1
0 1 1 0 0 0 0 1 1 0 1 1 1 0 0 0
1 1 1 0 0 1 1 0 1 1 0 1 1 1 1 1
0 0 0 0 0 0 0 1 0 0 1 1 0 0 0 1
5 3 3 8 22 25 30 11 6 9 31 8 28 23 21 12
7 26 25 27 24 8 10 4 11 18 14 8 3 11 12 18
31 25 3 2 3 26 30 23 26 27 29 23 20 31 18 9
14 23 27 20 9 5 20 20 20 19 28 13 23 11 2 31
15 15 25 13 7 22 2 9 22 15 4 15 20 26 11 2
11 22 30 20 12 4 22 14 23 9 26 25 18 4 9 13
29 31 27 20 20 7 6 18 28 14 29 30 31 3 18 29
6 22 31 10 12 20 26 9 28 30 2 24 10 18 22 10
28 5 2 28 3 14 2 28 22 6 2 7 11 15 27 2
22 19 2 10 12 15 4 30 19 19 21 29 30 5 9 5
11 24 7 24 7 18 22 14 20 31 24 5 29 19 18 24
24 3 5 28 9 8 11 4 23 25 26 2 23 15 13 18
21 20 12 14 5 4 10 5 4 5 26 4 20 24 14 25
4 30 25 7 7 14 11 29 30 10 20 25 24 13 10 2
18 18 21 9 10 30 27 6 23 21 6 26 18 28 21 25
15 10 2 14 11 5 14 27 4 3 21 19 6 3 5 25
