1 1 1 1 0 0 0 0 1 0 1 1 1 0 0 0
1 1 1 0 1 1 1 1 0 1 1 0 0 1 1 1
1 1 1 1 1 1 0 0 1 0 1 0 1 1 0 1
0 1 1 0 0 1 0 1 1 0 0 0 0 0 0 1
1 1 0 1 1 1 1 1 0 0 1 1 0 1 0 1
0 0 1 1 1 1 0 0 1 1 1 0 0 0 0 1
1 0 1 0 0 0 0 0 1 1 1 0 1 1 1 1
0 0 1 0 0 1 0 1 1 1 0 0 1 1 0 0
1 1 0 1 0 0 1 1 1 0 0 0 0 0 1 1
0 0 0 0 0 1 1 0 1 0 1 1 0 0 1 0
1 1 0 1 0 0 1 1 0 0 0 1 1 1 1 0
0 0 1 1 0 0 1 1 0 1 0 1 0 0 1 1
1 1 1 1 1 1 1 1 0 1 1 1 0 0 0 1
0 0 1 0 1 1 0 0 0 1 0 1 0 1 0 0
1 0 0 1 0 1 0 1 1 1 1 1 1 0 1 0
0 1 0 1 1 1 0 0 0 1 1 1 1 0 1 0
26 28 25 26 14 9 11 12 24 2 27 18 22 4 3 7
18 31 25 11 25 28 27 28 10 30 27 8 9 18 19 25
28 22 18 27 24 20 2 13 26 3 30 4 20 18 2 28
15 28 20 2 15 31 7 22 21 6 11 6 2 2 14 28
28 18 2 29 19 23 21 31 14 3 30 25 6 26 2 24
13 15 31 22 28 22 5 5 28 20 26 6 7 7 5 29
18 8 27 9 5 7 11 10 19 23 20 3 22 28 29 31
6 12 30 5 15 22 15 23 19 30 8 13 29 27 9 7
27 19 13 18 5 10 28 22 23 6 3 5 12 11 25 23
14 12 15 10 11 21 24 9 24 13 24 22 9 10 25 12
27 19 9 23 12 14 20 28 12 11 14 23 28 24 31 15
8 9 18 24 10 2 29 20 8 24 14 21 11 10 21 23
28 20 26 31 30 27 27 19 2 25 28 21 3 2 7 22
14 14 31 10 19 26 10 15 7 23 10 26 15 27 14 12
31 6 2 20 10 25 15 26 27 21 25 18 30 9 18 5
12 20 11 30 19 20 3 4 10 26 23 21 19 6 19 13
