1 1 0 1 1 0 1 0 1 0 0 0 1 1 1 1
1 1 1 0 0 0 1 1 1 1 0 0 0 0 1 0
0 0 0 0 0 0 1 1 1 0 1 1 1 1 0 1
1 0 1 1 1 0 1 1 1 1 0 0 1 1 0 0
0 1 0 0 1 1 0 0 0 0 0 0 1 1 1 1
1 0 0 1 1 1 1 0 0 1 0 0 0 1 1 0
1 1 1 0 0 1 0 0 0 0 1 0 1 0 1 1
0 0 0 0 1 1 1 0 0 0 1 1 1 0 0 0
0 0 1 0 0 0 1 1 1 0 0 1 1 0 1 0
0 1 0 1 0 0 0 1 1 1 1 0 1 1 1 1
0 1 0 0 0 1 1 1 0 0 0 0 0 1 0 0
0 0 0 1 0 1 1 0 0 1 1 1 0 1 0 0
0 0 0 0 1 0 1 1 1 1 1 0 1 0 0 0
0 1 1 0 1 1 1 0 0 0 1 1 0 0 1 1
1 1 1 0 0 1 1 1 0 0 0 1 1 0 0 1
1 1 0 0 0 1 1 0 1 0 0 1 0 0 1 0
26 30 5 24 18 5 27 2 27 5 10 3 23 23 30 21
24 27 24 11 12 2 26 20 28 30 5 15 5 14 20 12
2 5 10 12 14 10 30 20 20 3 26 29 29 31 14 21
24 6 22 20 30 6 20 25 24 25 3 6 27 29 6 14
4 22 9 11 22 20 13 10 10 8 12 14 24 30 29 29
30 7 12 30 23 22 29 6 12 22 3 14 7 18 21 4
21 20 19 15 4 23 9 12 14 7 20 8 28 2 25 25
12 9 12 3 19 31 19 3 7 8 19 29 25 13 15 14
13 4 18 8 10 5 21 18 29 7 4 26 20 13 29 8
13 26 13 22 6 5 4 18 21 18 29 8 23 28 25 18
9 26 9 13 2 28 20 24 10 15 12 4 12 22 2 9
4 10 12 27 9 27 18 13 6 21 23 24 9 30 5 9
7 12 7 5 30 11 28 25 23 23 28 7 27 15 7 14
13 25 28 4 28 19 24 5 12 9 26 18 6 11 28 24
26 28 31 11 9 21 23 27 7 11 12 29 18 3 10 31
27 25 4 9 10 24 28 4 28 7 12 28 10 10 20 4
