1 0 0 1 1 1 1 1 1 1 1 1 1 0 0 1
0 0 0 0 1 1 1 0 0 1 1 1 0 1 1 1
1 0 1 0 0 1 0 0 1 1 1 1 0 1 0 0
1 1 0 0 1 0 0 1 0 0 0 0 1 0 1 1
1 1 1 1 0 0 1 0 1 1 0 1 1 0 1 0
1 1 1 0 0 1 0 0 0 1 1 0 1 1 0 1
1 1 0 1 1 1 1 0 0 1 0 1 0 1 1 1
1 1 0 0 0 0 0 1 1 1 0 1 1 0 0 1
1 0 1 0 0 0 1 1 1 0 0 1 1 1 0 0
0 1 0 0 1 1 1 1 1 0 0 1 1 0 0 1
0 1 0 0 0 1 0 1 1 0 1 1 0 1 1 0
0 0 0 1 1 0 0 0 1 1 0 0 0 0 0 1
0 1 0 0 0 1 0 1 0 0 0 0 1 1 1 0
0 1 0 0 0 1 0 1 0 1 0 0 0 0 0 0
1 1 1 0 0 1 0 1 0 0 0 0 1 0 1 1
1 0 0 0 0 1 0 0 1 0 1 1 1 0 0 1
29 10 12 23 23 18 26 18 29 20 20 28 29 9 10 25
2 9 10 7 30 25 23 4 6 29 29 22 14 28 28 18
23 13 19 3 12 26 14 9 31 18 23 31 9 23 7 3
30 30 12 7 18 13 3 28 4 12 15 4 28 2 18 29
24 21 25 20 10 4 18 9 25 22 10 20 31 5 30 13
31 29 27 5 9 20 3 8 2 26 25 4 25 25 11 28
29 20 9 18 20 28 24 12 5 20 12 23 9 28 18 30
27 30 7 10 13 8 7 31 26 26 4 28 21 5 2 26
28 4 26 2 8 7 31 26 23 10 5 28 28 26 15 15
11 20 12 2 28 30 21 18 24 12 14 23 23 8 6 19
5 22 5 8 9 24 11 24 23 14 29 30 13 20 22 15
4 10 4 31 19 10 6 3 21 24 10 4 7 11 14 21
6 30 8 5 12 27 8 21 3 10 7 6 31 23 23 14
14 23 8 15 12 22 8 28 8 24 11 14 13 10 9 11
20 22 28 13 9 25 8 22 13 14 12 11 19 4 25 21
19 8 8 4 11 24 4 7 31 13 30 24 19 3 3 31
