0 1 0 0 1 0 0 0 0 0 1 0 1 1 0 0
1 0 0 1 1 0 1 0 1 1 1 1 1 0 0 1
1 1 0 1 1 1 1 1 1 1 1 1 1 0 0 0
1 0 1 0 1 0 1 0 0 1 0 0 1 0 1 1
1 0 0 1 0 1 0 1 1 1 1 1 1 0 0 0
1 0 1 0 1 1 1 1 1 0 1 1 1 0 0 0
1 1 1 1 0 0 0 0 0 1 0 0 1 1 1 0
1 0 1 1 0 1 0 1 1 0 0 0 1 0 1 1
1 0 0 1 0 1 0 1 0 1 1 0 0 0 0 0
1 0 0 0 0 0 0 1 0 1 1 0 0 1 0 0
1 1 0 0 0 1 0 0 0 1 1 0 0 0 0 1
0 0 0 1 1 1 0 0 1 1 0 1 0 0 1 1
1 0 0 1 1 0 0 0 0 0 1 0 1 1 1 0
0 1 0 1 1 0 1 0 1 1 0 0 1 0 1 1
1 0 0 1 0 0 1 0 0 0 1 1 0 0 0 0
0 0 1 0 0 0 0 1 0 1 0 1 1 0 0 0
11 18 4 2 29 10 13 8 6 7 28 4 20 24 10 8
21 3 15 27 30 13 20 3 30 26 20 30 27 9 7 31
30 20 11 25 24 31 30 21 22 18 21 23 25 2 11 7
28 13 18 6 22 9 28 15 9 27 13 15 20 3 22 31
26 14 4 29 3 29 11 18 31 22 22 22 19 14 6 7
21 12 28 4 26 31 25 20 23 4 30 25 21 12 15 15
26 30 29 25 4 7 2 14 8 18 15 15 18 21 19 8
28 3 31 20 3 18 10 31 23 9 14 6 27 5 20 24
22 8 10 18 9 28 11 28 10 30 18 4 2 4 3 4
23 7 13 9 11 2 11 31 11 20 27 5 2 28 6 10
25 22 14 13 9 30 11 12 7 31 30 5 11 12 13 22
15 11 14 27 19 22 3 8 31 30 2 22 10 12 31 31
31 12 12 21 31 9 6 13 3 6 22 14 30 25 27 12
2 22 10 30 20 13 26 5 26 21 15 3 18 7 25 23
31 9 11 23 5 7 26 7 9 5 26 18 11 12 9 7
9 13 27 8 6 5 11 28 3 26 13 24 31 2 6 8
