1 1 0 0 1 1 1 1 1 0 0 1 1 1 1 0
1 0 1 1 1 0 0 1 0 0 0 0 1 0 1 0
0 0 0 0 1 0 0 0 0 0 0 1 0 0 1 0
0 1 0 1 0 0 0 0 0 0 1 1 0 0 1 1
1 1 0 0 0 1 1 1 0 1 1 1 0 1 0 0
1 1 0 1 0 0 1 0 1 1 0 0 1 0 0 0
1 1 0 1 0 1 0 0 0 0 0 0 0 0 1 1
1 1 0 1 0 0 1 1 1 1 1 0 1 1 1 0
0 1 1 0 1 1 1 0 0 1 1 0 0 0 0 0
1 1 0 1 0 1 1 0 1 1 0 1 1 0 1 1
1 1 0 1 0 1 1 1 1 1 1 0 0 0 0 1
0 0 1 0 1 0 0 1 0 1 0 1 1 1 0 1
1 0 0 1 1 1 1 1 0 1 1 0 0 1 1 1
1 0 0 1 1 0 0 0 1 0 1 1 1 0 0 1
0 1 1 1 0 1 1 0 0 0 1 1 1 0 1 1
1 0 1 0 1 0 0 1 1 1 1 0 1 1 1 0
23 21 3 10 30 23 26 28 19 9 3 30 19 21 21 14
30 2 30 25 26 7 8 24 5 15 5 6 19 10 22 7
11 10 13 7 22 5 8 13 7 7 7 18 12 8 27 15
14 22 12 24 9 7 5 13 3 15 18 31 11 3 29 29
21 21 4 13 7 29 27 24 13 30 19 29 14 24 4 3
28 29 9 22 9 13 19 11 27 31 7 5 20 9 12 14
18 26 2 23 3 22 5 10 8 13 12 5 15 4 27 19
28 29 6 20 8 3 18 31 20 29 18 2 30 26 28 7
12 19 30 6 18 19 25 13 4 25 28 7 2 7 12 11
26 24 6 28 13 25 26 4 23 20 15 29 21 12 21 27
27 25 12 29 6 29 18 29 19 28 26 13 12 3 6 31
9 11 31 14 20 13 7 21 7 25 9 19 19 24 4 29
20 9 7 23 19 24 30 26 11 21 26 7 3 26 18 20
28 7 7 27 21 13 14 7 26 12 24 26 18 3 4 24
3 27 24 20 9 19 21 2 7 14 18 19 27 10 19 26
31 9 29 12 22 3 15 21 20 29 26 2 21 25 24 13
