0 0 0 1 0 0 0 0 1 1 0 1 0 0 0 0
0 1 1 1 0 0 0 0 0 1 1 1 0 0 1 1
1 1 1 0 1 1 1 0 1 0 1 1 0 0 1 1
1 1 1 1 1 1 0 0 0 1 1 0 0 1 1 0
0 0 1 1 0 1 1 0 0 0 1 1 1 1 0 1
1 0 1 0 1 0 1 1 0 0 0 0 0 0 0 1
0 1 0 0 1 0 0 0 0 0 0 1 1 1 1 1
0 1 0 0 0 0 1 1 0 0 1 0 0 0 0 1
0 1 0 0 1 1 0 0 0 1 1 0 0 0 0 0
0 0 0 0 1 0 1 0 0 1 1 0 0 0 0 0
0 0 1 1 1 1 1 0 0 0 0 1 0 1 0 0
1 1 0 1 1 0 0 1 1 1 0 1 0 1 0 1
1 0 1 1 1 1 1 1 0 0 0 0 1 0 0 0
0 1 0 1 0 1 0 1 1 1 1 1 1 0 1 0
1 0 0 1 1 1 1 1 1 1 0 1 1 0 1 1
1 1 1 1 1 0 1 1 0 1 1 0 0 0 0 1
6 6 10 19 14 3 15 5 19 18 3 21 5 2 12 8
12 30 27 21 8 7 13 4 8 21 30 29 5 2 27 23
20 31 30 11 27 24 20 13 19 5 25 26 6 7 21 26
28 19 22 18 30 26 12 10 11 23 31 10 4 30 29 2
11 4 25 23 2 20 28 2 14 7 29 29 27 28 3 18
26 13 18 8 27 7 20 18 15 2 5 8 6 2 8 20
14 20 12 4 22 7 4 14 11 5 11 19 28 30 22 27
10 28 6 15 11 15 26 18 2 14 20 8 10 8 6 22
9 31 8 9 30 29 12 13 3 19 22 3 2 5 8 10
9 6 9 14 23 11 24 11 15 29 23 6 12 8 13 3
15 15 19 22 22 28 30 9 15 2 13 26 11 18 9 4
20 31 3 24 30 6 15 26 27 19 13 28 9 26 4 23
19 8 18 30 30 25 29 20 8 3 15 14 26 12 12 3
12 20 12 21 5 24 15 25 24 18 22 23 30 11 31 15
21 7 7 24 23 24 29 28 22 22 6 25 25 15 29 28
24 31 31 19 22 14 24 31 4 22 21 10 2 10 3 25
