0 0 0 0 0 0 0 0 0 0 0 0 0 0 0 0
0 0 0 0 0 0 0 0 0 0 0 0 0 0 0 0
0 0 0 0 0 0 0 0 0 0 0 0 0 0 0 0
0 0 0 0 0 0 0 0 0 0 0 0 0 0 0 0
0 0 0 0 0 0 0 0 0 0 0 0 0 0 0 0
0 0 0 0 0 0 0 0 0 0 0 0 0 0 0 0
0 0 0 0 0 0 0 0 0 0 0 0 0 0 0 0
0 0 0 0 0 0 0 0 0 0 0 0 0 0 0 0
1 1 1 1 1 1 1 1 1 1 1 1 1 1 1 1
1 1 1 1 1 1 1 1 1 1 1 1 1 1 1 1
1 1 1 1 1 1 1 1 1 1 1 1 1 1 1 1
1 1 1 1 1 1 1 1 1 1 1 1 1 1 1 1
1 1 1 1 1 1 1 1 1 1 1 1 1 1 1 1
1 1 1 1 1 1 1 1 1 1 1 1 1 1 1 1
1 1 1 1 1 1 1 1 1 1 1 1 1 1 1 1
1 1 1 1 1 1 1 1 1 1 1 1 1 1 1 1
3 5 6 5 8 8 3 9 5 6 11 14 15 10 5 10
2 2 3 9 7 13 7 3 10 9 10 2 8 13 10 14
11 14 4 6 4 5 4 12 8 2 10 10 11 9 14 6
7 6 10 3 5 6 6 7 9 15 5 4 10 2 13 14
3 14 12 15 9 2 12 15 12 11 4 5 6 13 6 14
8 2 4 2 4 6 6 15 4 13 13 2 9 10 8 7
5 8 7 15 4 8 10 14 11 10 11 3 3 5 9 5
4 4 14 10 2 8 4 14 7 9 9 8 7 10 4 3
22 24 28 24 31 24 18 19 18 24 30 26 19 28 27 22
19 18 25 21 30 22 25 31 21 26 21 20 24 28 30 25
27 21 21 23 22 19 19 28 24 18 26 18 21 22 18 19
28 24 28 31 26 19 27 29 27 30 19 18 22 26 18 18
30 22 27 18 30 20 22 28 27 22 22 19 21 19 29 20
29 23 26 27 30 31 26 26 19 27 23 28 21 30 27 18
19 18 23 29 24 28 24 21 24 29 26 31 31 27 21 27
31 22 25 21 23 31 29 23 27 30 20 28 29 19 19 27
