0 0 0 0 0 0 0 0 0 0 0 0 0 0 0 0
0 0 0 0 0 0 0 0 0 0 0 0 0 0 0 0
0 0 0 0 0 0 0 0 0 0 0 0 0 0 0 0
0 0 0 0 0 0 0 0 0 0 0 0 0 0 0 0
0 0 0 0 0 0 0 0 0 0 0 0 0 0 0 0
0 0 0 0 0 0 0 0 0 0 0 0 0 0 0 0
0 0 0 0 0 0 0 0 0 0 0 0 0 0 0 0
0 0 0 0 0 0 0 0 0 0 0 0 0 0 0 0
1 1 1 1 1 1 1 1 1 1 1 1 1 1 1 1
1 1 1 1 1 1 1 1 1 1 1 1 1 1 1 1
1 1 1 1 1 1 1 1 1 1 1 1 1 1 1 1
1 1 1 1 1 1 1 1 1 1 1 1 1 1 1 1
1 1 1 1 1 1 1 1 1 1 1 1 1 1 1 1
1 1 1 1 1 1 1 1 1 1 1 1 1 1 1 1
1 1 1 1 1 1 1 1 1 1 1 1 1 1 1 1
1 1 1 1 1 1 1 1 1 1 1 1 1 1 1 1
13 11 11 10 9 13 5 2 15 5 12 8 11 13 12 4
2 8 12 2 12 4 12 8 12 9 2 3 6 15 14 6
12 14 6 9 13 9 11 9 2 8 3 13 10 13 2 3
2 14 12 10 7 2 9 6 2 7 3 7 2 10 8 10
8 3 2 12 9 15 12 5 12 4 11 9 11 7 14 14
13 11 9 10 7 7 3 3 5 15 13 11 6 7 9 6
8 4 10 14 11 13 9 12 15 11 5 5 11 15 11 4
2 5 6 5 11 8 5 6 4 13 15 3 3 7 13 7
30 20 19 31 25 22 30 24 18 20 18 19 21 31 31 21
24 26 23 20 21 23 22 31 23 27 25 19 28 31 20 23
23 30 26 27 21 27 18 28 22 21 29 22 28 23 30 30
25 28 31 28 22 22 20 28 18 24 21 26 25 24 26 26
29 20 23 20 19 20 18 22 20 22 31 20 31 28 25 27
21 31 29 18 22 23 24 19 24 19 19 24 23 26 26 22
28 31 20 28 23 18 27 21 31 30 24 29 30 29 27 29
27 29 28 20 25 20 23 22 18 25 26 24 31 20 26 27
