0 0 0 0 0 0 0 0 0 0 0 0 0 0 0 0
0 0 0 0 0 0 0 0 0 0 0 0 0 0 0 0
0 0 0 0 0 0 0 0 0 0 0 0 0 0 0 0
0 0 0 0 0 0 0 0 0 0 0 0 0 0 0 0
0 0 0 0 0 0 0 0 0 0 0 0 0 0 0 0
0 0 0 0 0 0 0 0 0 0 0 0 0 0 0 0
0 0 0 0 0 0 0 0 0 0 0 0 0 0 0 0
0 0 0 0 0 0 0 0 0 0 0 0 0 0 0 0
1 1 1 1 1 1 1 1 1 1 1 1 1 1 1 1
1 1 1 1 1 1 1 1 1 1 1 1 1 1 1 1
1 1 1 1 1 1 1 1 1 1 1 1 1 1 1 1
1 1 1 1 1 1 1 1 1 1 1 1 1 1 1 1
1 1 1 1 1 1 1 1 1 1 1 1 1 1 1 1
1 1 1 1 1 1 1 1 1 1 1 1 1 1 1 1
1 1 1 1 1 1 1 1 1 1 1 1 1 1 1 1
1 1 1 1 1 1 1 1 1 1 1 1 1 1 1 1
6 5 14 5 5 15 8 13 3 7 15 13 13 3 4 4
2 13 4 6 5 9 7 2 12 11 15 5 2 9 6 2
3 8 5 9 7 4 6 2 14 14 3 7 15 7 9 7
5 5 15 14 15 13 8 11 2 6 9 9 5 12 13 9
13 5 3 3 5 6 3 10 11 13 15 13 6 11 15 9
11 6 6 10 10 9 9 7 4 15 13 6 7 8 6 12
5 12 12 8 7 15 13 14 14 14 14 12 7 5 8 6
8 14 3 11 11 5 12 12 10 6 13 2 12 4 14 2
31 31 28 24 31 24 28 26 30 22 22 30 25 22 31 20
25 31 29 24 24 25 24 30 18 22 28 24 22 25 21 30
23 29 28 18 19 25 21 24 30 26 28 31 25 21 26 20
25 27 30 19 28 23 26 25 23 21 21 28 29 27 22 27
22 24 29 19 28 29 26 24 18 18 24 22 21 18 25 29
20 27 28 25 30 29 23 25 28 29 29 30 20 28 21 21
22 21 20 22 25 22 22 24 24 23 21 27 27 28 30 24
31 18 22 29 22 26 19 29 25 27 29 29 31 30 23 29
