0 0 0 0 0 0 0 0 0 0 0 0 0 0 0 0
0 0 0 0 0 0 0 0 0 0 0 0 0 0 0 0
0 0 0 0 0 0 0 0 0 0 0 0 0 0 0 0
0 0 0 0 0 0 0 0 0 0 0 0 0 0 0 0
0 0 0 0 0 0 0 0 0 0 0 0 0 0 0 0
0 0 0 0 0 0 0 0 0 0 0 0 0 0 0 0
0 0 0 0 0 0 0 0 0 0 0 0 0 0 0 0
0 0 0 0 0 0 0 0 0 0 0 0 0 0 0 0
1 1 1 1 1 1 1 1 1 1 1 1 1 1 1 1
1 1 1 1 1 1 1 1 1 1 1 1 1 1 1 1
1 1 1 1 1 1 1 1 1 1 1 1 1 1 1 1
1 1 1 1 1 1 1 1 1 1 1 1 1 1 1 1
1 1 1 1 1 1 1 1 1 1 1 1 1 1 1 1
1 1 1 1 1 1 1 1 1 1 1 1 1 1 1 1
1 1 1 1 1 1 1 1 1 1 1 1 1 1 1 1
1 1 1 1 1 1 1 1 1 1 1 1 1 1 1 1
7 2 3 9 15 9 10 9 9 12 14 12 4 4 9 7
8 10 11 8 9 8 7 4 3 15 11 12 10 10 5 7
9 2 14 9 6 11 7 8 14 12 14 3 8 12 12 4
8 10 3 10 10 11 8 10 4 2 7 5 8 2 4 7
7 6 8 5 14 12 9 8 15 5 12 4 3 12 3 6
4 11 12 3 9 10 7 5 10 12 7 4 13 14 10 10
10 9 15 6 5 2 5 12 14 5 2 2 9 8 6 15
10 12 12 3 5 11 4 14 10 4 9 3 10 15 10 6
18 26 25 25 30 30 27 21 30 30 20 19 18 31 25 18
27 29 21 18 28 24 27 20 18 31 19 27 23 29 30 28
27 20 21 18 20 29 18 27 29 28 22 31 23 19 18 23
25 25 19 26 25 18 22 18 22 31 31 25 28 29 24 18
25 20 21 30 20 20 25 21 22 26 26 21 20 26 19 21
20 23 26 23 25 19 19 22 30 26 20 24 31 20 23 26
25 18 19 24 25 25 20 24 28 23 27 30 25 20 26 28
28 23 31 27 23 30 21 27 26 28 22 31 22 20 20 26
