0 0 0 0 0 0 0 0 0 0 0 0 0 0 0 0
0 0 0 0 0 0 0 0 0 0 0 0 0 0 0 0
0 0 0 0 0 0 0 0 0 0 0 0 0 0 0 0
0 0 0 0 0 0 0 0 0 0 0 0 0 0 0 0
0 0 0 0 0 0 0 0 0 0 0 0 0 0 0 0
0 0 0 0 0 0 0 0 0 0 0 0 0 0 0 0
0 0 0 0 0 0 0 0 0 0 0 0 0 0 0 0
0 0 0 0 0 0 0 0 0 0 0 0 0 0 0 0
1 1 1 1 1 1 1 1 1 1 1 1 1 1 1 1
1 1 1 1 1 1 1 1 1 1 1 1 1 1 1 1
1 1 1 1 1 1 1 1 1 1 1 1 1 1 1 1
1 1 1 1 1 1 1 1 1 1 1 1 1 1 1 1
1 1 1 1 1 1 1 1 1 1 1 1 1 1 1 1
1 1 1 1 1 1 1 1 1 1 1 1 1 1 1 1
1 1 1 1 1 1 1 1 1 1 1 1 1 1 1 1
1 1 1 1 1 1 1 1 1 1 1 1 1 1 1 1
10 14 5 14 2 14 2 13 4 5 11 3 4 13 5 12
2 11 11 9 10 13 12 8 2 6 7 8 8 15 6 2
14 5 12 3 2 9 5 10 10 9 14 7 12 7 3 2
4 9 12 3 13 10 10 12 13 3 9 13 11 12 2 9
7 15 4 14 12 2 14 12 8 4 8 6 14 14 6 2
12 13 9 14 9 12 6 8 11 3 7 4 2 8 2 4
7 15 4 13 10 14 9 7 4 13 12 5 4 12 9 14
3 7 7 9 5 11 14 14 3 14 9 7 4 13 2 3
31 29 30 24 25 24 21 24 23 21 25 19 28 25 29 21
21 29 26 27 20 25 19 29 28 20 23 23 21 22 30 22
21 21 21 29 18 28 30 22 19 21 28 28 28 27 21 18
18 21 18 22 27 28 28 30 18 27 21 27 26 30 27 24
26 26 21 22 30 28 30 23 20 20 30 25 28 22 23 25
18 19 28 31 20 22 22 30 26 29 21 31 19 28 28 21
28 27 18 31 26 26 21 24 19 31 27 31 20 22 21 27
21 23 31 29 24 30 31 19 23 24 31 25 18 28 18 27
