0 0 0 0 0 0 0 0 0 0 0 0 0 0 0 0
0 0 0 0 0 0 0 0 0 0 0 0 0 0 0 0
0 0 0 0 0 0 0 0 0 0 0 0 0 0 0 0
0 0 0 0 0 0 0 0 0 0 0 0 0 0 0 0
0 0 0 0 0 0 0 0 0 0 0 0 0 0 0 0
0 0 0 0 0 0 0 0 0 0 0 0 0 0 0 0
0 0 0 0 0 0 0 0 0 0 0 0 0 0 0 0
0 0 0 0 0 0 0 0 0 0 0 0 0 0 0 0
1 1 1 1 1 1 1 1 1 1 1 1 1 1 1 1
1 1 1 1 1 1 1 1 1 1 1 1 1 1 1 1
1 1 1 1 1 1 1 1 1 1 1 1 1 1 1 1
1 1 1 1 1 1 1 1 1 1 1 1 1 1 1 1
1 1 1 1 1 1 1 1 1 1 1 1 1 1 1 1
1 1 1 1 1 1 1 1 1 1 1 1 1 1 1 1
1 1 1 1 1 1 1 1 1 1 1 1 1 1 1 1
1 1 1 1 1 1 1 1 1 1 1 1 1 1 1 1
10 11 14 2 12 11 7 2 7 7 14 15 13 6 15 7
7 10 6 9 9 8 10 14 4 2 14 7 7 3 9 14
11 14 2 4 14 3 15 5 7 15 10 6 9 13 2 14
10 5 6 7 6 8 14 5 9 10 10 14 7 3 13 10
11 14 11 11 15 3 15 2 15 7 6 2 5 8 12 5
9 7 4 3 5 14 3 6 7 4 10 6 9 12 14 8
9 4 6 13 7 12 4 6 7 11 4 8 13 10 13 11
8 14 3 6 12 9 3 10 11 10 9 4 3 8 9 2
18 25 20 22 28 27 26 31 22 27 31 18 19 31 24 29
26 25 23 20 21 21 30 31 20 23 30 24 31 25 26 24
30 22 28 29 30 27 24 24 30 19 21 24 22 19 25 22
31 31 24 23 29 28 24 31 24 18 24 26 29 20 23 30
28 29 19 23 31 21 28 22 26 29 19 27 26 28 18 27
25 23 20 18 29 22 28 29 23 28 28 29 28 21 30 28
20 21 31 24 30 31 26 24 26 20 19 18 31 18 26 22
26 29 24 21 22 19 25 30 31 31 31 29 23 30 23 30
