0 0 0 0 0 0 0 0 0 0 0 0 0 0 0 0
0 0 0 0 0 0 0 0 0 0 0 0 0 0 0 0
0 0 0 0 0 0 0 0 0 0 0 0 0 0 0 0
0 0 0 0 0 0 0 0 0 0 0 0 0 0 0 0
0 0 0 0 0 0 0 0 0 0 0 0 0 0 0 0
0 0 0 0 0 0 0 0 0 0 0 0 0 0 0 0
0 0 0 0 0 0 0 0 0 0 0 0 0 0 0 0
0 0 0 0 0 0 0 0 0 0 0 0 0 0 0 0
1 1 1 1 1 1 1 1 1 1 1 1 1 1 1 1
1 1 1 1 1 1 1 1 1 1 1 1 1 1 1 1
1 1 1 1 1 1 1 1 1 1 1 1 1 1 1 1
1 1 1 1 1 1 1 1 1 1 1 1 1 1 1 1
1 1 1 1 1 1 1 1 1 1 1 1 1 1 1 1
1 1 1 1 1 1 1 1 1 1 1 1 1 1 1 1
1 1 1 1 1 1 1 1 1 1 1 1 1 1 1 1
1 1 1 1 1 1 1 1 1 1 1 1 1 1 1 1
3 5 6 15 2 9 8 5 2 6 5 6 2 10 10 7
14 14 15 7 8 3 9 9 2 14 10 3 7 14 8 15
2 10 7 11 5 14 6 2 13 10 4 14 3 11 9 15
6 8 8 6 12 5 11 3 9 12 10 7 14 6 15 4
15 9 2 10 8 7 2 8 12 7 10 13 13 4 6 2
7 14 2 10 5 7 5 14 9 15 4 10 13 2 12 5
7 10 8 5 7 4 6 6 8 14 10 14 9 11 15 14
4 4 6 15 7 9 15 5 12 10 14 9 9 5 7 9
19 20 19 31 30 23 31 28 22 18 21 25 18 29 27 26
27 26 19 18 21 23 28 26 31 25 26 24 25 21 31 18
30 18 19 26 21 26 21 19 31 31 24 29 24 28 22 23
30 26 25 21 28 26 18 22 26 18 25 24 31 28 24 28
18 23 25 19 20 28 21 25 24 20 27 28 26 25 31 29
19 18 27 26 23 28 31 24 25 20 26 24 29 20 22 18
27 28 30 27 28 29 30 21 20 28 22 29 31 21 18 26
22 27 20 29 24 24 24 26 20 19 25 31 28 28 26 20
