0 0 0 0 0 0 0 0 0 0 0 0 0 0 0 0
0 0 0 0 0 0 0 0 0 0 0 0 0 0 0 0
0 0 0 0 0 0 0 0 0 0 0 0 0 0 0 0
0 0 0 0 0 0 0 0 0 0 0 0 0 0 0 0
0 0 0 0 0 0 0 0 0 0 0 0 0 0 0 0
0 0 0 0 0 0 0 0 0 0 0 0 0 0 0 0
0 0 0 0 0 0 0 0 0 0 0 0 0 0 0 0
0 0 0 0 0 0 0 0 0 0 0 0 0 0 0 0
1 1 1 1 1 1 1 1 1 1 1 1 1 1 1 1
1 1 1 1 1 1 1 1 1 1 1 1 1 1 1 1
1 1 1 1 1 1 1 1 1 1 1 1 1 1 1 1
1 1 1 1 1 1 1 1 1 1 1 1 1 1 1 1
1 1 1 1 1 1 1 1 1 1 1 1 1 1 1 1
1 1 1 1 1 1 1 1 1 1 1 1 1 1 1 1
1 1 1 1 1 1 1 1 1 1 1 1 1 1 1 1
1 1 1 1 1 1 1 1 1 1 1 1 1 1 1 1
9 5 5 2 14 3 12 11 12 14 11 4 4 9 5 2
2 11 13 13 4 15 4 11 7 14 2 3 4 5 4 9
11 7 6 6 10 14 11 11 14 4 4 10 3 7 6 9
15 11 2 11 12 12 5 4 2 9 8 9 3 14 15 8
12 2 6 13 7 10 8 15 13 7 12 10 6 6 3 4
9 11 2 8 10 6 9 15 6 11 9 4 8 13 11 4
4 8 7 7 4 14 12 13 8 15 14 14 7 14 7 3
15 12 4 7 12 6 11 2 12 15 12 11 2 4 6 9
31 23 21 30 18 28 26 30 26 28 31 29 25 29 26 28
28 18 30 18 19 21 28 20 28 26 18 28 19 30 18 27
22 22 23 21 21 24 20 25 18 29 29 22 28 26 18 21
18 25 23 23 27 25 26 19 24 19 24 21 19 25 19 20
22 29 29 21 25 21 21 20 31 27 30 30 24 18 30 20
20 21 20 19 19 24 18 22 30 18 31 27 29 26 29 22
27 31 19 25 20 28 21 29 28 28 22 23 27 20 19 22
28 19 22 19 27 28 28 22 31 27 30 24 19 29 30 24
