0 0 0 0 0 0 0 0 0 0 0 0 0 0 0 0
0 0 0 0 0 0 0 0 0 0 0 0 0 0 0 0
0 0 0 0 0 0 0 0 0 0 0 0 0 0 0 0
0 0 0 0 0 0 0 0 0 0 0 0 0 0 0 0
0 0 0 0 0 0 0 0 0 0 0 0 0 0 0 0
0 0 0 0 0 0 0 0 0 0 0 0 0 0 0 0
0 0 0 0 0 0 0 0 0 0 0 0 0 0 0 0
0 0 0 0 0 0 0 0 0 0 0 0 0 0 0 0
1 1 1 1 1 1 1 1 1 1 1 1 1 1 1 1
1 1 1 1 1 1 1 1 1 1 1 1 1 1 1 1
1 1 1 1 1 1 1 1 1 1 1 1 1 1 1 1
1 1 1 1 1 1 1 1 1 1 1 1 1 1 1 1
1 1 1 1 1 1 1 1 1 1 1 1 1 1 1 1
1 1 1 1 1 1 1 1 1 1 1 1 1 1 1 1
1 1 1 1 1 1 1 1 1 1 1 1 1 1 1 1
1 1 1 1 1 1 1 1 1 1 1 1 1 1 1 1
2 12 6 11 4 14 15 5 9 3 9 14 2 15 7 8
4 8 10 3 6 5 11 6 10 2 15 15 9 8 9 12
3 14 7 5 13 5 7 12 11 5 14 5 8 2 7 2
5 15 12 7 11 4 2 5 5 8 12 7 2 5 15 11
2 9 7 2 13 9 13 5 5 8 11 14 3 4 2 7
10 9 8 5 10 6 10 7 9 14 12 8 11 13 3 12
4 3 7 4 12 12 7 13 13 4 6 6 5 9 7 2
2 6 6 3 11 10 8 12 14 12 8 10 6 13 15 12
24 20 29 23 27 24 28 18 22 26 20 28 22 23 30 20
31 19 25 19 18 31 25 30 28 27 28 18 28 22 24 30
29 31 25 25 21 27 22 29 30 21 18 20 30 29 29 21
28 30 24 29 25 27 23 26 30 23 28 26 30 18 30 24
27 18 25 26 28 31 26 31 20 24 25 30 21 26 28 28
24 20 22 25 31 21 20 30 31 31 20 27 28 21 22 29
27 18 24 30 18 30 26 25 26 26 22 25 24 27 22 23
28 21 25 23 29 18 19 27 29 30 29 30 21 31 29 18
