0 0 0 0 0 0 0 0 0 0 0 0 0 0 0 0
0 0 0 0 0 0 0 0 0 0 0 0 0 0 0 0
0 0 0 0 0 0 0 0 0 0 0 0 0 0 0 0
0 0 0 0 0 0 0 0 0 0 0 0 0 0 0 0
0 0 0 0 0 0 0 0 0 0 0 0 0 0 0 0
0 0 0 0 0 0 0 0 0 0 0 0 0 0 0 0
0 0 0 0 0 0 0 0 0 0 0 0 0 0 0 0
0 0 0 0 0 0 0 0 0 0 0 0 0 0 0 0
1 1 1 1 1 1 1 1 1 1 1 1 1 1 1 1
1 1 1 1 1 1 1 1 1 1 1 1 1 1 1 1
1 1 1 1 1 1 1 1 1 1 1 1 1 1 1 1
1 1 1 1 1 1 1 1 1 1 1 1 1 1 1 1
1 1 1 1 1 1 1 1 1 1 1 1 1 1 1 1
1 1 1 1 1 1 1 1 1 1 1 1 1 1 1 1
1 1 1 1 1 1 1 1 1 1 1 1 1 1 1 1
1 1 1 1 1 1 1 1 1 1 1 1 1 1 1 1
2 5 12 3 9 13 11 14 12 15 12 4 10 8 10 6
6 5 5 6 7 3 3 8 10 11 3 11 5 7 10 4
7 12 9 7 5 13 13 10 5 3 13 6 11 3 8 6
7 3 14 4 5 6 4 8 13 5 14 3 12 11 4 3
11 3 3 12 6 9 7 6 7 13 13 6 5 10 3 9
10 15 7 10 10 14 4 3 15 9 6 6 15 15 11 12
7 5 10 5 15 11 10 11 4 7 4 12 2 14 4 9
15 6 4 11 15 11 10 13 14 11 9 10 2 5 12 2
30 26 23 25 29 25 27 31 29 21 28 26 19 27 27 18
25 29 24 19 30 20 19 28 22 26 21 21 27 26 30 18
31 30 23 22 19 31 22 29 30 30 22 27 26 29 28 20
28 26 25 23 18 21 23 22 28 21 29 22 20 19 23 23
18 25 21 25 27 24 20 24 23 28 30 23 22 29 27 23
30 31 22 21 30 27 24 30 23 27 31 31 18 23 24 23
18 24 27 25 23 20 18 22 20 18 21 24 18 24 22 31
27 19 30 22 21 29 26 20 18 29 21 31 21 20 18 24
