0 1 0 1 0 1 0 0 1 1 0 1 0 0 0 1
1 0 1 0 0 0 0 1 1 0 0 0 1 0 1 0
0 1 0 0 1 1 0 0 0 0 1 0 0 0 1 1
0 1 0 0 0 0 0 1 0 1 0 0 1 1 1 0
1 0 0 1 0 0 0 1 0 1 1 1 0 1 1 1
0 1 1 0 1 1 0 0 0 0 1 1 1 0 0 0
0 0 0 0 0 0 0 1 1 1 0 1 1 1 0 1
1 1 0 1 0 0 0 0 1 0 0 1 0 1 1 1
1 0 0 1 1 1 1 0 1 0 1 1 0 0 0 0
1 1 0 0 0 1 1 1 0 1 1 0 0 1 0 1
0 0 0 1 1 1 1 0 1 1 0 1 0 1 1 0
1 1 0 0 0 0 0 1 0 0 1 0 0 1 1 0
1 1 1 0 0 0 0 0 1 1 0 1 0 1 0 0
1 0 0 0 1 0 0 0 1 1 1 1 1 1 1 0
0 0 0 1 0 1 0 0 0 0 1 1 1 1 0 1
1 1 0 0 0 1 1 0 1 0 1 1 1 1 1 1
4 31 6 20 12 31 12 15 20 24 14 31 3 14 4 22
20 4 26 8 2 9 7 27 24 3 8 8 29 9 27 15
5 28 11 11 25 29 7 13 9 2 28 4 12 14 23 23
3 28 7 11 14 5 5 31 12 29 11 6 28 24 20 13
21 9 8 19 12 11 3 18 14 27 20 27 12 28 19 27
5 27 24 9 25 21 3 13 15 15 30 29 28 5 11 4
11 3 5 11 11 13 14 25 31 26 2 27 26 31 7 19
30 29 6 21 10 10 9 13 26 14 14 31 2 23 28 28
22 3 5 31 30 27 22 10 18 4 22 23 10 7 2 10
31 19 7 13 14 21 25 30 14 27 25 10 12 22 4 18
8 9 13 28 21 25 21 6 28 21 4 31 12 27 21 5
22 30 8 11 2 2 4 21 5 8 23 13 7 20 28 9
20 21 30 7 12 6 4 8 25 31 10 27 9 29 5 9
27 11 2 10 24 2 8 14 26 30 26 27 20 25 25 9
13 4 13 18 11 20 5 9 2 9 18 18 26 20 4 23
30 25 5 14 12 21 26 4 28 8 20 23 28 24 27 30
