0 0 0 0 0 0 0 0 0 0 0 0 0 0 0 0
1 1 1 1 1 1 1 1 1 1 1 1 1 1 1 1
0 0 0 0 0 0 0 0 0 0 0 0 0 0 0 0
1 1 1 1 1 1 1 1 1 1 1 1 1 1 1 1
0 0 0 0 0 0 0 0 0 0 0 0 0 0 0 0
1 1 1 1 1 1 1 1 1 1 1 1 1 1 1 1
0 0 0 0 0 0 0 0 0 0 0 0 0 0 0 0
1 1 1 1 1 1 1 1 1 1 1 1 1 1 1 1
0 0 0 0 0 0 0 0 0 0 0 0 0 0 0 0
1 1 1 1 1 1 1 1 1 1 1 1 1 1 1 1
0 0 0 0 0 0 0 0 0 0 0 0 0 0 0 0
1 1 1 1 1 1 1 1 1 1 1 1 1 1 1 1
0 0 0 0 0 0 0 0 0 0 0 0 0 0 0 0
1 1 1 1 1 1 1 1 1 1 1 1 1 1 1 1
0 0 0 0 0 0 0 0 0 0 0 0 0 0 0 0
1 1 1 1 1 1 1 1 1 1 1 1 1 1 1 1
12 15 3 6 5 5 4 6 3 2 6 6 6 14 12 11
25 22 21 21 27 29 22 27 29 23 20 31 31 22 30 19
13 7 9 9 13 2 15 8 9 3 2 13 14 2 9 13
20 27 24 29 29 28 22 31 25 21 22 25 20 23 23 25
13 10 11 7 12 10 3 7 4 10 13 11 7 3 8 12
29 29 30 25 21 24 30 21 19 26 19 26 24 22 18 28
3 12 14 8 15 3 8 11 12 3 4 9 8 8 8 13
19 18 30 30 29 20 25 30 24 18 19 24 18 22 31 19
9 9 6 5 3 8 6 14 3 6 3 9 7 11 2 5
21 23 18 25 20 25 29 24 25 20 27 18 30 31 18 28
13 3 14 2 10 8 10 14 15 11 3 15 14 8 15 8
19 24 18 30 19 20 27 24 27 21 21 19 28 31 28 25
6 14 12 3 15 10 13 10 3 5 11 3 3 3 4 4
31 25 28 21 21 28 26 31 26 31 25 19 20 18 26 24
5 2 14 3 12 4 10 4 9 7 4 5 13 12 14 11
20 26 24 22 19 22 28 25 24 24 26 25 27 21 29 30
