0 0 0 0 0 0 0 0 0 0 0 0 0 0 0 0
1 1 1 1 1 1 1 1 1 1 1 1 1 1 1 1
0 0 0 0 0 0 0 0 0 0 0 0 0 0 0 0
1 1 1 1 1 1 1 1 1 1 1 1 1 1 1 1
0 0 0 0 0 0 0 0 0 0 0 0 0 0 0 0
1 1 1 1 1 1 1 1 1 1 1 1 1 1 1 1
0 0 0 0 0 0 0 0 0 0 0 0 0 0 0 0
1 1 1 1 1 1 1 1 1 1 1 1 1 1 1 1
0 0 0 0 0 0 0 0 0 0 0 0 0 0 0 0
1 1 1 1 1 1 1 1 1 1 1 1 1 1 1 1
0 0 0 0 0 0 0 0 0 0 0 0 0 0 0 0
1 1 1 1 1 1 1 1 1 1 1 1 1 1 1 1
0 0 0 0 0 0 0 0 0 0 0 0 0 0 0 0
1 1 1 1 1 1 1 1 1 1 1 1 1 1 1 1
0 0 0 0 0 0 0 0 0 0 0 0 0 0 0 0
1 1 1 1 1 1 1 1 1 1 1 1 1 1 1 1
2 10 12 9 4 6 12 7 5 7 2 10 7 9 4 2
21 18 27 19 28 19 31 20 26 21 25 20 30 21 20 25
2 8 10 3 4 15 12 6 6 9 9 13 8 11 4 6
23 20 18 31 22 28 27 28 19 30 29 29 31 26 30 25
8 7 6 5 7 12 11 15 11 15 5 11 6 7 5 8
22 22 29 22 24 31 26 28 30 23 27 22 29 19 30 23
9 2 7 4 11 3 14 3 9 3 5 13 10 12 9 2
20 19 20 27 26 21 24 18 18 21 29 31 27 30 29 18
3 12 5 10 13 2 3 8 14 3 14 3 14 14 14 4
31 23 24 19 21 30 26 24 22 28 23 29 24 19 20 29
11 14 9 2 13 9 2 10 3 13 14 15 6 9 5 8
28 31 25 21 21 19 24 19 18 18 19 18 30 26 26 24
11 4 11 6 12 7 15 3 2 13 7 9 14 12 8 10
21 21 19 26 28 22 29 24 23 24 21 23 30 24 24 21
6 8 9 2 5 14 2 11 8 10 14 3 14 7 12 5
24 22 31 23 29 28 28 28 18 19 21 27 27 23 24 30
