0 0 0 0 0 0 0 0 0 0 0 0 0 0 0 0
1 1 1 1 1 1 1 1 1 1 1 1 1 1 1 1
0 0 0 0 0 0 0 0 0 0 0 0 0 0 0 0
1 1 1 1 1 1 1 1 1 1 1 1 1 1 1 1
0 0 0 0 0 0 0 0 0 0 0 0 0 0 0 0
1 1 1 1 1 1 1 1 1 1 1 1 1 1 1 1
0 0 0 0 0 0 0 0 0 0 0 0 0 0 0 0
1 1 1 1 1 1 1 1 1 1 1 1 1 1 1 1
0 0 0 0 0 0 0 0 0 0 0 0 0 0 0 0
1 1 1 1 1 1 1 1 1 1 1 1 1 1 1 1
0 0 0 0 0 0 0 0 0 0 0 0 0 0 0 0
1 1 1 1 1 1 1 1 1 1 1 1 1 1 1 1
0 0 0 0 0 0 0 0 0 0 0 0 0 0 0 0
1 1 1 1 1 1 1 1 1 1 1 1 1 1 1 1
0 0 0 0 0 0 0 0 0 0 0 0 0 0 0 0
1 1 1 1 1 1 1 1 1 1 1 1 1 1 1 1
9 7 2 3 5 10 2 15 3 2 7 8 13 8 8 3
29 18 20 28 20 21 27 28 20 19 18 26 21 20 20 25
11 15 3 2 4 2 4 5 8 8 14 7 9 11 10 9
24 31 25 28 29 25 23 31 24 19 27 18 23 20 18 28
14 15 2 13 3 10 14 7 11 4 4 4 12 7 2 15
24 25 22 19 27 31 28 28 30 22 27 21 22 26 29 27
2 2 15 10 10 9 4 13 14 11 4 3 14 14 8 5
25 29 18 20 27 23 22 18 19 21 31 22 22 25 28 27
9 4 8 11 13 8 4 2 8 9 12 9 10 5 11 2
25 29 25 21 26 18 18 19 22 31 23 25 22 18 21 29
3 4 12 14 6 15 9 3 5 7 15 6 15 9 8 15
29 19 29 29 21 26 22 23 20 21 20 31 27 28 27 22
11 14 15 10 15 8 12 4 12 11 3 12 10 10 13 5
20 24 22 20 19 25 30 18 29 28 27 26 30 28 23 31
5 2 14 10 13 3 5 7 7 11 15 2 13 2 13 11
28 22 24 30 29 20 29 24 20 24 26 23 26 25 26 19
