0 0 0 0 0 0 0 0 0 0 0 0 0 0 0 0
1 1 1 1 1 1 1 1 1 1 1 1 1 1 1 1
0 0 0 0 0 0 0 0 0 0 0 0 0 0 0 0
1 1 1 1 1 1 1 1 1 1 1 1 1 1 1 1
0 0 0 0 0 0 0 0 0 0 0 0 0 0 0 0
1 1 1 1 1 1 1 1 1 1 1 1 1 1 1 1
0 0 0 0 0 0 0 0 0 0 0 0 0 0 0 0
1 1 1 1 1 1 1 1 1 1 1 1 1 1 1 1
0 0 0 0 0 0 0 0 0 0 0 0 0 0 0 0
1 1 1 1 1 1 1 1 1 1 1 1 1 1 1 1
0 0 0 0 0 0 0 0 0 0 0 0 0 0 0 0
1 1 1 1 1 1 1 1 1 1 1 1 1 1 1 1
0 0 0 0 0 0 0 0 0 0 0 0 0 0 0 0
1 1 1 1 1 1 1 1 1 1 1 1 1 1 1 1
0 0 0 0 0 0 0 0 0 0 0 0 0 0 0 0
1 1 1 1 1 1 1 1 1 1 1 1 1 1 1 1
4 10 7 6 7 8 2 4 4 5 14 10 2 5 8 5
19 23 28 26 27 30 31 29 27 26 18 24 19 23 29 20
2 11 3 7 14 2 14 6 10 5 8 13 3 15 12 5
19 31 30 28 21 31 22 20 31 21 25 30 28 30 26 27
12 2 4 4 13 14 10 11 7 8 12 10 12 10 5 14
24 31 30 28 26 21 21 18 31 27 28 24 21 27 21 29
4 2 2 5 12 9 8 14 2 3 2 12 8 5 7 14
27 18 22 22 23 28 28 18 23 29 26 22 20 24 31 20
7 5 5 9 12 14 8 15 14 3 4 5 3 3 5 12
20 19 20 30 23 19 25 26 30 24 20 30 23 25 18 20
6 7 10 15 7 7 10 13 15 14 12 10 7 2 10 2
19 18 20 21 21 30 28 19 21 24 29 22 31 28 23 20
4 7 3 12 3 8 4 4 9 10 14 13 10 4 10 8
26 20 18 19 28 27 30 24 28 28 27 30 19 30 20 21
12 9 2 15 2 3 3 10 6 13 2 2 14 3 9 12
22 19 18 20 20 27 28 26 29 19 26 27 20 23 22 28
