0 0 0 0 0 0 0 0 0 0 0 0 0 0 0 0
1 1 1 1 1 1 1 1 1 1 1 1 1 1 1 1
0 0 0 0 0 0 0 0 0 0 0 0 0 0 0 0
1 1 1 1 1 1 1 1 1 1 1 1 1 1 1 1
0 0 0 0 0 0 0 0 0 0 0 0 0 0 0 0
1 1 1 1 1 1 1 1 1 1 1 1 1 1 1 1
0 0 0 0 0 0 0 0 0 0 0 0 0 0 0 0
1 1 1 1 1 1 1 1 1 1 1 1 1 1 1 1
0 0 0 0 0 0 0 0 0 0 0 0 0 0 0 0
1 1 1 1 1 1 1 1 1 1 1 1 1 1 1 1
0 0 0 0 0 0 0 0 0 0 0 0 0 0 0 0
1 1 1 1 1 1 1 1 1 1 1 1 1 1 1 1
0 0 0 0 0 0 0 0 0 0 0 0 0 0 0 0
1 1 1 1 1 1 1 1 1 1 1 1 1 1 1 1
0 0 0 0 0 0 0 0 0 0 0 0 0 0 0 0
1 1 1 1 1 1 1 1 1 1 1 1 1 1 1 1
11 10 12 15 15 9 8 8 3 10 15 2 10 8 4 10
25 18 21 31 26 21 20 22 31 28 24 20 24 25 21 23
15 7 9 2 4 6 14 12 5 7 5 2 3 12 12 14
25 24 21 24 30 27 18 23 18 26 29 25 29 31 30 31
12 15 8 2 4 12 2 13 15 4 13 4 5 12 9 6
29 24 19 19 28 31 21 28 26 26 18 25 29 27 18 18
2 3 13 6 7 13 13 11 14 2 12 13 11 8 9 15
21 29 20 30 22 22 25 24 29 19 19 21 28 22 28 27
7 11 13 13 10 9 10 9 5 7 3 15 8 4 9 10
19 30 23 29 27 29 25 25 22 26 23 27 20 29 29 28
7 12 7 14 12 5 11 9 8 13 15 5 8 10 9 10
26 26 27 26 20 19 19 18 21 22 30 21 25 18 24 29
14 6 11 10 9 7 11 6 4 3 14 11 11 13 7 7
30 28 20 23 27 28 27 28 27 23 19 19 29 25 18 26
4 8 14 6 13 7 15 10 3 12 10 14 5 6 4 12
23 26 18 24 31 23 20 31 27 27 27 29 27 31 28 26
