0 0 0 0 0 0 0 0 0 0 0 0 0 0 0 0
1 1 1 1 1 1 1 1 1 1 1 1 1 1 1 1
0 0 0 0 0 0 0 0 0 0 0 0 0 0 0 0
1 1 1 1 1 1 1 1 1 1 1 1 1 1 1 1
0 0 0 0 0 0 0 0 0 0 0 0 0 0 0 0
1 1 1 1 1 1 1 1 1 1 1 1 1 1 1 1
0 0 0 0 0 0 0 0 0 0 0 0 0 0 0 0
1 1 1 1 1 1 1 1 1 1 1 1 1 1 1 1
0 0 0 0 0 0 0 0 0 0 0 0 0 0 0 0
1 1 1 1 1 1 1 1 1 1 1 1 1 1 1 1
0 0 0 0 0 0 0 0 0 0 0 0 0 0 0 0
1 1 1 1 1 1 1 1 1 1 1 1 1 1 1 1
0 0 0 0 0 0 0 0 0 0 0 0 0 0 0 0
1 1 1 1 1 1 1 1 1 1 1 1 1 1 1 1
0 0 0 0 0 0 0 0 0 0 0 0 0 0 0 0
1 1 1 1 1 1 1 1 1 1 1 1 1 1 1 1
5 13 10 13 9 11 2 6 7 7 4 6 12 8 6 8
28 20 19 30 18 25 18 20 24 31 25 21 19 29 22 31
6 12 14 7 7 13 10 8 11 9 3 12 6 8 5 8
28 18 30 30 31 27 21 20 30 24 20 26 30 27 22 24
14 5 7 4 8 7 8 2 14 2 10 14 12 2 14 5
18 24 24 24 25 27 20 25 31 21 29 21 25 18 19 31
7 10 11 11 4 5 10 10 6 12 3 5 4 3 9 3
29 21 19 29 18 28 18 29 22 24 27 25 27 28 19 27
4 8 14 15 8 5 10 2 11 13 8 11 5 4 7 11
31 22 27 27 23 22 31 31 21 19 28 29 24 24 28 31
5 4 10 2 12 11 4 7 4 8 15 8 11 14 9 10
25 24 31 31 21 20 18 28 23 19 29 29 30 25 24 23
8 11 10 13 12 15 6 12 6 8 13 8 5 7 11 8
22 28 30 27 22 23 30 28 29 23 27 24 28 26 27 28
5 7 13 8 14 6 14 7 12 7 4 6 12 14 6 13
19 31 20 23 23 24 19 30 23 28 21 18 25 29 29 20
