0 0 0 0 0 0 0 0 0 0 0 0 0 0 0 0
1 1 1 1 1 1 1 1 1 1 1 1 1 1 1 1
0 0 0 0 0 0 0 0 0 0 0 0 0 0 0 0
1 1 1 1 1 1 1 1 1 1 1 1 1 1 1 1
0 0 0 0 0 0 0 0 0 0 0 0 0 0 0 0
1 1 1 1 1 1 1 1 1 1 1 1 1 1 1 1
0 0 0 0 0 0 0 0 0 0 0 0 0 0 0 0
1 1 1 1 1 1 1 1 1 1 1 1 1 1 1 1
0 0 0 0 0 0 0 0 0 0 0 0 0 0 0 0
1 1 1 1 1 1 1 1 1 1 1 1 1 1 1 1
0 0 0 0 0 0 0 0 0 0 0 0 0 0 0 0
1 1 1 1 1 1 1 1 1 1 1 1 1 1 1 1
0 0 0 0 0 0 0 0 0 0 0 0 0 0 0 0
1 1 1 1 1 1 1 1 1 1 1 1 1 1 1 1
0 0 0 0 0 0 0 0 0 0 0 0 0 0 0 0
1 1 1 1 1 1 1 1 1 1 1 1 1 1 1 1
5 10 3 11 7 12 14 5 14 4 8 11 8 6 2 6
21 31 19 28 26 30 19 23 23 31 30 19 27 27 21 30
8 5 2 14 10 7 8 10 11 12 3 7 10 12 11 11
30 27 27 30 29 18 26 22 26 27 25 22 26 28 29 25
8 14 5 12 11 3 4 4 8 12 13 10 6 11 4 10
21 26 31 24 21 26 19 30 20 27 31 26 21 25 27 21
2 2 10 5 14 7 3 13 7 2 9 6 14 13 15 4
26 27 29 26 21 23 26 26 22 23 26 21 18 25 30 24
4 6 11 14 6 7 3 13 11 5 11 4 9 10 12 4
31 28 26 24 30 24 26 30 31 24 31 31 21 25 20 21
2 11 8 15 4 6 11 12 14 6 10 11 5 11 3 13
23 27 25 27 27 30 22 26 25 18 30 18 30 29 29 19
14 8 7 6 7 9 14 7 3 4 3 9 8 5 3 12
31 28 29 22 31 22 21 29 24 30 22 27 18 19 21 18
9 14 9 2 11 2 2 5 10 4 14 8 10 3 11 10
24 27 23 22 27 27 21 23 21 28 31 26 30 27 30 24
