0 0 0 0 0 0 0 0 0 0 0 0 0 0 0 0
1 1 1 1 1 1 1 1 1 1 1 1 1 1 1 1
0 0 0 0 0 0 0 0 0 0 0 0 0 0 0 0
1 1 1 1 1 1 1 1 1 1 1 1 1 1 1 1
0 0 0 0 0 0 0 0 0 0 0 0 0 0 0 0
1 1 1 1 1 1 1 1 1 1 1 1 1 1 1 1
0 0 0 0 0 0 0 0 0 0 0 0 0 0 0 0
1 1 1 1 1 1 1 1 1 1 1 1 1 1 1 1
0 0 0 0 0 0 0 0 0 0 0 0 0 0 0 0
1 1 1 1 1 1 1 1 1 1 1 1 1 1 1 1
0 0 0 0 0 0 0 0 0 0 0 0 0 0 0 0
1 1 1 1 1 1 1 1 1 1 1 1 1 1 1 1
0 0 0 0 0 0 0 0 0 0 0 0 0 0 0 0
1 1 1 1 1 1 1 1 1 1 1 1 1 1 1 1
0 0 0 0 0 0 0 0 0 0 0 0 0 0 0 0
1 1 1 1 1 1 1 1 1 1 1 1 1 1 1 1
8 4 13 11 5 3 6 7 8 2 5 4 13 6 3 15
24 26 22 26 21 27 21 21 23 23 24 29 23 27 24 31
3 4 3 4 8 3 5 14 2 3 4 15 2 3 15 6
27 19 29 27 21 27 29 19 28 19 24 22 29 29 24 19
5 6 3 14 8 4 14 15 11 3 11 11 13 2 7 5
23 20 26 22 28 25 24 26 29 23 31 19 21 19 30 26
12 4 10 7 8 6 9 6 15 10 8 12 3 2 12 11
29 28 24 23 22 28 25 29 27 30 28 22 30 18 27 19
12 4 15 6 6 7 5 14 8 6 9 2 10 15 15 13
20 29 25 22 29 24 29 22 25 25 18 20 27 20 24 24
2 13 14 15 13 3 2 15 8 6 6 12 8 14 6 15
31 18 22 28 26 30 28 30 30 28 27 30 31 20 21 23
12 2 10 2 9 12 12 4 8 7 11 9 13 15 2 9
19 27 26 24 20 26 21 20 28 31 19 31 29 22 31 22
11 3 5 7 6 15 13 7 11 11 12 11 13 7 13 5
27 19 20 31 23 28 30 28 30 31 29 18 24 22 31 19
