0 0 0 0 0 0 0 0 0 0 0 0 0 0 0 0
1 1 1 1 1 1 1 1 1 1 1 1 1 1 1 1
0 0 0 0 0 0 0 0 0 0 0 0 0 0 0 0
1 1 1 1 1 1 1 1 1 1 1 1 1 1 1 1
0 0 0 0 0 0 0 0 0 0 0 0 0 0 0 0
1 1 1 1 1 1 1 1 1 1 1 1 1 1 1 1
0 0 0 0 0 0 0 0 0 0 0 0 0 0 0 0
1 1 1 1 1 1 1 1 1 1 1 1 1 1 1 1
0 0 0 0 0 0 0 0 0 0 0 0 0 0 0 0
1 1 1 1 1 1 1 1 1 1 1 1 1 1 1 1
0 0 0 0 0 0 0 0 0 0 0 0 0 0 0 0
1 1 1 1 1 1 1 1 1 1 1 1 1 1 1 1
0 0 0 0 0 0 0 0 0 0 0 0 0 0 0 0
1 1 1 1 1 1 1 1 1 1 1 1 1 1 1 1
0 0 0 0 0 0 0 0 0 0 0 0 0 0 0 0
1 1 1 1 1 1 1 1 1 1 1 1 1 1 1 1
12 10 9 4 9 7 12 3 13 8 14 5 15 12 13 6
22 24 22 28 23 21 28 26 19 24 22 30 28 25 27 22
3 9 9 13 3 5 9 12 12 3 15 8 5 9 12 11
27 25 18 22 30 19 26 24 24 27 21 30 26 23 20 21
11 3 12 3 10 4 4 5 3 14 14 6 10 14 3 15
19 24 26 21 25 19 26 31 19 29 22 22 23 23 30 28
2 3 6 13 4 6 4 2 4 7 11 10 4 4 7 15
19 31 22 18 19 29 28 19 21 29 23 22 31 28 19 28
2 7 7 5 3 12 9 15 12 4 13 8 11 15 14 11
25 28 23 27 23 21 29 27 26 20 19 21 18 23 27 28
6 3 9 7 7 12 4 2 4 10 5 5 10 13 3 5
28 18 20 26 29 26 23 20 30 30 25 21 21 31 23 24
12 5 13 14 4 13 11 14 4 13 5 11 13 10 10 13
31 30 24 30 30 30 31 30 27 30 19 30 27 23 26 22
6 14 8 15 2 11 4 15 13 11 3 11 11 2 5 6
20 19 22 27 23 22 29 21 28 21 27 30 22 24 22 30
