0 0 0 0 0 0 0 0 0 0 0 0 0 0 0 0
1 1 1 1 1 1 1 1 1 1 1 1 1 1 1 1
0 0 0 0 0 0 0 0 0 0 0 0 0 0 0 0
1 1 1 1 1 1 1 1 1 1 1 1 1 1 1 1
0 0 0 0 0 0 0 0 0 0 0 0 0 0 0 0
1 1 1 1 1 1 1 1 1 1 1 1 1 1 1 1
0 0 0 0 0 0 0 0 0 0 0 0 0 0 0 0
1 1 1 1 1 1 1 1 1 1 1 1 1 1 1 1
0 0 0 0 0 0 0 0 0 0 0 0 0 0 0 0
1 1 1 1 1 1 1 1 1 1 1 1 1 1 1 1
0 0 0 0 0 0 0 0 0 0 0 0 0 0 0 0
1 1 1 1 1 1 1 1 1 1 1 1 1 1 1 1
0 0 0 0 0 0 0 0 0 0 0 0 0 0 0 0
1 1 1 1 1 1 1 1 1 1 1 1 1 1 1 1
0 0 0 0 0 0 0 0 0 0 0 0 0 0 0 0
1 1 1 1 1 1 1 1 1 1 1 1 1 1 1 1
3 12 14 7 14 7 8 8 4 13 12 9 10 11 12 12
19 31 21 19 28 24 24 19 28 28 20 27 29 29 26 18
4 6 14 10 15 8 2 13 3 8 11 14 6 11 8 8
29 25 23 24 24 31 25 31 26 30 28 25 29 30 20 20
13 11 5 14 11 9 15 2 7 8 11 13 15 7 5 13
21 27 25 18 23 29 18 20 31 23 25 31 23 25 21 22
13 15 13 8 13 3 5 7 12 8 13 14 4 8 9 3
30 25 18 20 23 29 20 23 22 28 28 31 26 25 19 18
3 11 8 13 11 7 3 10 13 2 14 11 14 6 13 7
31 30 28 29 22 30 25 20 21 28 30 21 18 21 25 18
3 14 13 14 8 5 2 3 10 13 8 13 11 15 10 11
28 18 23 24 22 21 26 30 19 24 24 22 18 18 21 27
11 8 8 12 11 8 11 10 10 8 14 7 9 2 4 15
20 19 31 18 30 28 26 31 30 21 25 30 21 25 29 31
12 13 6 3 4 9 2 9 15 10 9 4 9 2 11 10
24 22 25 28 23 22 24 26 30 27 23 26 30 30 26 26
