1 1 1 1 1 1 0 0 0 1 1 0 0 0 0 0
0 1 0 1 0 1 1 1 0 0 0 0 1 1 1 0
1 1 1 0 1 0 1 1 1 0 0 0 0 1 0 0
0 0 1 1 0 1 1 0 0 1 1 0 0 0 0 1
0 0 1 0 0 0 0 1 0 1 0 1 0 0 0 0
0 1 1 0 0 0 1 1 1 0 0 0 1 1 1 0
0 1 0 1 0 0 0 1 1 0 0 1 1 1 1 1
0 0 0 0 1 1 1 0 1 1 0 0 1 1 0 1
0 1 1 0 0 0 0 0 0 0 0 1 0 0 0 1
0 0 1 1 0 1 0 1 1 1 1 1 0 0 1 1
1 1 0 1 1 0 0 0 0 1 0 1 1 1 1 0
0 0 1 0 0 0 1 1 1 1 0 0 1 1 0 1
1 1 1 0 0 0 1 0 1 1 1 1 1 0 0 0
0 0 0 0 0 1 0 1 1 1 0 0 1 0 1 1
1 1 0 0 0 0 1 0 1 0 1 1 1 1 0 1
0 0 0 1 1 1 0 1 1 0 0 0 0 1 1 0
24 23 21 30 30 21 15 9 13 19 20 13 6 6 3 5
4 28 5 24 13 27 24 27 3 10 5 6 19 30 28 6
27 24 29 11 24 6 29 22 22 13 8 7 8 20 12 8
4 11 19 27 2 28 29 9 6 21 18 15 12 13 12 22
2 5 22 6 2 13 8 29 9 23 6 31 3 2 9 7
15 22 23 6 6 8 24 25 29 10 2 6 25 24 27 7
11 24 15 25 14 10 9 20 25 7 3 21 19 27 23 27
6 12 7 2 18 29 19 9 23 23 4 14 25 29 15 18
7 19 31 13 12 3 14 11 15 4 10 21 12 9 15 29
6 5 19 21 8 27 11 21 21 21 25 29 2 7 24 19
24 19 14 24 23 12 12 8 12 25 5 29 23 26 31 9
13 7 18 2 3 13 25 22 25 19 10 4 20 21 13 22
26 23 21 5 10 13 21 11 23 24 25 23 29 4 6 2
6 8 12 12 10 30 15 24 26 28 14 2 26 4 28 27
30 18 5 9 4 11 30 7 22 15 28 31 18 18 6 18
2 10 11 29 31 22 13 24 19 4 8 7 11 23 23 14
