0 1 0 1 0 1 0 1 0 1 0 1 0 1 0 1
0 1 0 1 0 1 0 1 0 1 0 1 0 1 0 1
0 1 0 1 0 1 0 1 0 1 0 1 0 1 0 1
0 1 0 1 0 1 0 1 0 1 0 1 0 1 0 1
0 1 0 1 0 1 0 1 0 1 0 1 0 1 0 1
0 1 0 1 0 1 0 1 0 1 0 1 0 1 0 1
0 1 0 1 0 1 0 1 0 1 0 1 0 1 0 1
0 1 0 1 0 1 0 1 0 1 0 1 0 1 0 1
0 1 0 1 0 1 0 1 0 1 0 1 0 1 0 1
0 1 0 1 0 1 0 1 0 1 0 1 0 1 0 1
0 1 0 1 0 1 0 1 0 1 0 1 0 1 0 1
0 1 0 1 0 1 0 1 0 1 0 1 0 1 0 1
0 1 0 1 0 1 0 1 0 1 0 1 0 1 0 1
0 1 0 1 0 1 0 1 0 1 0 1 0 1 0 1
0 1 0 1 0 1 0 1 0 1 0 1 0 1 0 1
0 1 0 1 0 1 0 1 0 1 0 1 0 1 0 1
2 31 6 20 2 20 13 24 3 29 6 31 4 19 11 25
12 26 4 26 14 23 6 31 13 28 14 26 10 26 14 23
13 27 12 23 2 22 15 23 9 25 10 18 11 25 12 30
5 25 3 18 13 27 7 29 7 19 9 30 10 26 11 23
15 28 13 29 14 21 4 22 4 24 11 25 14 30 5 24
2 22 12 21 2 31 7 29 15 18 6 25 15 27 6 20
11 26 3 23 6 29 13 31 4 24 2 30 3 31 6 23
4 31 12 24 12 29 14 21 14 19 10 21 12 28 6 27
10 18 7 25 2 21 5 31 5 25 5 21 7 18 4 27
8 28 14 24 8 28 15 19 14 23 15 18 8 24 15 23
13 21 5 24 9 28 12 27 7 29 5 21 5 18 10 19
12 18 8 24 2 24 8 24 14 28 5 24 5 25 14 25
6 25 10 31 11 26 11 23 7 19 14 29 14 18 15 27
10 22 11 19 15 28 5 25 9 27 14 18 13 23 3 20
4 25 7 30 11 31 6 22 9 26 11 22 3 28 2 29
4 18 9 27 14 22 15 26 4 31 4 27 4 31 12 24
