0 1 0 1 0 1 0 1 0 1 0 1 0 1 0 1
0 1 0 1 0 1 0 1 0 1 0 1 0 1 0 1
0 1 0 1 0 1 0 1 0 1 0 1 0 1 0 1
0 1 0 1 0 1 0 1 0 1 0 1 0 1 0 1
0 1 0 1 0 1 0 1 0 1 0 1 0 1 0 1
0 1 0 1 0 1 0 1 0 1 0 1 0 1 0 1
0 1 0 1 0 1 0 1 0 1 0 1 0 1 0 1
0 1 0 1 0 1 0 1 0 1 0 1 0 1 0 1
0 1 0 1 0 1 0 1 0 1 0 1 0 1 0 1
0 1 0 1 0 1 0 1 0 1 0 1 0 1 0 1
0 1 0 1 0 1 0 1 0 1 0 1 0 1 0 1
0 1 0 1 0 1 0 1 0 1 0 1 0 1 0 1
0 1 0 1 0 1 0 1 0 1 0 1 0 1 0 1
0 1 0 1 0 1 0 1 0 1 0 1 0 1 0 1
0 1 0 1 0 1 0 1 0 1 0 1 0 1 0 1
0 1 0 1 0 1 0 1 0 1 0 1 0 1 0 1
3 20 10 25 2 25 15 21 14 20 7 31 13 30 9 21
4 24 5 27 12 25 2 26 14 20 6 21 6 21 6 28
6 31 14 24 5 20 8 25 11 28 6 26 5 28 10 20
13 30 8 18 4 30 10 27 5 31 14 26 14 26 14 20
7 23 9 21 7 31 14 26 9 21 13 28 2 21 9 25
3 26 6 18 9 30 11 20 10 24 13 22 11 28 2 30
15 19 15 24 11 27 5 29 14 29 9 30 8 19 15 24
12 31 15 25 4 22 6 20 5 18 4 25 12 22 10 27
6 18 10 24 5 30 7 19 11 19 11 27 8 18 7 24
4 28 12 18 9 21 2 30 7 24 10 27 10 30 8 22
7 18 12 23 9 31 9 18 2 24 10 27 10 22 10 19
6 26 10 28 3 19 8 24 10 23 8 31 2 31 11 24
9 24 6 27 9 27 4 18 15 29 14 27 12 26 13 30
3 27 3 25 10 25 2 24 3 28 6 25 12 30 3 26
10 27 13 18 9 24 10 19 4 21 11 24 11 23 3 28
6 20 8 22 14 22 3 29 14 26 5 28 10 27 6 24
