0 1 0 1 0 1 0 1 0 1 0 1 0 1 0 1
0 1 0 1 0 1 0 1 0 1 0 1 0 1 0 1
0 1 0 1 0 1 0 1 0 1 0 1 0 1 0 1
0 1 0 1 0 1 0 1 0 1 0 1 0 1 0 1
0 1 0 1 0 1 0 1 0 1 0 1 0 1 0 1
0 1 0 1 0 1 0 1 0 1 0 1 0 1 0 1
0 1 0 1 0 1 0 1 0 1 0 1 0 1 0 1
0 1 0 1 0 1 0 1 0 1 0 1 0 1 0 1
0 1 0 1 0 1 0 1 0 1 0 1 0 1 0 1
0 1 0 1 0 1 0 1 0 1 0 1 0 1 0 1
0 1 0 1 0 1 0 1 0 1 0 1 0 1 0 1
0 1 0 1 0 1 0 1 0 1 0 1 0 1 0 1
0 1 0 1 0 1 0 1 0 1 0 1 0 1 0 1
0 1 0 1 0 1 0 1 0 1 0 1 0 1 0 1
0 1 0 1 0 1 0 1 0 1 0 1 0 1 0 1
0 1 0 1 0 1 0 1 0 1 0 1 0 1 0 1
14 20 9 31 7 31 11 24 2 25 14 19 5 24 5 23
5 31 13 27 10 22 2 30 3 19 14 24 11 18 8 25
3 25 6 20 5 29 13 22 12 30 11 30 5 31 2 24
8 20 12 18 11 27 2 31 6 31 10 27 3 27 2 18
4 24 4 26 2 23 10 26 4 18 13 19 6 19 2 18
13 31 12 31 4 20 6 26 5 18 14 24 9 26 15 26
7 21 8 24 4 29 12 18 13 20 13 18 7 23 2 18
6 18 13 18 14 29 7 23 4 18 8 18 15 19 8 21
14 18 7 30 3 20 4 30 14 26 14 27 4 21 15 27
3 27 3 20 13 18 5 23 4 22 7 25 9 30 6 25
13 22 14 23 2 23 12 20 8 30 10 26 7 25 12 24
10 19 14 22 12 25 2 27 15 27 13 21 8 23 5 21
15 22 5 19 12 23 15 30 4 28 6 20 5 18 9 28
8 25 14 25 6 21 12 30 14 20 12 25 4 20 12 22
6 23 9 24 3 27 2 26 8 23 11 23 11 26 11 30
5 21 15 26 13 29 14 26 13 29 11 30 6 25 14 21
