0 1 0 1 0 1 0 1 0 1 0 1 0 1 0 1
0 1 0 1 0 1 0 1 0 1 0 1 0 1 0 1
0 1 0 1 0 1 0 1 0 1 0 1 0 1 0 1
0 1 0 1 0 1 0 1 0 1 0 1 0 1 0 1
0 1 0 1 0 1 0 1 0 1 0 1 0 1 0 1
0 1 0 1 0 1 0 1 0 1 0 1 0 1 0 1
0 1 0 1 0 1 0 1 0 1 0 1 0 1 0 1
0 1 0 1 0 1 0 1 0 1 0 1 0 1 0 1
0 1 0 1 0 1 0 1 0 1 0 1 0 1 0 1
0 1 0 1 0 1 0 1 0 1 0 1 0 1 0 1
0 1 0 1 0 1 0 1 0 1 0 1 0 1 0 1
0 1 0 1 0 1 0 1 0 1 0 1 0 1 0 1
0 1 0 1 0 1 0 1 0 1 0 1 0 1 0 1
0 1 0 1 0 1 0 1 0 1 0 1 0 1 0 1
0 1 0 1 0 1 0 1 0 1 0 1 0 1 0 1
0 1 0 1 0 1 0 1 0 1 0 1 0 1 0 1
3 31 14 28 9 23 10 20 14 28 10 28 12 26 8 29
14 23 4 23 6 19 2 22 14 22 7 30 11 31 9 24
12 24 3 25 5 19 10 23 13 24 4 28 8 23 9 23
5 28 7 20 3 28 7 30 9 21 9 31 6 23 15 19
5 18 14 27 10 26 9 31 8 31 14 23 11 20 5 29
5 24 5 30 2 25 15 21 11 19 14 23 13 23 14 23
14 18 13 21 8 23 7 24 10 22 6 29 11 30 6 21
15 25 14 27 3 22 6 30 7 18 13 20 10 29 14 25
15 20 9 26 14 23 13 27 13 22 4 24 3 26 6 22
11 27 10 29 10 27 3 28 8 23 11 23 6 26 9 24
11 27 8 18 3 28 13 31 15 27 9 22 6 31 7 23
2 29 13 28 5 26 3 21 14 18 15 29 5 20 13 18
5 23 6 22 2 19 6 26 9 23 7 30 4 26 6 30
10 18 4 22 5 26 8 27 9 28 13 26 8 23 11 20
9 26 3 26 5 26 7 23 11 24 9 26 13 23 8 25
7 19 7 18 7 24 10 27 12 28 10 31 14 19 2 27
