0 1 0 1 0 1 0 1 0 1 0 1 0 1 0 1
0 1 0 1 0 1 0 1 0 1 0 1 0 1 0 1
0 1 0 1 0 1 0 1 0 1 0 1 0 1 0 1
0 1 0 1 0 1 0 1 0 1 0 1 0 1 0 1
0 1 0 1 0 1 0 1 0 1 0 1 0 1 0 1
0 1 0 1 0 1 0 1 0 1 0 1 0 1 0 1
0 1 0 1 0 1 0 1 0 1 0 1 0 1 0 1
0 1 0 1 0 1 0 1 0 1 0 1 0 1 0 1
0 1 0 1 0 1 0 1 0 1 0 1 0 1 0 1
0 1 0 1 0 1 0 1 0 1 0 1 0 1 0 1
0 1 0 1 0 1 0 1 0 1 0 1 0 1 0 1
0 1 0 1 0 1 0 1 0 1 0 1 0 1 0 1
0 1 0 1 0 1 0 1 0 1 0 1 0 1 0 1
0 1 0 1 0 1 0 1 0 1 0 1 0 1 0 1
0 1 0 1 0 1 0 1 0 1 0 1 0 1 0 1
0 1 0 1 0 1 0 1 0 1 0 1 0 1 0 1
5 23 2 22 10 20 9 18 12 19 12 24 8 18 12 26
11 29 4 20 6 29 14 19 3 23 14 18 5 22 3 30
8 30 3 20 6 21 9 28 5 22 5 21 12 31 10 22
11 22 5 29 11 28 6 28 15 20 4 21 10 30 11 31
10 20 14 21 12 24 12 29 14 29 13 23 13 19 7 23
4 22 2 24 10 18 5 24 9 18 5 18 9 18 8 27
4 30 14 22 7 18 9 19 7 20 5 23 9 24 4 25
12 20 9 19 4 18 10 30 8 24 5 22 3 28 8 24
10 25 6 26 11 19 8 20 11 29 13 31 14 22 13 26
12 28 4 21 8 18 10 20 5 21 10 31 10 30 14 21
10 20 9 20 10 27 2 28 9 26 3 24 12 25 11 23
6 30 4 31 5 26 7 25 2 28 12 28 5 28 10 24
14 21 3 24 4 30 2 27 7 20 12 31 7 28 14 29
2 28 2 23 15 24 6 24 12 26 8 31 12 28 10 28
9 23 4 19 5 18 9 18 2 28 2 18 9 18 9 22
5 30 10 20 9 26 7 19 12 22 7 30 3 28 2 21
