0 1 0 1 0 1 0 1 0 1 0 1 0 1 0 1
0 1 0 1 0 1 0 1 0 1 0 1 0 1 0 1
0 1 0 1 0 1 0 1 0 1 0 1 0 1 0 1
0 1 0 1 0 1 0 1 0 1 0 1 0 1 0 1
0 1 0 1 0 1 0 1 0 1 0 1 0 1 0 1
0 1 0 1 0 1 0 1 0 1 0 1 0 1 0 1
0 1 0 1 0 1 0 1 0 1 0 1 0 1 0 1
0 1 0 1 0 1 0 1 0 1 0 1 0 1 0 1
0 1 0 1 0 1 0 1 0 1 0 1 0 1 0 1
0 1 0 1 0 1 0 1 0 1 0 1 0 1 0 1
0 1 0 1 0 1 0 1 0 1 0 1 0 1 0 1
0 1 0 1 0 1 0 1 0 1 0 1 0 1 0 1
0 1 0 1 0 1 0 1 0 1 0 1 0 1 0 1
0 1 0 1 0 1 0 1 0 1 0 1 0 1 0 1
0 1 0 1 0 1 0 1 0 1 0 1 0 1 0 1
0 1 0 1 0 1 0 1 0 1 0 1 0 1 0 1
3 29 10 23 3 25 7 27 2 27 7 18 15 25 9 24
14 31 8 18 13 20 6 24 7 26 5 25 12 29 7 31
15 29 8 23 12 28 7 24 7 20 6 29 11 24 4 21
5 23 10 20 12 28 15 18 6 30 9 30 11 25 5 28
5 28 13 30 10 27 4 25 6 29 2 27 15 20 13 19
13 25 14 31 7 25 12 18 8 29 12 23 8 28 11 22
11 19 3 29 12 28 3 19 5 20 4 18 11 22 11 18
11 18 13 27 14 28 3 18 2 24 15 18 7 24 3 24
13 23 4 19 3 31 4 23 10 19 10 26 10 28 5 21
11 31 3 27 8 23 5 28 7 21 12 20 10 19 11 24
14 20 13 25 6 25 14 28 11 31 6 29 14 31 15 31
14 19 4 29 2 28 11 29 7 19 9 25 10 24 11 27
12 27 14 24 2 22 6 21 6 23 11 19 14 18 3 26
3 21 10 19 8 23 9 22 8 31 8 22 7 20 11 19
9 26 13 23 3 26 15 20 7 28 8 27 9 25 15 19
11 28 14 22 12 29 14 19 3 19 15 20 14 22 6 22
