0 1 0 1 0 1 0 1 0 1 0 1 0 1 0 1
0 1 0 1 0 1 0 1 0 1 0 1 0 1 0 1
0 1 0 1 0 1 0 1 0 1 0 1 0 1 0 1
0 1 0 1 0 1 0 1 0 1 0 1 0 1 0 1
0 1 0 1 0 1 0 1 0 1 0 1 0 1 0 1
0 1 0 1 0 1 0 1 0 1 0 1 0 1 0 1
0 1 0 1 0 1 0 1 0 1 0 1 0 1 0 1
0 1 0 1 0 1 0 1 0 1 0 1 0 1 0 1
0 1 0 1 0 1 0 1 0 1 0 1 0 1 0 1
0 1 0 1 0 1 0 1 0 1 0 1 0 1 0 1
0 1 0 1 0 1 0 1 0 1 0 1 0 1 0 1
0 1 0 1 0 1 0 1 0 1 0 1 0 1 0 1
0 1 0 1 0 1 0 1 0 1 0 1 0 1 0 1
0 1 0 1 0 1 0 1 0 1 0 1 0 1 0 1
0 1 0 1 0 1 0 1 0 1 0 1 0 1 0 1
0 1 0 1 0 1 0 1 0 1 0 1 0 1 0 1
7 18 8 27 5 30 3 25 9 21 8 24 12 29 2 26
8 29 15 27 6 29 10 29 4 29 9 26 10 20 9 19
10 20 9 31 3 25 4 27 9 27 13 21 10 19 12 25
13 27 5 28 10 24 8 23 11 21 11 27 10 20 12 29
10 30 9 30 9 18 2 21 9 24 5 30 9 19 7 27
5 30 3 18 9 28 6 21 13 29 14 23 8 22 5 21
13 27 10 21 13 19 11 24 2 30 12 27 8 20 2 21
5 25 15 24 6 23 7 22 8 31 14 30 15 24 3 31
12 22 13 27 14 22 12 21 7 29 12 23 8 18 11 30
5 21 8 27 15 25 10 21 2 20 2 20 8 28 11 26
6 31 11 24 10 31 4 21 3 21 11 29 5 30 15 25
13 29 10 22 9 28 2 18 11 29 15 23 10 27 11 31
5 28 6 28 5 26 8 30 12 22 2 20 8 20 15 29
12 19 5 29 12 21 9 31 4 20 12 28 4 24 3 31
14 22 15 21 15 29 8 25 3 19 13 30 7 23 4 31
13 25 7 29 5 24 3 31 9 24 7 26 6 26 5 24
