0 1 0 1 0 1 0 1 0 1 0 1 0 1 0 1
0 1 0 1 0 1 0 1 0 1 0 1 0 1 0 1
0 1 0 1 0 1 0 1 0 1 0 1 0 1 0 1
0 1 0 1 0 1 0 1 0 1 0 1 0 1 0 1
0 1 0 1 0 1 0 1 0 1 0 1 0 1 0 1
0 1 0 1 0 1 0 1 0 1 0 1 0 1 0 1
0 1 0 1 0 1 0 1 0 1 0 1 0 1 0 1
0 1 0 1 0 1 0 1 0 1 0 1 0 1 0 1
0 1 0 1 0 1 0 1 0 1 0 1 0 1 0 1
0 1 0 1 0 1 0 1 0 1 0 1 0 1 0 1
0 1 0 1 0 1 0 1 0 1 0 1 0 1 0 1
0 1 0 1 0 1 0 1 0 1 0 1 0 1 0 1
0 1 0 1 0 1 0 1 0 1 0 1 0 1 0 1
0 1 0 1 0 1 0 1 0 1 0 1 0 1 0 1
0 1 0 1 0 1 0 1 0 1 0 1 0 1 0 1
0 1 0 1 0 1 0 1 0 1 0 1 0 1 0 1
10 30 4 31 13 25 12 28 10 22 15 24 3 31 10 21
4 30 5 30 9 23 7 21 9 29 4 26 8 21 10 25
9 20 8 31 4 27 10 25 13 19 7 31 12 22 12 21
5 25 3 23 15 19 5 19 2 28 10 26 5 26 7 25
2 23 15 29 9 23 3 23 5 19 9 29 11 26 15 24
11 28 15 31 5 24 4 29 2 22 3 22 13 26 14 22
9 26 2 25 15 20 14 18 10 24 12 24 10 31 13 25
12 30 12 20 5 31 8 27 11 23 5 21 14 19 4 21
15 19 7 25 8 22 5 20 7 23 11 23 6 25 5 20
2 31 14 20 14 21 13 26 10 18 4 19 10 27 7 26
10 31 5 23 15 28 10 24 9 22 12 21 11 19 6 30
4 26 15 28 9 26 9 29 7 23 3 21 11 19 10 20
9 23 8 19 3 24 10 29 10 21 5 19 4 19 12 18
6 24 4 26 12 24 12 28 10 31 7 21 13 19 10 28
4 28 11 28 10 19 12 23 12 19 6 18 3 21 4 23
4 18 12 30 6 29 2 24 9 26 12 20 4 28 14 29
