0 1 0 1 0 1 0 1 0 1 0 1 0 1 0 1
0 1 0 1 0 1 0 1 0 1 0 1 0 1 0 1
0 1 0 1 0 1 0 1 0 1 0 1 0 1 0 1
0 1 0 1 0 1 0 1 0 1 0 1 0 1 0 1
0 1 0 1 0 1 0 1 0 1 0 1 0 1 0 1
0 1 0 1 0 1 0 1 0 1 0 1 0 1 0 1
0 1 0 1 0 1 0 1 0 1 0 1 0 1 0 1
0 1 0 1 0 1 0 1 0 1 0 1 0 1 0 1
0 1 0 1 0 1 0 1 0 1 0 1 0 1 0 1
0 1 0 1 0 1 0 1 0 1 0 1 0 1 0 1
0 1 0 1 0 1 0 1 0 1 0 1 0 1 0 1
0 1 0 1 0 1 0 1 0 1 0 1 0 1 0 1
0 1 0 1 0 1 0 1 0 1 0 1 0 1 0 1
0 1 0 1 0 1 0 1 0 1 0 1 0 1 0 1
0 1 0 1 0 1 0 1 0 1 0 1 0 1 0 1
0 1 0 1 0 1 0 1 0 1 0 1 0 1 0 1
6 22 2 22 10 25 12 19 8 24 15 19 5 28 10 18
14 27 3 27 3 20 8 28 10 26 6 18 8 30 11 28
13 24 8 31 7 29 10 28 2 22 3 24 15 28 14 29
5 21 10 22 11 27 14 27 7 24 10 20 4 25 15 27
12 22 13 18 3 30 8 29 3 30 15 18 10 24 14 21
12 24 14 31 3 22 13 30 15 18 4 21 10 25 5 30
14 27 10 27 7 19 8 31 6 19 3 27 11 24 8 20
13 24 4 27 15 25 4 23 8 23 6 31 6 23 11 31
7 24 14 27 4 18 8 25 5 28 13 28 4 30 15 19
10 18 2 28 14 21 10 27 4 27 15 31 7 30 13 23
10 23 7 29 8 25 12 28 5 19 13 21 7 31 14 20
2 26 10 30 14 26 5 28 2 21 4 26 9 27 8 28
6 29 8 19 5 20 14 25 8 21 10 20 8 21 10 18
8 24 11 24 12 19 13 25 8 22 4 27 4 23 3 31
6 28 9 28 14 24 15 19 14 28 10 31 14 29 12 27
11 18 14 28 5 30 12 30 7 24 4 25 4 19 11 18
