0 1 0 1 0 1 0 1 0 1 0 1 0 1 0 1
0 1 0 1 0 1 0 1 0 1 0 1 0 1 0 1
0 1 0 1 0 1 0 1 0 1 0 1 0 1 0 1
0 1 0 1 0 1 0 1 0 1 0 1 0 1 0 1
0 1 0 1 0 1 0 1 0 1 0 1 0 1 0 1
0 1 0 1 0 1 0 1 0 1 0 1 0 1 0 1
0 1 0 1 0 1 0 1 0 1 0 1 0 1 0 1
0 1 0 1 0 1 0 1 0 1 0 1 0 1 0 1
0 1 0 1 0 1 0 1 0 1 0 1 0 1 0 1
0 1 0 1 0 1 0 1 0 1 0 1 0 1 0 1
0 1 0 1 0 1 0 1 0 1 0 1 0 1 0 1
0 1 0 1 0 1 0 1 0 1 0 1 0 1 0 1
0 1 0 1 0 1 0 1 0 1 0 1 0 1 0 1
0 1 0 1 0 1 0 1 0 1 0 1 0 1 0 1
0 1 0 1 0 1 0 1 0 1 0 1 0 1 0 1
0 1 0 1 0 1 0 1 0 1 0 1 0 1 0 1
15 29 15 19 3 26 14 25 11 23 6 27 12 31 11 27
7 18 2 27 13 27 8 28 11 23 12 24 9 27 3 22
9 23 13 21 3 25 7 18 3 31 4 31 15 30 15 24
8 22 13 22 5 21 4 31 6 24 2 30 13 23 9 25
6 29 3 23 10 23 11 28 10 26 12 24 4 24 5 24
4 25 13 19 11 23 7 28 10 29 5 23 12 31 3 25
11 26 2 30 2 29 7 18 7 23 4 29 9 28 13 23
6 25 15 19 15 21 11 28 14 23 7 29 3 26 14 26
4 30 11 18 10 28 3 24 10 21 7 18 11 21 3 20
15 30 10 28 12 30 10 21 9 19 14 26 6 30 15 28
10 28 3 31 15 30 7 22 2 22 5 27 7 24 10 21
7 27 8 28 4 31 6 29 15 25 7 26 8 27 3 18
14 27 12 30 4 18 7 26 8 23 6 27 4 30 7 24
4 20 11 23 7 18 13 23 8 30 9 21 5 27 7 28
4 19 5 27 2 28 8 18 13 21 11 22 13 27 13 19
5 31 15 22 6 27 5 21 2 24 9 22 13 26 10 27
