1 0 1 0 0 1 1 1 1 0 1 1 0 0 1 0
0 0 1 0 1 0 1 0 0 1 1 1 1 1 0 0
1 1 1 1 0 1 1 1 1 1 1 1 0 1 1 0
1 0 1 0 1 0 1 0 1 1 1 0 1 0 1 1
1 0 0 0 0 1 0 1 1 1 0 0 0 0 1 1
1 0 1 0 1 0 0 1 1 1 0 1 1 0 0 0
0 1 0 0 1 1 0 0 0 0 1 0 0 0 0 1
0 0 1 0 0 1 0 0 1 0 0 0 0 1 1 0
0 0 1 0 1 0 0 1 0 1 1 0 1 1 0 0
0 0 0 1 1 1 0 1 1 1 0 1 1 1 0 1
0 1 1 1 0 1 1 1 1 1 0 0 1 1 1 1
1 0 1 0 1 0 0 1 1 0 1 1 1 0 0 1
1 0 0 1 0 0 1 0 1 0 1 1 0 1 0 0
0 0 1 0 0 1 0 0 1 1 0 1 0 0 0 0
1 0 1 1 0 0 1 1 0 0 0 0 0 1 1 1
0 0 0 1 0 1 1 1 0 1 0 0 0 1 1 1
20 6 27 14 9 18 25 19 23 12 30 20 5 11 29 15
2 6 28 8 22 9 21 4 8 22 30 19 26 24 15 13
30 31 31 30 6 27 18 20 28 30 23 28 6 28 30 10
23 15 30 9 18 2 23 7 31 21 24 8 29 14 28 19
29 4 5 2 14 27 13 26 23 28 15 7 3 15 20 27
26 12 22 15 27 3 6 22 30 26 6 31 22 8 12 9
6 27 13 4 25 26 6 12 8 6 23 7 10 11 15 26
2 15 29 13 6 29 10 13 26 7 9 7 4 30 22 6
5 14 18 3 22 11 8 25 15 28 25 14 21 29 15 15
9 7 5 20 24 31 12 28 29 20 5 27 20 20 3 22
8 26 21 23 10 20 21 27 20 27 10 14 18 20 23 19
20 2 30 13 26 2 12 21 22 9 25 27 22 11 6 27
21 3 7 27 3 12 31 14 19 8 18 28 3 26 12 4
3 15 22 9 4 24 14 7 28 21 9 28 13 9 6 8
26 14 20 30 11 4 26 27 8 8 9 9 2 25 24 27
4 4 6 19 4 30 21 24 7 19 13 3 10 29 27 29
