1 0 1 0 1 0 1 1 0 0 1 0 1 1 0 0
0 0 0 1 0 0 0 0 0 0 0 1 1 0 1 0
0 0 1 1 0 1 0 0 0 1 0 0 0 0 0 0
0 1 0 0 0 1 0 1 0 0 0 0 1 0 1 0
0 0 0 1 1 1 1 0 0 0 1 1 0 1 0 1
0 1 0 0 1 0 1 1 0 0 0 1 0 0 1 1
1 0 1 0 0 1 0 1 1 1 1 0 1 1 0 0
1 0 1 1 0 1 0 1 1 0 1 1 0 1 0 0
1 0 0 1 0 0 1 1 0 0 1 0 1 0 1 1
1 0 1 0 0 0 0 1 1 0 0 0 1 1 0 1
1 0 0 0 1 0 1 1 0 0 1 0 0 1 0 1
0 0 0 1 0 1 1 1 0 0 0 0 0 0 1 1
0 1 1 0 1 1 0 1 0 1 1 0 1 0 1 0
1 1 1 1 1 1 0 0 0 0 1 0 1 0 0 1
1 0 0 1 0 0 0 0 0 0 1 1 1 1 1 0
0 1 1 1 0 0 1 1 0 1 0 1 0 0 1 1
22 5 21 2 27 7 28 20 3 2 29 3 25 27 13 7
4 12 12 24 7 15 4 3 6 2 2 20 26 7 30 13
15 2 31 25 5 24 14 14 6 26 13 4 11 15 15 14
9 26 4 12 5 21 2 30 10 4 5 8 21 4 27 7
6 11 6 31 24 21 21 7 4 6 27 30 11 29 2 29
8 25 9 2 25 11 28 27 15 10 2 23 13 9 20 30
21 8 18 6 15 20 9 25 30 27 24 6 26 28 14 2
28 2 23 26 6 23 8 29 20 2 30 20 13 26 4 4
18 8 4 28 9 9 22 22 3 2 26 3 27 13 27 29
30 6 31 5 11 3 3 25 19 14 6 13 23 29 7 27
24 4 5 2 29 13 25 19 4 4 25 6 12 20 2 26
7 4 5 21 5 28 31 20 3 4 13 5 2 12 26 29
9 20 23 2 28 24 9 18 8 21 27 13 18 12 19 5
27 26 31 24 31 18 13 3 15 14 27 14 23 8 12 19
28 4 2 22 2 13 4 11 6 15 30 19 25 30 23 15
12 22 27 28 11 10 30 29 2 18 8 23 2 4 25 28
