1 0 1 0 1 1 1 0 0 1 1 0 0 1 1 0
0 0 1 0 0 1 1 1 0 1 0 0 0 0 0 0
1 0 1 0 0 1 0 0 0 0 1 0 1 0 0 0
0 0 0 0 1 0 0 0 1 0 0 1 1 0 1 0
0 1 0 0 1 0 1 0 0 0 1 1 1 0 1 0
1 0 0 0 0 0 1 1 1 0 1 0 0 0 1 1
1 1 1 0 0 0 1 1 0 1 1 1 1 0 0 0
0 1 0 1 0 0 0 1 0 0 1 0 0 1 1 0
1 0 0 1 1 0 1 0 1 1 0 1 1 1 0 1
0 0 1 0 1 0 0 1 1 0 0 0 0 0 1 1
0 1 0 0 0 0 1 1 1 1 0 1 0 0 1 0
0 0 1 1 1 0 1 0 1 1 0 1 1 0 1 1
0 1 1 0 0 0 1 0 0 1 1 1 1 1 1 0
0 1 0 0 1 1 1 0 1 0 0 1 1 0 0 1
0 1 1 0 1 1 1 1 0 0 1 1 1 1 0 0
0 0 0 0 1 1 0 0 1 1 0 0 1 1 0 1
27 2 20 15 31 25 30 2 3 19 23 10 2 18 26 14
3 4 25 7 9 18 19 21 10 18 4 5 8 9 14 8
31 13 20 9 6 19 11 2 9 12 18 5 23 3 9 7
15 14 15 6 25 6 7 5 31 7 6 30 25 2 27 15
11 18 13 13 26 14 26 15 4 6 27 19 30 3 22 4
31 7 12 15 15 4 27 19 23 14 28 4 13 5 27 22
27 26 20 7 11 3 21 25 4 18 23 24 20 15 3 9
12 26 14 22 15 8 13 30 5 4 25 11 14 23 22 4
24 15 9 27 21 5 22 8 22 21 2 28 22 24 11 29
14 8 26 15 19 13 10 21 30 12 4 6 3 11 27 28
6 29 15 10 11 6 21 24 26 30 3 23 6 3 31 14
13 9 27 31 27 10 26 9 31 26 2 19 28 5 22 28
6 21 19 3 12 4 23 3 11 29 25 23 19 23 28 6
12 29 11 10 27 26 20 7 25 5 14 19 18 13 11 19
9 29 26 2 25 19 20 21 7 9 26 22 27 20 8 5
11 4 3 13 21 23 6 3 26 18 15 4 18 22 15 21
