1 1 1 0 0 1 0 1 0 0 0 0 0 0 1 1
1 1 0 1 1 1 0 0 1 0 1 0 1 0 1 1
0 0 1 1 1 1 1 0 1 0 1 0 1 1 1 1
1 0 0 0 1 0 0 0 0 0 0 1 0 1 1 0
0 0 0 0 1 1 1 0 1 1 1 0 1 0 1 0
1 1 0 1 0 1 1 0 1 1 1 0 1 0 1 0
1 1 1 1 0 1 1 0 0 1 1 0 0 1 1 0
0 1 0 0 1 0 1 0 0 0 0 0 1 0 1 1
1 1 1 0 1 1 1 1 1 1 0 1 0 0 0 0
1 0 0 1 0 0 0 1 1 0 1 0 0 0 0 1
0 1 0 0 0 0 1 0 0 1 0 1 1 0 1 0
0 0 1 1 0 1 0 1 0 0 1 0 0 1 1 1
1 1 1 0 1 1 0 1 1 1 1 0 1 1 0 1
1 0 0 0 0 0 0 1 0 1 1 1 0 1 1 0
1 0 1 1 0 1 0 0 1 1 0 0 0 1 1 0
1 0 1 1 1 0 0 0 0 1 1 0 1 0 0 0
26 31 25 5 15 31 13 30 9 2 3 15 8 2 26 25
21 29 4 29 26 24 2 4 31 9 21 7 30 9 31 20
8 11 18 21 24 26 23 6 31 11 22 2 23 20 23 28
18 14 14 8 20 7 2 6 8 3 4 24 6 21 22 14
5 9 7 13 25 28 18 10 22 24 19 3 21 5 25 4
30 23 11 21 6 24 18 14 23 19 19 2 19 9 22 11
18 25 18 21 8 25 24 6 2 23 25 11 4 21 23 6
6 27 9 3 23 10 30 14 13 11 7 12 29 7 29 26
18 30 31 15 27 19 28 21 28 24 14 18 15 15 4 7
23 7 14 29 2 7 10 20 23 13 26 2 6 3 3 29
5 25 9 3 2 7 27 2 11 29 13 25 22 13 29 6
11 3 18 29 12 29 3 19 10 15 23 3 9 20 26 26
24 29 31 12 19 23 6 23 22 23 27 11 27 24 2 18
22 5 8 8 5 6 14 27 7 23 30 25 11 21 28 13
30 14 23 18 6 28 10 10 31 22 2 2 4 22 31 12
24 6 27 27 26 8 4 8 5 23 31 13 22 8 4 5
