1 1 1 1 0 0 1 1 0 0 0 1 1 1 0 1
1 1 0 0 0 0 1 0 1 0 0 1 1 1 0 1
0 0 1 0 0 0 1 0 0 0 1 1 0 1 0 1
1 0 0 1 1 1 0 1 1 1 1 0 1 1 0 1
0 0 1 0 0 0 0 1 0 0 1 0 0 1 0 1
0 1 1 0 1 1 0 0 0 0 0 0 0 1 1 0
1 0 1 1 1 1 0 0 0 1 1 1 0 0 1 1
1 0 1 1 1 1 1 1 0 0 1 1 1 0 1 0
0 1 0 1 1 0 0 0 0 0 0 1 1 1 1 0
1 0 1 0 1 0 0 1 0 0 1 1 1 1 0 0
0 0 0 1 0 0 0 1 0 1 0 1 1 1 0 0
1 0 0 1 1 1 1 1 0 1 0 0 1 0 0 0
1 1 1 1 1 0 0 0 1 0 0 0 0 0 0 1
1 1 0 0 0 0 1 1 0 1 0 1 1 0 0 1
1 0 0 1 0 0 1 0 1 0 1 0 1 1 1 1
1 1 0 1 0 0 1 1 0 0 0 0 1 1 1 0
29 29 25 29 14 12 25 29 9 6 5 29 18 21 6 31
20 29 14 11 9 3 29 3 28 7 12 27 21 21 9 22
12 15 19 11 6 14 29 11 2 10 26 23 11 23 15 22
18 7 4 27 23 26 2 23 21 21 23 13 20 19 15 31
4 14 25 14 4 8 6 21 2 12 25 11 12 28 5 29
14 19 20 14 25 18 11 14 4 8 14 11 14 19 29 10
26 9 26 24 22 25 13 2 14 28 25 20 3 13 19 30
27 6 27 19 27 30 24 29 5 14 25 28 29 12 27 4
12 20 14 25 24 15 9 6 2 14 13 24 18 26 31 12
23 6 25 6 23 8 10 24 6 8 19 30 18 21 8 13
4 13 2 20 5 12 13 20 11 26 13 23 31 25 7 9
31 15 3 21 26 25 26 20 13 22 2 11 31 13 4 10
23 27 27 24 20 6 8 3 30 14 5 2 2 4 7 20
30 19 13 13 5 7 26 20 3 21 15 20 20 5 9 19
28 12 11 18 14 12 20 12 30 15 20 3 30 29 21 29
25 31 4 30 8 3 21 30 7 2 7 6 24 25 18 3
