1 1 3 1 2 0 0 1 0 0 0 2 0 2 3 2
2 1 2 1 3 0 1 2 3 3 3 2 3 2 1 1
0 0 1 3 1 2 3 2 2 2 3 1 3 2 0 0
1 0 2 3 1 0 3 2 2 3 0 0 2 3 1 2
3 0 0 3 2 3 3 0 0 0 0 0 2 3 2 0
3 0 1 1 2 1 1 1 1 2 1 1 3 1 2 3
2 3 2 3 2 3 1 1 2 3 0 0 3 0 1 2
3 3 2 3 3 3 3 2 2 1 2 2 2 2 2 2
3 3 2 2 2 3 3 3 0 2 0 0 2 0 2 0
0 0 0 0 3 3 3 0 1 3 3 3 3 3 1 3
3 3 0 1 1 1 1 0 0 1 3 1 0 3 2 3
0 0 3 1 1 0 2 2 1 0 1 1 1 1 2 1
3 1 1 3 1 1 1 1 1 0 0 1 0 0 0 3
3 0 0 0 0 3 3 0 0 0 3 3 1 2 2 1
0 1 0 1 1 0 0 0 2 2 2 3 3 2 3 2
1 1 2 2 2 0 2 2 2 2 3 0 2 0 2 2
32 16 40 16 36 12 28 48 28 28 44 36 28 45 49 45
20 32 13 25 33 37 41 29 17 17 33 29 35 45 41 34
37 46 34 24 43 29 35 22 22 22 35 18 26 38 12 12
48 30 31 42 34 30 26 38 38 19 12 12 31 42 34 15
40 21 21 19 15 40 40 23 23 23 12 21 47 51 15 23
26 12 16 16 20 27 16 16 16 13 27 27 19 27 31 19
31 19 31 19 20 35 43 25 20 35 44 44 24 14 48 13
49 49 13 17 17 42 49 13 13 41 45 45 15 31 20 15
51 24 13 15 15 51 51 24 46 31 46 46 38 14 38 30
30 30 30 30 26 26 26 14 34 26 35 17 17 19 43 49
49 49 39 43 27 43 27 39 46 43 51 43 39 51 47 51
39 28 35 41 41 46 29 29 50 46 50 50 50 50 22 50
33 50 18 33 18 18 34 18 18 28 37 18 39 39 14 33
24 14 14 14 39 33 24 37 37 28 33 24 34 38 47 48
37 48 37 48 48 23 23 23 36 20 20 42 42 47 42 29
27 25 36 36 22 44 29 45 45 36 42 44 22 44 36 22
