1 1 3 1 2 0 0 1 0 0 0 2 0 2 3 2
2 1 2 1 3 0 1 2 3 3 3 3 0 3 0 3
0 1 1 1 3 2 1 2 2 2 2 1 0 3 2 2
1 3 2 1 2 3 2 2 0 3 2 2 1 3 2 2
0 0 1 0 2 2 3 0 0 0 3 3 0 3 0 0
0 0 3 0 0 0 2 3 3 0 1 1 2 2 1 2
1 2 2 2 3 0 3 0 1 2 0 0 3 2 1 1
0 1 3 0 2 0 0 2 3 2 2 3 3 3 1 0
2 0 2 0 1 1 3 2 2 1 1 1 3 0 0 3
2 0 0 2 1 0 3 3 3 1 3 3 3 3 1 1
0 3 3 3 0 0 1 1 1 0 3 1 0 1 0 1
0 1 0 2 1 2 2 1 0 3 1 1 0 0 3 2
3 3 0 2 3 3 3 0 0 0 0 2 3 0 0 0
2 0 0 0 0 0 1 0 2 0 0 2 0 0 0 0
0 0 0 2 0 0 2 0 2 0 0 0 2 0 0 3
0 0 3 0 0 2 0 0 3 0 0 3 0 2 0 0
32 16 40 16 36 12 28 48 28 28 44 36 28 45 49 45
20 32 13 25 33 37 41 29 17 17 17 33 37 35 39 35
39 18 50 34 33 22 25 29 22 22 22 18 46 26 38 38
18 42 13 18 13 35 45 45 14 51 36 15 16 33 15 36
44 21 48 44 36 36 19 21 21 21 40 40 12 40 21 12
21 12 40 21 12 12 20 40 19 12 16 16 20 20 16 20
16 20 20 31 49 30 49 30 27 15 30 39 24 45 27 32
46 34 51 39 13 39 46 15 51 15 13 51 51 49 34 46
13 39 13 46 34 34 24 15 15 43 43 43 49 21 21 42
31 30 21 31 32 23 17 40 17 43 40 40 40 24 43 50
39 35 35 35 46 46 25 16 16 37 19 16 14 16 46 16
46 16 39 13 18 15 15 34 30 24 34 34 30 30 33 13
33 33 30 13 33 33 33 37 46 30 37 47 19 39 39 39
15 30 30 39 39 39 18 39 15 30 46 15 30 30 30 30
30 30 30 31 30 30 15 30 15 30 30 30 15 30 30 26
30 30 35 30 39 15 30 30 49 30 30 35 46 13 30 30
