1 1 3 1 2 0 0 1 0 0 0 2 0 2 3 2
2 1 2 1 3 0 1 0 3 3 2 2 3 3 0 3
0 1 0 3 3 3 2 2 2 0 0 1 1 1 0 0
3 0 2 3 1 3 2 1 0 1 3 3 1 3 3 0
2 0 1 0 1 0 2 1 3 2 2 0 2 2 1 3
0 1 0 0 2 0 0 1 2 0 0 1 3 1 3 2
3 1 2 0 1 3 0 2 0 1 1 3 0 0 1 0
0 3 3 0 2 0 0 0 0 1 0 3 3 2 0 0
0 0 2 2 2 2 0 2 3 1 0 3 3 1 0 3
3 2 1 2 2 2 2 3 1 2 2 2 2 2 2 0
3 2 0 3 0 1 1 3 1 0 0 1 1 2 3 3
1 1 0 0 1 2 2 2 2 3 2 3 2 2 0 1
2 2 2 2 1 1 2 2 2 1 0 2 2 0 2 2
2 3 2 2 2 2 3 3 3 3 0 3 3 3 0 3
0 3 3 2 3 3 3 3 3 0 0 0 0 0 0 3
0 0 0 0 0 0 0 0 0 0 0 3 0 3 0 0
32 16 40 16 36 12 28 48 28 28 44 36 28 45 49 45
20 32 13 25 33 37 41 37 17 33 29 29 17 17 39 35
39 50 46 26 33 42 22 38 38 14 14 18 50 50 30 30
26 46 31 33 34 51 45 18 46 34 51 19 43 19 35 39
45 28 41 12 34 28 13 16 35 22 22 28 22 13 48 24
21 16 21 46 22 44 44 48 36 37 37 25 17 25 33 45
26 34 45 14 18 26 14 45 14 18 50 42 30 30 27 30
30 33 33 46 13 39 46 46 30 34 37 24 24 15 21 21
30 30 13 13 13 13 21 15 26 43 30 33 49 27 39 35
17 29 25 29 29 29 31 17 34 31 31 31 31 31 31 46
17 31 46 42 46 50 16 35 18 37 46 16 16 47 35 51
18 18 37 37 18 29 29 29 29 24 29 35 45 45 30 41
45 45 45 13 16 16 13 45 36 16 37 47 31 46 22 45
45 33 45 13 31 22 24 33 33 33 46 33 33 33 46 33
46 33 33 31 33 33 33 24 33 39 39 39 39 14 14 26
39 14 14 14 14 14 14 14 14 14 14 24 14 24 14 14
