1 1 3 1 2 0 0 1 0 0 0 2 0 2 3 2
2 1 2 1 3 0 1 0 2 3 3 3 3 2 3 1
2 3 0 3 2 2 2 3 1 3 2 3 2 2 1 1
1 2 2 2 1 2 0 0 3 2 2 0 0 2 2 2
2 2 3 2 2 1 0 1 1 1 3 2 3 3 2 2
3 1 0 3 1 2 2 2 2 2 2 3 3 0 2 3
2 3 1 1 0 3 3 0 0 0 2 1 0 0 3 1
2 3 3 0 1 1 3 0 2 2 1 1 1 1 1 0
0 0 2 3 2 2 0 3 0 3 3 2 2 1 0 0
2 0 0 3 3 0 1 3 1 2 2 2 2 0 2 0
0 0 0 2 0 0 1 0 0 0 3 0 0 0 3 2
2 1 0 0 1 3 0 0 2 3 0 0 3 2 3 2
2 2 0 2 3 3 3 0 2 0 0 2 2 3 2 0
2 1 3 0 1 3 1 1 0 0 0 0 0 0 0 3
0 1 2 2 0 0 2 1 3 3 0 0 0 3 0 3
3 0 0 0 0 2 0 1 2 2 0 1 2 0 2 1
32 16 40 16 36 12 28 48 28 28 44 36 28 45 49 45
20 32 13 25 33 37 41 37 29 17 17 33 35 13 35 18
22 33 37 33 13 13 29 35 25 33 29 33 13 29 34 34
34 38 38 20 34 22 46 39 42 15 20 44 44 29 20 13
29 22 24 13 29 34 46 18 18 25 42 22 49 33 31 31
19 34 39 19 34 15 31 15 31 15 31 42 40 39 47 19
15 19 50 50 28 35 35 12 12 12 45 16 14 14 40 16
20 40 40 28 43 43 35 28 20 20 16 16 16 48 48 39
39 28 36 33 45 36 46 33 46 33 17 22 22 27 39 23
22 30 30 24 24 39 34 24 34 20 20 20 38 37 15 37
39 30 39 36 46 30 27 46 46 30 33 30 30 30 35 13
13 18 37 46 18 24 39 37 13 24 39 39 17 36 26 36
13 13 37 13 26 26 26 37 36 46 37 47 31 33 13 37
13 50 17 37 27 17 18 41 46 39 46 37 21 37 46 33
37 16 31 31 46 46 13 41 33 33 46 30 39 33 30 33
33 39 39 39 39 15 39 16 36 36 39 16 31 46 36 16
