1 1 3 1 2 0 0 1 0 0 0 2 0 2 3 2
2 1 2 1 3 0 1 2 3 3 3 3 1 3 3 3
0 1 3 3 0 0 0 0 1 2 0 2 0 0 0 2
3 2 0 3 0 2 2 2 2 3 0 0 1 2 2 2
3 3 0 3 0 0 3 1 2 0 2 0 2 1 1 1
2 1 2 2 2 1 1 1 3 2 3 2 2 1 2 3
0 1 1 3 0 0 0 0 1 2 2 2 3 2 3 3
2 0 3 2 2 1 2 2 3 3 2 3 0 0 0 0
0 0 1 1 2 2 3 2 3 2 0 0 0 3 3 0
1 0 3 0 1 0 1 0 1 0 0 0 0 0 1 0
2 0 0 0 0 1 0 0 0 3 3 2 3 3 3 3
3 1 3 3 2 3 3 3 3 3 3 1 3 1 3 1
2 3 2 3 3 3 0 2 3 2 2 2 3 2 1 1
1 2 1 1 1 1 3 1 1 0 3 0 0 0 3 3
3 0 2 2 0 0 1 2 1 1 1 3 1 3 3 3
1 1 0 0 2 1 2 0 2 2 1 1 2 1 1 0
32 16 40 16 36 12 28 48 28 28 44 36 28 45 49 45
20 32 13 25 33 37 41 29 17 17 17 17 25 33 35 35
37 18 35 35 14 14 23 21 16 29 14 29 23 23 23 29
24 13 46 33 44 36 15 36 31 51 12 12 43 15 15 36
40 40 44 40 21 21 19 27 31 21 47 21 47 16 16 32
20 16 38 31 38 32 16 48 19 31 35 13 13 48 13 19
28 41 41 26 12 12 12 12 34 36 29 29 24 13 33 24
36 30 35 45 13 18 22 22 19 19 31 19 30 30 30 39
39 30 34 34 31 31 40 15 24 22 28 28 46 33 33 30
34 30 33 39 34 39 34 46 34 46 37 46 37 37 18 37
15 39 39 37 21 43 21 39 46 49 49 15 40 42 42 42
26 50 26 51 15 49 26 51 49 24 49 27 49 27 51 41
29 51 45 24 24 51 46 45 51 47 47 47 19 47 43 43
27 47 43 43 27 27 40 27 43 44 35 44 44 44 42 42
42 23 22 20 23 23 18 20 50 48 18 42 18 26 26 26
18 50 14 14 22 48 20 14 45 45 48 50 22 48 50 14
