1 1 3 1 2 0 0 1 0 0 0 2 0 2 3 2
2 1 2 1 3 0 1 2 3 3 3 3 1 3 3 3
0 1 3 3 0 0 0 0 1 2 0 2 0 0 0 2
3 2 0 3 0 2 2 2 2 3 0 0 1 2 2 2
3 3 0 3 0 0 3 1 2 0 2 0 2 1 1 1
2 1 2 2 2 1 1 1 3 2 3 2 2 1 2 3
0 1 1 3 0 0 0 0 1 2 2 2 3 2 3 3
2 0 3 2 2 1 2 2 3 3 2 3 0 0 0 0
0 1 1 3 3 3 3 3 3 3 3 1 2 2 0 0
0 0 0 0 0 0 3 2 2 2 3 3 2 3 2 3
2 2 2 2 2 2 2 2 2 2 2 2 2 0 3 2
2 1 1 1 1 2 0 1 2 1 1 0 1 1 0 1
0 0 0 0 0 0 0 0 0 0 0 3 3 3 1 0
2 1 3 2 0 0 1 0 0 0 0 0 0 2 0 0
0 1 1 1 1 1 1 1 1 1 1 1 1 1 1 3
1 1 1 0 1 1 1 1 2 1 2 1 2 3 2 3
32 16 40 16 36 12 28 48 28 28 44 36 28 45 49 45
20 32 13 25 33 37 41 29 17 17 17 17 25 33 35 35
37 18 35 35 14 14 23 21 16 29 14 29 23 23 23 29
24 13 46 33 44 36 15 36 31 51 12 12 43 15 15 36
40 40 44 40 21 21 19 27 31 21 47 21 47 16 16 32
20 16 38 31 38 32 16 48 19 31 35 13 13 48 13 19
28 41 41 26 12 12 12 12 34 36 29 29 24 13 33 24
36 30 35 45 13 18 22 22 19 19 31 19 30 30 30 39
39 16 16 24 24 24 24 35 40 40 40 16 20 20 46 30
30 30 39 12 12 39 35 31 31 31 35 40 31 40 31 40
31 31 31 31 31 31 31 31 31 31 31 31 31 46 35 38
38 18 16 50 18 47 23 34 47 50 34 23 50 50 28 50
28 28 28 28 46 28 46 46 46 28 37 51 51 35 16 37
38 16 35 20 37 12 18 12 12 46 46 12 12 15 46 28
37 16 41 27 34 34 16 34 16 18 41 34 16 34 34 26
41 16 16 21 16 16 16 16 45 16 45 16 45 24 15 24
