1 1 3 1 2 0 0 1 0 0 0 2 0 2 3 2
2 1 2 1 3 0 1 0 3 3 2 2 3 3 3 1
0 1 1 1 3 0 0 2 2 2 3 2 3 0 0 0
0 1 2 0 1 0 2 3 0 2 3 0 2 1 3 2
3 2 0 1 0 0 2 1 1 3 2 2 0 1 0 0
0 1 3 2 2 0 1 0 3 0 3 3 3 2 0 0
2 2 2 1 3 2 2 2 2 0 2 2 2 2 2 2
2 0 2 1 3 1 0 2 1 3 0 0 2 0 0 0
2 2 2 2 2 2 0 3 0 2 2 2 0 2 0 3
0 0 0 0 2 0 0 0 1 0 0 2 2 0 1 3
0 0 0 0 2 2 2 2 2 3 3 2 2 2 2 3
2 2 2 2 3 0 2 2 2 2 0 2 2 2 2 2
2 2 0 2 3 2 2 2 2 2 3 2 2 0 2 2
0 0 0 0 0 0 0 0 0 0 0 0 3 0 0 0
0 3 0 2 0 0 2 0 3 0 0 0 2 3 0 3
2 2 2 2 0 2 0 2 0 0 0 2 2 2 2 0
32 16 40 16 36 12 28 48 28 28 44 36 28 45 49 45
20 32 13 25 33 37 41 37 17 33 29 29 17 35 35 34
37 18 43 34 35 39 23 22 45 29 35 29 35 44 23 44
12 34 31 14 34 14 38 42 46 38 24 44 36 16 24 13
33 36 21 16 21 28 36 18 18 33 22 22 44 43 30 30
21 43 26 45 22 30 16 30 19 30 33 33 26 15 30 30
20 20 15 27 49 20 15 20 20 12 31 31 31 31 31 31
15 12 20 50 19 18 14 15 50 19 14 12 15 14 14 46
31 31 31 31 31 31 39 17 46 31 31 15 46 31 39 51
39 39 39 46 15 39 39 39 34 46 46 15 31 39 43 51
39 39 46 46 15 31 15 15 31 49 33 15 15 15 47 49
15 31 31 15 49 30 31 31 31 15 39 15 15 31 15 15
31 15 30 13 49 31 15 15 31 31 49 15 31 39 15 31
39 39 39 39 39 39 39 39 46 39 46 39 33 39 46 39
46 33 30 31 46 39 15 39 33 30 46 30 15 33 30 26
15 15 15 31 39 15 30 15 30 30 30 15 31 15 15 30
