1 1 3 1 2 0 0 1 0 0 0 2 0 2 3 2
2 1 2 1 3 0 1 0 3 3 2 2 3 3 0 3
0 1 0 3 3 3 2 2 2 0 0 1 1 1 0 0
3 0 2 3 1 3 2 1 0 1 3 3 1 3 3 0
2 0 1 0 1 0 2 1 3 2 2 0 2 2 1 3
0 1 0 0 2 0 0 1 2 0 0 1 3 1 3 2
3 1 2 0 1 3 0 2 0 1 1 3 0 0 1 0
0 3 3 0 2 0 0 0 0 1 0 3 3 2 0 0
1 0 3 1 2 0 0 0 3 3 1 2 2 1 2 2
3 2 2 2 2 2 2 2 2 2 2 2 3 0 1 0
2 2 2 2 2 2 1 3 1 1 1 1 0 0 3 1
1 3 3 2 1 2 0 2 2 1 0 2 2 1 0 2
1 2 0 3 1 2 1 0 2 3 3 2 0 3 3 1
1 0 3 1 3 0 3 1 1 1 1 0 1 3 3 3
1 3 3 3 3 1 1 1 0 0 0 0 0 3 3 3
2 2 2 0 0 2 2 2 3 1 3 0 1 3 0 3
32 16 40 16 36 12 28 48 28 28 44 36 28 45 49 45
20 32 13 25 33 37 41 37 17 33 29 29 17 17 39 35
39 50 46 26 33 42 22 38 38 14 14 18 50 50 30 30
26 46 31 33 34 51 45 18 46 34 51 19 43 19 35 39
45 28 41 12 34 28 13 16 35 22 22 28 22 13 48 24
21 16 21 46 22 44 44 48 36 37 37 25 17 25 33 45
26 34 45 14 18 26 14 45 14 18 50 42 30 30 27 30
30 33 33 46 13 39 46 46 30 34 37 24 24 15 21 21
34 39 26 27 15 21 21 21 26 49 27 15 36 27 13 13
17 20 13 47 47 47 47 47 47 36 36 20 17 14 18 37
15 31 31 31 31 31 27 35 25 25 18 18 14 23 35 25
25 17 26 38 27 38 39 31 38 27 39 38 38 41 44 22
43 15 23 35 43 22 43 37 36 51 51 47 23 24 51 43
41 44 51 43 51 23 24 34 43 16 41 23 50 19 19 40
50 24 19 19 35 41 50 41 12 12 12 12 12 40 40 19
15 15 20 23 23 20 20 20 49 16 42 44 48 24 44 49
