1 1 3 1 2 0 0 1 0 0 0 2 0 2 3 2
2 1 2 1 3 0 1 0 2 3 3 3 3 2 3 1
2 3 0 3 2 2 2 3 1 3 2 3 2 2 1 1
1 2 2 2 1 2 0 0 3 2 2 0 0 2 2 2
2 2 3 2 2 1 0 1 1 1 3 2 3 3 2 2
3 1 0 3 1 2 2 2 2 2 2 3 3 0 2 3
2 3 1 1 0 3 3 0 0 0 2 1 0 0 3 1
2 3 3 0 1 1 3 0 2 2 1 1 1 1 1 0
0 0 0 0 2 1 1 0 0 1 1 2 1 1 1 1
1 1 2 3 3 2 1 1 3 0 1 2 3 3 1 2
0 0 2 3 1 0 1 0 2 1 1 2 0 1 3 3
1 3 1 0 1 3 1 1 1 3 3 3 1 2 0 2
2 1 2 0 0 2 2 3 3 0 3 2 0 0 2 0
0 0 2 3 3 2 1 3 1 0 3 3 3 3 2 3
3 0 0 2 0 3 3 3 3 3 3 3 3 2 3 0
1 1 1 0 0 2 3 2 2 2 0 2 0 0 1 0
32 16 40 16 36 12 28 48 28 28 44 36 28 45 49 45
20 32 13 25 33 37 41 37 29 17 17 33 35 13 35 18
22 33 37 33 13 13 29 35 25 33 29 33 13 29 34 34
34 38 38 20 34 22 46 39 42 15 20 44 44 29 20 13
29 22 24 13 29 34 46 18 18 25 42 22 49 33 31 31
19 34 39 19 34 15 31 15 31 15 31 42 40 39 47 19
15 19 50 50 28 35 35 12 12 12 45 16 14 14 40 16
20 40 40 28 43 43 35 28 20 20 16 16 16 48 48 39
39 39 21 21 36 32 32 46 46 43 27 22 27 27 27 27
27 27 45 24 24 45 18 18 24 46 18 22 51 51 43 22
39 14 45 42 41 46 50 46 45 50 50 15 14 50 35 24
48 24 48 30 48 24 25 25 25 42 49 49 25 31 44 15
47 50 47 14 14 47 47 19 19 30 19 47 30 30 36 30
30 30 36 26 26 36 18 49 43 44 49 51 49 26 36 40
26 44 44 31 37 51 26 51 26 51 51 42 26 47 42 23
48 43 43 14 23 38 40 38 38 38 12 38 21 21 41 12
