1 0 3 0 1 0 1 1 2 2 2 0 1 3 2 3
2 1 0 1 3 2 3 1 1 1 0 0 2 0 3 1
1 1 2 2 2 2 2 1 3 0 1 0 0 1 1 2
3 3 0 2 3 0 0 1 1 0 1 2 2 3 2 2
0 3 1 1 3 1 3 1 1 1 0 1 2 0 0 0
3 3 2 2 2 0 0 0 0 0 0 3 2 2 2 0
2 2 3 2 2 2 2 2 2 3 0 1 3 2 3 0
1 2 0 0 1 2 3 2 2 3 1 3 1 0 0 1
3 3 3 3 0 0 0 3 3 2 3 3 3 2 2 3
2 2 2 0 3 0 2 2 3 0 0 2 2 0 3 0
0 2 2 3 0 0 1 3 3 3 3 2 3 2 3 2
2 3 1 2 3 1 3 1 3 3 1 1 2 1 3 3
0 0 0 2 0 1 3 2 2 3 0 2 2 2 1 3
2 2 3 3 3 3 3 0 0 0 3 3 3 2 3 2
2 1 2 2 2 1 2 3 2 0 3 0 3 3 0 0
0 3 3 2 2 2 2 2 2 2 0 3 2 0 3 2
32 28 24 44 16 28 48 48 29 29 29 37 25 49 45 51
45 41 21 25 51 13 33 34 27 41 30 12 36 30 35 34
34 18 45 45 15 31 29 34 19 12 34 12 37 34 34 15
42 42 37 47 40 30 44 32 43 37 43 31 31 35 45 13
30 33 16 16 40 18 40 18 18 18 23 50 22 30 30 30
42 42 45 45 15 21 21 21 21 21 21 42 38 38 47 12
15 20 51 38 36 36 36 15 15 35 12 16 35 13 19 37
18 13 37 37 18 22 49 13 13 17 50 33 50 14 14 50
24 24 26 26 39 39 39 26 49 13 26 33 49 15 13 26
15 13 13 46 26 39 15 15 26 37 37 20 38 39 17 39
39 38 38 33 46 46 16 17 17 51 33 15 17 13 17 15
15 33 34 20 33 34 33 34 51 33 34 34 20 48 51 51
46 46 46 13 46 16 17 31 36 17 37 47 31 31 34 35
22 22 19 19 19 19 24 30 37 30 49 51 49 29 24 31
31 16 31 31 13 16 22 35 22 30 24 30 24 24 30 30
30 49 35 36 22 29 29 29 29 22 37 35 22 37 35 45
