1 0 3 0 1 0 1 1 2 2 2 0 1 3 2 3
2 2 1 1 0 1 0 3 3 2 2 2 3 2 1 3
1 1 1 1 0 0 2 1 3 0 2 0 0 0 1 0
2 2 2 3 3 3 0 0 0 0 0 1 1 3 1 2
3 2 2 1 1 0 0 2 0 0 2 2 2 2 1 2
2 1 1 0 0 2 3 2 2 0 2 3 2 0 3 0
0 2 0 0 2 0 1 1 3 2 2 1 1 0 0 1
3 0 0 1 1 2 0 3 1 3 0 3 3 3 2 3
2 1 2 3 2 2 2 1 3 2 2 3 3 3 1 0
3 3 2 3 2 0 0 2 3 3 1 0 1 0 3 0
0 2 3 3 3 2 3 3 3 3 3 3 3 0 3 0
0 1 3 3 1 3 3 3 3 0 0 1 2 2 2 0
3 0 2 2 2 2 0 0 1 2 0 2 0 1 1 1
1 1 0 0 1 3 1 3 0 1 3 0 3 3 2 3
1 3 1 1 0 1 1 1 0 1 1 2 2 3 2 3
1 0 1 0 2 1 0 0 0 2 2 3 1 3 2 0
32 28 24 44 16 28 48 48 29 29 29 37 25 49 45 51
45 13 41 41 30 25 21 33 51 20 13 13 26 13 43 26
18 18 43 34 46 37 20 50 42 14 22 30 30 30 18 30
22 38 47 26 51 51 39 39 39 30 39 18 43 42 34 29
19 36 36 27 27 14 14 15 12 12 36 15 15 15 48 38
47 43 41 21 21 15 19 15 15 12 20 19 31 12 40 12
30 31 12 46 31 21 16 16 40 38 38 16 34 14 12 16
49 21 21 34 16 38 21 26 50 26 46 26 26 35 20 33
36 41 20 35 20 36 20 34 35 45 13 42 49 17 48 23
17 35 22 35 13 39 37 29 33 51 41 37 41 37 17 37
39 47 49 49 40 47 40 35 49 49 40 42 40 39 35 23
23 18 42 51 18 40 42 42 51 46 46 16 38 31 38 23
19 14 31 13 31 31 46 46 25 47 37 47 23 34 34 50
50 50 14 14 50 17 18 19 23 50 19 23 33 19 47 33
25 33 27 27 44 27 27 27 28 48 41 29 22 33 22 24
48 44 43 44 22 48 44 44 44 36 22 24 43 24 36 28
