1 0 3 0 1 0 1 1 2 2 2 0 1 3 2 3
2 1 0 1 3 2 3 1 1 1 0 0 2 0 3 1
1 1 2 2 2 2 2 1 3 0 1 0 0 1 1 2
3 3 0 2 3 0 0 1 1 0 1 2 2 3 2 2
0 3 1 1 3 1 3 1 1 1 0 1 2 0 0 0
3 3 2 2 2 0 0 0 0 0 0 3 2 2 2 0
2 2 3 2 2 2 2 2 2 3 0 1 3 2 3 0
1 2 0 0 1 2 3 2 2 3 1 3 1 0 0 1
3 3 3 3 0 0 0 3 3 2 3 3 3 2 0 0
3 3 3 3 3 0 3 0 3 0 0 2 2 0 1 1
0 2 3 3 0 2 1 2 2 2 2 2 2 2 3 0
3 1 1 3 3 3 1 1 1 3 0 3 1 1 3 0
3 3 3 3 0 2 3 0 0 3 1 2 2 1 2 2
2 1 2 2 1 2 1 3 0 2 1 0 2 2 2 3
3 3 0 1 3 0 3 3 3 3 1 3 3 2 3 2
1 1 0 2 2 0 1 0 1 1 1 1 1 1 0 0
32 28 24 44 16 28 48 48 29 29 29 37 25 49 45 51
45 41 21 25 51 13 33 34 27 41 30 12 36 30 35 34
34 18 45 45 15 31 29 34 19 12 34 12 37 34 34 15
42 42 37 47 40 30 44 32 43 37 43 31 31 35 45 13
30 33 16 16 40 18 40 18 18 18 23 50 22 30 30 30
42 42 45 45 15 21 21 21 21 21 21 42 38 38 47 12
15 20 51 38 36 36 36 15 15 35 12 16 35 13 19 37
18 13 37 37 18 22 49 13 13 17 50 33 50 14 14 50
24 24 26 26 39 39 39 26 49 13 26 33 49 15 39 46
51 33 33 49 49 39 49 39 33 39 12 20 31 12 43 41
46 38 19 42 46 31 41 20 20 31 31 20 38 20 35 23
51 16 16 51 24 24 43 16 43 24 46 35 32 48 17 23
17 51 17 24 46 20 35 46 46 17 50 47 22 50 22 22
38 50 22 38 27 22 41 19 23 29 41 23 47 47 47 40
26 26 23 27 40 23 42 40 40 26 27 19 19 47 19 36
27 43 14 36 36 14 27 14 27 48 48 48 48 32 28 28
