1 0 3 0 1 0 1 1 2 2 2 0 1 3 2 3
2 1 0 1 2 3 2 3 1 2 1 1 3 0 3 3
0 0 3 1 3 3 1 2 1 3 2 2 2 2 0 0
3 2 2 1 3 1 1 3 1 2 0 0 2 1 1 0
0 3 0 1 0 1 3 2 0 1 0 2 2 2 2 0
0 2 0 0 0 0 0 2 2 2 0 0 3 1 3 0
1 1 0 0 3 3 2 0 2 0 0 2 2 0 0 1
1 2 3 3 0 1 0 0 2 0 0 3 3 3 3 1
0 0 2 2 1 3 1 3 1 2 2 2 2 2 1 2
1 2 1 2 0 2 0 1 2 2 3 2 3 0 3 1
1 0 0 0 1 0 1 1 3 0 3 1 3 3 3 0
0 1 0 1 1 2 1 3 3 2 3 1 1 1 1 0
1 1 0 0 3 2 2 0 1 1 0 0 0 0 2 0
2 2 3 3 3 2 1 1 3 2 3 3 3 3 3 2
1 3 1 2 1 1 1 2 2 2 2 2 1 3 3 3
3 1 2 1 2 0 0 0 0 3 3 0 3 3 3 3
32 28 24 44 16 28 48 48 29 29 29 37 25 49 45 51
45 41 21 25 29 51 13 33 34 45 34 16 49 30 35 35
30 30 26 34 26 42 34 13 43 17 45 22 13 45 46 44
26 13 31 43 51 43 43 26 41 13 12 12 36 16 16 14
14 42 14 18 14 18 19 15 30 16 28 22 31 15 15 39
39 47 39 39 39 39 39 38 38 38 21 21 40 27 35 12
16 16 12 30 49 19 15 12 13 28 28 38 38 46 28 50
18 22 42 42 46 18 46 46 38 30 46 51 35 35 35 41
12 12 31 45 43 17 43 17 41 13 31 36 36 47 34 36
50 29 34 47 28 47 30 34 31 31 24 22 24 46 24 50
27 23 23 23 27 23 27 27 42 21 51 27 19 51 35 23
23 18 23 50 18 47 27 51 17 47 33 32 32 48 48 37
48 50 37 37 49 47 15 37 48 48 37 14 14 14 36 37
36 36 24 24 24 22 50 50 17 29 26 26 17 26 17 15
32 33 32 38 25 25 25 20 31 20 15 29 25 33 19 33
33 25 20 43 22 44 44 44 44 33 19 44 19 19 49 49
