1 0 3 0 1 0 1 1 2 2 2 0 1 3 2 3
2 2 1 1 0 1 0 3 3 2 2 2 3 2 1 3
1 1 1 1 0 0 2 1 3 0 2 0 0 0 1 0
2 2 2 3 3 3 0 0 0 0 0 1 1 3 1 2
3 2 2 1 1 0 0 2 0 0 2 2 2 2 1 2
2 1 1 0 0 2 3 2 2 0 2 3 2 0 3 0
0 2 0 0 2 0 1 1 3 2 2 1 1 0 0 1
3 0 0 1 1 2 0 3 1 3 0 3 3 3 2 3
2 1 2 2 2 2 2 2 2 3 3 3 3 2 3 3
2 2 0 3 3 0 3 0 1 3 3 2 2 0 3 0
2 0 3 0 0 2 1 2 3 3 3 2 2 3 2 0
2 0 0 0 0 0 0 0 3 0 3 3 2 1 2 2
3 3 0 0 3 0 3 0 3 0 3 2 2 0 2 3
0 3 0 0 0 3 1 0 0 0 3 3 0 3 2 2
3 0 0 3 3 0 0 0 0 3 3 0 0 2 3 0
0 2 0 2 3 3 0 3 2 2 0 3 2 2 2 2
32 28 24 44 16 28 48 48 29 29 29 37 25 49 45 51
45 13 41 41 30 25 21 33 51 20 13 13 26 13 43 26
18 18 43 34 46 37 20 50 42 14 22 30 30 30 18 30
22 38 47 26 51 51 39 39 39 30 39 18 43 42 34 29
19 36 36 27 27 14 14 15 12 12 36 15 15 15 48 38
47 43 41 21 21 15 19 15 15 12 20 19 31 12 40 12
30 31 12 46 31 21 16 16 40 38 38 16 34 14 12 16
49 21 21 34 16 38 21 26 50 26 46 26 26 35 20 33
36 41 20 20 36 36 20 20 20 42 51 42 42 15 42 35
31 20 23 42 42 39 35 23 34 42 35 31 31 37 17 37
15 37 35 37 37 45 41 13 17 49 33 13 38 17 31 23
22 12 39 12 12 12 39 12 40 12 40 35 45 41 15 38
49 49 23 12 49 23 26 21 40 30 49 15 31 21 15 26
30 40 30 30 30 26 18 30 14 30 26 26 21 26 15 15
26 39 21 51 35 23 23 39 21 35 51 39 39 47 19 21
21 20 14 36 19 51 37 19 36 36 37 51 22 13 36 13
