1 0 3 0 1 0 1 1 2 2 2 0 1 3 2 3
2 1 0 1 2 3 2 3 1 2 1 1 3 0 3 3
0 0 3 1 3 3 1 2 1 3 2 2 2 2 0 0
3 2 2 1 3 1 1 3 1 2 0 0 2 1 1 0
0 3 0 1 0 1 3 2 0 1 0 2 2 2 2 0
0 2 0 0 0 0 0 2 2 2 0 0 3 1 3 0
1 1 0 0 3 3 2 0 2 0 0 2 2 0 0 1
1 2 3 3 0 1 0 0 2 0 0 3 3 3 3 1
1 0 0 2 1 2 1 1 1 1 3 1 1 3 1 2
2 2 0 0 2 2 0 2 1 0 0 1 3 2 2 2
2 2 2 2 2 2 3 3 0 0 3 2 0 3 1 1
0 1 2 1 0 0 0 0 0 3 0 3 1 1 1 2
1 1 3 2 2 2 0 0 0 3 3 2 0 0 0 0
0 0 0 2 3 3 1 3 3 3 3 3 3 2 0 3
0 3 3 0 2 2 2 1 3 2 1 0 2 0 0 0
2 0 2 0 0 2 0 1 0 0 3 3 0 0 3 1
32 28 24 44 16 28 48 48 29 29 29 37 25 49 45 51
45 41 21 25 29 51 13 33 34 45 34 16 49 30 35 35
30 30 26 34 26 42 34 13 43 17 45 22 13 45 46 44
26 13 31 43 51 43 43 26 41 13 12 12 36 16 16 14
14 42 14 18 14 18 19 15 30 16 28 22 31 15 15 39
39 47 39 39 39 39 39 38 38 38 21 21 40 27 35 12
16 16 12 30 49 19 15 12 13 28 28 38 38 46 28 50
18 22 42 42 46 18 46 46 38 30 46 51 35 35 35 41
16 12 12 31 43 31 43 16 16 43 17 50 18 17 41 36
31 29 30 12 29 47 30 13 34 12 12 50 33 47 45 31
31 31 29 47 13 31 19 35 46 30 33 15 30 24 48 34
30 34 22 48 30 37 37 37 30 24 37 24 32 16 16 45
16 16 42 29 29 29 37 37 37 42 42 47 39 39 39 39
39 39 39 13 26 26 18 26 26 26 26 26 33 15 46 33
46 33 33 46 13 13 13 41 33 13 41 46 15 46 46 12
15 21 15 21 21 15 21 34 21 21 19 51 21 12 19 34
