0 0 2 2 2 2 2 2 2 2
2 2 2 2 2 2 5 2 2 5
5 5 5 5 5 1 5 2 5 2
5 1 6 2 2 2 6 2 2 6
6 4 6 2 4 2 6 5 6 4
2 0 2 0 4 4 0 0 4 0
4 2 1 6 6 0 0 0 1 4
4 0 6 7 4 4 4 2 1 6
6 1 1 0 7 4 6 1 6 7
0 2 1 0 6 4 0 7 1 0
10 10 30 30 30 30 30 30 30 30
30 30 30 30 30 30 65 30 30 65
65 65 65 65 65 24 65 30 65 30
65 24 84 30 31 30 84 31 30 79
79 59 84 31 59 31 79 69 79 59
30 10 31 10 59 60 10 10 59 10
59 31 20 77 80 10 10 10 22 59
56 10 80 89 59 59 56 31 17 79
79 23 17 10 95 59 77 17 77 95
10 31 23 10 81 59 10 93 17 10
