2 1 1 1 2 2 0 2 3 2 2 3 1 2 1 0
0 3 0 1 3 3 0 1 0 0 1 3 2 3 0 3
2 1 2 2 3 3 0 3 0 3 3 2 2 3 2 0
0 2 2 0 3 2 0 3 3 3 2 2 0 0 3 0
2 1 1 0 1 0 3 2 3 2 3 1 3 3 0 2
3 0 1 3 2 2 3 1 1 3 1 3 2 2 1 2
2 0 2 2 1 2 0 0 2 1 1 2 3 3 2 2
0 2 2 3 0 1 0 3 2 1 0 1 2 2 2 3
1 0 0 2 0 0 0 2 3 0 2 2 0 1 2 3
1 3 3 1 1 0 1 3 1 0 3 1 2 1 3 2
0 3 0 0 2 2 3 0 3 2 0 0 0 0 0 3
0 3 0 1 0 1 0 0 3 0 2 1 0 2 2 2
3 0 3 2 3 1 2 1 0 1 3 1 0 0 3 3
2 1 0 1 1 0 3 2 0 1 2 3 3 0 1 2
0 2 0 2 2 1 0 2 2 2 0 0 0 1 0 2
1 3 3 2 3 1 3 0 3 1 1 3 3 2 1 2
22 11 14 14 21 18 7 20 26 20 20 26 14 18 12 4
5 30 7 10 26 27 5 11 3 7 12 30 20 29 4 30
20 10 20 18 26 29 5 28 7 29 29 19 22 26 21 6
6 20 22 6 26 21 3 27 27 27 21 21 4 7 29 5
19 11 12 3 11 3 29 20 26 19 28 14 28 30 4 21
26 7 12 26 21 21 29 13 14 26 10 28 20 18 12 19
19 3 19 21 10 19 5 7 21 13 11 20 28 30 21 18
6 21 22 29 4 11 5 27 20 13 3 13 19 20 18 26
13 6 4 19 5 3 6 19 26 7 21 18 3 14 22 27
13 30 28 12 11 6 10 29 14 6 27 14 22 12 28 18
5 26 4 7 18 18 30 5 28 18 7 5 5 4 6 27
3 30 5 14 5 11 6 6 30 5 19 12 7 19 18 18
27 7 26 19 27 13 22 13 5 10 29 13 7 3 29 26
20 14 5 13 14 5 27 21 6 10 20 29 30 4 11 19
7 19 6 19 20 14 7 22 18 22 5 3 6 14 6 20
14 30 26 19 28 10 28 5 30 12 11 26 29 18 12 19
