0 0 0 0 0 0 0 0 0 0 0 0 0 0 0 0
0 0 0 0 0 0 0 0 0 0 0 0 0 0 0 0
0 0 0 0 0 0 0 0 0 0 0 0 0 0 0 0
0 0 0 0 0 0 0 0 0 0 0 0 0 0 0 0
1 1 1 1 1 1 1 1 1 1 1 1 1 1 1 1
1 1 1 1 1 1 1 1 1 1 1 1 1 1 1 1
1 1 1 1 1 1 1 1 1 1 1 1 1 1 1 1
1 1 1 1 1 1 1 1 1 1 1 1 1 1 1 1
2 2 2 2 2 2 2 2 2 2 2 2 2 2 2 2
2 2 2 2 2 2 2 2 2 2 2 2 2 2 2 2
2 2 2 2 2 2 2 2 2 2 2 2 2 2 2 2
2 2 2 2 2 2 2 2 2 2 2 2 2 2 2 2
3 3 3 3 3 3 3 3 3 3 3 3 3 3 3 3
3 3 3 3 3 3 3 3 3 3 3 3 3 3 3 3
3 3 3 3 3 3 3 3 3 3 3 3 3 3 3 3
3 3 3 3 3 3 3 3 3 3 3 3 3 3 3 3
6 5 4 4 7 5 4 6 3 4 7 6 6 7 6 6
3 3 3 3 5 5 6 3 4 6 7 7 3 7 7 4
5 5 6 3 6 6 4 5 7 5 7 5 3 3 7 4
7 3 7 5 4 6 6 7 6 4 5 7 6 6 5 4
13 12 10 12 12 10 10 10 12 14 13 12 12 10 13 14
11 10 12 10 14 13 13 12 13 10 11 13 13 13 14 10
14 10 11 12 10 10 13 12 13 12 10 14 11 10 12 12
12 14 12 10 12 12 13 10 14 10 13 14 14 11 14 13
20 19 20 21 22 21 20 21 21 19 21 18 21 21 22 18
20 21 19 18 20 18 22 21 19 20 18 22 20 21 22 19
21 22 21 19 21 21 22 19 22 19 19 20 18 18 22 20
20 21 20 22 21 19 19 22 19 20 18 19 19 22 19 21
28 30 26 28 28 26 26 29 30 29 27 29 29 28 29 27
27 28 28 28 29 28 28 27 30 30 27 28 26 26 26 28
28 28 27 28 30 29 27 27 27 29 26 29 30 28 28 30
26 28 26 26 30 26 28 28 30 29 27 29 26 26 30 30
