1 0 3 0 1 0 1 1 2 2 0 2 2 1 3 3
2 2 2 1 0 0 0 1 3 0 2 2 3 2 1 3
3 3 3 1 2 1 0 2 2 0 1 2 0 0 1 0
2 3 0 0 0 3 3 0 1 2 2 2 3 2 3 3
2 2 2 2 2 2 0 0 2 0 0 3 0 1 0 0
0 1 0 2 0 0 1 3 3 1 0 0 0 2 2 2
0 3 2 2 1 2 3 2 1 1 2 3 1 1 1 0
1 0 0 2 1 2 2 3 3 0 0 3 3 3 3 1
2 0 0 2 1 2 2 0 0 0 0 2 3 2 1 1
1 1 3 3 3 0 1 3 1 3 3 2 2 2 3 1
3 3 3 3 0 3 1 3 3 1 1 1 0 0 3 3
0 1 3 3 1 0 0 0 1 1 1 0 2 1 2 0
1 2 1 2 2 2 2 2 2 0 0 2 2 0 2 3
0 0 3 0 0 2 3 2 3 3 3 3 0 0 0 3
3 3 0 0 0 0 2 0 3 3 3 3 3 3 3 3
3 0 0 3 3 2 3 2 0 0 3 2 3 3 2 3
32 28 24 44 16 28 48 48 29 29 37 29 29 25 49 51
45 13 45 41 30 14 30 25 51 21 13 13 33 13 43 35
33 42 26 34 31 43 37 36 36 12 41 20 28 44 32 12
13 40 12 12 44 33 33 37 48 45 45 45 19 29 51 51
47 47 47 47 47 47 21 37 13 12 12 24 46 16 46 46
46 16 39 45 46 46 16 17 49 18 28 28 28 22 22 22
28 35 22 22 43 13 33 22 48 18 29 51 48 50 50 37
50 30 30 38 50 38 22 49 49 37 37 33 33 35 24 41
15 12 12 15 34 36 38 12 12 12 39 15 49 15 34 34
34 34 33 26 26 39 34 26 34 19 51 38 31 22 19 18
19 19 19 19 46 26 18 35 35 18 18 18 30 46 35 26
30 18 26 51 18 46 37 37 48 48 48 37 20 48 31 23
48 20 48 13 31 20 31 31 31 28 46 15 31 46 15 51
46 46 35 39 39 22 51 15 51 51 51 17 39 39 39 33
26 33 14 14 14 14 38 14 33 35 49 49 49 49 49 33
49 14 14 33 33 38 17 38 30 30 24 13 24 24 38 24
