1 0 3 0 1 0 1 1 2 2 0 2 2 1 3 3
2 2 2 1 0 0 0 1 3 0 2 2 3 2 1 3
3 3 3 1 2 1 0 2 2 0 1 2 0 0 1 0
2 3 0 0 0 3 3 0 1 2 2 2 3 2 3 3
2 2 2 2 2 2 0 0 2 0 0 3 0 1 0 0
0 1 0 2 0 0 1 3 3 1 0 0 0 2 2 2
0 3 3 1 3 2 2 1 1 2 1 1 3 3 1 3
1 0 3 3 1 1 3 0 3 0 3 0 3 3 2 3
2 2 2 2 2 1 1 3 2 1 3 1 2 0 1 0
1 0 0 0 0 0 0 0 1 0 0 2 2 3 1 2
2 2 2 2 2 2 2 3 3 3 3 2 2 1 3 3
3 3 2 2 1 2 2 2 2 2 2 1 2 2 2 2
2 2 0 2 0 1 2 1 0 0 2 2 2 0 1 0
2 0 3 0 1 0 1 0 2 0 0 2 2 2 0 2
0 0 1 0 1 1 2 2 3 2 2 2 1 2 0 3
2 3 0 2 0 0 2 3 2 1 3 3 3 1 1 1
32 28 24 44 16 28 48 48 29 29 37 29 29 25 49 51
45 13 45 41 30 14 30 25 51 21 13 13 33 13 43 35
33 42 26 34 31 43 37 36 36 12 41 20 28 44 32 12
13 40 12 12 44 33 33 37 48 45 45 45 19 29 51 51
47 47 47 47 47 47 21 37 13 12 12 24 46 16 46 46
46 16 39 45 46 46 16 17 49 18 28 28 28 22 22 22
28 35 40 18 24 38 38 34 34 38 50 16 40 17 27 17
50 12 40 33 34 18 49 46 49 30 42 30 42 49 13 49
13 13 13 22 38 50 43 35 38 50 35 50 38 14 34 12
34 30 12 12 12 12 12 12 34 30 30 38 38 26 41 29
29 29 29 29 29 29 45 35 35 49 40 38 38 50 35 40
26 26 15 15 18 15 13 31 31 31 31 27 45 45 13 45
45 45 30 13 30 18 13 18 30 28 15 47 31 46 34 28
31 28 35 39 27 28 18 28 47 28 28 47 47 15 46 15
46 46 34 46 34 16 36 36 26 36 36 15 50 36 30 26
31 26 14 36 39 14 47 26 36 43 19 19 51 27 27 27
