1 0 3 0 1 0 1 1 2 2 2 0 2 1 3 2
3 2 2 2 0 2 0 0 1 0 2 3 2 3 2 2
0 1 0 3 3 3 3 3 3 0 3 3 3 3 2 2
3 0 0 0 0 0 1 3 3 2 3 2 1 2 1 3
3 3 1 0 1 3 3 1 1 1 0 1 1 0 0 0
0 1 0 0 0 2 0 0 0 1 1 0 3 1 1 2
2 3 3 3 2 0 1 0 0 0 0 0 0 0 0 0
2 0 0 3 0 1 0 2 2 2 2 3 3 2 0 2
0 0 3 0 2 1 2 2 1 3 1 1 3 2 2 3
2 2 2 2 3 0 1 3 1 3 0 3 1 0 0 0
3 3 3 3 2 3 2 2 2 1 2 1 3 2 3 0
2 2 2 2 2 3 0 0 3 1 3 3 1 1 0 0
1 2 1 2 3 0 3 0 0 1 1 3 3 3 2 1
2 1 0 0 1 0 1 1 0 2 3 3 3 0 0 0
3 3 3 3 2 2 2 2 3 2 1 0 0 3 2 0
0 2 0 0 3 3 0 3 0 0 0 3 0 1 0 0
32 28 24 44 16 28 48 48 29 29 29 37 29 25 49 45
51 13 36 20 28 20 28 37 32 12 20 40 36 42 15 47
12 18 46 42 35 35 19 35 19 12 35 35 35 35 47 15
33 28 12 46 44 28 16 17 33 36 49 13 25 29 25 33
26 33 25 37 34 26 33 34 18 25 46 50 18 14 39 14
39 18 39 39 39 47 39 39 14 34 34 14 26 34 34 22
22 40 40 40 22 30 43 30 30 21 21 21 30 21 12 21
38 21 21 42 12 34 12 45 45 38 36 33 33 45 30 36
21 21 49 21 36 32 36 31 32 42 32 32 49 31 31 42
31 31 31 31 42 23 41 42 34 42 21 49 48 21 21 21
49 40 49 42 20 51 20 36 36 48 36 32 40 20 35 23
15 15 15 15 15 40 23 12 40 50 40 35 32 48 37 37
48 20 48 13 35 23 35 37 37 48 48 42 40 33 20 32
13 27 14 14 27 14 18 27 14 22 26 26 26 14 46 14
26 26 26 26 13 13 13 13 33 13 27 14 46 33 22 37
37 15 37 23 19 19 30 19 30 30 30 40 30 50 30 30
