1 0 3 0 1 0 1 1 2 2 2 0 1 3 2 0
1 2 0 3 2 0 3 3 2 2 3 2 3 0 0 1
3 1 2 3 2 2 2 0 0 2 2 3 1 0 0 0
2 1 2 0 0 0 1 3 3 0 1 2 1 1 1 3
3 3 1 3 2 1 3 1 1 0 0 0 1 2 3 0
1 0 0 0 0 2 2 2 1 2 2 2 2 2 2 1
2 1 1 2 0 3 3 3 1 2 2 0 1 1 3 1
0 3 3 0 2 2 2 3 3 3 1 1 3 3 3 2
2 3 2 0 0 2 2 0 2 2 2 2 0 2 2 2
1 2 0 1 0 0 2 0 0 0 3 0 3 3 0 0
0 0 0 2 0 0 0 0 0 0 0 3 2 0 2 0
0 1 3 3 1 0 1 1 3 1 1 3 2 2 2 3
3 2 3 2 2 2 3 3 2 3 2 3 2 3 1 3
2 1 2 3 1 2 1 0 0 1 0 1 2 0 0 2
1 1 1 2 2 0 2 2 3 3 2 3 3 2 3 0
0 3 0 1 0 1 3 1 3 3 3 3 3 3 3 3
32 28 24 44 16 28 48 48 29 29 29 37 25 49 45 21
41 29 14 17 38 30 42 51 15 15 35 47 35 12 12 16
51 18 13 24 20 36 20 37 30 36 45 33 16 39 39 39
13 27 45 46 28 28 43 33 26 12 16 13 16 16 25 26
26 33 25 49 13 18 51 18 18 44 30 44 18 13 26 14
41 12 12 12 12 15 15 38 34 15 38 31 31 31 13 41
38 34 43 45 28 35 35 35 50 38 38 46 34 50 40 41
23 17 51 23 13 22 22 19 19 35 41 41 26 26 26 22
38 26 13 14 23 38 38 14 22 38 47 22 46 38 38 47
34 38 14 27 30 39 15 44 12 44 40 14 40 26 12 12
21 12 12 47 12 12 21 21 21 21 21 26 47 21 47 30
39 18 26 26 18 30 43 34 51 27 34 35 31 31 31 17
17 20 17 20 31 20 26 26 31 17 31 17 31 35 16 17
20 27 45 17 27 45 18 23 23 16 46 16 13 23 46 15
16 16 16 13 13 23 13 13 40 49 47 42 40 47 42 39
39 42 39 34 39 34 40 34 49 40 40 35 49 49 49 49
