1 0 3 0 1 0 1 1 2 2 2 0 1 3 2 3
2 1 0 1 2 3 3 2 3 3 1 2 1 0 2 1
0 1 1 1 1 3 2 2 2 3 2 1 2 0 2 2
2 3 3 3 0 0 0 1 1 0 1 1 1 1 2 1
3 1 0 3 3 0 0 0 1 1 0 2 2 1 0 3
2 3 0 1 3 0 1 2 1 2 2 2 0 0 1 3
2 3 0 0 0 0 0 0 2 3 3 0 3 2 1 2
2 0 3 0 0 1 0 0 1 1 0 2 3 0 1 0
0 0 3 2 1 2 1 3 3 3 2 3 0 1 3 2
2 0 3 2 2 0 0 0 0 3 2 3 3 0 2 1
2 3 0 2 0 0 1 1 0 3 3 3 3 2 2 0
1 1 3 3 3 3 3 3 3 1 2 3 1 1 1 2
3 0 0 2 0 2 1 0 0 3 0 3 3 3 2 2
2 1 3 3 3 3 1 0 3 1 1 0 0 1 0 3
0 3 0 1 3 3 1 1 0 0 0 0 1 2 0 3
0 0 0 0 0 0 2 2 2 2 2 2 2 2 3 2
32 28 24 44 16 28 48 48 29 29 29 37 25 49 45 51
45 41 21 25 29 51 51 13 33 42 34 45 34 30 45 34
30 18 34 34 50 26 13 13 13 26 36 43 36 12 36 15
15 42 42 42 44 30 30 50 18 30 18 18 43 16 20 50
40 50 39 19 19 39 39 30 43 50 30 22 22 34 39 49
36 51 39 43 33 46 16 38 34 31 31 31 46 46 43 19
38 35 12 12 12 12 12 12 13 17 17 21 33 45 27 22
36 14 40 21 37 16 21 28 16 16 37 13 42 28 43 28
39 39 40 29 43 22 43 33 33 33 29 33 46 25 33 29
29 30 26 29 29 23 23 23 30 51 13 51 19 39 31 18
15 33 39 15 37 30 27 27 46 33 19 19 19 15 31 30
27 27 24 19 24 24 24 24 40 27 22 35 25 16 16 22
42 14 46 13 46 22 50 46 46 17 46 17 35 35 22 22
22 16 35 42 42 42 18 37 42 16 16 37 37 18 37 24
37 24 37 18 35 42 18 18 39 30 39 39 18 47 30 26
14 14 14 14 14 14 47 47 47 47 47 47 31 13 19 29
