1 0 3 0 1 0 1 1 2 2 2 0 1 3 2 3
2 1 0 1 2 3 3 2 3 3 1 2 1 0 2 1
0 1 1 1 1 3 2 2 2 3 2 1 2 0 2 2
2 3 3 3 0 0 0 1 1 0 1 1 1 1 2 1
3 1 0 3 3 0 0 0 1 1 0 2 2 1 0 3
2 3 0 1 3 0 1 2 1 2 2 2 0 0 1 3
2 3 0 0 0 0 0 0 2 3 3 0 3 2 1 2
2 0 3 0 0 1 0 0 1 1 0 2 3 0 1 0
0 0 2 1 1 2 2 3 3 3 3 1 2 3 3 0
3 2 3 0 2 0 0 1 1 1 1 1 3 1 0 0
0 0 2 3 2 2 0 2 2 0 1 0 0 2 3 0
2 3 0 2 0 1 2 3 3 1 3 1 0 1 0 2
2 2 2 2 2 1 1 2 1 2 2 2 2 3 3 0
3 3 3 3 1 3 3 2 3 3 3 0 3 3 3 3
0 3 0 3 3 3 1 3 1 3 1 0 0 3 1 3
0 1 2 2 0 2 2 3 2 2 1 0 2 1 1 2
32 28 24 44 16 28 48 48 29 29 29 37 25 49 45 51
45 41 21 25 29 51 51 13 33 42 34 45 34 30 45 34
30 18 34 34 50 26 13 13 13 26 36 43 36 12 36 15
15 42 42 42 44 30 30 50 18 30 18 18 43 16 20 50
40 50 39 19 19 39 39 30 43 50 30 22 22 34 39 49
36 51 39 43 33 46 16 38 34 31 31 31 46 46 43 19
38 35 12 12 12 12 12 12 13 17 17 21 33 45 27 22
36 14 40 21 37 16 21 28 16 16 37 13 42 28 43 28
39 39 29 43 18 22 22 17 49 19 17 18 13 24 33 23
40 20 33 23 20 23 37 27 27 27 48 27 33 27 46 46
46 46 29 42 31 31 21 29 31 14 18 14 14 31 35 23
22 42 21 22 21 16 15 40 40 50 40 50 14 48 14 47
47 47 47 47 47 48 48 47 48 15 15 15 15 35 49 37
24 40 24 24 27 17 51 45 51 19 19 44 17 17 19 33
37 51 37 35 24 24 25 35 25 49 25 14 44 49 25 26
44 25 20 20 23 20 20 49 36 36 41 44 38 41 41 38
