1 0 3 0 1 0 1 1 2 2 2 0 1 3 2 3
2 1 0 1 2 3 3 2 3 3 1 2 1 0 1 1
2 0 2 2 2 1 2 1 1 3 2 1 1 3 3 2
1 3 3 3 0 0 2 0 0 0 3 1 1 1 2 1
2 2 2 3 3 3 3 3 2 3 2 1 2 3 2 3
2 3 0 0 3 0 0 0 3 3 0 3 3 0 1 1
2 2 0 0 0 0 0 2 2 0 0 1 2 0 2 1
2 2 0 1 1 1 0 0 0 0 2 0 3 2 2 2
0 0 0 0 0 2 0 0 3 0 0 2 3 2 3 0
2 0 0 0 0 0 0 2 2 2 0 2 2 3 3 3
3 3 0 3 0 0 0 3 1 1 1 1 2 1 2 1
2 2 2 3 1 0 0 1 3 1 1 3 0 0 3 2
1 0 2 3 3 2 2 1 3 3 0 0 0 2 2 2
0 3 3 0 3 2 3 3 3 3 3 3 3 3 3 3
0 2 2 2 0 0 0 3 1 0 1 3 3 3 2 0
2 3 0 0 0 2 0 0 0 0 0 3 3 2 2 2
32 28 24 44 16 28 48 48 29 29 29 37 25 49 45 51
45 41 21 25 29 51 51 13 33 42 34 45 34 30 34 27
45 30 13 13 45 34 45 50 18 26 36 18 50 26 42 22
18 42 42 42 30 30 38 14 30 30 42 50 43 16 36 50
36 36 36 19 19 42 49 40 13 17 31 34 22 33 31 33
31 33 39 46 33 46 37 37 17 17 37 17 17 12 43 41
38 38 12 21 12 21 12 20 20 12 12 16 38 12 20 16
20 15 21 34 16 34 21 23 21 30 31 21 51 31 31 31
21 12 12 21 30 31 21 21 26 21 30 31 49 31 40 12
31 30 21 12 30 30 30 31 31 31 30 20 38 26 26 26
26 26 12 26 12 12 21 35 16 34 34 16 36 34 38 34
15 38 15 51 18 46 23 34 51 50 34 35 14 14 17 38
34 14 36 35 35 13 13 41 17 17 37 14 23 38 38 38
39 40 49 39 49 22 40 49 40 40 49 49 40 40 49 35
37 22 22 22 37 23 23 35 41 37 41 42 42 35 47 23
47 42 14 23 39 15 14 14 23 46 39 51 51 47 47 47
