1 0 3 0 1 0 1 1 2 2 2 0 1 3 2 3
2 1 0 1 3 1 3 2 3 3 1 0 2 3 3 3
0 1 1 2 2 3 1 3 3 3 1 2 0 0 2 2
0 0 0 0 2 2 0 3 3 3 3 0 0 0 0 0
0 0 0 2 1 0 0 2 2 2 2 0 0 3 1 3
2 2 0 2 1 3 3 3 3 2 0 3 1 1 3 1
3 3 3 0 3 3 3 3 3 3 3 0 3 0 2 1
2 2 3 0 2 1 2 0 3 3 2 3 3 2 1 2
2 0 3 0 2 0 0 3 0 1 0 2 0 2 1 2
2 2 2 0 2 0 1 2 3 1 2 3 2 3 3 0
3 3 3 3 3 3 0 0 0 0 2 1 2 0 2 0
0 0 0 0 0 0 1 0 0 3 1 1 2 1 2 0
3 1 0 3 3 3 3 3 3 3 3 2 2 2 3 3
2 2 2 2 1 2 1 1 2 2 1 2 2 2 2 2
3 2 2 2 2 0 2 2 3 3 0 3 2 2 3 0
3 1 3 2 3 2 2 2 0 3 0 3 3 0 0 3
32 28 24 44 16 28 48 48 29 29 29 37 25 49 45 51
45 41 21 25 51 41 51 13 33 42 34 37 36 33 35 35
39 18 43 29 45 17 43 19 19 33 16 47 23 44 47 15
37 37 37 39 15 13 39 35 35 35 35 44 44 30 30 12
14 12 12 20 34 12 12 15 20 20 36 12 12 40 48 40
13 13 28 13 16 26 49 51 26 13 28 24 25 27 33 41
26 26 42 46 33 26 42 42 42 26 33 46 33 14 47 50
22 22 51 28 22 34 22 37 49 19 38 19 19 38 34 15
38 30 35 39 22 39 39 35 12 18 30 13 12 13 41 13
31 13 13 12 13 12 41 31 26 18 31 17 31 17 17 37
17 17 17 17 26 26 21 23 23 23 38 16 38 21 38 12
21 12 12 21 21 21 16 21 46 24 34 34 15 16 38 23
51 34 30 51 26 51 26 26 51 51 51 47 31 15 51 35
31 31 45 38 27 13 18 27 45 22 41 38 47 47 47 20
26 20 20 20 20 23 20 20 35 35 46 42 15 47 42 23
35 16 35 45 19 15 47 47 23 40 39 40 49 39 39 49
