1 0 3 0 1 0 1 1 2 2 2 0 1 3 2 3
2 1 0 1 3 1 3 2 3 3 1 0 2 3 3 3
0 1 1 2 2 3 1 3 3 3 1 2 0 0 2 2
0 0 0 0 2 2 0 3 3 3 3 0 0 0 0 0
0 0 0 2 1 0 0 2 2 2 2 0 0 3 1 3
2 2 0 2 1 3 3 3 3 2 0 3 1 1 3 1
3 3 3 0 3 3 3 3 3 3 3 0 3 0 2 1
2 2 3 0 2 1 2 0 3 3 2 3 3 2 1 2
2 0 3 0 2 0 0 2 3 2 1 1 3 1 1 1
3 0 1 0 0 2 0 0 0 0 1 1 1 1 1 2
2 1 1 2 2 2 1 2 2 3 1 1 1 1 2 2
1 0 1 0 1 2 2 3 0 2 2 0 1 1 1 0
2 2 0 2 0 0 0 0 0 3 3 0 0 3 3 3
3 1 3 3 3 0 1 1 3 1 3 0 2 2 0 3
3 1 2 2 0 0 2 3 3 3 0 0 0 2 2 1
1 0 2 2 2 1 3 2 1 1 1 0 1 1 1 1
32 28 24 44 16 28 48 48 29 29 29 37 25 49 45 51
45 41 21 25 51 41 51 13 33 42 34 37 36 33 35 35
39 18 43 29 45 17 43 19 19 33 16 47 23 44 47 15
37 37 37 39 15 13 39 35 35 35 35 44 44 30 30 12
14 12 12 20 34 12 12 15 20 20 36 12 12 40 48 40
13 13 28 13 16 26 49 51 26 13 28 24 25 27 33 41
26 26 42 46 33 26 42 42 42 26 33 46 33 14 47 50
22 22 51 28 22 34 22 37 49 19 38 19 19 38 34 15
38 30 35 39 22 39 39 38 26 38 48 48 49 48 48 32
40 30 34 21 21 36 21 21 21 21 32 32 32 32 50 36
31 50 16 36 31 31 27 31 31 49 27 27 27 27 31 31
27 28 16 28 18 47 47 17 14 38 15 39 34 34 43 23
22 22 30 13 46 30 46 46 30 24 24 46 46 24 24 24
51 50 51 42 19 23 50 50 42 50 49 23 15 15 23 40
40 16 20 38 23 23 20 19 40 49 14 14 14 47 36 18
18 14 20 36 20 18 40 47 43 18 18 44 43 43 25 43
