1 0 3 0 1 0 1 1 2 2 2 0 1 3 2 3
2 1 0 1 2 3 3 2 3 3 1 2 1 0 1 1
2 0 2 2 2 1 2 1 1 3 2 1 1 3 3 2
1 3 3 3 0 0 2 0 0 0 3 1 1 1 2 1
2 2 2 3 3 3 3 3 2 3 2 1 2 3 2 3
2 3 0 0 3 0 0 0 3 3 0 3 3 0 1 1
2 2 0 0 0 0 0 2 2 0 0 1 2 0 2 1
2 2 0 1 1 1 0 0 0 0 2 0 3 2 2 2
3 3 3 2 3 3 3 2 3 3 3 2 3 2 3 0
3 2 3 3 2 0 2 2 3 3 3 2 2 0 3 0
0 0 0 3 0 0 1 3 3 0 3 3 0 0 3 0
2 1 1 1 1 2 2 1 3 2 3 3 2 1 2 2
1 1 2 2 2 2 0 0 0 3 1 0 2 1 0 0
1 3 0 1 3 3 3 0 0 2 0 3 1 1 1 1
1 2 1 1 1 1 1 1 1 1 1 1 3 3 2 1
1 3 3 3 2 0 1 3 3 2 1 0 0 1 3 2
32 28 24 44 16 28 48 48 29 29 29 37 25 49 45 51
45 41 21 25 29 51 51 13 33 42 34 45 34 30 34 27
45 30 13 13 45 34 45 50 18 26 36 18 50 26 42 22
18 42 42 42 30 30 38 14 30 30 42 50 43 16 36 50
36 36 36 19 19 42 49 40 13 17 31 34 22 33 31 33
31 33 39 46 33 46 37 37 17 17 37 17 17 12 43 41
38 38 12 21 12 21 12 20 20 12 12 16 38 12 20 16
20 15 21 34 16 34 21 23 21 30 31 21 51 31 31 31
40 51 40 20 51 51 40 15 26 26 26 15 49 15 26 23
40 20 26 49 15 39 15 15 49 49 35 20 38 39 35 23
39 14 39 49 46 23 27 35 35 23 40 40 14 23 35 23
22 48 48 48 48 22 22 48 35 47 19 35 38 27 38 36
27 27 22 13 22 13 37 37 37 17 25 14 45 25 14 14
41 17 14 41 19 19 24 39 39 29 46 19 32 32 32 32
32 13 32 18 41 41 50 18 18 41 16 16 24 24 29 18
50 24 24 24 29 46 27 33 33 36 27 28 28 50 19 47
