5 5 5 1 5 5 2 2 7 5 5 1 1 3 4 2
3 1 2 1 3 6 0 5 3 6 3 3 4 4 3 5
3 5 3 6 4 4 6 4 2 2 5 2 5 1 3 3
4 1 5 6 4 1 3 3 3 6 3 4 4 5 6 4
2 4 4 7 7 7 2 7 5 2 6 2 2 4 1 7
6 6 4 5 0 5 0 6 2 2 2 2 5 7 2 5
6 6 7 7 2 3 2 6 5 2 2 5 3 2 2 3
2 2 3 3 5 3 6 5 7 7 3 7 7 7 6 7
6 6 6 2 6 4 6 6 6 6 3 6 3 3 3 3
3 3 3 3 3 1 1 1 0 1 1 3 1 3 1 1
1 1 3 4 1 3 4 7 3 3 3 4 4 3 3 3
3 4 3 7 3 4 3 3 5 6 1 4 7 4 3 4
3 3 4 7 7 3 6 4 7 4 7 2 7 7 1 3
1 4 4 0 2 4 7 1 3 2 2 3 3 7 7 7
3 3 7 1 4 2 7 3 7 7 3 2 2 3 4 3
3 4 3 3 0 4 3 3 4 4 3 0 1 7 4 3
39 39 39 35 19 7 36 58 63 61 29 55 35 47 28 26
5 55 4 55 47 42 54 51 27 62 27 27 60 28 27 61
27 29 27 30 60 60 30 28 26 26 61 26 29 35 59 59
60 35 29 62 60 35 59 59 59 62 59 60 38 39 30 38
36 38 38 43 43 43 36 43 39 36 30 36 36 38 35 43
30 30 38 51 34 61 34 62 58 58 58 58 61 63 58 61
62 62 63 63 26 47 26 42 29 46 46 29 47 46 46 37
46 46 37 37 19 37 42 51 21 21 37 21 21 21 42 21
30 30 30 26 30 60 30 30 30 30 27 30 27 27 27 27
27 27 27 27 27 35 35 35 12 35 35 27 35 59 35 35
35 35 59 60 35 59 60 21 59 59 59 60 60 59 59 59
47 60 47 21 59 60 59 59 19 62 55 50 21 60 59 60
47 59 60 21 21 59 62 50 21 50 21 58 21 21 35 47
35 60 60 22 58 50 21 35 47 58 58 47 47 21 21 21
47 27 21 35 60 58 21 59 21 21 47 58 58 47 50 47
47 50 47 47 22 50 47 47 50 28 47 22 35 21 50 47
