5 5 5 1 5 5 2 2 7 5 5 1 1 3 4 2
0 3 3 0 0 0 4 7 1 7 1 5 2 2 2 2
7 2 2 7 0 0 3 3 3 7 5 3 7 3 3 3
5 5 6 5 5 5 1 7 7 7 7 7 5 5 4 5
1 4 7 3 0 7 7 3 6 6 3 3 0 0 0 6
0 6 6 5 1 2 1 6 2 5 5 2 1 4 1 2
2 2 2 7 1 7 7 7 6 5 7 7 2 4 2 3
7 2 7 0 2 7 5 0 0 6 6 6 7 7 7 7
5 1 7 5 5 1 7 2 5 5 1 7 2 5 1 5
2 7 2 1 7 7 5 5 5 5 5 5 5 5 5 5
5 5 5 5 5 2 5 5 5 6 5 5 6 5 6 5
5 5 5 5 6 5 5 5 5 5 1 5 5 5 5 6
5 5 6 5 6 5 5 5 6 6 6 5 5 5 5 5
6 5 6 0 5 5 6 6 6 6 5 6 5 6 5 6
5 5 5 0 5 5 5 5 7 7 5 6 5 5 5 5
5 5 6 5 6 5 5 5 4 5 5 5 6 5 6 5
39 39 39 35 19 7 36 58 63 61 29 55 35 47 28 46
34 5 5 2 2 2 18 43 55 43 55 39 4 4 4 4
53 4 4 53 54 54 5 15 15 43 19 15 11 15 15 15
19 19 20 51 51 51 23 11 11 11 11 11 19 19 18 29
23 18 43 47 44 43 43 47 62 62 47 47 22 22 44 62
44 62 62 51 23 14 23 62 14 51 51 58 23 18 23 58
14 58 58 53 55 53 53 63 52 61 53 63 14 50 14 47
63 58 63 12 14 63 7 22 22 10 10 10 21 21 21 21
51 23 21 51 51 23 21 46 51 51 55 21 46 51 55 51
46 21 46 55 21 21 51 51 51 51 51 51 51 51 51 51
51 51 51 51 51 58 19 51 51 20 19 19 20 51 20 19
51 19 51 51 20 51 51 51 19 19 55 51 51 51 51 20
19 19 20 51 20 19 19 19 20 20 20 19 51 19 51 51
20 51 20 22 51 51 20 20 20 20 51 20 51 20 51 20
51 51 51 22 51 19 51 51 21 21 51 20 51 51 51 19
51 51 20 19 20 51 51 19 18 51 51 19 20 51 20 51
