5 5 5 1 5 5 2 2 7 5 5 1 1 3 4 3
6 4 1 7 3 4 4 4 4 4 4 4 4 1 0 0
0 1 1 1 2 2 2 0 2 5 5 3 1 1 3 3
3 4 0 6 4 1 0 0 1 1 0 2 0 0 1 3
3 1 2 1 1 5 6 0 0 0 0 4 0 6 4 5
5 6 5 1 5 5 2 0 0 4 0 2 4 4 2 3
3 3 3 3 3 6 7 6 3 7 7 3 3 3 3 3
3 3 0 0 0 4 4 4 0 1 7 0 6 1 6 6
6 4 4 4 4 4 4 4 4 4 4 4 4 4 1 4
4 4 4 4 4 4 4 4 4 4 4 4 4 4 4 1
4 4 4 4 4 4 4 4 4 4 1 4 4 4 4 4
0 4 1 4 4 4 4 4 4 4 1 4 6 4 1 4
4 6 1 4 4 3 1 4 4 4 6 6 1 1 4 4
4 1 1 4 4 4 4 1 4 1 6 4 4 6 6 1
6 4 4 1 4 4 4 3 4 4 4 0 4 4 4 6
6 4 4 1 4 4 1 4 4 4 6 6 7 1 4 6
39 39 39 35 19 7 36 58 63 61 29 55 35 47 38 59
42 28 13 63 59 38 28 50 50 50 50 50 50 55 54 22
54 23 23 23 4 4 4 2 58 7 7 15 55 55 15 15
15 60 2 62 60 35 2 2 45 45 2 4 44 2 45 5
5 45 14 23 23 51 10 22 22 22 22 18 22 10 18 19
19 30 19 23 19 19 4 44 44 18 44 58 60 18 58 27
27 27 27 27 27 10 53 10 15 43 43 59 37 37 37 37
37 37 44 44 34 6 6 6 34 55 63 34 52 45 52 52
52 50 50 50 50 50 50 50 50 50 50 50 50 50 55 50
50 50 50 50 50 50 50 50 50 50 50 50 50 50 50 55
50 50 50 50 50 50 50 50 50 50 55 50 50 50 50 50
54 50 55 50 50 50 50 50 50 50 55 50 52 50 55 50
50 52 55 50 50 59 55 50 50 50 52 52 55 55 50 50
50 55 55 50 50 50 50 55 50 55 52 50 50 52 52 55
52 50 50 55 50 50 50 59 50 50 50 54 50 50 50 52
52 50 50 55 50 50 55 60 50 50 52 52 53 55 50 52
