19686 19740 2983 3056 69389 58405 23204 286 225 -nan 17253 
16811 16887 7655 7701 66604 57893.6 23146 187 13 108 17275 
10103 10197 6635 6721 70564 53322 23224 229 24 -nan 18774 
15488 15506 4851 4941 68887 53058 23224 227 7 -nan 18032 
15684 15692 9120 9126 64229 52991 23407 158 0 107 16583 
10453 10454 3941 4041 69989 53047 23407 143 0 107 18295 
10228 10250 5291 5374 67550 53151 23407 155 0 108 17497 
14155 14162 1681 1752 63504 54980.6 19617.3 190 6 102 15862 
10861 10921 4827 4853 77235.4 63853 23146 278 255 165 18126 
11854 11860 4001 4060 66873 53454 23216 167 41 -nan 17144 
10463 10515 9976 9977 87220 74630 23224 162 8 -nan 16976 
14500 14534 5330 5430 68405 52884 23224 145 10 -nan 17829 
18128 18213 1978 1980 70170 57838.2 20487.3 208 36 110 17715 
13103 13142 6471 6517 61497 53099.5 18924.5 181 9 104 15281 
18308 18397 3319 3407 69377 53203 23407 159.257 6 106 18154 
12427 12463 5471 5546 61339.6 52566 23138 143 9 110 16602 
13949 13992 2341 2364 91883 69644.7 24890.6 208 55 113 24128 
12165 12264 6371 6459 76586 55304 23399 168.131 74 112 20207 
16443 16540 2153 2250 65403 53369 23399 90.4083 10 109 17038 
12432 12503 5502 5535 65710 53059 23407 85.4714 4 108 16989 
15560 15635 7326 7333 60508 52996 23407 83.4321 5 107 15429 
14320 14354 5735 5803 84713 76531.6 23146 300 278 170 17926 
16546 16609 2409 2503 60442 54153.3 23138 243 3 113 15456 
12327 12410 4536 4631 64199 56459.6 23146 256 10 108 16525 
13009 13016 926 927 61258.1 53967 23146 174 56 118 16269 
10465 10536 3899 3912 73842 53462 23407 99.5956 49 114 19351 
14311 14340 4412 4481 64896 53126 23407 88.6851 8 106 16811 
17537 17586 9863 9865 85204 75098.6 19301.7 324 288 167 17635 
17075 17124 778 834 64952 55988 23224 159 54 -nan 15897 
15217 15304 9358 9420 65372 53180 23224 164 12 -nan 16892 
14327 14411 2517 2610 71954 60609.8 23146 198 7 109 18866 
11353 11421 6169 6190 72534 53088 23407 100.906 5 109 18987 
19721 19791 6314 6378 64883 53065 23407 88.5914 8 108 16712 
15326 15367 8908 8979 80163.6 66970 23146 267 241 165 17997 
16162 16261 6777 6777 62571 53617 23407 177 0 119 15990 
12799 12872 7340 7347 73100 59290.7 20826.1 206 51 111 18594 
13554 13604 6379 6445 62777 55329.2 23138 194 10 115 16140 
19912 19950 9451 9453 74516 62232.1 23146 189 8 109 19580 
15914 16011 9453 9474 87575 70090 23399 178.668 258 167 18495 
18386 18485 8348 8373 62383 53409 23407 181.381 22 115 16223 
19264 19281 3835 3898 61929 53228 23407 176.346 7 107 15706 
13658 13755 7144 7236 89061 78248.3 23138 326 255 176 17666 
14421 14440 5384 5419 59792.1 53267 23146 151 44 116 15635 
15438 15457 6872 6878 88776 75514.1 23146 325 255 171 17646 
19031 19046 5796 5843 60982 54298.3 23146 255 19 111 15622 
14311 14388 9341 9408 62338 55187.1 23146 252 14 109 15929 
12375 12389 8745 8782 67422 54129 23407 164 0 120 17509 
15912 15948 6821 6840 65682 53198 23224 158 28 -nan 17439 
18211 18246 3997 4014 70480 52960 23224 145 16 -nan 18471 
18885 18948 6106 6187 70092.1 53179 23146 156 52 126 20512 
18474 18547 4743 4751 62014 52797 23146 141 5 107 16869 
14795 14834 4199 4273 69663 58526.9 23146 212 53 119 17903 
13654 13701 7745 7802 98272 53569 23224 179 58 -nan 26378 
14118 14128 1379 1477 61266 52946 23224 152 6 -nan 15669 
18058 18066 4228 4245 63442 52655 23224 147 7 -nan 16406 
15324 15326 8083 8110 85343 73620.8 19555.9 295 236 170 17170 
13678 13680 2530 2628 67001 56670.7 20221 191 11 100 16766 
17913 17944 5758 5836 65804 54737 23407 81.9488 40 116 16535 
16054 16064 500 567 71802 53118 23407 103.008 4 111 18715 
18680 18755 265 300 86355 70037 23407 191.534 278 173 17566 
14473 14494 6306 6386 62181 54116.2 19210.9 187 4 106 15512 
18727 18733 8215 8257 71639 59566.6 21357.7 195 8 108 18260 
17007 17034 3628 3695 69696 59400.9 23146 187 16 113 18201 
17703 17763 6851 6940 65180.2 53096 23146 173 46 114 18399 
18343 18423 7719 7801 61712.6 52696 23146 145 13 109 16820 
15407 15412 4367 4387 65109 55530.4 19748.5 194 12 111 16409 
19500 19584 6101 6123 63074 54766.5 19485.6 183 5 102 15813 
19399 19430 9474 9525 63441 54928.9 19561.4 182 3 100 15841 
11073 11083 3725 3777 66320 53361 23224 162 44 -nan 16787 
12871 12906 8360 8434 70703 53652 23407 91.8281 40 128 18375 
13501 13576 6355 6396 60347 53983.7 23146 190 7 107 15325 
11841 11913 4082 4087 74519 62086.1 23146 178 5 108 19505 
14966 15045 4362 4428 61345 52820 23224 148 7 -nan 15762 
19925 19983 6593 6615 67304 53192 23224 231 7 -nan 17446 
16695 16787 9665 9693 107499 96272 27771 441 383 -nan 16560 
16316 16326 6995 7072 63175 53078 23224 162 29 -nan 17553 
19634 19651 5791 5825 68488 53174 23407 168 0 107 17531 
13692 13785 5674 5756 68267 53275 23407 145 0 106 17687 
10985 11009 5707 5727 84869 53191 23407 151 0 105 22437 
19512 19590 585 656 62083 53342 23407 149 0 104 15945 
17071 17095 9528 9596 69426 53114 23407 155 0 104 17900 
16371 16391 7217 7279 65782 53173 23407 141 0 107 16927 
12260 12299 9778 9834 90810 67087 23224 281 262 -nan 20026 
13364 13366 8832 8861 69001 57324.1 20356.6 215 53 124 17601 
19492 19556 8312 8340 63330 55347.6 23146 180 17 115 16606 
17736 17763 6090 6115 85896 69603 23224 290 311 -nan 18265 
12227 12260 2374 2449 66493.4 52656 23146 152 8 108 19129 
17843 17916 4528 4612 61669.3 52494 23146 143 10 105 16854 
12747 12819 1595 1595 87116 67999 23146 187 12 107 23174 
17797 17897 7569 7663 63728 56146.9 23146 181 9 106 16377 
14881 14887 9457 9470 66265.3 52953 23146 155 11 109 19072 
17069 17086 2000 2052 75066 54090 23224 151 41 -nan 19430 
16265 16303 3561 3591 82135 53240 23399 168 0 116 21840 
13588 13621 4510 4600 65249 53186 23146 154 41 125 19029 
12456 12536 5103 5177 71768 53652 23407 96.1237 47 122 18634 
14411 14472 8174 8262 68286 53740 23407 92.8447 8 111 17894 
13198 13291 3203 3230 73066 53640 23407 98.0279 44 131 19000 
12481 12546 1034 1109 60878 53766 23407 87.2898 6 111 15752 
18521 18527 4564 4630 63912 54736.2 19387.6 188 11 108 15979 
16669 16728 1559 1638 59290 53183 23407 223 0 109 15331 
10237 10274 5085 5122 61122 53203 23399 148 0 113 15719 
19796 19839 8114 8185 65351 53238 23399 158 0 103 16943 
15290 15338 199 217 67493 57034.9 23146 214 49 116 17562 
11177 11184 9526 9599 67650 57952.5 23146 183 8 109 17523 
15920 15926 6077 6135 89942 68192.8 24255.2 198 54 111 23671 
17418 17480 7807 7820 84073 69311 23224 292 295 -nan 17888 
16201 16222 9009 9018 94259 70652.3 25268.9 210 49 110 24768 
11348 11425 9167 9216 62131 53914 19078.5 178 4 102 15441 
12945 13010 5333 5426 61769 53989.4 19147.1 182 5 102 15409 
10691 10756 6339 6428 69403 58313.1 20864.5 189 6 100 17633 
19697 19727 6014 6060 73753 52941 23224 155 9 -nan 19415 
19508 19509 1843 1860 64282 53744 23407 84.5575 43 124 16410 
12458 12467 4211 4231 63195 53309 23407 85.9687 4 112 16280 
11297 11322 9560 9579 69204 53036 23407 93.243 5 109 18064 
14755 14839 6291 6362 66756 53044 23407 79.5525 7 105 17333 
16630 16674 3266 3323 83502.1 65648 23146 188 111 120 18479 
16603 16687 8109 8149 85866 73550.2 23146 325 267 172 17553 
17531 17542 9708 9774 72508 60424.5 23146 214 58 119 18826 
15303 15364 4047 4069 86334 74951.6 23146 324 265 176 17429 
16318 16348 611 709 62635 55286.9 23138 267 28 123 16306 
12221 12222 3059 3125 67398 58317.6 23146 256 7 110 17421 
16565 16601 2208 2269 64244 56130.6 23138 210 53 119 16800 
16033 16110 8075 8082 62880 53842 23216 150 32 -nan 15912 
19435 19449 3606 3669 60106 54040 23146 161 35 117 15737 
17574 17649 8036 8116 62345.3 52584 23146 151 9 105 16939 
16917 16946 962 1008 77516 53028 23407 105.848 15 111 20517 
19288 19323 3769 3770 62790 53014 23399 86.4698 4 110 16076 
13911 14011 1003 1100 82204 53111 23407 98.6774 10 108 21859 
14009 14085 1319 1364 65345 55449.6 19646.1 192 13 107 16545 
10384 10403 5037 5086 106823 92936 23407 171.77 119 121 16732 
16835 16887 5259 5265 82804 73718.9 23146 312 237 168 18331 
14097 14118 9028 9118 61318 54878.9 23138 254 5 110 15639 
18253 18323 6934 7033 74342 57446 23212 186 260 -nan 18089 
17073 17113 1948 1994 60178 53159 23224 161 12 -nan 15755 
19217 19279 1250 1291 64409 52865 23224 146 6 -nan 16607 
12003 12005 6996 7035 65128 52998 23224 153 9 -nan 16807 
16943 17029 8191 8257 65477 52926 23224 143 7 -nan 16919 
13995 14078 6122 6207 65959 53491 23407 172 0 110 16935 
15291 15291 9486 9486 63456 54541.1 19365.1 192 9 113 15871 
11466 11537 8240 8283 74867 62354.3 23146 204 13 113 19642 
17625 17687 8658 8745 84015 68041 23407 194.008 312 171 18581 
16185 16227 6280 6291 79695 63971 23407 281 96.7086 168 17452 
10606 10632 2305 2342 64868 54171 23407 221 12.8337 116 17027 
15402 15487 7632 7678 65083 53135 23407 218 0 108 16724 
17853 17881 6674 6680 65244 53730 23407 142.794 53 124 16606 
16150 16175 541 556 62694 53013 23407 78.8953 6 108 16069 
16269 16356 6300 6393 61485 53052 23407 81.4037 5 107 15698 
14907 14961 7271 7299 75091 60446.2 21489.1 199 49 112 19347 
10267 10364 1733 1804 87422 70816 23212 273 249 -nan 18234 
11230 11289 9456 9469 61648 53705.8 19014.5 206 10 108 15339 
13787 13816 8098 8155 75951 62079.8 23146 211 52 112 19777 
13229 13282 2237 2313 62867 55508.2 23146 179 6 109 16158 
18052 18061 5185 5192 81456 66808 23224 274 241 -nan 17719 
13979 14013 1967 1979 68373.7 53879 23146 157 62 120 19330 
13856 13923 6016 6046 89749.2 52733 23146 154 9 107 30103 
11883 11933 6191 6269 64189.1 52621 23138 145 5 108 18064 
10452 10505 6872 6929 65224.2 52516 23146 147 5 107 18429 
16220 16259 3960 3982 63784 54215 23146 150 9 109 17313 
10340 10402 6897 6927 88186 79567.4 23146 308 242 169 17332 
14671 14691 2250 2286 63036 55252.2 23146 256 19 113 16036 
16135 16193 4402 4480 77787 63161.7 23146 217 62 118 20428 
10265 10350 1081 1081 66267 57334.1 23146 188 13 108 17118 
15023 15118 8229 8319 67311 56343.7 19797.4 198 37 113 16548 
12587 12601 2514 2607 64516 53041 23224 149 7 -nan 16604 
18681 18762 7600 7644 60923 52668 23224 140 7 -nan 15692 
12854 12887 1979 2040 63290 52875 23224 152 10 -nan 16212 
14256 14349 8901 8907 62896 53330 23407 86.4357 5 112 15947 
19241 19318 4296 4320 63414 52838 23224 157 5 -nan 16375 
14647 14708 8505 8577 61135.8 54368 23138 161 67 131 16550 
11498 11572 7612 7700 67047 52658 23146 152 6 110 19388 
13763 13843 1292 1353 81094 53374 23399 106.8 41 124 21463 
19954 19961 2113 2157 60285 53043 23407 79.7314 5 110 15390 
19403 19428 779 873 68854 53041 23407 161 0 107 17879 
16183 16277 6603 6659 63770 53638 23407 151 0 105 16284 
13018 13101 4665 4676 61993 53807.9 19024.3 186 8 104 15382 
16386 16395 5876 5938 74039 59286 23407 207.06 249 166 17714 
17318 17353 8020 8102 70088 53303 23407 192.933 18 111 18187 
16111 16128 3632 3652 67376 58017.8 23138 213 61 117 17590 
19853 19872 6717 6817 70052.1 53953 23146 163 64 114 20602 
18094 18131 5432 5516 71417.5 58430 23146 189 202 169 18095 
14227 14258 2176 2214 60804 52901 23216 142 9 -nan 15541 
15808 15846 2 98 64982 53349 23407 221 0 105 16992 
13361 13394 1886 1892 63640 53028 23407 221 0 105 16254 
10704 10742 3163 3203 70357 53046 23224 164 29 -nan 18433 
17681 17752 4643 4729 64381 53201 23216 154 17 -nan 16379 
15794 15876 7147 7239 67957 56678.9 19983.9 199 55 116 17267 
16370 16380 9982 10075 67726 53183 23407 153 0 109 17541 
11204 11243 4829 4845 67699 53117 23407 154 0 104 17566 
11659 11703 6172 6212 80800 53198 23407 101.413 8 108 21437 
