14427 14441 11247 11279 67662 57126.6 23146 200 36 122 16864 
12982 13069 10593 10607 83303 67550 23224 273 254 -nan 18503 
10980 11037 16375 16446 2.4133e+06 62094 156603 3429 0 610 709104 
17444 17536 16316 16413 76828 53265 23407 169 0 107 20214 
10850 10888 15448 15534 1.37528e+06 53416 128506 2241 0 438 403031 
11872 11904 10167 10190 67061 52988 23407 147 0 106 17414 
13547 13638 14432 14460 163206 107157 39404.5 933 548 322 45058 
15635 15655 12015 12078 69464 57677.7 20644.7 194 12 107 17610 
15916 15918 17385 17436 347031 213365 80650.2 904 384 292 99503 
13873 13967 13908 13950 69910 58497 20969.1 184 5 107 17821 
15057 15113 17032 17080 284226 53183 66032 1195 821 341 124023 
11053 11069 19712 19772 4.8331e+06 53611 293263 6760 6365 -nan 1.42264e+06 
19397 19490 14235 14240 71053 60923.6 23146 209 70 115 18177 
12816 12832 10353 10375 81971.3 65789 23146 274 245 170 17942 
15434 15513 15415 15509 60734.7 52842 23146 225 13 115 16254 
17293 17322 10037 10048 61403.4 52988 23146 172 44 116 16454 
13304 13319 17771 17771 1.46986e+06 53823 103156 1630.24 2155 435 431198 
19378 19424 10524 10624 61479.9 53356 23146 143 8 105 16130 
12138 12202 18639 18734 1.94651e+06 73047 193087 4472 3995 665 912079 
16140 16148 16496 16564 83616 52785 43898 531 49 253 27324 
17765 17839 12894 12936 59637.3 52537 23146 144 13 109 15804 
13963 14012 17750 17754 1.13424e+06 53371 94963 1202.86 1605 388 332053 
15646 15714 13252 13258 62246 53099 23407 85.3454 6 109 15798 
19101 19168 12257 12294 66115 56251.9 20088.1 212 46 111 16727 
14569 14619 14827 14893 149604 101646 46418 761 422 309 41299 
11057 11110 14827 14868 983110 581174 97532 1871 1289 459 287261 
11452 11472 18371 18471 723654 444941 192968 4405 4290 720 207611 
16937 16951 15174 15181 59980.9 54894 23146 150 44 116 15475 
18528 18587 16991 17003 73406 53580 23407 94.0253 43 114 18845 
19682 19702 10848 10895 88685 53186 23407 104.579 9 108 23742 
13761 13821 12127 12148 61867 53145 23407 85.2884 6 107 15838 
18672 18692 18363 18381 65538 53140 23399 92.5249 5 106 16777 
16127 16161 19686 19699 942523 53378 108436 922.08 1806 484 275577 
13721 13810 11210 11249 64600 55612.6 23146 200 68 132 16200 
19235 19288 18007 18106 69986 55388 23224 168 80 -nan 18220 
13929 14009 11582 11649 67856 52885 23224 151 7 -nan 17719 
15747 15795 16479 16570 176896 56160 49865 820 461 -nan 49918 
13747 13809 12167 12177 66178 55464.3 19586.2 205 51 113 16551 
18868 18902 12433 12449 67561 53202 23399 197.148 7 108 17416 
16857 16949 15439 15465 64887 53725 23407 84.8313 57 119 16403 
14877 14938 10928 10986 71798 53268 23407 95.6036 11 110 18704 
10705 10764 12377 12433 345409 53194 68723 1194 0 373 99459 
17297 17330 19900 19920 396573 76427 92041 2053 1960 -nan 108472 
10136 10153 16567 16632 3.19187e+06 1.71679e+06 658793 4296 3885 616 938099 
17853 17894 18269 18337 145752 54898 43698 276.266 128 255 40562 
12876 12887 18542 18567 2.44624e+06 53461 151516 2526.09 1720 462 718872 
15787 15834 11450 11545 64687 52975 23224 153 8 -nan 16724 
18785 18868 17583 17676 63446 54478 23224 164 59 -nan 15971 
15237 15252 16558 16603 224774 141946 52745.8 1008 653 325 63310 
13923 13998 17969 18062 1.06256e+06 594593 226954 2839 2721 526 309924 
15161 15161 11109 11113 62343 54261.6 19237.9 195 22 112 15525 
16567 16577 13902 13977 62755 54511.7 19318.9 188 9 101 15549 
13605 13606 14573 14585 162014 110181 40876.1 767 220 338 44959 
16787 16800 13138 13139 74401 61246.8 22012.2 189 17 103 19308 
13430 13454 14403 14475 274333 173126 65206.9 736 103 272 78103 
12012 12104 14678 14685 798779 467040 178935 1549 928 377 232730 
12032 12043 16492 16576 1.31783e+06 757753 291026 2445 1392 476 385449 
13383 13465 10312 10398 66750 53373 23407 88.3645 47 113 17258 
14047 14057 18193 18216 1.44762e+06 823088 259583 2405 2348 447 420708 
18847 18917 18716 18785 74835 61248.5 21866.2 199 11 109 19432 
13373 13386 15656 15726 400999 244341 92682 1085 359 350 115456 
11992 12017 16871 16945 1.74239e+06 1.10633e+06 307673 3692 3584 699 510416 
19636 19684 18620 18676 70569 58601 23138 206 42 123 18285 
13936 13970 15574 15635 225055 66529 66848 486.951 1347 428 60345 
18939 18976 10082 10139 70960 53357 23407 95.4666 15 124 18621 
18011 18101 16266 16345 66459 55508.2 19673.1 207 44 116 16738 
13900 13974 14721 14807 222417 143321 53883.1 942 529 359 62868 
10236 10239 17694 17728 3.79883e+06 102594 227328 5532 4911 714.064 1.12291e+06 
18112 18134 17182 17278 79273 53146 23407 103.159 8 108 20820 
10808 10869 18243 18267 4.24001e+06 80709.5 225603 5324 4837 680 1.26406e+06 
19975 19976 16333 16359 65780 56187.2 23146 208 15 112 16787 
13511 13538 12279 12355 69161 59120.7 23146 186 4 107 17988 
14232 14321 19381 19383 1.89386e+06 1.08957e+06 128224 2567 1410 445 555969 
17077 17152 12291 12385 65450 57213.1 23146 193 9 107 16843 
10579 10652 14786 14856 695274 443015 122446 2550 2517 549 196233 
17001 17017 19779 19788 661408 392401 137268 1884 1371 471 190136 
16901 16939 12889 12904 89030 54150 23224 187 53 -nan 23914 
14451 14488 14883 14937 185446 53826 46520 712 442 -nan 52315 
14234 14289 14393 14488 99089 64081 46470 531 29 -nan 26876 
11826 11840 11019 11023 84002 67537 23224 277 261 -nan 18272 
18511 18568 17885 17930 66581 53231 23224 222 15 -nan 17213 
10093 10129 17457 17472 3.90442e+06 67347 215143 5343 5330 -nan 1.14964e+06 
18619 18620 15629 15707 63282 53949 23407 158 0 114 15972 
18725 18817 12079 12147 68854 53153 23407 144 0 106 17853 
13937 14018 14608 14694 164154 53220 54732 902 0 367 45959 
17722 17784 19814 19869 504200 53367 81485 1462 0 386 146102 
19196 19265 15233 15269 60838 53074.3 18797.8 181 8 107 15034 
16741 16787 11360 11448 71976 59768.6 23146 207 64 119 18401 
13006 13060 13816 13877 149242 53039 46450 751 439 283 59013 
13567 13593 16596 16682 533961 54038 80436 1538 1242 379 243272 
19255 19257 14420 14430 60687 52603 23146 167 7 105 16309 
17686 17724 15008 15103 75754 66045.6 23146 150 126 150 30553 
12855 12940 18660 18674 2.65955e+06 1.50993e+06 153602 3132 2377 452 781881 
10379 10429 12098 12118 415982 254531 68426 1185 577 331 120106 
11676 11704 11327 11426 64538 56649.1 23146 193 10 106 16647 
15015 15024 15300 15383 111107 82940.6 52289 694 42 258 30385 
18283 18311 13490 13517 60568.4 52995 23146 175 59 132 16230 
12876 12966 12839 12915 64113 54938.2 19362.7 210 69 115 16352 
10507 10535 13184 13217 610653 342794 130055 1617 1194 378 177142 
12267 12301 19402 19418 3.23376e+06 1.78895e+06 688948 5138 4241 632 950641 
11697 11749 17016 17094 659903 105884 144494 3582 3726 786 273129 
18538 18622 18985 19024 126909 53283 43680 168.292 338 249 34843 
13399 13461 19270 19309 2.25561e+06 60328 146308 2910.54 2816.05 469 667062 
13160 13211 18214 18225 2.04099e+06 82065 124640 2323 0 417 599432 
19365 19398 12978 13056 67080 53379 23407 155 0 107 17354 
19357 19382 10551 10632 68295 53591 23407 89.2611 50 113 17640 
11603 11643 19786 19878 4.96805e+06 53543 272303 4998.54 6058 751 1.46234e+06 
15915 16008 12066 12152 68427 54086 23399 176 0 112 17652 
18197 18243 14270 14283 68847 54193 23407 155 0 124 17736 
15434 15496 18578 18654 851925 57810 87554 1733 0 416 248832 
10109 10201 16705 16794 2.69016e+06 1.45369e+06 554447 4350 4004 663 790158 
15133 15227 11047 11128 64988 55964.4 23146 205 45 113 15922 
15245 15297 11542 11622 84554 67580 23407 279 89.3327 166 17644 
13359 13388 18320 18363 1.21795e+06 53810 119839 2866 0 515 356736 
19186 19280 12784 12854 75255 53116 23399 148 0 106 19776 
18853 18892 11429 11441 64504 53228 23224 173 50 -nan 16780 
11566 11640 13459 13531 392141 236265 89197.6 1435 994 375 112860 
18534 18588 13931 13975 64260 53687 23224 230 37 -nan 17546 
12133 12153 19436 19465 3.01589e+06 54281 242374 5908 5781 -nan 888159 
17913 18001 10513 10549 67962 53244 23224 166 33 -nan 17826 
14116 14192 12893 12931 70036 53160 23224 146 18 -nan 18326 
11061 11118 14230 14291 750095 439505 168080 1832 1394 447 218147 
16626 16703 17586 17655 170344 54085 44046 697 410 -nan 47515 
14145 14145 10422 10516 115986 53356 23216 141 10 -nan 31581 
11376 11392 12081 12176 158387 53332 63063 191.978 640 348 44352 
16165 16248 18449 18544 468870 53265 61724 538.303 554 317 135921 
15503 15553 16329 16383 141461 53219 57957 173.568 248 268 39380 
16086 16088 18274 18331 370091 53223 67525 392.276 154 291 106831 
12599 12620 15789 15796 742192 53571 83575 1618 1246 -nan 216377 
16021 16028 14929 14997 73387 61117.7 23146 244 16 116 19310 
18077 18131 18288 18340 106351 80203.4 43425 663 341 254 28970 
17208 17284 16573 16667 68750 58733.2 23146 259 15 107 17907 
13480 13491 16574 16616 728299 430540 80446 1574 1184 406 212389 
18105 18176 17773 17802 70588 53074 23224 169 9 -nan 18448 
18292 18295 14975 15027 68300 53873 23224 152 10 -nan 17657 
17970 18000 15804 15896 74985 53020 23224 148 17 -nan 19655 
15433 15467 16295 16366 149071 53235 49862 824 470 -nan 41617 
14504 14560 16642 16701 493968 54393 66369 533.313 875 380 143001 
11827 11866 10605 10677 66013 53246 23407 89.1402 9 114 17040 
12079 12159 10303 10316 69271.8 53371 23146 151 6 107 19926 
19611 19617 13065 13094 64455 54937 23407 81.7627 60 117 16245 
14600 14646 17294 17302 716490 53377 72550 806.601 1055 379 208890 
15355 15424 13056 13154 68767 53091 23407 92.874 5 109 17888 
13191 13275 10481 10532 69541 53183 23407 93.0495 6 107 17952 
16246 16304 16898 16937 142324 97646.6 43936 722 480 284 39437 
12900 12907 11880 11972 94817 72920.8 23138 193 4 111 25590 
12599 12655 17723 17802 1.59137e+06 915542 128077 2682 2015 406 466857 
17285 17297 12942 12979 72178 53205 23399 94.7561 4 110 18794 
17105 17123 12373 12389 63894 57401.5 23146 251 16 116 16163 
13417 13445 11472 11495 62715 55371.2 23146 256 31 112 15996 
14565 14573 14078 14084 66946 52901 23224 161 19 -nan 17490 
14446 14471 16142 16146 367888 53272 64212 1257 1005 -nan 106216 
18849 18933 10419 10511 60181 52969 23216 153 11 -nan 15378 
15663 15747 19416 19476 1.25891e+06 686847 260257 2309 1962 493 367611 
10330 10388 18354 18411 3.53186e+06 1.97262e+06 235844 5437 5147 593 1.03802e+06 
12772 12785 13626 13632 167726 53668 57254 1135 0 313 47224 
15162 15201 15505 15597 124677 68368 44462 678 0 264 34413 
15574 15582 13967 14009 68009 53872 23407 89.5521 49 113 17688 
12392 12439 16059 16097 976047 53489 105628 1079.39 1759 444 285400 
15619 15628 18458 18552 713800 53647 73670 853.106 1063 354 208099 
19406 19444 11003 11041 63691 53094 23407 86.6963 6 109 16405 
17393 17458 12943 13037 60466 53019.2 18653.6 179 9 105 14906 
14652 14737 14145 14229 66168 53422 23224 228 15 -nan 17195 
13592 13629 18987 19033 2.47366e+06 97318 130279 3302 3422 -nan 727415 
16412 16448 18676 18708 535912 306646 115623 1154 874 365 154528 
19895 19963 12617 12643 65287 55487 23407 157 0 110 16150 
15749 15785 16954 17014 262300 57877 50125 811 0 301 74999 
19556 19597 15081 15138 61168.2 53962 23146 159 43 116 15729 
13746 13821 14423 14449 127456 53367 54479 904 560 371 47548 
13941 14019 11923 11933 88286.4 54014 23146 166 39 124 29661 
15045 15133 15367 15434 99988.3 57214 52273 866 488 312 34897 
19121 19201 14152 14174 86898 68140 23216 271 247 -nan 17720 
17193 17261 18709 18796 223220 57433 61310 1229 954 -nan 63610 
12240 12247 10290 10306 63287 53131 23224 148 22 -nan 16963 
13895 13903 10062 10120 64972 53657 23224 173 47 -nan 16463 
18924 18987 14455 14473 85540 74960.6 19494.1 313 325 161 17252 
19936 19977 14830 14841 83674 53502 23407 104.372 41 123 22137 
11261 11348 17132 17163 2.58294e+06 53471 146776 2372.85 2969 542 759215 
12204 12270 17048 17136 1.81722e+06 53744 138760 2960 2578 -nan 533171 
15632 15658 16565 16612 96082.9 52776 49816 632 63 306 33648 
19565 19581 11711 11739 84985 74021.3 19593.3 316 221 161 17475 
13909 13940 12912 12953 68384 57487 24265 96.4816 49 127 16530 
17199 17287 12041 12092 87500 76749.6 23146 307 236 163 18430 
11670 11721 10051 10098 62999 55467.4 23146 256 15 114 16335 
10926 10995 18568 18645 3.61872e+06 2.01848e+06 226577 5537 5553 707 1.06495e+06 
13919 13996 18650 18697 1.58499e+06 61293 126026 2121.43 2842.68 496 469414 
14096 14122 13574 13599 70976 52942 23407 151 0 105 18560 
17613 17634 16471 16553 64333 52900 23407 154 0 106 16545 
14870 14886 11952 11983 63189 53495 23407 84.9395 54 111 16103 
14943 15008 10830 10901 64372 54739.9 19177 191 51 115 15207 
12729 12819 11494 11529 65170 53216 23407 191.897 14 108 16915 
17948 17949 10344 10423 62733 53132 23407 168.799 11 104 16074 
17151 17165 19772 19813 674242 399537 92348 1826 1346 490 196835 
19840 19909 15556 15655 68296 58475.6 23146 187 8 111 17682 
14001 14050 18501 18547 272289 58204 111226 2559 2497 553 111991 
11520 11584 13433 13518 147746 56816 75967 1575 1418 -nan 40393 
19165 19176 19069 19146 65048 53322 23224 156 33 -nan 16705 
17287 17381 19037 19069 313958 52952 61402 1082 728 -nan 90309 
16470 16497 19095 19159 629360 52996 61667 921 237 -nan 183260 
15126 15169 11308 11332 78269 62258 23407 281 125.162 168 17813 
14557 14655 11834 11834 62919 53392 23407 232 0 114 16132 
19679 19760 13340 13387 69872 53526 23399 225 0 108 18064 
17084 17134 19795 19868 713001 68715 94579 2160 2013.01 440.705 212265 
16283 16356 14244 14299 66929 56862.6 23146 218 50 124 17194 
19081 19111 18287 18381 62342 54788.4 23146 189 17 108 15795 
16582 16582 15514 15514 72202 59108 23395 288 123.374 166 17252 
12919 12927 13506 13605 164926 54952 53225 1043 87.6703 313 45685 
10819 10897 11487 11540 126453 53618 56450 982 46.8694 314 34907 
18581 18607 16457 16515 69469 53648 23407 90.0185 45 119 17968 
10933 10978 10334 10360 64616 55138.4 19571.4 196 8 106 16157 
18909 18956 13741 13833 67777 53746 23407 174 0 123 17261 
16370 16380 9982 10075 67726 53183 23407 153 0 109 17541 
16138 16144 13818 13878 73350 53486 23407 97.7869 51 119 19168 
