16978 17005 27605 27681 7.38838e+06 54932 322597 7460 6552 -nan 2.17576e+06 
19051 19109 29100 29116 6.10116e+06 88840.4 288142 9678.31 6054 762 1.80056e+06 
10625 10690 26178 26258 1.45323e+07 128076 535101 16635.7 14842 1030 4.28607e+06 
16373 16459 20964 20991 1.7035e+06 54232 118770 2458 0 497 499301 
15444 15452 28784 28850 1.09276e+07 89839 541860 12412 10519.3 4368.12 3.22329e+06 
18349 18359 29597 29697 8.05579e+06 154246 379864 8779 0 868 2.37254e+06 
14276 14375 23314 23411 5.59703e+06 1.29184e+06 295349 6921 5583 671 1.64906e+06 
19243 19309 28281 28294 5.58622e+06 3.09434e+06 298670 6362 4163 641 1.64443e+06 
16114 16154 21848 21868 1.18898e+06 53857 162015 3468 2647 543 559729 
14470 14492 23468 23562 5.95411e+06 3.3088e+06 289244 6420 4823 691 1.75278e+06 
12772 12830 28106 28144 1.46187e+07 128259 664508 15566 14453 967 4.31511e+06 
12050 12062 28460 28464 1.62428e+07 9.00187e+06 1.11198e+06 17373 11933 1081 4.78961e+06 
15681 15697 26350 26422 7.2569e+06 117661 330653 9003.05 6446 685 2.1412e+06 
13701 13797 22777 22864 5.04592e+06 189640 304951 7151 6332 732 1.4899e+06 
18916 18985 27132 27199 3.97939e+06 54583 240233 5290 0 647 1.17079e+06 
13708 13710 28838 28885 1.45162e+07 88900 629308 14435 15146.3 947 4.28139e+06 
16548 16621 25741 25768 4.87188e+06 54520 267403 5709 0 575 1.43384e+06 
18529 18614 22633 22676 1.22396e+06 689158 109831 2184 1159 460 358419 
13193 13217 25121 25200 8.62293e+06 80894 413216 9816.86 6369.16 822 2.53874e+06 
10078 10164 29259 29329 2.05523e+07 104293 923339 22165 21095 1226 6.07049e+06 
17502 17558 24503 24550 2.77081e+06 54240 181065 2901.76 1724 493 814546 
10023 10110 29636 29692 2.12004e+07 102948 954412 21847.2 18746 1203.3 6.25725e+06 
19231 19312 21851 21888 509015 53865 92043 1551 482 -nan 147673 
16074 16156 20320 20410 1.55809e+06 53809 114553 2128 837 -nan 457008 
10928 10959 24524 24604 1.21214e+07 78915 536857 13062.6 11918 1059 3.58402e+06 
15790 15807 23449 23483 3.18378e+06 54310 235571 3062.83 2572 551 936272 
12459 12525 26760 26838 1.15368e+07 77687 563316 12151.4 6432.76 847 3.40323e+06 
16342 16392 23190 23236 2.94e+06 59036 153974 3974.02 1987 451 898024 
16512 16534 26192 26226 5.24369e+06 54599 280675 6096 0 542 1.54348e+06 
15085 15120 27621 27711 6.04219e+06 165024 462933 11742 12199 1186 1.80029e+06 
10544 10544 23652 23663 6.45367e+06 81361 521142 12229 10735 1086 3.49106e+06 
19015 19082 22907 22926 1.08393e+06 91234.6 111800 2256 1293 406.561 321377 
17161 17170 24294 24372 3.29781e+06 2.09466e+06 202446 4098 2542 548 969914 
18026 18051 24498 24565 2.81184e+06 59124 169750 2920.21 1946.19 544 831100 
17264 17346 21067 21145 552730 53532 205037 2168 1508 394 280816 
13001 13004 28263 28362 1.43246e+07 76639 647402 14831.3 13904 946 4.23557e+06 
14306 14339 23914 23931 2.94809e+06 54420 312131 6881 4859 709 1.54046e+06 
15164 15252 21753 21814 1.88591e+06 79796 240201 5057 3989 594 975059 
11074 11103 22011 22030 4.81695e+06 54631 395937 9151 7693 841 2.51082e+06 
10433 10451 20749 20780 6.91968e+06 79708 372206 8719 7360.37 695.807 2.04172e+06 
13801 13872 28304 28404 1.31184e+07 52892.8 609912 13854 11822 1765 3.86959e+06 
12719 12724 20038 20071 2.33487e+06 58641 233402 5205 4074 599 1.22727e+06 
15246 15285 22112 22112 1.85548e+06 53636 696226 4336 2265 569 969893 
17316 17366 27522 27605 3.41312e+06 53824 1.28815e+06 6753 4188 592 1.78152e+06 
17066 17149 25908 25912 2.65842e+06 54051 250531 5613 4312 536 1.38977e+06 
14558 14570 26635 26666 5.29597e+06 79454 433824 9715 6397 793 2.74323e+06 
17435 17436 24402 24488 1.56595e+06 53378 587545 3801 1465 476 813333 
18886 18915 21428 21489 546458 53995 88687 1635 1013 -nan 158589 
10983 11009 23021 23068 9.72379e+06 79914 459759 9250 9557.07 899 2.8685e+06 
17267 17292 27436 27527 5.54827e+06 76495 320063 7528 6088.84 886.011 1.63732e+06 
15118 15192 23050 23090 4.02198e+06 54067 242489 5216 3420 -nan 1.18326e+06 
12305 12383 27919 27922 1.40465e+07 92447.3 683793 16302 15919 1036 4.15904e+06 
19941 19947 27352 27431 1.87853e+06 53744 176453 3599 1564 471 995899 
14129 14216 25114 25115 7.29559e+06 125360 344881 8202 6596 578.862 2.15274e+06 
11257 11272 21439 21509 6.28272e+06 82201 351941 8303 7307 1311.78 1.85378e+06 
10691 10725 21778 21849 6.91718e+06 54426 415707 8811 4463 -nan 2.03705e+06 
13978 14012 22688 22750 1.22645e+06 67979 265452 6299 6068 -nan 356151 
19541 19608 24514 24600 1.69162e+06 53989 130352 2625 1679 -nan 496326 
18732 18819 22016 22038 874681 54115 102466 1918 1062 -nan 255492 
13930 13937 29967 30039 1.48081e+07 76930 703028 16244 12053.9 1372.68 4.36717e+06 
10789 10824 25016 25020 7.04826e+06 75821 610286 14008 13516 1147 3.71256e+06 
13923 13929 26694 26743 5.38103e+06 55471 1.96042e+06 10580 6526 814 2.85364e+06 
12012 12098 28975 29017 1.66255e+07 81608.7 759589 17947 13918 1224.59 4.90372e+06 
12287 12340 22787 22810 7.29527e+06 4.5549e+06 387400 8464 4723 780 2.14837e+06 
17611 17624 24715 24814 3.27532e+06 81926.5 190289 4111 1974 577 982246 
10081 10139 22749 22832 9.47313e+06 79294 504034 11386.4 11598.3 959 2.79467e+06 
17616 17664 21051 21064 785493 54131 96903 1694 0 431 229101 
14517 14518 27540 27552 1.08975e+07 87295 457452 10281.7 11845.6 836 3.21432e+06 
16550 16637 28615 28682 9.36185e+06 79241 444122 10181 0 792 2.75757e+06 
11506 11578 24895 24972 1.07478e+07 76740 523069 12191 8984.76 1369.73 3.17015e+06 
10766 10799 21445 21537 3.90376e+06 54323 388006 8736 6988 744 2.04611e+06 
17731 17773 21297 21379 611822 53410 97122 1740 419 344 306675 
14606 14670 29261 29356 1.22902e+07 89593 570958 13171.6 10637.3 913 3.62524e+06 
10492 10539 25047 25143 1.26365e+07 75316 588219 14057 12874.1 1119.7 3.72709e+06 
14851 14885 26706 26765 9.15652e+06 84344 436399 10357 8846.52 3490.12 2.70108e+06 
13451 13468 21095 21149 4.2115e+06 54664 228532 5175 0 608 1.23917e+06 
13422 13510 26810 26872 1.04268e+07 81721 512174 13248.9 10003.6 903 3.07582e+06 
13437 13455 20970 21057 3.60318e+06 54410 228452 4682 0 615 1.0599e+06 
11590 11640 23261 23348 8.99822e+06 79327 434295 9617 6158.31 1220.58 2.65452e+06 
13975 14061 23540 23549 5.8407e+06 3.65114e+06 303360 6631 3590 651 1.71962e+06 
16319 16369 24325 24401 2.44808e+06 77337 310888 5242 3629 613 1.28715e+06 
14434 14482 27575 27612 1.07176e+07 112442 463713 10786 8075 835 3.17513e+06 
17874 17884 21796 21858 1.22896e+06 53894 114738 1298.46 817 425 359989 
13715 13747 25924 25942 9.85298e+06 94633 430158 11213.7 9990.66 816 2.90652e+06 
12901 12909 26860 26956 1.22934e+07 1.70682e+06 540821 12741 11377 824 3.62325e+06 
11523 11611 23366 23444 9.33938e+06 54794 443356 10183 0 834 2.75091e+06 
10083 10121 21922 22012 9.50476e+06 79201 458204 10320 6001.3 3092.34 2.80383e+06 
11305 11373 29632 29695 2.11218e+07 98222 852904 20840.6 21642.1 1290 6.22923e+06 
17617 17695 29286 29317 7.15571e+06 54586 383832 8554 0 659 2.10733e+06 
18580 18594 24583 24631 2.52166e+06 54413 156469 3432 0 551 740937 
15471 15563 27496 27569 9.30633e+06 81596 428891 9915 7906.51 1239.08 2.74544e+06 
12951 13014 26500 26548 1.09522e+07 114352 518693 12205 9995 838 3.24135e+06 
13667 13744 20690 20781 1.7707e+06 53815 227770 4706 2127 672 937009 
13582 13582 24357 24397 7.53589e+06 73332 373585 8917 5043.29 872.895 2.22321e+06 
19162 19172 29747 29837 7.06976e+06 77293 381873 7813.94 6629 724 2.11113e+06 
11938 11949 25384 25469 1.08115e+07 55046 512118 10766.7 10342 926 3.1896e+06 
17890 17895 25944 25954 3.97428e+06 89776 166649 16175.5 3651 529 1.17152e+06 
17383 17421 25288 25362 3.48509e+06 54079 228103 3529.08 2167 528 1.02513e+06 
10848 10946 29945 29988 2.04174e+07 114052 966618 22304.6 19616.2 1190.91 6.02864e+06 
15065 15128 21686 21784 1.72038e+06 53911 230084 4968 3622 650 903423 
19825 19887 26312 26347 2.4812e+06 54117 144838 2510.49 1730 375 728993 
19748 19780 25906 25915 1.48958e+06 54321 551654 3540 3021 448 768446 
13546 13548 26942 26977 1.10053e+07 55285 506039 11753 0 869 3.24245e+06 
9972 10006 26055 26110 1.51849e+07 206330 678761 16522 15772 773.451 4.47856e+06 
13538 13623 25316 25364 8.59294e+06 72640.5 418562 9323 4891 872 2.57816e+06 
13856 13908 21238 21293 1.97376e+06 53719 214923 4329 1517 559 1.03281e+06 
12978 12981 27736 27827 7.19947e+06 80404 1.59023e+06 12873 7957 807 3.77117e+06 
14319 14368 29318 29319 1.38677e+07 76478 584802 14398.9 13494.2 906 4.09025e+06 
17467 17476 22085 22091 769522 53635 139797 2635 969 485 394769 
13138 13206 29260 29353 1.23124e+07 56070.6 667475 15745 13151 1722.32 3.63171e+06 
15032 15131 24129 24226 5.24438e+06 54832 305839 6957 0 815 1.54371e+06 
11205 11238 22064 22159 8.58338e+06 79122 387109 9243 7432.91 799.776 2.53208e+06 
15027 15065 29656 29746 1.23257e+07 79091 594839 13941.5 13177.9 904 3.63532e+06 
19515 19562 25895 25924 2.29381e+06 54091 170265 3368 0 445 673887 
18135 18217 29013 29102 4.42186e+06 84320 368156 8194 5967 720 2.36694e+06 
14953 14978 26002 26070 6.10811e+06 73307.6 377308 8910 7740 728 1.8382e+06 
16469 16536 28049 28058 7.05192e+06 80955 422679 8872.77 7039 772 2.09311e+06 
17844 17899 24308 24359 1.49168e+06 83244 560426 3913 2168 528 782704 
19797 19870 27141 27198 1.88467e+06 55838 712833 3656 2281 462 977880 
14431 14477 29361 29394 1.31322e+07 80840 528653 13858.9 8907 929 3.88057e+06 
13361 13437 22288 22360 5.8418e+06 54339 285369 5858.09 5226 691 1.71974e+06 
11816 11912 25563 25605 1.14101e+07 74175.3 538013 13070 11981 930 3.403e+06 
14447 14470 28556 28556 6.48877e+06 76655 762961 12930 8894 951 3.4269e+06 
11482 11501 24565 24619 1.06289e+07 352511 518513 12377 11160 989 3.13446e+06 
16274 16361 22986 23080 3.12227e+06 76663 176260 3256.35 3396 505 918136 
17070 17091 22770 22808 1.29794e+06 53457 487335 3197 1829 479 679319 
12753 12787 27495 27564 1.24679e+07 78606 584140 13116.6 16064.3 843 3.67766e+06 
12814 12846 25670 25692 5.60919e+06 76440 494898 11469 9106 816 2.96915e+06 
14345 14440 23745 23843 3.27865e+06 53736 1.23542e+06 6335 2699 685 1.73124e+06 
14039 14050 25841 25913 8.43641e+06 5.28366e+06 379814 8842 7519 637 2.48563e+06 
18521 18558 23860 23869 1.25121e+06 71357 146870 1321.65 3407 648 361950 
13682 13735 26266 26362 9.77234e+06 170867 465505 10991 9836 955 2.88586e+06 
15411 15466 21211 21213 1.08004e+06 53446 171131 3351 1287 570 571780 
10922 10965 29390 29449 1.87072e+07 88424 1.15821e+06 21364.1 21587 1301 5.91372e+06 
14469 14475 28888 28921 1.13766e+07 70545.3 570807 13676 12588 956 3.40126e+06 
12208 12233 28183 28218 1.40869e+07 130488 727024 17474 16527 1069 4.1609e+06 
11919 12015 25539 25589 1.04866e+07 61025.2 530340 12753 11707 781.848 3.09296e+06 
11612 11682 23528 23544 8.66349e+06 5.43136e+06 446085 9750 4669 827 2.55168e+06 
13099 13127 23375 23458 6.4183e+06 94789 355867 7592 3097 633 1.90667e+06 
10697 10697 24871 24911 1.26051e+07 83588 573993 13899 12508 1143.29 3.71774e+06 
18907 18977 23204 23267 1.34314e+06 59037 125107 2341 301.551 385.144 397692 
15482 15571 28320 28373 1.08099e+07 76468.7 523175 12286 10942 847 3.24823e+06 
17510 17542 25298 25373 2.05501e+06 58532 206259 4327 1734 555 1.08054e+06 
12102 12144 21110 21206 2.73344e+06 54083 1.0313e+06 6516 4434 678 1.44181e+06 
16963 17063 28771 28864 8.45151e+06 82323 492737 9813.92 5607 774 2.53385e+06 
15280 15309 29571 29621 6.77378e+06 59260 556917 13093 9301 877 3.58974e+06 
14334 14341 23914 23976 1.92159e+06 66478 312372 1699.31 7607 870 563791 
15950 15989 29227 29299 9.20943e+06 63012 473006 11731.2 10285.5 863 2.71857e+06 
16300 16369 23632 23667 3.13654e+06 54373 196720 3320.53 3114 520 922298 
14117 14162 28127 28160 6.32918e+06 84190 552564 12967 11200 898 3.36034e+06 
16526 16557 29516 29616 4.97785e+06 54156 1.87382e+06 10206 5251 769 2.6723e+06 
11306 11385 21523 21525 6.44169e+06 97048 299404 11335.3 5571 798 1.9021e+06 
18631 18698 24379 24401 2.21645e+06 54290 156275 2228.73 1480 517 651074 
15049 15146 27017 27093 8.6903e+06 71929 428518 10206.5 4609.14 773 2.56388e+06 
15024 15064 26570 26594 8.32324e+06 55394 422989 8376.59 9129 735 2.45134e+06 
19265 19351 23501 23519 1.37622e+06 84839 128555 1886.08 1265.19 441 407535 
11800 11807 23685 23742 8.84414e+06 55012 448100 9914 0 822 2.60519e+06 
13327 13368 28206 28233 1.26002e+07 127275 627859 14714 10712 924 3.7225e+06 
16742 16800 25945 25987 4.93413e+06 83401 263871 5383.07 5380.27 583 1.45651e+06 
16535 16586 24821 24856 4.25334e+06 54173 225919 5010 0 549 1.25121e+06 
12111 12167 20523 20544 4.89653e+06 86109.4 303906 7238 6313 772 1.47302e+06 
11330 11355 19965 20019 2.87612e+06 53573 279682 6298 2753 647 1.51849e+06 
10556 10561 23412 23425 5.26954e+06 77604 635138 11307 8082 857 2.74095e+06 
16790 16890 20909 21009 818364 80251 119358 2550 1900 498 404767 
14797 14832 23238 23321 4.52813e+06 54610 267999 5909 0 588 1.3326e+06 
15018 15114 26259 26298 7.29482e+06 82546 396129 8577 5074.23 1110.33 2.15234e+06 
12709 12758 20293 20389 4.15772e+06 88078 234551 5292 0 627 1.23335e+06 
10554 10603 22158 22162 8.53416e+06 79061 422500 9507 7451.04 761.877 2.51767e+06 
13649 13706 20573 20669 3.97622e+06 79938 233711 5385 3979.78 992.559 1.17365e+06 
12282 12307 23912 23927 8.9268e+06 95168 448636 9838.58 13129.1 879 2.63386e+06 
15039 15099 26230 26260 7.85592e+06 77797 390411 9081 6517.89 2415.08 2.31758e+06 
18100 18109 26298 26355 4.4463e+06 54399 213533 4745 0 465 1.30867e+06 
10039 10057 23593 23601 1.1139e+07 78924 544719 13972.7 12528.1 917 3.28592e+06 
16193 16202 25799 25898 5.4132e+06 79342 273765 7115.26 6289.92 574 1.59774e+06 
17742 17795 20026 20075 498439 53907 81539 1309 0 391 144678 
12857 12904 22276 22311 5.57378e+06 55007 311046 6776 0 617 1.64093e+06 
17127 17156 20078 20090 994469 53959 92570 1708 553 -nan 290936 
13845 13892 28232 28295 1.34286e+07 81535 594963 14235 12665.4 5120.65 3.96064e+06 
10153 10235 21539 21624 8.27666e+06 436783 436407 10033 7376 482.577 2.44206e+06 
10642 10666 22447 22475 9.35244e+06 76017 439884 10144 7148.21 1443.32 2.75895e+06 
12714 12776 26676 26696 1.28518e+07 102906 550307 12548 8713 823.299 3.79073e+06 
15004 15024 25347 25440 3.73151e+06 59143 339167 7902 7065 750 1.95301e+06 
19984 20001 29658 29749 5.42951e+06 3.41336e+06 280117 6335 5451 629 1.59826e+06 
12861 12945 24179 24198 7.77287e+06 81118 406530 9489.94 8612.9 771 2.29357e+06 
10217 10299 24225 24255 1.20213e+07 83709 585373 13275 7166.86 1047.38 3.54568e+06 
19029 19109 29395 29397 7.26045e+06 84335 352628 7852.12 5824 720 2.15663e+06 
11371 11455 21616 21632 6.74163e+06 54251 366231 7010.06 6821 774 1.98515e+06 
15900 15936 23719 23757 4.1399e+06 74718 233658 5332.21 2749.48 560 1.22258e+06 
10670 10724 22729 22789 8.7221e+06 54942 461308 10052 0 913 2.56914e+06 
15335 15434 23944 24043 2.60828e+06 53882 983773 6407 5472 665 1.39357e+06 
17439 17494 21554 21557 761836 53438 285848 2229 970 413 387533 
13760 13831 27968 28056 1.19805e+07 85937 471970 18051.7 10012 901 3.53408e+06 
15001 15059 25046 25142 3.67067e+06 54045 1.38432e+06 7435 4860 734 1.92714e+06 
10717 10785 23263 23308 1.07686e+07 84738 416427 13435.4 7679 867 3.17757e+06 
19269 19298 22189 22219 446172 53876 165260 1789 1232 373 219312 
14010 14042 27585 27601 6.02044e+06 85343 527854 11475 10089 787 3.16474e+06 
16180 16257 20721 20778 908537 53475 340936 2226 1138 482 469853 
14626 14712 21789 21792 2.1898e+06 72226 235150 5268 3958 648 1.15176e+06 
11324 11326 25454 25486 1.21394e+07 92474 558614 13765.4 9995.44 1160 3.58334e+06 
13354 13356 23772 23844 7.10938e+06 54694 356418 7667 0 694 2.09369e+06 
13388 13432 24633 24701 7.51593e+06 194676 399586 9289 6604 706.617 2.21789e+06 
16901 16923 26239 26293 5.28434e+06 74247 282357 5884.46 4046.56 624 1.55977e+06 
14463 14559 28493 28573 1.22006e+07 78734 565640 12779 7176.82 991.395 3.59928e+06 
11079 11108 28167 28201 1.9349e+07 99512.7 799281 18574 13348 1212.29 5.70678e+06 
16339 16382 21891 21904 1.91862e+06 1.22166e+06 156599 3085 1367 481 563262 
17941 17998 20609 20672 313797 53440 115701 1551 399 418 153285 
18549 18555 23852 23883 1.28911e+06 53818 146610 2934 1565 493 670708 
14213 14289 28794 28827 1.20283e+07 96863.2 577388 13788 11911 916.802 3.54796e+06 
18060 18128 27448 27450 5.4372e+06 54723 259626 5387.13 5137 608 1.60064e+06 
11663 11755 24566 24569 9.6942e+06 93059 506559 11494.9 11764.9 968 2.85994e+06 
16963 16976 23095 23188 1.46178e+06 53716 162336 3481 2583 453 757122 
19633 19686 21655 21718 385977 260118 76646 1350 745 365 111260 
18320 18361 22790 22810 1.79817e+06 72010 121312 2492 0 458 527786 
10399 10422 27235 27298 1.69677e+07 82644 727044 17708.3 17358.7 1049 5.00536e+06 
15005 15081 21597 21655 1.74259e+06 76000 566453 4955 3471 597 902563 
19340 19369 27893 27917 2.94222e+06 85042 582420 6553 5743 620 1.52867e+06 
17899 17905 25940 25994 1.96169e+06 53749 735407 4529 3592 502 1.0265e+06 
15124 15161 23165 23185 2.35341e+06 54006 883621 5516 4298 572 1.23581e+06 
12793 12830 29240 29262 1.67934e+07 233539 711535 17310 16679 707.996 4.95286e+06 
15785 15872 20822 20855 2.16719e+06 1.38001e+06 156281 3228 1503 556 636402 
19752 19829 20009 20066 79526.7 53668 26860.5 607 211 211 26830 
12299 12349 27737 27828 7.79429e+06 80853 666324 15732 14982 1042 4.15182e+06 
12239 12250 27565 27587 1.44289e+07 86438 629385 14456.3 8846 998 4.32005e+06 
13110 13197 29702 29762 1.59634e+07 63941.9 691383 16708 14965 992.775 4.70819e+06 
17366 17415 25643 25682 3.66881e+06 2.29884e+06 241963 5049 2649 512 1.07926e+06 
15116 15145 26501 26512 4.64793e+06 55160 1.69325e+06 9481 8264 730 2.44456e+06 
19105 19187 25331 25394 1.37726e+06 80729 509478 3564 1367 532 701808 
13706 13728 27779 27871 1.33025e+07 77130 545636 13259 13046 -nan 3.92083e+06 
11706 11796 24102 24172 5.21502e+06 76876 483186 11368 9559 929 2.7707e+06 
14186 14210 29716 29815 8.05843e+06 76267 1.89291e+06 14331 10758 905 4.22561e+06 
15494 15531 29325 29334 1.18138e+07 72425 540537 22185.4 5626 771 3.47804e+06 
16332 16409 27205 27251 7.13266e+06 4.49576e+06 332402 7891 7531 652 2.10031e+06 
11246 11341 29096 29181 1.90517e+07 83547 813136 19156 13454.7 1175 5.61855e+06 
15286 15361 20469 20525 1.35255e+06 53729 506990 3621 2698 576 706978 
19282 19369 29400 29483 6.54718e+06 4.11514e+06 332161 7285 4690 675 1.92775e+06 
16600 16620 27937 27980 7.5548e+06 130697 399618 8777 5542 722 2.23316e+06 
10613 10629 22504 22561 4.95738e+06 54347 435281 10048 8047 857 2.59712e+06 
13942 14006 25056 25064 4.27235e+06 85675 1.38483e+06 8411 4364 779 2.22679e+06 
16605 16633 26245 26268 3.01226e+06 53765 1.13162e+06 5877 3447 537 1.59627e+06 
13073 13103 20560 20585 2.98736e+06 70478 236374 5731 8969.64 776 874280 
17318 17362 25004 25020 3.49404e+06 55145 222717 4739 0 641 1.02766e+06 
17927 17981 27881 27952 4.99934e+06 75106 317321 7414 6670.5 673.987 1.47553e+06 
17624 17627 23778 23865 2.28087e+06 53862 166994 3211 1355 -nan 670113 
19455 19546 23006 23017 758785 54210 97437 1861 1131 -nan 221244 
18587 18606 20930 21005 373849 53470 83028 1382 349 382 156798 
14840 14864 24259 24290 5.15182e+06 3.22987e+06 305911 7112 6333 719 1.51645e+06 
11992 12002 26591 26630 1.24455e+07 83200 597823 14498 14713.2 1071.21 3.67049e+06 
19009 19106 20566 20643 321425 53748 77800 1206 267 -nan 92468 
11559 11628 21682 21779 6.0283e+06 62727.8 378565 8219 3925 1053.88 1.77915e+06 
19605 19620 25238 25324 1.92376e+06 1.22936e+06 143539 2774 1140 421 564633 
13335 13396 27631 27709 6.35195e+06 54408 533461 12014 6325 780 3.40104e+06 
17374 17425 23041 23078 1.82547e+06 53857 154455 3111 1977 -nan 535832 
16484 16554 24249 24322 3.52883e+06 53356.5 220242 4418 2169 893.309 1.04227e+06 
19818 19845 20819 20899 151444 53820 50951 168.895 143 279 42270 
13770 13813 29778 29824 1.32945e+07 218685 650463 15132 10748 943 3.92179e+06 
16580 16608 26472 26557 3.16134e+06 54694 318514 6814 2971 624 1.64285e+06 
15211 15267 25992 26080 6.72882e+06 80161 361353 8519 0 726 1.98e+06 
14441 14523 20251 20312 2.36284e+06 54448 161458 3494 0 559 694246 
10026 10069 25416 25421 1.41328e+07 92753 631582 14924 12755.7 5277.48 4.16815e+06 
12789 12838 23439 23466 6.43423e+06 75953 383874 8810 2279.82 708 1.89444e+06 
11620 11700 25785 25811 9.59824e+06 86023 524523 12799 0 953 2.83067e+06 
18450 18511 22790 22803 1.31552e+06 54123 116210 2312 1330 -nan 385351 
11316 11413 23434 23464 511021 65947 450652 9442 8132 1024 243844 
11991 12063 25842 25883 1.18429e+07 74980 476880 17137.4 10618.1 926 3.49334e+06 
10132 10223 28249 28308 2.02483e+07 92603.4 884225 19554.8 15193 2103.61 5.9758e+06 
11946 12004 29047 29131 1.49866e+07 93929.1 766463 18315 16764 1057 4.43026e+06 
15688 15722 24436 24481 5.23463e+06 162110 271030 6400 5479 692 1.54715e+06 
15053 15061 28627 28685 1.14173e+07 71577 772935 13067 0 936 3.36695e+06 
17151 17202 24705 24728 3.13426e+06 54337 782546 4332 0 541 921105 
13444 13522 20624 20632 3.22632e+06 78877.7 233673 5365 4137 681 984326 
11518 11613 25669 25766 8.90914e+06 60366 568629 12766 9987.1 960 3.07443e+06 
13776 13868 25627 25646 7.4685e+06 4.68336e+06 410131 9452 7944 741 2.19943e+06 
16865 16881 21611 21657 1.47023e+06 81870 138043 2909 0 460 431076 
19380 19474 20250 20294 171493 53780 49801 637 0 247 48224 
19859 19859 25472 25535 1.75974e+06 53945 124868 2428 0 386 516434 
10327 10329 20849 20888 7.56544e+06 164885 385815 9256 8860 887 2.2361e+06 
10167 10224 21242 21258 8.19579e+06 60740 2.00541e+06 9675 0 791 2.4133e+06 
17329 17425 23438 23522 2.25957e+06 59069 142954 4301.98 1861.53 505 667875 
16549 16590 20066 20141 651356 53541 103186 2056 1196 449 327461 
18059 18148 20082 20133 225216 53762 73887 1317 303 373 110699 
11576 11649 26053 26151 6.70248e+06 55097 584761 13587 11403 989 3.45237e+06 
18209 18285 24484 24521 2.4701e+06 54255 162643 2393.47 2686 525 725708 
18301 18369 26251 26270 3.66362e+06 54521 195330 4370 0 526 1.07774e+06 
14109 14166 24212 24292 6.41613e+06 76257 337044 7277 0 693 1.8927e+06 
10114 10138 21808 21813 8.90557e+06 54814 2.19935e+06 10154 0 834 2.62271e+06 
18352 18441 28645 28693 5.97855e+06 83530 294805 8722.98 5301.37 750 1.76461e+06 
18838 18876 21276 21287 598426 53990 83274 630.776 371 393 174079 
15543 15580 27045 27127 8.39262e+06 59265 391205 12858.5 4181 626.264 2.47618e+06 
12444 12454 27320 27342 1.30496e+07 52518.4 588919 13890 10226 1485.23 3.84954e+06 
16995 17056 20928 21007 1.19658e+06 756245 107700 2031 678 421 350044 
16975 17019 26864 26909 6.03972e+06 3.80761e+06 309194 6343 2731 647 1.77825e+06 
11202 11259 20162 20174 5.3947e+06 79789 1.30989e+06 6473 0 703 1.58756e+06 
18436 18484 25622 25623 3.15745e+06 80143 189262 4316.69 3585.84 558 932323 
11636 11645 29363 29429 1.97356e+07 80360 784542 19893 18666 1188 5.8201e+06 
19163 19221 26002 26036 2.86107e+06 54546 183616 4126 3617 -nan 840879 
10882 10969 20852 20886 6.55205e+06 54585 358360 8107 7037 -nan 1.92938e+06 
18540 18619 22172 22190 834454 57874 103464 1829 584 -nan 242401 
16708 16777 21042 21064 1.44379e+06 53939 114229 1991 573 -nan 423397 
15589 15596 22106 22123 2.8712e+06 53974 195321 3725 2121 -nan 844139 
13312 13374 22164 22187 5.20327e+06 54069 277936 5629 3049 -nan 1.53177e+06 
14590 14654 21724 21816 3.47797e+06 892938 236322 4799 2601 479.538 1.02723e+06 
15590 15675 25058 25109 5.92721e+06 82134 263795 7209.01 4723.92 667 1.74883e+06 
17012 17095 29281 29304 5.58329e+06 54317 429778 10007 9101 750 2.92532e+06 
14859 14896 29158 29181 1.24036e+07 90675 564391 13553 13674 885 3.67037e+06 
17058 17093 23985 24007 2.93563e+06 53985 734180 4133 0 549 862696 
18509 18588 29350 29389 6.97789e+06 54170 1.75708e+06 7363 0 732 2.05439e+06 
17745 17816 29163 29258 8.39722e+06 82984 322188 10827.5 5910.18 664 2.47738e+06 
11289 11342 25985 25991 1.30622e+07 79123 591234 14229.5 11496 983.208 3.85269e+06 
10296 10348 26572 26670 1.61053e+07 76042 711685 17409 16758 857.305 4.74992e+06 
19696 19784 26842 26942 3.38051e+06 54945 196457 3268.23 3640 508 994146 
13244 13318 22548 22643 5.82645e+06 81581 309203 6719.25 5928 898.859 1.71941e+06 
10630 10669 24425 24511 1.25064e+07 63603.1 561448 12961 8983 946.22 3.68885e+06 
10955 10977 29198 29220 1.78816e+07 94213.6 874866 21531 19578 1175 5.29521e+06 
11407 11498 28975 29007 1.9183e+07 99362 816930 20051.6 19670 1339.61 5.65606e+06 
13012 13074 29952 30015 1.80416e+07 102336 1.18054e+06 17449.3 11529.1 1040 5.32509e+06 
12382 12459 28040 28114 1.50734e+07 87442 671397 16894 28895.1 1007 4.4472e+06 
11319 11327 28192 28198 1.75635e+07 342585 791201 19892 17977 863.762 5.18271e+06 
15990 16084 20077 20154 1.45785e+06 54533 120537 1479.59 1968 483 427367 
19665 19722 25797 25866 2.44287e+06 96291.8 164078 3673 2397 434 734422 
16503 16526 22385 22424 2.22694e+06 82174 172419 3902 3149 -nan 656478 
15852 15883 27716 27735 9.23371e+06 166764 430870 9940 6376 845 2.73466e+06 
12018 12071 25590 25646 1.10803e+07 92992 533852 13879.2 12284 914.215 3.26833e+06 
16011 16089 26893 26935 6.42707e+06 269175 349333 7833 4321 708 1.89631e+06 
19755 19827 28109 28154 2.46676e+06 95134 260611 6210 4427 582 1.30118e+06 
13099 13118 24896 24943 8.37379e+06 54868 407889 9524 0 812 2.4662e+06 
13154 13200 26319 26369 1.02859e+07 64996 467131 11673 9902 -nan 3.03021e+06 
15017 15055 29943 30040 1.34778e+07 166562 645471 14862 10924 1010 3.97846e+06 
16650 16673 27729 27782 7.66791e+06 4.8336e+06 348546 8644 7039 688 2.25812e+06 
17500 17580 25280 25284 407656 71557 201159 4285 3926 682 188891 
15376 15427 29966 29980 1.32598e+07 273969 515699 17712.4 11419.8 1223 3.92018e+06 
16868 16927 22592 22647 2.00273e+06 54504 489653 3187 0 511 587531 
15618 15713 26227 26228 6.27009e+06 81389 290812 8406.58 5896.81 665 1.85009e+06 
18792 18868 25649 25702 2.79866e+06 54228 188919 3026.57 1125 540 822649 
18815 18838 27329 27414 4.58281e+06 54494 246294 5557 0 613 1.34864e+06 
11823 11830 27198 27295 1.51744e+07 77443 590314 15156.7 11643.2 1016 4.47547e+06 
11343 11411 21711 21723 3.57979e+06 54236 373475 8514 6990 787 1.90732e+06 
10362 10419 22988 23035 9.73462e+06 93781 524656 11500 0 851 2.87141e+06 
15232 15248 23954 24024 2.85436e+06 54247 290508 6564 5573 643 1.51254e+06 
10030 10093 25455 25529 1.48666e+07 86181 939762 15653 0 989 4.38411e+06 
15042 15061 24472 24558 5.42046e+06 79799 329947 6761.02 4157.37 792 1.59966e+06 
16568 16660 28440 28484 9.02768e+06 59140 826391 8630.95 6015.65 715 2.66323e+06 
12254 12352 21572 21663 5.4889e+06 54859 333754 5685.62 5604 703 1.61591e+06 
16571 16624 26820 26912 6.0336e+06 54779 1.48149e+06 7586 0 658 1.77581e+06 
12959 13016 21171 21175 4.20505e+06 54811 242475 5341 3644 -nan 1.23738e+06 
13254 13309 23431 23516 6.13264e+06 3.84514e+06 341920 7697 5366 679 1.80559e+06 
16395 16479 23806 23814 3.20166e+06 106491 217251 4484 2300 542 957640 
14907 14942 29530 29578 1.23407e+07 75173 594687 13493 8528.12 943 3.69601e+06 
15799 15834 29093 29163 9.62428e+06 55063 2.34284e+06 11158 0 734 2.83454e+06 
15448 15547 26319 26366 7.32957e+06 82811 375097 8899 8248.28 730 2.17371e+06 
10486 10532 22049 22138 9.42996e+06 82254.1 430057 10417 9992 843 2.84756e+06 
10346 10348 25189 25209 1.294e+07 192686 603709 14520 14255 1021 3.81758e+06 
19437 19527 20869 20889 225093 53810 64488 1062 464 -nan 63943 
10260 10341 29256 29308 2.25411e+07 91209.1 912541 22095 21340 1210.72 6.64779e+06 
14978 15029 28613 28652 1.16122e+07 76697.1 557318 12468 7103 878 3.4508e+06 
11308 11369 23986 24059 9.90849e+06 85813 403993 57715.9 7906.12 920 2.92276e+06 
12112 12132 20758 20758 4.86643e+06 87693 304368 7900.76 2865 659.228 1.43634e+06 
15108 15142 29782 29803 1.24836e+07 98677 620133 14097 0 923 3.68126e+06 
14992 15051 29489 29543 1.20992e+07 89139 590793 13840 12778.3 964 3.58203e+06 
16453 16464 24813 24871 4.10612e+06 70480 230311 5474 0 575 1.20811e+06 
17929 18003 26167 26188 3.9996e+06 74776 215789 4376.12 3495 1015.18 1.18083e+06 
18128 18223 21379 21397 443895 53810 89021 1751 1214 395 225554 
12052 12092 28062 28085 1.56037e+07 547179 716740 17143 15198 725.233 4.60382e+06 
12251 12279 20703 20785 2.65862e+06 53872 297810 6279 3179 713 1.36397e+06 
11507 11530 22237 22257 8.08973e+06 5.04681e+06 380842 8846 8134 827 2.38249e+06 
19834 19882 20239 20241 125794 71320 41640 134.602 709 306 30507 
15476 15561 27034 27106 7.00872e+06 87372 407904 8451.67 5165 1029.69 2.06864e+06 
18547 18634 20356 20409 564656 54355 141689 1406 0 387 163521 
19399 19466 29532 29624 5.79956e+06 247090 330223 7485 6214 713 1.7154e+06 
19864 19948 22487 22574 246800 53637 76401 1231 237 346 116587 
15207 15268 20080 20132 2.0159e+06 54068 505181 3013 0 512 591526 
11552 11620 21411 21480 6.33855e+06 54479 1.59596e+06 7333 0 727 1.86623e+06 
12899 12940 20823 20839 4.24152e+06 72033 245034 5512.69 1871.79 600 1.25214e+06 
11995 12030 24705 24761 1.05047e+07 54908 479862 10328.5 6213 845 3.09462e+06 
11650 11711 23955 24003 8.80936e+06 82750 473430 9493.96 5064 905 2.59473e+06 
16088 16135 27215 27298 7.18353e+06 80043 344165 7538.72 5047 629.984 2.11931e+06 
14199 14257 28645 28731 1.17261e+07 55110 571779 11889.6 11170 878 3.45467e+06 
18594 18687 28785 28808 6.27626e+06 54474 336517 6355.1 5142 715 1.84785e+06 
16304 16329 28077 28119 7.841e+06 78223 431059 9859 0 816 2.31242e+06 
16716 16782 28198 28257 8.31897e+06 55041 408266 9276 7323 -nan 2.45026e+06 
19872 19874 22448 22520 645388 61428.2 77460 1237 287 397.333 192111 
14501 14592 27335 27431 9.48591e+06 5.91637e+06 447513 10109 6016 782 2.79415e+06 
11440 11485 21312 21406 6.51983e+06 338475 334609 7551 5342 735 1.92211e+06 
10143 10197 28909 28950 2.14522e+07 83270.9 907142 22289 21977.8 1263 6.34753e+06 
10625 10723 21019 21095 5.94004e+06 63935 360271 8393 8197.69 913 1.86724e+06 
12196 12265 29651 29651 1.83493e+07 95748 1.16272e+06 19354.3 13341.7 1140 5.41558e+06 
19513 19591 23123 23201 1.02506e+06 54055 98989 1075.13 737 348 299746 
18528 18544 24062 24138 1.94064e+06 54371 156070 2123.72 968 509 569870 
10414 10471 21370 21377 8.05081e+06 88767 378100 8273.71 6329 688.601 2.37532e+06 
15128 15167 26010 26093 7.50413e+06 76986 367597 7517.67 7649 704 2.20994e+06 
12278 12320 25233 25297 9.78925e+06 85300.5 491434 11757 10329 911 2.99675e+06 
15701 15734 22252 22253 1.38471e+06 53730 189797 3687 1355 601 731578 
14420 14518 22954 22986 4.62112e+06 78951 264153 6240 6473.22 680 1.36945e+06 
11917 12002 21822 21872 6.77411e+06 81212 361129 7528.38 6796 4233.47 1.99881e+06 
18065 18127 22742 22797 1.46514e+06 54403 128330 1481.12 1709 484 429444 
15435 15532 29103 29119 6.163e+06 54937 536596 12649 12003 782 3.30016e+06 
18393 18457 23386 23442 1.46609e+06 54100 132842 2516 0 468 429717 
11825 11839 22355 22421 6.96764e+06 80516 1.63785e+06 8842 0 916 2.04383e+06 
13838 13924 21580 21595 4.06091e+06 54389 245230 5245 3186 -nan 1.19493e+06 
11829 11877 27717 27745 1.46788e+07 106559 676533 16172 0 1067 4.32936e+06 
18351 18387 23616 23622 1.91219e+06 1.20241e+06 132713 2765 2124 478 561156 
16735 16742 26099 26175 5.00227e+06 143485 271657 6003 3925 579 1.48111e+06 
19176 19203 23005 23072 475718 53650 106261 1851 436 372 240715 
15608 15707 29734 29752 1.12965e+07 79571 540771 12351 8682.17 831 3.3667e+06 
15773 15808 22222 22225 2.98357e+06 77075 196034 4049.95 3467 921.912 881313 
15516 15609 21918 21993 2.38895e+06 54315 189940 4088 0 546 701772 
15246 15326 29342 29388 1.11043e+07 87445 1.04616e+06 12858 0 813 3.2747e+06 
11462 11517 24870 24945 1.02579e+07 82318 479179 13130.3 9140.12 996 3.02597e+06 
12267 12362 28290 28387 1.68952e+07 113219 755869 17730 0 1032 4.9823e+06 
10425 10517 23688 23708 1.12467e+07 74952 472558 13115.8 10974.4 971 3.31734e+06 
18443 18471 24787 24814 2.47508e+06 102905 161941 3650 2208 538 744038 
18190 18192 23084 23123 1.61097e+06 54226 136036 1678.43 1279 455 472264 
17965 18053 21519 21614 901031 54159 108214 955.053 415 374 263209 
16371 16471 27641 27726 7.13886e+06 4.47685e+06 352465 8237 7429 691 2.10229e+06 
16369 16405 26301 26339 5.66274e+06 71816.3 291953 6900 5822 409.004 1.6712e+06 
13786 13859 29091 29107 1.48296e+07 83830 630777 14799.8 11416.3 942 4.37382e+06 
11789 11845 24079 24178 9.4966e+06 55422 465463 9860.19 7112 906 2.79738e+06 
11626 11676 21341 21431 6.2084e+06 77272 333315 6610.36 3450 2444.28 1.83197e+06 
19901 19917 22457 22469 462383 53914 76649 497.107 492 354 133854 
13087 13164 24147 24238 8.1098e+06 75374.7 379731 9147 8155 655.41 2.39247e+06 
12959 12975 28173 28245 1.41853e+07 83369 649020 15092 9794.96 885 4.18339e+06 
11112 11183 23510 23585 9.26504e+06 59905 452546 14041.6 10404 782.008 2.73338e+06 
11209 11267 22342 22342 7.05398e+06 54812 381490 8391 3877 -nan 2.07723e+06 
19064 19103 25515 25581 2.77265e+06 54549 169574 3624 2431 -nan 815112 
15391 15416 22848 22890 3.3754e+06 54198 235495 4811 2907 -nan 992906 
19252 19337 24427 24459 1.81396e+06 53879 145462 2617 1290 -nan 532486 
13151 13220 22355 22368 2.9379e+06 54017 285366 6498 5486 612 1.57106e+06 
16831 16849 25223 25306 2.51507e+06 54355 229442 5259 4637 592 1.3177e+06 
12878 12973 24891 24936 8.9775e+06 79651 425142 9070.23 9373 828 2.64441e+06 
18693 18779 29554 29621 7.15447e+06 88476 368173 8040.73 6075 862.434 2.11116e+06 
10814 10865 26424 26471 1.47835e+07 72022 741810 15911 0 1072 4.35942e+06 
14149 14217 20728 20784 2.92938e+06 54104 729797 3929 0 604 860784 
10052 10090 21341 21351 9.00487e+06 60179 409394 9452 0 763 2.65554e+06 
11029 11056 26810 26888 1.50542e+07 83233 580024 16052.1 10772 1094 4.4399e+06 
10478 10531 21435 21528 7.96819e+06 55415 395945 8267.35 4095 665 2.34686e+06 
15089 15095 20016 20098 2.33063e+06 54296 571556 3298 0 548 684215 
15667 15717 24418 24458 2.65874e+06 53746 264976 5856 4205 651 1.40576e+06 
16346 16426 20763 20809 1.48941e+06 84754 122931 2337 265.115 492 436655 
11394 11432 21094 21122 6.26076e+06 56715 1.56124e+06 7228 0 717 1.84306e+06 
11496 11549 25128 25199 1.21695e+07 90552.9 536616 13078 12735 948.315 3.58948e+06 
14790 14829 28463 28533 1.21191e+07 169724 558650 12701 8968 939 3.57727e+06 
12338 12344 27104 27105 1.31702e+07 79625 561274 14015.1 7997.78 925 3.88461e+06 
12523 12544 27708 27807 1.41107e+07 72561 611167 14051.9 8607 920.657 4.16176e+06 
13327 13398 29345 29416 1.47141e+07 76921.3 673475 15366 9998 824.958 4.33964e+06 
17639 17734 25636 25697 2.0713e+06 53824 215459 4657 2924 526 1.08766e+06 
16148 16188 28580 28636 9.09519e+06 85608 448837 9884 11513.7 753 2.6809e+06 
16751 16808 28058 28069 8.52484e+06 75886 441293 8415 0 709 2.51405e+06 
15576 15668 26696 26714 7.46552e+06 76298 1.85433e+06 8191 0 678 2.19818e+06 
14447 14451 23128 23202 4.74409e+06 54284 265661 5954 4792 -nan 1.39624e+06 
11281 11300 25547 25638 1.23664e+07 87076.2 572658 13578 11860 1042 3.66567e+06 
13627 13686 22309 22409 4.87803e+06 59617 286283 6081 3271.56 771 1.51841e+06 
14069 14133 20171 20206 2.943e+06 54090 167095 3209 0 557 865239 
13842 13880 27115 27121 1.15694e+07 79130 488091 11358 0 864 3.41164e+06 
11853 11952 21511 21549 6.34988e+06 55480 334180 6341.49 5341 700 1.86936e+06 
10609 10611 28806 28863 2.09675e+07 85173.4 866453 20884 18341.6 1231 6.20612e+06 
12903 12945 21879 21979 5.11804e+06 56166 305114 6993 6291 1025.8 1.51058e+06 
11583 11594 23787 23865 9.71004e+06 85226 425251 12370.6 9618.38 925 2.8643e+06 
14298 14306 21474 21551 3.27434e+06 54235 223263 3567.38 1682 581 962986 
19273 19296 23946 24024 827599 53962 145078 2973 1868 483 427518 
11445 11534 24081 24143 1.03739e+07 54889 481545 11157 0 877 3.05611e+06 
13637 13656 25102 25176 5.08609e+06 54310 393527 9270 8707 782 2.46659e+06 
18641 18642 26787 26819 4.07136e+06 58685 241165 5367 2350.83 614 1.20009e+06 
11831 11915 22487 22490 4.16276e+06 54181 374784 8470 6726 814 2.01034e+06 
17069 17120 22291 22358 1.87706e+06 54242 147932 3146 2467 -nan 550926 
11814 11865 26222 26303 1.35586e+07 77361 571536 14295.4 12381 959.887 3.99903e+06 
15850 15855 28292 28295 8.73251e+06 54618 468413 10239 0 790 2.57217e+06 
19094 19138 25302 25346 2.0663e+06 54632 169583 3697 0 514 606723 
18210 18218 27297 27366 5.18712e+06 54394 252968 5299 0 579 1.52686e+06 
13786 13799 21724 21820 4.20911e+06 58427 260991 5717 2745.23 667 1.24003e+06 
10016 10043 26773 26858 1.65421e+07 88560 643908 22004.4 14088 1108 4.88339e+06 
19162 19163 23319 23343 745947 84255 131257 2586 983 449 349410 
11435 11510 25236 25263 1.27402e+07 81903 545612 13230 12309.4 1086 3.76476e+06 
18917 18997 21061 21073 299402 53498 82914 1391 285 402 133083 
15267 15309 23352 23400 4.18299e+06 54464 261617 4325.59 3705 590 1.23101e+06 
15792 15823 26651 26732 4.57206e+06 82376 393378 8471 5571 738 2.20575e+06 
16176 16186 24665 24711 2.28512e+06 55007 839778 4656 2695 561 1.19172e+06 
19851 19941 21135 21227 132172 53905 45948.7 703 103 259 53424 
15733 15779 23926 23979 4.35582e+06 74113 262688 4471.08 2750 623 1.2818e+06 
12242 12298 23436 23456 7.5064e+06 261852 425460 9699 7334.31 776 2.21498e+06 
11874 11921 19938 20019 4.51404e+06 54987 267338 4687.22 5669 671 1.32841e+06 
16196 16291 25392 25398 5.17238e+06 95398 254778 5807 0 656 1.5226e+06 
10993 11012 22878 22912 8.5505e+06 91567 456014 9759.98 8868 3109.77 2.52243e+06 
19191 19277 29920 29926 6.79068e+06 80260 366993 7704.43 6786 14035.8 2.0036e+06 
13762 13785 28218 28307 1.31577e+07 101657 594988 13692 9664 844.263 3.88104e+06 
19155 19162 26753 26832 3.56208e+06 2.22939e+06 227386 4567 1722 515 1.04797e+06 
14470 14514 29907 29997 1.39226e+07 81636 652602 17228.9 13717 957.632 4.10641e+06 
12357 12435 21297 21311 2.51865e+06 122221 309066 7638 7765 -nan 737364 
19214 19234 26186 26286 3.29092e+06 325356 191709 4069 2701.24 524 972499 
15082 15114 20888 20909 2.71447e+06 1.70018e+06 185385 3895 2682 635 797959 
18645 18723 27421 27486 4.97871e+06 56492 246431 5677 5342 -nan 1.4657e+06 
15754 15835 26792 26804 7.54599e+06 79245 372061 8471 4227.48 715 2.22544e+06 
12349 12433 21261 21304 3.40397e+06 53736 302501 6560 4090 652 1.65856e+06 
17186 17198 20708 20807 833531 53641 107570 2158 1589 417 391967 
18901 18943 25519 25530 1.77211e+06 85517 292805 3865 2252 542 930655 
15001 15045 27334 27373 9.70773e+06 6.05561e+06 442479 10305 8589 747 2.85972e+06 
11457 11535 20988 21050 6.3622e+06 112863 329822 7509 5561.18 787 1.87771e+06 
14245 14257 29412 29416 1.37607e+07 85645 591796 13529 9005.35 888 4.06234e+06 
11454 11539 27858 27941 1.73497e+07 79838 740650 18032.8 16921 1241.99 5.11676e+06 
15813 15857 27860 27884 9.16784e+06 54818 426624 12336.3 9334 797 2.70539e+06 
10105 10196 26602 26678 1.50319e+07 78198.4 725761 17074 12939 1111.92 4.4335e+06 
14515 14552 22297 22391 4.11046e+06 2.58992e+06 238285 4962 2574 669 1.20947e+06 
11385 11416 28802 28831 1.98687e+07 95269 817389 19584.1 19502 1968.6 5.86314e+06 
19238 19335 26596 26696 3.35807e+06 73434 220361 4779 0 529 987599 
10962 11044 28742 28805 1.18712e+07 83394 909218 20635 20328 1188 5.78208e+06 
16499 16536 25872 25963 3.28686e+06 54211 267313 5955 4578 570 1.58265e+06 
11779 11816 23587 23631 4.97317e+06 82423 452882 10241 7500 834 2.60653e+06 
19311 19356 20156 20165 180719 69644 63165.7 1185 514 329 59859 
16501 16554 23276 23344 1.65694e+06 58942 177061 3962 2338 497 790667 
13258 13333 20756 20845 2.15056e+06 53785 812635 4899 3563 626 1.1378e+06 
15451 15491 21529 21554 2.73076e+06 80427 200762 3868.49 3399 1336.25 806592 
12563 12593 28979 29024 1.68969e+07 155705 699948 16898 16727.5 955 4.98338e+06 
14739 14797 23849 23896 4.59974e+06 54400 297422 6485 0 663 1.35354e+06 
16773 16816 21010 21108 944831 72181 118972 2253 863 469 446904 
17426 17458 25355 25361 2.37974e+06 76986 761118 5204 3853 598 1.15731e+06 
14474 14497 20385 20432 1.64668e+06 53774 620773 3869 2601 630 877868 
19697 19754 24801 24855 1.04169e+06 53766 410052 2632 1566 473 491830 
13772 13797 24818 24824 7.75722e+06 54580 362119 8269 5955 -nan 2.28442e+06 
17086 17107 27686 27767 6.82649e+06 183993 343063 7604 4611 488.318 2.01448e+06 
12339 12427 26645 26664 1.28222e+07 98462.9 596168 14119 11613 944.33 3.78209e+06 
15466 15474 24864 24902 5.10836e+06 3.19817e+06 301867 6394 2816 665 1.50361e+06 
11418 11493 29523 29561 1.16057e+07 90148 960578 20050 15697 1196 5.64258e+06 
18216 18274 29273 29336 7.64284e+06 82334 334943 7946.97 4221 704 2.26396e+06 
14037 14069 29281 29376 1.37279e+07 88165 590176 19576.7 13595 757.952 4.04931e+06 
13544 13548 26056 26108 9.72672e+06 78453 458530 10397 7144 -nan 2.85816e+06 
10599 10637 20896 20959 6.83232e+06 77986 363460 7405.88 8057 783 2.01181e+06 
10943 11006 24176 24207 1.11786e+07 84596 539819 13593.2 7479 870.061 3.29685e+06 
13769 13787 26386 26477 8.53905e+06 60875.6 460945 10461 6821 591.296 2.51929e+06 
12972 13014 27200 27239 1.2248e+07 73742 539511 14636.2 12734 756.325 3.61264e+06 
12103 12138 24417 24514 5.68934e+06 55340 457469 10932 10563 852 2.7438e+06 
15052 15134 24142 24146 5.35473e+06 54547 305753 5565.3 4688 707 1.57628e+06 
17491 17546 27567 27609 5.91773e+06 79602 303219 7124 4310.71 599 1.75744e+06 
18637 18650 26605 26657 4.13754e+06 54228 233045 4500.87 2328 578 1.21743e+06 
15722 15811 21027 21068 2.0707e+06 54508 152149 2082.59 1578 528 608072 
12536 12631 26994 27053 7.59955e+06 75622 841116 13056 10349 852 3.67523e+06 
17617 17639 25810 25826 2.5755e+06 53942 215710 4911 3869 487 1.2333e+06 
18293 18303 27372 27436 5.43016e+06 3.40149e+06 246714 5514 4265 601 1.59845e+06 
18307 18320 27471 27532 5.86673e+06 179497 252881 5461 3134.16 548 1.73152e+06 
12947 13002 27887 27894 1.22099e+07 84404 606228 14634 12717.7 842 3.60246e+06 
16042 16055 23226 23294 3.52284e+06 54349 204920 3655.84 2519 474 1.03625e+06 
19518 19549 29286 29385 6.13255e+06 81528 311769 6768.62 3957 533.925 1.80961e+06 
13606 13676 28952 29023 1.46014e+07 80593 640453 15457 13728.5 952 4.39672e+06 
12024 12045 20707 20741 2.98539e+06 84848 1.12024e+06 7174 6562 881 1.60909e+06 
15991 16083 25607 25609 3.68531e+06 53715 1.39504e+06 6238 4623 638 1.94489e+06 
15551 15567 27214 27294 9.80224e+06 345938 401536 9254 6104 524.08 2.89155e+06 
12700 12764 25600 25644 9.76931e+06 123544 486120 10988 8109.65 819 2.8821e+06 
14888 14944 21407 21490 1.94808e+06 1.23692e+06 203769 4259 2849 583 571895 
10137 10233 22663 22725 8.93757e+06 88911 497266 11355 7942.62 939 2.70306e+06 
15867 15941 26056 26119 3.83126e+06 54504 292536 6849 6397 577 1.82455e+06 
12428 12494 25607 25617 9.33054e+06 55096 501454 11671 9331 -nan 2.74826e+06 
19071 19107 27947 28013 4.99978e+06 80737 252072 8622.29 2412 629 1.47614e+06 
10321 10359 24702 24799 1.22831e+07 261416 591546 14783 13793.1 1041 3.62317e+06 
12370 12431 23846 23870 7.48069e+06 54985 434553 7060.83 8722 795 2.20305e+06 
11968 12015 20767 20779 4.79807e+06 81589 305603 6119.02 3189 991.327 1.4163e+06 
16307 16402 25964 26003 5.15458e+06 54037 267705 5794 3459 -nan 1.51736e+06 
10023 10079 23085 23110 9.80287e+06 106478 511609 11492 7129 826.784 2.89184e+06 
16346 16440 25090 25132 2.61518e+06 53941 1.05109e+06 5387 4535 587 1.2677e+06 
10616 10644 25159 25240 1.2738e+07 74429 491024 19602.9 10912 989 3.75694e+06 
15874 15878 28748 28749 8.75384e+06 83754 494345 11590 9112.02 842 2.59437e+06 
10634 10729 28991 29078 1.65287e+07 118351 870679 18375 23902 1830.18 4.87387e+06 
15503 15564 27922 27958 9.70316e+06 124660 472544 10867 8860 708.768 2.86331e+06 
12301 12362 28978 29069 1.6774e+07 115088 747947 17314 12072 1154 4.94841e+06 
19050 19084 26979 27010 3.77082e+06 54778 234858 5257 0 631 1.10929e+06 
17822 17922 24255 24354 2.57393e+06 111727 169713 3526 1845.86 515 768488 
13541 13615 29160 29229 1.45111e+07 82577 659145 15416 10305.2 948 4.27959e+06 
17125 17180 24936 25025 3.62767e+06 2.29333e+06 214890 4822 4143 572 1.06711e+06 
11821 11839 20058 20105 4.91988e+06 3.13199e+06 267289 6017 5021 664 1.44817e+06 
15179 15230 21820 21916 2.92291e+06 74619 219947 4429 0 590 859348 
17970 17979 24742 24747 1.79429e+06 54448 719241 3759 3274 500 856033 
13264 13361 26878 26929 9.53744e+06 75210 512187 12133.4 8697 960.877 2.81341e+06 
14775 14846 29629 29654 1.20611e+07 62808.6 594358 13307 7809 974.134 3.55758e+06 
13511 13519 29893 29904 1.30927e+07 76976 732602 16104 7658 977 3.85979e+06 
11991 12023 25132 25222 9.06883e+06 70027.7 499525 12013 11265 763.818 2.67543e+06 
13039 13130 20050 20063 1.78404e+06 54078 205418 4462 3438 541 845538 
13198 13210 25918 25954 8.61504e+06 82890 449012 9958.27 8873 799.705 2.54159e+06 
17531 17612 24037 24082 2.75419e+06 1.73401e+06 180364 3895 3231 497 809422 
16125 16194 28741 28801 9.19938e+06 77428 458705 10554 6514.8 766 2.71206e+06 
16288 16325 26802 26822 3.89743e+06 53893 326182 6993 3138 647 1.87575e+06 
13661 13736 26774 26843 6.69585e+06 76985 533358 12011 10999 849 3.22202e+06 
14765 14844 27321 27396 7.51343e+06 59129 884475 9628.14 4727 757 2.6745e+06 
11228 11266 27081 27142 1.38948e+07 123344 655993 15733 14557 989.632 4.09827e+06 
11152 11223 24645 24666 8.93729e+06 125007 523839 11602 6512.95 953 2.63683e+06 
18214 18291 22732 22787 1.4731e+06 54112 122514 1601.04 748 487 431874 
17001 17071 21101 21117 1.08995e+06 57927 109063 2248 254.776 497 324083 
18669 18691 26278 26345 2.38547e+06 80234 205222 4477 3648 581 1.13927e+06 
19197 19277 26017 26049 1.53684e+06 53503 179039 3420 1647 456 800338 
14593 14670 26544 26596 7.66271e+06 80599 369787 36595.5 8677 855 2.25944e+06 
15705 15753 24909 24998 4.58414e+06 54530 276774 6269 4904 -nan 1.34913e+06 
16824 16912 20828 20905 987357 54066 114292 2213 0 491 288626 
15069 15078 28787 28835 1.11854e+07 83431 563507 13015 7219.79 918 3.29927e+06 
17677 17769 22490 22555 902707 53478 339394 2553 1381 489 469700 
17612 17622 24924 24994 2.81985e+06 78171 193540 3828.12 2136 917.105 833126 
19054 19107 25405 25421 1.9133e+06 53990 169494 3094 1233 -nan 561790 
14981 15066 25934 26024 7.76512e+06 77843 318212 10966.4 7476 773 2.29299e+06 
19865 19894 23429 23522 1.05051e+06 54052 93514 1783 1010 -nan 307298 
17978 18009 27732 27795 5.75142e+06 71233.4 298910 6735 5014 776.394 1.69747e+06 
15511 15586 24212 24311 4.50421e+06 2.83466e+06 272196 5835 3576 562 1.32543e+06 
15090 15132 21333 21346 3.08206e+06 54211 185739 4109 3519 -nan 906192 
17827 17832 25640 25651 3.83436e+06 54604 201510 3995.01 3355 521 1.12796e+06 
13700 13774 22243 22278 4.95524e+06 70768 279542 7040.53 4643 674.797 1.46256e+06 
13012 13094 24992 25052 4.98245e+06 81027 464861 10188 9466 824 2.41186e+06 
19029 19074 28449 28461 6.21557e+06 72569 335910 7172 0 720 1.8293e+06 
10009 10084 27532 27610 1.93009e+07 98994 1.14588e+06 18959.9 18763 1138 5.73941e+06 
10120 10122 21778 21860 8.23436e+06 55402 452350 10458 9507 -nan 2.42537e+06 
19734 19740 23259 23296 506067 53791 107181 2123 1525 379 230650 
16555 16591 24449 24508 1.35069e+06 53740 219287 4577 3097 604 703122 
18567 18578 27410 27411 4.2234e+06 54306 246538 5569 4720 -nan 1.24274e+06 
13696 13714 23680 23720 6.15247e+06 85629 345395 8151.15 6985 913.784 1.81544e+06 
12412 12419 23962 24052 8.66831e+06 55153 431691 10124 0 837 2.55317e+06 
11975 12001 29548 29636 1.83213e+07 113502 809388 19058 15130.6 1114 5.46346e+06 
19972 19974 21212 21254 185576 53536 71810.8 737 133 262 77462 
10829 10831 24495 24594 1.08183e+07 85601 522126 13438.6 8720 1025 3.27157e+06 
11010 11039 21325 21365 6.35868e+06 54508 353907 6855.49 3511 678 1.87228e+06 
15585 15611 28638 28716 7.08158e+06 84107 509129 11921 9543.42 798 2.64162e+06 
18836 18866 29446 29541 4.08196e+06 91526 363154 7864 3456 756 1.97165e+06 
13094 13109 28549 28564 1.2524e+07 76336 667547 14761.1 10065 928 3.74292e+06 
12743 12748 25548 25560 8.96385e+06 92825 462883 10941 7771.69 967 2.68188e+06 
12691 12774 29443 29490 1.59917e+07 78408 724952 17689 16393.8 1098 4.72758e+06 
13478 13546 22383 22444 5.20715e+06 55222 290782 5323.09 5182 684 1.53283e+06 
14163 14194 26179 26189 7.51847e+06 86640 397770 9959.48 5531 672.464 2.21832e+06 
19489 19560 23250 23345 1.00078e+06 54129 113792 2192 0 388 292608 
11384 11424 27072 27102 1.40137e+07 85444 657404 15691 13376.3 1032 4.13424e+06 
10518 10583 23820 23855 1.16502e+07 73523.2 522367 12384 34605.1 939 3.43659e+06 
12559 12571 21013 21041 4.85626e+06 3.05352e+06 266003 6086 5663 662 1.42919e+06 
13775 13834 23072 23141 5.45479e+06 3.46424e+06 286415 5930 4007 620 1.6058e+06 
19702 19738 29733 29807 5.55826e+06 72756.2 318132 7272 5277.22 647 1.6406e+06 
14557 14571 29416 29439 1.35723e+07 90561 577406 13325 9409.04 930 4.00831e+06 
10972 11046 29208 29214 1.17622e+07 78892 1.02309e+06 20329 14675 1194 5.73003e+06 
12372 12449 23589 23669 7.49795e+06 54878 406636 9481 8683 -nan 2.20826e+06 
12319 12381 20223 20241 4.23361e+06 77054 271254 5724 2486 -nan 1.24577e+06 
14090 14104 27093 27097 7.12518e+06 72724 446053 10455 7408 788 3.44394e+06 
18772 18861 29661 29687 3.57723e+06 54066 1.35228e+06 7750 4096 755 1.90339e+06 
18362 18414 21483 21554 854919 549175 96096 1855 1091 394 249571 
10796 10857 25758 25770 1.41496e+07 61677.7 624632 14981 22187 1044 4.17496e+06 
16477 16481 20939 21021 1.43153e+06 57530 118723 2438 0 465 420439 
16765 16856 21419 21494 1.46957e+06 54285 120124 2012 0 383 431055 
14229 14320 29225 29226 1.35896e+07 89505 584205 14367.4 12830 953.982 4.00816e+06 
15569 15645 27231 27280 8.03758e+06 55024 383051 9036 0 723 2.36712e+06 
10473 10529 27860 27940 1.70623e+07 90664.7 795497 18679 17057.4 1097 5.03319e+06 
18158 18239 23701 23732 2.00977e+06 84858 157128 3423 2429 -nan 590138 
10896 10936 28299 28321 1.06586e+07 86642 854381 20235 19588 1271 5.227e+06 
19447 19497 23820 23849 1.54406e+06 54257 127741 2594 1830 -nan 452775 
13396 13418 21319 21389 2.77152e+06 54333 1.1073e+06 5465 5001 604 1.32218e+06 
12530 12606 23620 23715 7.58967e+06 76635 368091 8554.58 5817 749 2.25295e+06 
15628 15699 29939 29993 9.77852e+06 55166 578576 13240 0 872 2.8806e+06 
11846 11857 23172 23195 8.29312e+06 5.20891e+06 401574 9394 8275 791 2.44254e+06 
18239 18318 25651 25666 3.12039e+06 1.96407e+06 189192 4122 2776 513 917631 
17241 17320 27017 27039 5.9677e+06 76108 306011 6650 0 654 1.75703e+06 
16663 16663 20007 20046 1.03713e+06 670018 98919 2024 1442 436 303060 
12049 12052 24202 24236 9.28086e+06 123201 465399 11175 10488.4 873 2.73824e+06 
18169 18242 28119 28165 5.88051e+06 101304 360717 6903.35 5142 688 1.75338e+06 
11530 11611 27455 27519 1.47613e+07 95743 683824 17357.8 11974 1033.51 4.35342e+06 
12395 12398 23403 23501 4.65673e+06 54334 413796 9598 8577 788 2.26215e+06 
12033 12059 21826 21864 3.2819e+06 80488 404705 7738 3093 754 1.7204e+06 
12573 12612 27027 27125 1.28517e+07 81952 551853 12461.2 8581 866.254 3.79115e+06 
18857 18906 27899 27916 4.97672e+06 54319 290980 6040 2681 -nan 1.4649e+06 
18809 18810 25728 25789 1.91871e+06 81217 315436 4412 3208 577 920700 
13210 13253 23425 23449 6.53712e+06 309587 343428 7986 7647.47 706 1.92877e+06 
16087 16140 27886 27925 4.71898e+06 54618 396676 9200 7499 706 2.30109e+06 
18612 18618 27188 27217 4.50409e+06 54397 246220 5644 5098 -nan 1.32554e+06 
18821 18908 21260 21351 201805 65317 61706.9 1737 1661 493 76235 
17130 17182 22478 22521 1.71148e+06 54322 148225 3148 0 541 501937 
14878 14950 21835 21918 3.52527e+06 2.23328e+06 230390 5013 4006 623 1.03677e+06 
16264 16304 26370 26395 5.89824e+06 128021 328968 7822 5763.49 722 1.9395e+06 
15940 15962 22281 22356 1.91776e+06 86527 185341 3987 2338 614 840486 
11097 11155 25194 25289 1.22675e+07 65328.4 552629 12962 9935 1003 3.65264e+06 
14556 14576 28531 28535 1.20562e+07 250893 559638 12793 7752.83 926 3.55644e+06 
13393 13423 25339 25387 9.02381e+06 89499 419252 9490.9 7200 1003.19 2.66198e+06 
10878 10971 21956 22043 7.61951e+06 84795 482719 9470.61 8300.23 858 2.24813e+06 
12783 12838 26643 26709 1.17829e+07 54872 543681 12779.1 8991 834 3.47142e+06 
15056 15058 26918 26948 8.2365e+06 90939 441904 9074.99 5267 13814.8 2.43233e+06 
14596 14646 22535 22571 4.38343e+06 54517 1.09e+06 5405 0 664 1.28942e+06 
16826 16839 29480 29533 9.33156e+06 82250 383651 19271.8 6231.17 766 2.75291e+06 
17658 17703 23062 23101 2.07802e+06 53703 135940 2703 1109 -nan 610196 
14055 14070 28398 28409 1.34902e+07 78044.1 577890 13523 18848 861 3.97909e+06 
14871 14960 22266 22366 4.04177e+06 54689 238098 4282.23 4405 685 1.18901e+06 
16844 16860 26384 26450 5.48284e+06 3.04793e+06 297206 6817 5640 604 1.61399e+06 
14376 14390 27145 27228 1.00182e+07 164876 444033 10257 5964.55 812 2.95517e+06 
16177 16264 27546 27575 7.38194e+06 55738 346945 7441 0 614 2.174e+06 
14622 14693 20890 20905 2.77396e+06 54758 186059 2822.48 3655 593 815333 
15509 15516 25546 25569 5.70718e+06 59631 317725 7168.53 5073 576.028 1.69169e+06 
10914 10959 29288 29333 2.11809e+07 83111 784478 21618.7 16648.6 1287 6.24645e+06 
11264 11298 24911 24996 1.17681e+07 80520 530948 12084.5 8210 1186.6 3.47129e+06 
17791 17891 26032 26042 3.98597e+06 54357 209773 4396 2455 -nan 1.17271e+06 
10645 10743 26311 26404 1.50613e+07 78973 1.0991e+06 16315 0 1057 4.44106e+06 
19160 19240 23561 23569 1.26316e+06 64801 313387 2564 0 490 369395 
15936 15937 21491 21567 1.87907e+06 53951 471489 3204 0 489 551169 
14103 14136 23358 23449 5.1172e+06 54896 295230 6749 0 623 1.50623e+06 
15208 15308 23370 23382 4.27397e+06 2.35135e+06 261398 5834 4729 602 1.25759e+06 
13985 14023 26724 26821 1.02429e+07 90282 465225 14294.3 10582 806.255 3.02133e+06 
13102 13193 23992 24040 7.14063e+06 55494 365079 7938 4387 -nan 2.10253e+06 
9950 10015 23518 23526 1.04509e+07 92061 484344 13285.2 11475.8 896 3.08282e+06 
17607 17633 22445 22494 1.58978e+06 76268 133927 2846 0 518 466310 
14911 14962 25472 25533 6.4593e+06 54476 337861 7529 0 668 1.902e+06 
12950 12978 21066 21094 4.28125e+06 59031 243025 5605 0 573 1.26e+06 
11960 12028 24331 24331 8.63872e+06 55202 2.15098e+06 10271 0 816 2.54411e+06 
16841 16921 28848 28859 8.28436e+06 93419 381806 10770.8 7122.86 754 2.44434e+06 
10314 10338 27173 27255 1.68669e+07 79390.2 741584 18128 17247 1060 4.98864e+06 
13427 13448 27647 27721 1.18932e+07 137094 545546 12607 7553.28 874 3.50798e+06 
12272 12309 25364 25401 1.06805e+07 86735 498098 12039.5 10414 1099.6 3.1503e+06 
16347 16416 20479 20498 924700 54018 112721 2282 1591 514 430277 
13515 13539 21259 21356 4.11246e+06 104219 368297 5806 0 699 1.21306e+06 
10652 10676 23099 23118 1.01164e+07 67457.2 475386 11294 16756.5 953 2.98402e+06 
13550 13635 24489 24523 7.44229e+06 87979 432092 8642 0 874 2.19479e+06 
13090 13095 20246 20292 3.43771e+06 82720 283597 4978 0 547 1.01422e+06 
13099 13141 22498 22596 5.99296e+06 3.30487e+06 291589 6990 4640 629 1.76494e+06 
14794 14829 22270 22272 3.12325e+06 1.7776e+06 230823 4594 2149 673 918226 
17544 17608 26050 26058 2.11923e+06 53929 228178 5141 4472 495 1.00226e+06 
19293 19365 25556 25609 2.77369e+06 54195 178893 2903.17 1502 489 815422 
13402 13469 21692 21780 4.47582e+06 81692 283108 5645.52 4156 1566.02 1.32101e+06 
15175 15270 26873 26923 9.2177e+06 54783 414769 8958 4875 -nan 2.71506e+06 
12822 12877 26962 27030 1.24669e+07 60099 827124 12778.6 10811.9 894 3.67779e+06 
18549 18549 25426 25460 2.97157e+06 54225 175243 3282.91 3208 539 873664 
15519 15581 20147 20150 1.24717e+06 54103 133463 2708 1732 523 602933 
11575 11628 23624 23641 9.32938e+06 5.70108e+06 443027 10692 8167 928 2.75091e+06 
11398 11478 26289 26366 1.35042e+07 139179 610196 14889 11804.2 997 3.98309e+06 
19299 19307 26994 27070 3.58955e+06 73487 229184 5299 5292.03 625 1.06471e+06 
18600 18630 29618 29713 7.22167e+06 54693 362245 7820 0 802 2.12662e+06 
16684 16700 23425 23439 3.15274e+06 54117 191464 3265.2 3095 537 927141 
10762 10789 21604 21638 7.54116e+06 4.6456e+06 1.84016e+06 9013 7539 763 2.2204e+06 
14442 14532 20318 20323 2.25485e+06 1.40059e+06 161224 3349 1895 563 662377 
10882 10977 23884 23961 1.0375e+07 98117 528316 11654.9 10535 2178.87 3.06279e+06 
18806 18864 21524 21585 625759 53802 95950 1616 318 -nan 182172 
10418 10506 21903 21908 7.107e+06 78430 430035 9414 5281 721.94 2.1055e+06 
10326 10384 25448 25535 1.39194e+07 82048 617642 14758 12838 1026.95 4.10409e+06 
15682 15772 24677 24753 3.0616e+06 53752 271224 5724 2939 630 1.46135e+06 
16347 16387 21508 21605 2.04038e+06 54019 142861 2908 1940 -nan 599139 
12384 12384 24037 24079 8.82302e+06 54745 437670 9997 7996 -nan 2.59887e+06 
17302 17350 24475 24508 3.17016e+06 74955 208368 4335 1518 374.814 1.02135e+06 
18320 18404 29292 29292 7.76452e+06 83359 349985 7952 4294 2729.49 2.28592e+06 
10113 10208 29664 29736 2.13952e+07 103738 952108 22835 19781 1237 6.32357e+06 
14596 14615 20185 20263 2.48602e+06 54192 155353 3252 0 569 730530 
16175 16204 25464 25466 5.05071e+06 3.1129e+06 1.22472e+06 5429 3477 547 1.48617e+06 
10034 10104 21383 21397 8.41049e+06 106010 423903 10286 9733 -nan 2.48449e+06 
14146 14213 21163 21169 3.17939e+06 1.95394e+06 766472 4236 3664 563 934409 
11790 11832 22914 22982 7.96199e+06 216513 427123 9134.72 8957 883 2.34913e+06 
16010 16089 29340 29340 1.06193e+07 59446 479482 15243 9502 712.367 3.13231e+06 
11817 11902 28639 28717 1.7273e+07 73840 773124 17967 11656 1083.54 5.09567e+06 
13499 13520 21468 21484 3.8852e+06 54890 250214 5672 5092 -nan 1.14288e+06 
13424 13446 24705 24744 7.99278e+06 4.87463e+06 449983 9479 7850 801 2.35719e+06 
11569 11660 22389 22398 7.73314e+06 4.19703e+06 1.59441e+06 8521 5440 848 2.27694e+06 
12801 12828 22059 22113 5.5044e+06 126430 272364 7785.64 2980 669 1.6245e+06 
11393 11484 21517 21571 6.43721e+06 54474 358666 6428.1 3122 712 1.89552e+06 
13666 13701 20743 20780 3.68993e+06 54494 228032 4206.01 4629 654 1.08539e+06 
11759 11844 20014 20067 4.70426e+06 54712 267504 4875.15 5671 649 1.38428e+06 
16251 16287 21933 21974 1.98316e+06 54172 156934 2074.93 1774 501 582235 
12896 12926 23155 23166 6.55165e+06 84168 357254 7896.72 3720 632.099 1.93312e+06 
18010 18044 23811 23818 2.31102e+06 1.43612e+06 159332 3288 2108 468 678885 
15892 15976 27978 27994 8.7438e+06 4.84556e+06 419352 9353 7023 727 2.57526e+06 
11996 12012 22333 22424 6.86836e+06 54471 368737 7413.14 5921 768 2.02244e+06 
10446 10519 24926 25018 1.23876e+07 136108 540415 14031.6 12778 978 3.65373e+06 
17460 17492 22995 23002 1.89833e+06 54164 154506 3245 0 493 557387 
12418 12424 28254 28255 1.57632e+07 120730 716001 16879 14939.7 1018 4.64913e+06 
14009 14011 21493 21575 3.29264e+06 54397 228853 4906 3238 -nan 968328 
17960 18041 22071 22130 1.27833e+06 802129 314885 2294 1638 407 373960 
13106 13129 20299 20376 3.88827e+06 79752.9 164421 9408.81 3941 549 1.14787e+06 
17742 17787 24813 24906 3.25996e+06 2.01908e+06 176093 3724 2428 470 958744 
11993 12019 21332 21419 6.26472e+06 79751 314482 7641.12 5223 749.326 1.84806e+06 
15065 15156 25802 25846 6.84554e+06 55318 358091 7773 4679 -nan 2.01581e+06 
11348 11417 25646 25694 1.23384e+07 7.62532e+06 941316 13809 11324 958 3.63884e+06 
12723 12751 28446 28532 1.5097e+07 72303.2 596159 22321.8 9983 1017 4.45275e+06 
15801 15883 22470 22528 3.02471e+06 54185 197184 3296.1 3341 580 889338 
19155 19170 27114 27166 3.86725e+06 54281 228053 5071 0 541 1.13768e+06 
19097 19126 29347 29401 6.93912e+06 83029 343264 7327 0 733 2.04626e+06 
16867 16896 26375 26425 5.71392e+06 93094 302700 6606 0 572 1.68126e+06 
18078 18142 25972 26066 3.73398e+06 54192 201686 4421 0 509 1.09857e+06 
16385 16480 25483 25509 5.36341e+06 92553.3 251464 5440 2265.04 613 1.58317e+06 
13996 14073 29622 29717 1.49453e+07 9.158e+06 674048 14554 10277 915 4.40698e+06 
19598 19674 25929 26022 2.77939e+06 54202 158687 2927.14 2366 416 817093 
14217 14229 26777 26876 8.8433e+06 86067 443390 10089.8 7634 950.188 2.6087e+06 
14723 14794 24017 24080 5.73084e+06 3.54108e+06 305796 6842 5243 696 1.68722e+06 
11850 11870 29116 29145 1.84065e+07 98768 778924 18160.8 18386 2269.14 5.43254e+06 
17255 17337 27131 27169 3.43047e+06 53851 301370 6526 3421 613 1.63905e+06 
19856 19903 27631 27672 2.98416e+06 59049 185249 3713 2210.86 416 1.00862e+06 
18574 18623 29014 29089 7.07806e+06 49130.3 337857 7362 1845.6 713 2.08859e+06 
14751 14792 23684 23740 5.16345e+06 145620 334660 6249 4940 705 1.52388e+06 
12578 12612 27322 27411 1.26927e+07 76955 574859 13312 9510 1008.69 3.74246e+06 
14627 14665 22608 22610 2.42473e+06 53376 244482 4926 2168 652 1.14967e+06 
15890 15893 21758 21814 2.42034e+06 54350 189518 3912 0 593 711098 
10947 10948 27299 27311 1.66941e+07 92961 722184 16650 16300 2527.94 4.92512e+06 
10731 10739 23158 23219 5.96229e+06 54290 469959 10436 6307 835 2.82814e+06 
10379 10405 29914 29960 2.16135e+07 1.33049e+07 1.11971e+06 23034 19922 1248 6.37291e+06 
14713 14735 29328 29359 1.34065e+07 77628.2 501281 16354.4 8357 926 3.95424e+06 
14804 14873 25471 25497 6.67957e+06 77593 344117 7926 6077.63 686 2.006e+06 
12899 12938 28609 28613 1.39161e+07 8.58627e+06 665771 15984 11576 949 4.10354e+06 
16354 16425 21948 21959 2.01356e+06 54318 156882 3357 0 514 591187 
11464 11537 28213 28308 1.69418e+07 237539 792544 18856 17356.3 1177 4.99708e+06 
15663 15709 21202 21265 2.34868e+06 1.4653e+06 156362 3286 1423 517 690118 
10231 10263 21906 21970 8.78173e+06 86959 449484 10392 0 808 2.5867e+06 
10601 10613 21954 22023 8.12793e+06 78879 422034 9421.96 8060 994.688 2.39786e+06 
18438 18518 27124 27176 4.60584e+06 54202 240639 5533 4999 -nan 1.35552e+06 
16189 16201 26520 26538 5.76389e+06 76656 324877 7094 4378.77 526.138 1.70122e+06 
19607 19654 28681 28691 4.82902e+06 2.63196e+06 996498 6477 5456 635 1.42072e+06 
16655 16687 21136 21154 1.55353e+06 58899 115450 2416 1327.91 456 458914 
13781 13812 28209 28296 7.19607e+06 81455 594088 13802 11528 974 3.48266e+06 
15137 15235 25776 25835 7.84414e+06 88897.5 301592 12171.1 7145 662 2.3141e+06 
15246 15345 23369 23427 2.83641e+06 53863 267589 5786 3916 541 1.36017e+06 
11184 11244 22471 22550 7.39416e+06 53965.9 400869 8951 6071 789 2.2815e+06 
19211 19306 23326 23401 1.3196e+06 54154 122683 2491 0 421 386598 
16616 16667 20600 20653 1.39765e+06 74239 118442 2163 0 468 409521 
11539 11601 28555 28575 1.6926e+07 71425.6 800771 19074 16696.7 1206 5.04277e+06 
12125 12152 27290 27341 1.50028e+07 8.34122e+06 645102 14836 9263 964 4.42364e+06 
18504 18509 21031 21088 548791 319473 120186 1412 395 384 158996 
15200 15295 23978 24076 3.08086e+06 53902 290534 6473 5290 687 1.48249e+06 
18116 18176 23119 23181 1.67235e+06 937167 354622 2833 2176 448 490047 
11123 11207 20789 20882 6.8957e+06 87350 329824 7759 5227.1 778 2.05317e+06 
10216 10304 21068 21141 4.56322e+06 53841 395274 8445 4989 742 2.19598e+06 
14659 14689 28351 28414 1.23638e+07 83369 553198 13191 12721.4 866.138 3.64684e+06 
15836 15853 22639 22674 3.05465e+06 54726 203831 4515 3703 -nan 898128 
13960 14045 26211 26256 8.18058e+06 54536 413730 9380 6911 -nan 2.40933e+06 
19058 19137 22368 22429 764127 53955 104563 1788 0 395 222724 
10759 10799 26080 26087 1.49424e+07 78185 641580 14978 7206.54 983 4.40631e+06 
17101 17171 21403 21489 1.39639e+06 53969 113457 2199 1112 -nan 409079 
14681 14739 29631 29717 1.27866e+07 96735.9 520554 15881.2 10498 941 3.77226e+06 
17085 17135 21065 21116 1.25605e+06 706241 267265 2210 1419 452 367415 
17949 18023 27517 27554 5.85228e+06 54441 267158 6272 5845 -nan 1.72292e+06 
9996 10007 25257 25353 1.40213e+07 74797 631504 15318 15682.9 817.016 4.13538e+06 
18016 18049 29410 29470 8.52185e+06 55167 376394 9183.52 7283 726 2.50979e+06 
13495 13570 24395 24425 6.82972e+06 54669 379180 8738 7433 -nan 2.01116e+06 
13530 13536 25640 25732 8.32305e+06 55309 442226 10443 0 783 2.45123e+06 
11435 11452 22388 22440 7.80729e+06 73730 405211 9174 5588.59 915 2.31652e+06 
10626 10636 28254 28273 1.83814e+07 165647 762896 20578.4 18237 1161 5.421e+06 
16744 16745 29690 29770 1.00195e+07 54751 460336 10469 7902 -nan 2.95149e+06 
13943 13986 20065 20133 2.9435e+06 1.62699e+06 619038 4042 3340 578 864894 
14324 14393 21190 21287 3.19619e+06 1.55354e+06 596223 3847 2569 552 947944 
16102 16121 21384 21425 1.97503e+06 1.11597e+06 134662 2779 1875 441 579814 
14317 14345 23141 23150 4.55302e+06 2.58867e+06 318793 5953 3612 620 1.34302e+06 
17001 17070 29861 29924 8.54393e+06 4.72009e+06 548156 11307 8173 861 2.51937e+06 
17576 17628 24748 24806 3.3515e+06 1.85958e+06 705621 4299 3022 547 985305 
15041 15049 24828 24911 6.25664e+06 3.50068e+06 1.33888e+06 6893 3750 705 1.84182e+06 
18466 18544 21256 21336 533284 317544 119457 1375 270 374 154212 
10190 10277 24267 24275 1.19447e+07 297124 482370 14577.1 13527 1019 3.52322e+06 
18945 18952 21415 21455 351205 53762 88605 1629 1010 393 157491 
15162 15162 25212 25267 6.36401e+06 245631 322988 7542 6146 731 1.87811e+06 
12406 12485 22019 22027 6.31356e+06 3.47695e+06 1.32695e+06 7800 7110 700 1.85846e+06 
17728 17812 22447 22541 1.55255e+06 879800 335318 2333 1232 470 454863 
14797 14827 21812 21890 3.56727e+06 1.97319e+06 748574 5058 4345 672 1.04865e+06 
14848 14912 23237 23284 2.83027e+06 53966 267676 5977 4527 632 1.35209e+06 
16468 16551 22086 22096 1.20348e+06 53896 156585 2926 884 491 621045 
13475 13504 28627 28639 1.34939e+07 91105 649026 15274 13113.3 2851.38 3.98009e+06 
19521 19618 26255 26319 2.95876e+06 84667 168882 3792 0 504 869916 
16931 17020 27968 27978 7.30229e+06 54898 378059 7513.67 7803 727 2.15043e+06 
13868 13949 27117 27128 1.09815e+07 74533 479108 11565 11160 -nan 3.23517e+06 
18640 18670 23790 23823 1.47983e+06 823985 310623 3007 1917 512 433371 
13116 13143 24517 24539 8.45868e+06 70806.8 324266 16720.8 7567 785 2.4953e+06 
13839 13854 26688 26689 9.9132e+06 82174 481577 11551.7 6066 768.015 2.92414e+06 
17447 17473 20167 20252 766849 53950 92489 1645 625 -nan 223613 
10077 10086 29075 29117 2.22335e+07 124688 830188 22440.8 19017 1268 6.55671e+06 
17995 18090 23714 23740 2.26831e+06 79070 164675 3645.64 2660 -nan 665219 
10201 10277 22078 22172 9.44277e+06 69087.8 458265 10964 9801 854 2.80796e+06 
19964 20044 22972 23045 555848 54084 69668 1238 611 -nan 161468 
11814 11892 26963 27061 1.34173e+07 74831 618143 14753 9737.94 997.534 3.95264e+06 
19056 19091 20196 20267 157002 61290 63097 1212 177.095 412 41609 
15417 15493 22348 22376 477408 71300 219038 4465 0 673 139506 
12221 12252 24412 24413 9.91636e+06 178719 465285 10458.4 7294 894 2.92542e+06 
15902 15968 21373 21435 2.40843e+06 59110 148648 3938.01 2443 444.272 711582 
12558 12605 26492 26511 1.23488e+07 59579 537919 12559 10941.5 8691.62 3.64263e+06 
14642 14701 27391 27488 1.02692e+07 5.62095e+06 2.13735e+06 10681 9862 797 3.02458e+06 
15959 15978 26172 26253 6.48997e+06 68467.8 256581 13102.8 3400 584 1.91502e+06 
11342 11343 29462 29557 2.01235e+07 81408 838878 20513.9 19541 1115.32 5.93459e+06 
11019 11090 27147 27215 1.63003e+07 84836 679456 16396 14670.9 803.568 4.80958e+06 
13034 13128 29348 29406 1.53303e+07 61276.2 680529 15663 10499 947 4.55874e+06 
17421 17509 23078 23108 2.28289e+06 54350 162189 3479 0 459 670487 
18043 18112 24972 24989 3.05033e+06 54342 181853 3615 0 533 896868 
18498 18536 27338 27431 4.72786e+06 81426 253550 5824.37 3238 611.175 1.39535e+06 
11467 11524 25441 25493 1.11038e+07 59350 546348 12700 10070.6 13349.4 3.27568e+06 
15031 15069 29643 29736 1.18808e+07 69281 593213 13401 0 940 3.5004e+06 
19315 19381 23606 23660 1.25792e+06 54103 122821 2487 0 449 368389 
18590 18594 21412 21427 706995 54107 89016 740.831 912 390 205986 
18223 18293 22099 22178 859279 68249 102766 2330 2395 -nan 246262 
18403 18452 21685 21769 656570 54112 102560 1617 684 -nan 191307 
11110 11151 22363 22378 8.3976e+06 116977 399900 9586 8991.34 1030.93 2.47868e+06 
17430 17483 22143 22216 1.27864e+06 53960 140088 2558 0 492 374643 
18539 18542 22120 22218 1.11894e+06 53838 102830 1662 0 371 327520 
10011 10016 23142 23200 1.00373e+07 55108 506537 10288.7 10068 882 2.95698e+06 
10724 10758 28076 28112 1.89168e+07 265377 820214 20130 18912 1238 5.58225e+06 
19167 19260 22136 22209 626878 367727 97134 1887 1213 389 182378 
11979 12074 20838 20838 5.24004e+06 3.00118e+06 298139 6578 5355 747 1.54234e+06 
18178 18272 26179 26189 3.67911e+06 77350 212967 4973 7053.57 318.98 1.08648e+06 
13670 13714 27883 27911 1.2195e+07 6.76691e+06 579776 13790 12557 918 3.59616e+06 
14272 14335 20328 20391 1.77435e+06 53952 161392 3642 3394 565 848259 
17243 17282 22334 22359 953300 53520 147782 2825 1643 525 489492 
17986 18042 20752 20799 413981 53453 88877 1381 248 386 201562 
10665 10745 29721 29811 2.08375e+07 6.29014e+06 988475 22109 19763 1274 6.14623e+06 
18437 18537 25407 25410 2.90715e+06 79545 180494 4167 2731.1 600 903366 
10786 10802 22656 22734 5.45941e+06 54618 454689 10433 8971 893 2.62758e+06 
15840 15940 27284 27376 7.41154e+06 59878 357914 8429 7939.7 1121.93 2.18665e+06 
12284 12365 27088 27153 1.31995e+07 79987 597334 14476 21823.9 658.939 3.89297e+06 
18511 18548 20978 21061 523624 53920 83333 1407 0 413 152024 
18320 18375 21067 21158 639644 367207 137845 1586 1134 377 185579 
12103 12143 21302 21377 5.81147e+06 3.25534e+06 1.23823e+06 6976 6499 686 1.71033e+06 
11266 11348 28420 28489 1.51377e+07 8.82214e+06 1.01538e+06 20663 22093 1609 4.46488e+06 
10608 10667 28089 28093 1.90697e+07 93901 823500 21155.9 20058 1134.45 5.62377e+06 
11131 11147 29501 29509 2.01686e+07 1.11409e+07 924320 20594 18717 1141 5.9468e+06 
12597 12608 24655 24740 7.95091e+06 4.39385e+06 468675 10382 8735 874 2.34464e+06 
13834 13903 24819 24916 7.15207e+06 3.89941e+06 1.48456e+06 7862 3674 718 2.10574e+06 
11858 11902 23732 23810 8.93523e+06 54941 448068 10290 0 863 2.63199e+06 
18530 18595 27059 27121 2.79858e+06 80073 244716 5417 3496 652 1.33981e+06 
10891 10949 22509 22578 8.73308e+06 4.85535e+06 1.85107e+06 10216 9401 860 2.57159e+06 
16424 16461 28521 28549 8.65712e+06 4.87645e+06 442180 10086 8592 772 2.54968e+06 
17989 18038 27231 27316 5.72139e+06 3.27028e+06 456721 5973 2581 632 1.68736e+06 
13571 13610 26670 26680 1.01478e+07 175097 444212 12597.6 11629 878 2.99341e+06 
18932 18944 27453 27544 4.18064e+06 54217 246291 4323.29 2265 584 1.2301e+06 
19622 19667 26353 26362 2.62743e+06 54595 164314 3536 2663 -nan 772224 
13345 13368 22792 22885 5.94135e+06 54243.2 310746 7143 4015.82 819 1.75396e+06 
14140 14240 29925 29995 1.51686e+07 9.33031e+06 761231 16019 15701 1007 4.47287e+06 
11191 11202 21476 21481 6.6345e+06 82673 351750 7694.42 7084 742 1.97603e+06 
17951 17983 22484 22496 1.23208e+06 54104 122079 2368 0 459 360937 
9985 10035 21807 21903 8.26073e+06 5.09878e+06 451594 10472 8430 804 2.43619e+06 
11818 11864 24811 24906 1.03147e+07 73251 489852 16245 7568 914 3.03867e+06 
18914 18962 26045 26080 3.40911e+06 59794 190218 4214 4139.08 493.037 1.00678e+06 
16666 16686 23704 23722 2.60484e+06 54111 199883 4010 0 523 765609 
15621 15683 28411 28428 1.03189e+07 53251.4 499549 11148 9867.23 785 3.04396e+06 
17154 17240 25649 25737 4.15183e+06 2.57788e+06 250145 5183 1957 530 1.22167e+06 
14872 14925 24497 24591 6.47095e+06 57847.1 316820 7152 2931.1 751 1.90988e+06 
12583 12663 24829 24921 9.92369e+06 82509 437973 10576 9240 926.248 2.95342e+06 
19790 19819 20786 20867 174392 54260 56346 931 526 -nan 48927 
13240 13298 26130 26180 9.64907e+06 5.85652e+06 2.30754e+06 10812 10335 779 2.84168e+06 
15982 16024 29183 29245 1.09722e+07 66299.7 407546 45783 7699 791 3.23642e+06 
11028 11067 27124 27199 1.52998e+07 407309 665638 16572.7 16301 1076 4.50788e+06 
16874 16919 23730 23782 3.24552e+06 54030 200675 4131 2060 -nan 954488 
19440 19464 24698 24699 2.15562e+06 1.34481e+06 136728 2669 1482 462 633075 
19992 20001 20603 20683 120288 54221 50922 795 0 281 32953 
18456 18529 28933 28997 6.12512e+06 3.8096e+06 336661 7208 3094 753 1.80342e+06 
12921 12967 28207 28285 1.41669e+07 7.89557e+06 920565 15186 9067 970 4.18052e+06 
12409 12420 21052 21139 5.39957e+06 158159 292598 6935 5391.94 688 1.59339e+06 
16540 16562 28480 28487 8.49556e+06 5.22259e+06 2.04949e+06 9789 7399 705 2.50164e+06 
18068 18093 20686 20782 694553 53876 88943 1542 484 -nan 202436 
10626 10714 26571 26664 1.57075e+07 85890 685564 16518 14713 2758.57 4.63179e+06 
12380 12456 23626 23696 8.31459e+06 4.9854e+06 1.95101e+06 9748 8802 811 2.44846e+06 
18408 18437 26383 26392 3.47978e+06 59666 223448 4986 3550 571.927 1.07599e+06 
19162 19207 24429 24447 1.83517e+06 1.14582e+06 449213 3199 2614 526 538051 
13703 13771 24083 24145 7.10165e+06 4.39625e+06 963904 8284 6265 782 2.09456e+06 
12826 12910 20803 20835 4.48886e+06 54560 261051 5016.75 4452 606 1.32098e+06 
10097 10144 26393 26394 1.58641e+07 765914 1.44077e+06 17172 17230 1055 4.68293e+06 
15934 16021 26047 26079 6.41852e+06 579480 298236 7146 5651.4 603 1.894e+06 
10143 10184 26282 26351 1.53798e+07 9.51359e+06 800991 16338 13302 1044 4.53503e+06 
16095 16143 24121 24183 3.89897e+06 54584 224793 4144.5 3481 554 1.14697e+06 
16460 16536 22290 22298 2.81178e+06 1.74096e+06 686923 3591 2727 556 826126 
11166 11194 24748 24809 1.16746e+07 90086.5 526202 12681 11431.6 990 3.44373e+06 
13066 13157 23719 23812 7.54579e+06 82210 362402 8647 6922 1249.88 2.22886e+06 
17019 17027 24853 24933 3.66131e+06 341623 232593 4942 3685 564 1.08126e+06 
16338 16351 20152 20164 1.20494e+06 82579 107832 1246.24 706 456 352904 
15573 15582 29816 29885 1.15196e+07 58891 577076 22075.4 9640 830 3.39537e+06 
11731 11831 26061 26133 1.30293e+07 79398.5 580644 14090 10972.5 977 3.8431e+06 
14331 14406 20537 20599 3.00095e+06 60309 192880 4184 3203 -nan 882410 
12010 12050 23668 23763 8.61845e+06 77165 447779 10141 8596.97 614.529 2.54267e+06 
13497 13555 23769 23858 6.92179e+06 78449 360714 7462.35 6786 736 2.03723e+06 
12173 12257 21999 22004 6.1364e+06 3.784e+06 396447 8428 6959 780 1.80995e+06 
19072 19137 20487 20506 304518 184403 68460 1143 205 363 87013 
14404 14432 23194 23195 4.45704e+06 54423 265710 5987 4752 -nan 1.31163e+06 
16290 16348 27918 27968 8.66202e+06 55106 395892 8909.1 7868 715 2.55125e+06 
10253 10327 20885 20886 6.39436e+06 70015 392343 9523 7633 763 1.89357e+06 
19497 19524 26170 26199 2.6053e+06 81831 175977 3861.85 3354 437 773991 
17424 17459 23242 23278 2.1319e+06 71903 175979 3773 1942 -nan 622092 
11950 11991 24069 24088 9.56016e+06 1.05077e+06 736590 10664.9 10368 887 2.82009e+06 
17514 17601 22599 22621 1.50687e+06 54216 134297 2801 2207 -nan 441808 
14705 14793 29500 29517 1.34372e+07 80308 595705 14212 13315.9 872.984 3.96322e+06 
13845 13905 23134 23213 5.47542e+06 3.36594e+06 1.32663e+06 6649 5440 641 1.61135e+06 
17379 17394 22158 22206 1.92869e+06 1.05775e+06 400075 2510 1189 486 565778 
18760 18797 29919 29955 6.9471e+06 71579 389143 8744 0 795 2.0458e+06 
19929 20006 28513 28546 4.64295e+06 54335 254352 5500 3609 -nan 1.36638e+06 
10101 10134 22296 22343 9.43268e+06 55387 453021 10772 10038 -nan 2.77816e+06 
17490 17574 22087 22120 1.5673e+06 53970 127115 1632.67 1130 475 459617 
16454 16532 22074 22078 2.08383e+06 54033 156893 2275.5 1305 500 611970 
17297 17326 28125 28210 7.37824e+06 73106 393826 8745 5341.82 682 2.17687e+06 
13450 13501 20503 20558 3.69177e+06 2.30506e+06 919003 5042 4381 689 1.08554e+06 
16955 17013 22720 22809 2.12289e+06 1.35942e+06 539232 3208 1758 536 622992 
14366 14387 26849 26873 9.37213e+06 5.97269e+06 2.37148e+06 9732 7167 801 2.7604e+06 
17499 17537 22645 22684 863274 53785 139829 2820 1628 431 470809 
15106 15169 29407 29447 1.31933e+07 84524 574742 13840 12224.6 6048.12 3.89117e+06 
18435 18518 25680 25690 3.56827e+06 73325 193356 4139 1714 -nan 1.04959e+06 
14091 14101 21573 21592 3.7669e+06 54366 228843 5046 3741 -nan 1.10816e+06 
14625 14660 24138 24153 6.02365e+06 3.76195e+06 557323 6948 4227 715 1.77665e+06 
18264 18307 29316 29368 7.58633e+06 220521 394456 7939.24 6398 709 2.23812e+06 
19736 19784 27556 27600 3.70958e+06 243002 213115 4690.17 3740 495 1.095e+06 
10451 10461 26148 26149 1.3922e+07 79099 649630 15716 13075 1296 4.10615e+06 
17662 17712 26900 26964 5.5162e+06 54363 274461 6196 4543 -nan 1.62394e+06 
19630 19630 20799 20891 243120 53691 64477 938 174 -nan 69343 
11197 11254 22562 22593 8.46225e+06 55024 411997 9596 0 858 2.48954e+06 
16424 16460 23948 24044 4.26565e+06 59407 220214 7384.97 4347 592 1.257e+06 
10094 10145 20883 20972 3.86428e+06 87323 399402 9262 7717 799 2.18673e+06 
18525 18552 21651 21711 734422 476694 96040 1824 1103 401 214063 
14705 14745 27671 27728 1.11153e+07 65211.8 470477 11156 8736 570.525 3.27876e+06 
19089 19124 20775 20812 217507 53483 77702 1352 395 386 106039 
12742 12835 29118 29118 1.53399e+07 108479 629698 17293.6 13068 995 4.5243e+06 
19739 19811 23677 23748 1.24117e+06 797031 121206 2284 1018 385 363393 
15849 15868 20759 20845 1.3365e+06 72739 151921 3039 0 538 391658 
15582 15666 28553 28585 1.01426e+07 74171 504434 12874.4 10761 869 2.99724e+06 
15528 15619 21229 21243 1.30999e+06 53448 152200 3079 1068 488 724918 
13928 13965 21092 21126 1.97386e+06 53888 214769 4345 2328 552 1.03151e+06 
17532 17574 21014 21113 1.16092e+06 744294 101721 2125 1750 434 339806 
17499 17570 23936 23986 2.58861e+06 54309 180611 2813.42 2776 491 760707 
15806 15817 25722 25774 6.18779e+06 59786 307878 7582.68 5263 638 1.82439e+06 
11111 11171 26054 26089 1.3442e+07 8.41169e+06 623176 14376 13115 977 3.96376e+06 
15844 15900 29247 29295 1.0304e+07 79945 494008 11568 7477.6 880.396 3.03952e+06 
17375 17474 23256 23297 2.62345e+06 53906 170638 3340 1327 -nan 771070 
17657 17668 24826 24863 3.22685e+06 54108 182274 3545 1311 -nan 948911 
16778 16874 28365 28373 8.15542e+06 5.1217e+06 2.02486e+06 9410 6481 697 2.40151e+06 
13878 13941 29841 29843 1.49547e+07 80992 650387 15572 10412.6 996.016 4.41047e+06 
14924 14925 22152 22216 3.77443e+06 216883 236194 5483 4549 516.672 1.11437e+06 
13419 13448 28303 28369 1.36328e+07 210875 637467 14519 10034 949 4.02091e+06 
11456 11545 20825 20854 5.7113e+06 54650 323558 7420 0 776 1.68147e+06 
13358 13370 25915 25932 9.79938e+06 85899 448889 11989.1 7958 797 2.89092e+06 
10988 11060 24659 24732 1.19808e+07 7.48613e+06 569190 13152 10966 982 3.53293e+06 
19473 19569 28390 28426 5.09797e+06 92564.1 270511 7081.1 4361 636 1.50448e+06 
15850 15944 23821 23864 3.6337e+06 54177 227999 3808.23 3310 550 1.0689e+06 
17323 17398 28977 29022 7.62445e+06 73664 420300 9908.79 4785 685 2.25109e+06 
14095 14156 23165 23171 5.08788e+06 3.17099e+06 1.26183e+06 6154 4914 609 1.49719e+06 
12929 13014 25639 25673 1.03608e+07 72160 461110 10635 11474.7 748 3.05523e+06 
10439 10506 27040 27070 1.67098e+07 74667 708730 16687 12000.7 1939.9 4.92795e+06 
15812 15831 27347 27350 8.4286e+06 77440 383133 8590 4516 -nan 2.48253e+06 
17879 17957 22651 22669 1.38793e+06 53898 121997 2197 1012 -nan 406855 
13187 13231 23540 23601 6.96057e+06 143914 358546 7622.34 7030 678 2.05384e+06 
19979 20073 20465 20519 154847 56664 50917 186.602 358 291 43066 
18766 18777 23243 23291 1.33886e+06 54339 132520 2660 0 441 392251 
11891 11923 24796 24826 1.1143e+07 75894 491208 11943 11277.5 914 3.29663e+06 
10734 10798 21765 21773 7.10464e+06 59531 417023 9067 2747.52 777.34 2.09628e+06 
18489 18526 21534 21568 708694 53999 96119 1619 439 -nan 206579 
13067 13102 19968 20030 3.4971e+06 2.21308e+06 876482 4661 4069 538 1.02806e+06 
18647 18647 24468 24535 2.18366e+06 1.378e+06 156045 3372 2791 547 641365 
16959 16963 22723 22805 2.20098e+06 1.39922e+06 555036 3177 1652 531 646066 
12111 12159 28140 28234 1.47371e+07 79742 727264 17141 14790.9 1075 4.35186e+06 
14865 14904 22374 22389 4.38635e+06 54654 238179 5253 0 716 1.29074e+06 
14308 14313 23514 23580 5.2984e+06 54614 289527 6673 6043 -nan 1.55971e+06 
16840 16925 29399 29483 8.90053e+06 59880.3 454975 10797 9826 1412.82 2.62593e+06 
11269 11347 24477 24519 1.12673e+07 7.04046e+06 512683 11917 9929 950 3.31933e+06 
18296 18396 29774 29805 7.53572e+06 156081 337380 9019.08 6884 804 2.22332e+06 
18033 18061 25984 26002 3.78282e+06 53901 201702 4272.07 1999 489 1.11283e+06 
13352 13377 20825 20857 3.87536e+06 54096 228260 5095 3899 -nan 1.14018e+06 
16862 16932 23071 23087 2.51831e+06 53950 154889 3059 1653 -nan 739941 
10638 10732 22244 22263 4.76311e+06 81914 420385 10136 9648 911 2.6898e+06 
12674 12731 24770 24862 8.88147e+06 91945.7 381143 11655 9353 836 2.62002e+06 
12051 12096 20317 20371 4.95821e+06 54667 267587 5934 0 657 1.45937e+06 
14157 14164 20427 20485 3.17236e+06 1.99754e+06 184182 4041 3211 591 932839 
16385 16457 27451 27525 4.4104e+06 93383 352060 8274.77 6966 697 2.01368e+06 
13384 13404 21525 21575 4.91032e+06 3.08949e+06 263636 5941 4910 600 1.44515e+06 
18108 18147 28351 28353 6.64695e+06 4.20762e+06 342438 7822 6929 720 1.95717e+06 
17833 17921 25697 25726 3.49651e+06 2.23735e+06 241450 4359 2183 514 1.03165e+06 
11658 11717 23824 23847 5.17031e+06 54751 460268 10743 9596 921 2.86976e+06 
16633 16728 27187 27230 6.60851e+06 78672 338097 7516 5226.87 699 1.94854e+06 
11328 11384 26807 26880 1.5206e+07 68846.4 562017 25123 14518 1069 4.48496e+06 
16489 16501 20944 20981 1.57873e+06 53937 118690 1670.04 1740 470 463016 
17262 17317 24880 24937 3.65787e+06 85547 221080 5144 4918.92 665 1.09465e+06 
18963 19000 25712 25795 3.07944e+06 54058 183781 3495 0 545 905504 
12864 12911 27725 27786 1.41401e+07 80084 593876 14044 11327.2 961.553 4.17058e+06 
17848 17857 22152 22214 769738 53569 114620 2187 1001 455 418061 
15497 15571 26434 26463 6.81241e+06 79618 383308 8600 5348.93 622 2.01667e+06 
14948 14951 21960 21988 3.29096e+06 54299 230692 4591 0 590 967838 
17106 17146 20847 20874 1.0812e+06 54095 107864 1181.69 1492 455 315927 
11461 11527 27039 27104 1.51454e+07 85491 657114 16120 16458.5 1053 4.47858e+06 
18714 18719 29930 30005 8.55082e+06 88167 390768 8946 6379.09 825.979 2.5226e+06 
