10637 10695 34481 34568 2.22526e+07 246813 1.38942e+06 34653 36634 1001.55 6.58218e+06 
10872 10917 31631 31720 2.62281e+07 99011 1.08875e+06 25597.3 22939.8 1326.68 7.73881e+06 
13100 13113 39899 39921 4.17071e+07 129283 1.67542e+06 39054.4 39130.2 1748.29 1.2307e+07 
11421 11472 37443 37504 3.92726e+07 129975 1.66008e+06 39659 37731 2422.87 1.15937e+07 
16193 16202 38559 38578 3.02043e+07 146688 1.44894e+06 31166.9 30074.3 1574 8.9176e+06 
18287 18290 32356 32422 1.12756e+07 605583 534083 12631 10563 921 3.32591e+06 
15077 15083 39504 39519 3.60104e+07 120034 1.46396e+06 35273.7 31605.2 1838.11 1.06251e+07 
18029 18067 38176 38180 2.22499e+07 117424 990431 23778 21772 793.708 6.58326e+06 
18199 18270 32426 32499 1.29814e+07 7.12667e+06 625980 12672 8590 839 3.82785e+06 
16321 16358 39767 39780 3.19925e+07 83208 1.29039e+06 31148 27761.5 1677.86 9.44311e+06 
11332 11398 34580 34582 3.27545e+07 96808.3 1.32887e+06 32494 32151.7 2207.88 9.67567e+06 
11494 11547 37122 37140 4.05567e+07 179659 1.72735e+06 39606 40535 1383.13 1.19714e+07 
10107 10144 32921 33005 2.93006e+07 101102 1.27404e+06 29175 26449.9 1614.68 8.64449e+06 
11115 11145 35916 35979 3.39315e+07 371325 1.53569e+06 36242.7 36636 1550 1.0011e+07 
13502 13559 39167 39199 3.93484e+07 123514 1.40294e+06 40822.6 39817.4 2071.66 1.16108e+07 
13699 13704 34033 34121 2.51444e+07 83438.6 1.02406e+06 24813 23236 1120.59 7.43188e+06 
12666 12673 35907 35950 3.19615e+07 210665 1.39407e+06 32705.7 29156 1322 9.42876e+06 
13281 13333 39384 39451 3.99966e+07 137851 1.64255e+06 37188.7 40294.4 2016.07 1.1805e+07 
16325 16342 35811 35888 2.28454e+07 96182 944561 22956 19824.3 1795.72 6.73957e+06 
13793 13869 37386 37450 3.33321e+07 148386 1.40446e+06 32326 30025 1519 9.83578e+06 
15497 15565 39776 39855 3.41653e+07 120880 1.23623e+06 36481.5 33206 1453.51 1.00828e+07 
10275 10337 37744 37809 4.24735e+07 162071 1.89363e+06 43890.9 42268 1813 1.25316e+07 
19379 19435 31913 31961 9.4801e+06 72723 458770 10378 6934.14 1567.89 2.79644e+06 
15447 15508 38136 38229 2.98082e+07 112750 1.3097e+06 30860 26538 987.232 8.80833e+06 
18394 18432 33495 33571 7.75464e+06 89261 598202 13917 10364 1015 4.04951e+06 
17673 17701 30941 30954 1.01159e+07 107578 504713 11558 9052 671.49 2.98411e+06 
16534 16614 38780 38857 2.69902e+07 79102.4 1.21712e+06 29679 27075.6 1862.61 7.96338e+06 
13764 13782 32323 32336 2.03109e+07 96978 1.1063e+06 21207.9 16899 1153 6.01872e+06 
11588 11612 38363 38409 4.20209e+07 144214 1.77992e+06 41050.3 45160 2263.2 1.24e+07 
18947 19043 30814 30880 4.38653e+06 54681 1.64671e+06 9786 7739 816 2.33783e+06 
14711 14763 32163 32193 1.69907e+07 79560 783496 15397.5 14577.1 1142 5.01162e+06 
12926 12970 37795 37824 2.82742e+07 134871 1.44917e+06 34371 29532.3 2136.69 8.34264e+06 
19415 19504 39564 39564 2.38423e+07 150307 1.01264e+06 24334 22165 1463 7.04538e+06 
12949 13041 32300 32329 2.11e+07 86628 888454 21449.8 20509 1268 6.23483e+06 
18782 18876 38274 38327 2.21882e+07 127545 965784 21649.7 18838.4 1361.04 6.5499e+06 
16465 16504 39796 39884 2.94161e+07 155874 1.2924e+06 31191 27702 1295.16 8.67891e+06 
13501 13502 35940 35990 2.87281e+07 180055 1.23928e+06 30204 30175 1087.87 8.47421e+06 
16821 16904 31336 31400 1.28828e+07 78546 784655 13471.7 11426 1041 3.89308e+06 
16064 16122 33735 33818 1.85178e+07 84078 787567 17813.1 12691.5 1085 5.46137e+06 
10137 10151 35615 35714 3.71212e+07 165180 1.56984e+06 38069 35060.8 1801.9 1.09545e+07 
10613 10700 34385 34441 3.39419e+07 99523 1.18224e+06 33371.9 32511.6 1502 1.0015e+07 
18138 18190 39918 39932 2.87502e+07 103016 1.29187e+06 28616.8 28050 1369 8.49656e+06 
15575 15669 35126 35144 2.37195e+07 130861 966404 23118 21970 1138 7.01089e+06 
14883 14921 34627 34648 2.33975e+07 82941 909054 23367.9 18661 1225 6.90894e+06 
18879 18924 31868 31930 1.06866e+07 81630 482649 10108.3 11842.1 890 3.15258e+06 
16872 16885 35906 35922 2.10934e+07 95509.5 921029 21537 15622.5 1810.57 6.22431e+06 
15953 15995 38807 38820 3.06011e+07 104723 1.30881e+06 30251 26133 1393 9.04783e+06 
10598 10606 38432 38478 4.48033e+07 117657 1.63142e+06 47591 45731 2048.44 1.32223e+07 
13245 13247 39003 39039 3.83286e+07 124630 1.71121e+06 38564 38632 1551 1.13188e+07 
15935 16034 34252 34317 2.07677e+07 139578 819440 19810 17709 1056 6.12939e+06 
15287 15369 36550 36648 2.60501e+07 91750 1.07445e+06 29152.6 28155.8 1294 7.69293e+06 
14454 14522 39798 39811 3.86798e+07 151551 1.49996e+06 37054 35590 1915.81 1.14113e+07 
14580 14671 31678 31771 1.6234e+07 148024 629672 31838.1 21084.1 1541 4.78835e+06 
17433 17449 39269 39280 2.76976e+07 85521.2 1.17266e+06 28294 27502.2 1848.78 8.1725e+06 
11765 11862 30827 30886 2.20509e+07 134063 970706 22967 20970 1197 6.51046e+06 
13117 13153 39450 39474 4.21139e+07 119095 1.61841e+06 37867.9 41978.2 1735.67 1.24265e+07 
11217 11261 31865 31965 2.48983e+07 105680 917000 26844.6 27308.6 1381 7.3484e+06 
14102 14177 35956 36041 2.88754e+07 105050 1.1606e+06 28236 26645.4 1304.31 8.51892e+06 
15666 15745 30023 30067 1.17687e+07 124027 591191 13882 12555 745.45 3.47145e+06 
10380 10456 35726 35771 3.82248e+07 123713 1.67042e+06 37959.5 35005 1599 1.13029e+07 
16111 16182 37653 37701 2.73424e+07 147802 1.10155e+06 26995 25956 936.148 8.07163e+06 
11478 11502 36817 36864 3.85475e+07 126906 1.77289e+06 37621.3 38696.2 1794 1.13805e+07 
17985 17990 34884 34961 1.62204e+07 76249 721698 16837 12298.4 1472.38 4.78396e+06 
19001 19090 38673 38712 2.20855e+07 196536 1.00676e+06 23838 18704 900.346 6.5204e+06 
19430 19476 36508 36508 1.57825e+07 80016 648340 19179.7 17622 1111 4.69828e+06 
15355 15412 34841 34892 2.03182e+07 102105 1.01602e+06 23344.5 18577 1119 6.01601e+06 
16533 16600 35173 35265 1.85396e+07 87308 861867 18552 16455.1 1016 5.46776e+06 
18321 18366 35672 35675 1.8784e+07 80759 791541 18994 16075.3 1197.05 5.5395e+06 
16849 16909 38748 38754 2.96109e+07 187937 1.20714e+06 29485 28920 1025.55 8.74538e+06 
15191 15195 36907 36923 2.75581e+07 112761 1.21657e+06 27770.9 31411 1468.77 8.13081e+06 
13416 13467 37000 37032 3.31664e+07 108583 1.38118e+06 33650 32931.6 1524.18 9.78454e+06 
10238 10331 39004 39087 4.71807e+07 138755 2.00744e+06 48850.5 50298 1934 1.39314e+07 
10138 10189 36364 36407 4.07088e+07 313180 1.71722e+06 41698.7 42734 1816 1.20296e+07 
13432 13516 35135 35225 2.83975e+07 116506 1.16298e+06 27517.5 26738.8 1710.76 8.37822e+06 
14438 14496 31452 31494 1.72338e+07 316101 752292 17729 13891 1202.53 5.08136e+06 
15651 15708 33099 33191 1.80729e+07 311020 800427 19184 16612 699.146 5.3333e+06 
17298 17370 38461 38551 2.55178e+07 107592 1.27088e+06 27269.5 23460 1205 7.66075e+06 
12202 12262 36194 36256 3.24792e+07 89146 1.40483e+06 32813.7 30638.7 1546.64 9.58171e+06 
19672 19772 35396 35472 1.50904e+07 78636 608537 18217.7 14513 930 4.45467e+06 
18415 18478 32270 32347 1.08807e+07 77610 510736 10705.8 9612.03 858 3.20969e+06 
13930 13937 29967 30039 1.48081e+07 76930 703028 16244 12053.9 1372.68 4.36717e+06 
13479 13573 30610 30619 1.73261e+07 269536 756841 17364 11122 667.273 5.11144e+06 
11283 11346 31509 31606 2.51258e+07 168278 1.04007e+06 25523 25292 1152.56 7.41396e+06 
12380 12419 33996 34079 2.74537e+07 116648 1.0186e+06 29316.7 23083.6 1283.76 8.10181e+06 
14557 14619 38049 38110 3.21513e+07 94757 1.43363e+06 32514.3 29318 1522 9.51854e+06 
16157 16198 37745 37768 2.61981e+07 110651 1.26683e+06 28826.9 26483 1244 7.73862e+06 
15299 15304 35029 35075 2.15314e+07 204989 998967 23656 19286 870.486 6.35285e+06 
15668 15741 35293 35294 2.21535e+07 109429 1.1045e+06 25682.8 20593 1097 6.55679e+06 
15264 15349 35196 35232 2.17151e+07 80581 931414 25563.8 23757.4 1106 6.41409e+06 
10143 10187 39989 40027 3.97079e+07 112106 2.50355e+06 45752.7 48122.2 2343 1.17321e+07 
13474 13525 31428 31501 2.0876e+07 205352 842577 20161 15679 865.773 6.15952e+06 
19492 19526 35785 35821 8.10978e+06 86835 790603 16768 13312 1009 4.33182e+06 
16092 16162 32641 32716 1.81302e+07 93474 598239 20618.1 15115.8 963 5.35206e+06 
10679 10730 35714 35808 3.84856e+07 115152 1.33286e+06 38318.7 39024.8 1615.41 1.13596e+07 
15217 15292 34648 34686 2.16508e+07 97512.7 955618 22927 20077 1023.47 6.38592e+06 
17482 17532 30614 30648 1.00969e+07 80060 485831 11209 7237.19 896.28 2.97822e+06 
15308 15404 35630 35704 2.45426e+07 197860 1.07871e+06 25648 21159 982.594 7.24087e+06 
14604 14629 36941 36969 2.97524e+07 102401 1.32795e+06 30857.2 26844 1453 8.81712e+06 
17742 17763 31635 31671 1.23719e+07 90068 522258 12110 9083 858.045 3.64946e+06 
11972 11972 36387 36481 3.43878e+07 108829 1.53359e+06 36890.2 30593 1473 1.01863e+07 
18812 18866 37382 37447 2.02965e+07 133937 879224 21165 19957 1235 5.99232e+06 
11450 11546 33525 33527 2.82664e+07 113210 1.13137e+06 29112.7 26568.6 1421 8.34623e+06 
10345 10387 33363 33382 3.1952e+07 112297 1.28383e+06 30608 28200.5 1453.85 9.42658e+06 
11434 11474 31280 31324 2.29341e+07 91112 1.19768e+06 24042.3 17624 1354 6.83955e+06 
15921 15986 31733 31745 1.41008e+07 78924 637772 13786.8 10294.6 955 4.15905e+06 
18326 18394 38886 38936 2.56061e+07 74151.3 1.05863e+06 25631 25342.2 1692.78 7.55855e+06 
10570 10620 38447 38468 4.6063e+07 127778 1.95958e+06 46905.7 47019.6 1754 1.36096e+07 
17968 18026 30053 30065 8.29785e+06 82232.1 424633 9764 7683 777.979 2.44832e+06 
11134 11142 30204 30224 2.16499e+07 78023.9 928743 22750 22012.4 1636.73 6.3883e+06 
11135 11211 32341 32410 2.70746e+07 86261 1.18341e+06 28568.6 27279 1332 8.00578e+06 
13633 13656 36879 36946 3.17523e+07 120448 1.34185e+06 32410 30375.4 1689.11 9.36789e+06 
18874 18952 39008 39068 2.44351e+07 130733 1.01694e+06 24459 22445 1327 7.20966e+06 
12377 12434 35268 35271 3.07649e+07 127518 1.48966e+06 32312.2 28775 1358 9.09172e+06 
16420 16519 37317 37416 2.64413e+07 101924 1.07426e+06 25198.2 26226.1 1286.98 7.80152e+06 
17963 18063 34949 34973 1.60464e+07 101537 722676 16904 12692 956.715 4.73259e+06 
19210 19219 33245 33328 1.22323e+07 78115 563156 13030 7948.05 831.015 3.60809e+06 
14767 14769 35305 35351 2.47009e+07 89030.4 1.0875e+06 26544 24914.9 1578 7.28833e+06 
11932 12026 30156 30163 1.94527e+07 123380 862108 20558 17980 1115 5.74465e+06 
16791 16844 31397 31469 1.25597e+07 69679 592462 13520 0 935 3.70051e+06 
19007 19040 39678 39699 2.47117e+07 96823 1.03635e+06 24682 23678.9 1219.77 7.28599e+06 
13334 13434 39633 39672 4.07119e+07 152460 1.6642e+06 39900 38880 1195.01 1.2028e+07 
17851 17937 39404 39433 2.76901e+07 147446 1.10888e+06 27226 25173 1210.47 8.16815e+06 
15377 15414 34766 34790 2.3164e+07 102271 1.09146e+06 22827.9 18822 1084 6.89356e+06 
12735 12827 34919 34983 2.8307e+07 155021 1.18928e+06 29226 28531.3 1685.19 8.35248e+06 
16997 17030 33703 33738 9.0114e+06 81192 743082 17021 12108 1013 4.74666e+06 
17456 17513 36142 36172 2.05202e+07 107361 767112 25204.9 20299.1 1083 6.05883e+06 
10676 10773 38988 39033 4.52783e+07 183103 1.93641e+06 46455 42996 1912.37 1.33665e+07 
13118 13151 39715 39729 4.0265e+07 145134 1.66734e+06 40489 40608 1228.03 1.18862e+07 
10118 10195 32034 32100 2.85807e+07 91464 1.01022e+06 29594.5 19832.8 1381 8.43129e+06 
11202 11240 31124 31178 2.44549e+07 110376 1.02098e+06 24212 20254 1188.75 7.21172e+06 
17597 17644 36718 36791 2.03812e+07 77140.6 944699 22369 18609.7 1968.93 6.01462e+06 
15901 15948 30730 30748 1.35179e+07 381256 575987 13415 9479 809 3.98575e+06 
19280 19318 33943 33994 6.97186e+06 107815 603867 13186 7581 931 3.63474e+06 
12002 12023 37951 37998 3.88867e+07 118490 1.44635e+06 41905.5 33840.1 1590.77 1.14794e+07 
19032 19070 37465 37481 2.00104e+07 85685.8 866759 20980 20938 1275.45 5.90262e+06 
18313 18341 39687 39725 2.72784e+07 102363 1.18327e+06 26528 22814 1319 8.09923e+06 
11000 11019 37924 37958 4.32649e+07 142080 1.82201e+06 43786.4 43879 1755 1.27798e+07 
11095 11117 35140 35223 3.50786e+07 207988 1.39289e+06 33933 29802.1 2006.28 1.03529e+07 
12995 13001 36433 36479 3.09924e+07 103281 1.48084e+06 32978 33623 1355 9.16254e+06 
14120 14124 31617 31655 1.58466e+07 79462 774747 18301.9 12697 1084 4.67445e+06 
15312 15377 36864 36899 2.31137e+07 90010.2 1.22749e+06 27995 23901.4 2267.14 6.82088e+06 
12563 12591 33905 33947 2.38166e+07 130714 1.07982e+06 26492 23609 1237 7.0338e+06 
14632 14729 38085 38107 3.0331e+07 100584 1.43446e+06 32156.4 32179 1366 9.00089e+06 
19222 19230 38082 38100 2.00911e+07 101314 892340 21760 21504 1003.11 5.92533e+06 
13264 13339 35566 35626 2.82793e+07 109045 1.22581e+06 30724 30026 1384.58 8.34376e+06 
15879 15921 37851 37893 2.62531e+07 96653.4 1.23251e+06 27743 25814 1185 7.81835e+06 
13309 13359 37770 37774 3.49215e+07 186497 1.4323e+06 35012 32444.9 2080.7 1.03047e+07 
10459 10555 39909 39932 5.02052e+07 119285 1.73489e+06 51393.2 45889.2 2324.79 1.4816e+07 
18330 18370 39559 39613 1.55051e+07 90097 1.11841e+06 27084 25369 1382 6.95115e+06 
13194 13280 36477 36490 2.27769e+07 106244 1.681e+06 29495.3 31012 1308 6.75791e+06 
12293 12350 39911 39950 4.24166e+07 137334 1.79704e+06 42884.8 48580.3 2415.43 1.25201e+07 
12591 12653 35400 35498 2.82013e+07 103311 1.3413e+06 33484.1 27465 1328 8.33498e+06 
14452 14548 34927 34971 2.43201e+07 96949 1.14406e+06 25385.5 20390 1235 7.21423e+06 
14817 14843 31325 31419 9.27472e+06 89022 840225 17256 13078 1096 4.90071e+06 
17726 17782 30809 30846 1.07608e+07 82739 459856 10520.3 6564 760 3.18347e+06 
13178 13185 35871 35903 2.98402e+07 91371 1.36782e+06 30905.9 28991 1285 8.85842e+06 
16322 16323 37649 37701 2.72787e+07 104411 1.22341e+06 27229.2 25649 1268 8.08718e+06 
17310 17407 37312 37393 2.18346e+07 105336 1.01043e+06 23090.1 20533.6 1122.25 6.44322e+06 
19719 19797 35217 35266 1.39465e+07 98704 654038 14620.6 18992.5 872 4.11338e+06 
17059 17136 39040 39121 2.88046e+07 190089 1.20276e+06 28900 24553 1142.04 8.49732e+06 
17765 17838 34689 34716 1.43787e+07 75870 694419 16543 10411.2 914.639 4.24085e+06 
18451 18535 39637 39654 2.64388e+07 111651 1.09353e+06 26627 26550 1389 7.81715e+06 
16033 16055 30611 30630 1.30342e+07 80253 420496 14980.9 10879 847 3.85906e+06 
16768 16803 37170 37210 2.34777e+07 77013 1.03225e+06 23872.2 20343.9 1270 6.92394e+06 
18731 18738 32856 32900 1.18386e+07 424288 553063 12985 10188 916 3.49127e+06 
14257 14350 34531 34618 2.54319e+07 96319 993363 23588.7 24663.4 1287 7.49992e+06 
15330 15387 33984 34060 2.13438e+07 115855 916706 21030.1 19286.4 1307.07 6.29833e+06 
19575 19628 36750 36769 1.79526e+07 134679 780134 18289 14652 833.178 5.29473e+06 
18648 18731 31364 31376 9.22794e+06 84328.5 473668 10672 6266 899 2.7594e+06 
10310 10390 31824 31833 2.87751e+07 114146 1.1984e+06 28900 24922 1382 8.50936e+06 
13048 13112 34536 34604 2.72138e+07 133863 1.10843e+06 25832.1 22084.2 1450.72 8.02926e+06 
10464 10529 36232 36254 3.87598e+07 710935 1.78504e+06 41611 40616 1253.38 1.14732e+07 
11767 11800 38326 38361 4.24899e+07 503449 1.55501e+06 46455.6 47049 2433.05 1.25333e+07 
10551 10585 30305 30315 2.20428e+07 117042 986561 23422 20672.3 1205.94 6.50472e+06 
18354 18454 33476 33542 1.20225e+07 80454 600800 13829 12082.1 911.417 3.54611e+06 
16367 16440 33836 33923 1.74508e+07 77246.7 767939 17548 11894 772.211 5.14738e+06 
17732 17778 33149 33218 1.39329e+07 116454 622059 14150 8160 807 4.11693e+06 
19134 19193 38594 38654 2.00137e+07 112862 1.18948e+06 22818.6 17378 1259 6.12318e+06 
11281 11338 31755 31840 2.54124e+07 92725 1.0431e+06 25989.7 22513.5 1315 7.49406e+06 
15723 15799 34846 34858 2.27726e+07 110123 911856 22561 19254.9 1808.65 6.71967e+06 
14675 14739 31315 31358 1.53472e+07 80316.6 742516 17595 15673 1164 4.59732e+06 
13428 13512 34574 34593 2.41869e+07 107802 968297 27311.9 21656 1208 7.1359e+06 
13661 13694 39392 39400 3.96227e+07 150612 1.5728e+06 38482 37146.6 1850.01 1.16903e+07 
12201 12221 31620 31630 1.23332e+07 87498 1.14466e+06 23162 21453 1210 6.59721e+06 
14800 14807 30295 30357 1.35739e+07 85635 547990 16806.5 15088 1043 4.0236e+06 
14388 14388 34960 34991 2.31056e+07 95023 1.02566e+06 23703.4 17579.6 1065.14 6.81782e+06 
10125 10150 39260 39325 5.03939e+07 130942 2.11656e+06 49788 49690 1688.82 1.48742e+07 
19451 19479 36968 37009 1.7582e+07 105335 710348 26128.8 18641.8 1130 5.18781e+06 
11035 11043 30488 30518 2.14989e+07 102263 877988 23749.2 17291.7 1219 6.34957e+06 
16567 16641 38243 38300 2.70903e+07 76965.1 1.15109e+06 28040 27465 1485.68 7.99267e+06 
19611 19612 39850 39924 1.28868e+07 88211 1.09515e+06 24383 24072 1149 6.77767e+06 
10399 10403 30487 30496 2.4359e+07 109075 1.01113e+06 25275 24515 1283 7.18845e+06 
14151 14190 38454 38492 3.46984e+07 127178 1.60318e+06 36196 34802.1 1443 1.02461e+07 
12499 12546 30857 30957 1.84166e+07 108659 858790 19915 14995 919.119 5.43157e+06 
16820 16918 31257 31265 1.30093e+07 78700 593923 14901.6 13089.1 995 3.83732e+06 
16560 16633 36773 36785 2.38324e+07 89626 964483 25064.6 24156 1271 7.03944e+06 
13969 14017 36923 37004 3.29098e+07 102328 1.12698e+06 31912.8 35201.1 1481 9.71069e+06 
13355 13433 36627 36661 3.05019e+07 137183 1.33973e+06 32711 33399 1005.13 9.00508e+06 
15622 15689 38591 38673 3.15257e+07 99592 1.23809e+06 30950.2 31242.4 1420 9.30908e+06 
14317 14327 34675 34737 2.50399e+07 112462 995391 23942 20184.7 1686.97 7.3886e+06 
19594 19654 32805 32867 1.08229e+07 83870 496418 11564 10401 935.225 3.19246e+06 
14794 14804 34163 34235 2.24096e+07 103350 965283 22889 18838 1238 6.63405e+06 
13807 13844 38881 38891 3.51443e+07 111651 1.27384e+06 38408.5 34624.1 1515 1.03778e+07 
13692 13696 34111 34211 2.39818e+07 128690 1.02894e+06 24947 21820.8 1665.07 7.07589e+06 
11128 11222 32429 32440 2.51446e+07 90279.2 1.23026e+06 27683 24475 1406 7.47169e+06 
11126 11198 34480 34508 2.92628e+07 102078 1.16391e+06 31531.9 29317.9 1414 8.63434e+06 
17930 17977 34752 34786 1.67022e+07 94038.5 693035 16341 12859 895 4.93692e+06 
10160 10181 33225 33230 3.12401e+07 132863 1.35092e+06 31657 31718 1438 9.2289e+06 
12090 12095 38130 38159 3.98662e+07 112895 1.44019e+06 42093.9 37741.7 1600.02 1.1764e+07 
19246 19305 36608 36637 1.84131e+07 173377 806271 19073 17263 685.865 5.43058e+06 
18742 18815 32308 32341 1.09353e+07 79564 511141 15138.7 10175.5 852 3.22602e+06 
12830 12893 35858 35866 2.82764e+07 245597 1.28846e+06 32819 29775 2126.7 8.34227e+06 
12656 12690 38107 38130 3.84213e+07 135845 1.59628e+06 38160.1 37178 1466 1.13623e+07 
10071 10097 36461 36536 4.17718e+07 113670 1.74171e+06 41544.6 40454 1719 1.23414e+07 
9986 10066 31963 32050 2.88765e+07 101773 1.06604e+06 29691.9 28737.7 1386 8.5274e+06 
14473 14549 38318 38392 3.26513e+07 133855 1.48611e+06 34111 34307 1376 9.64636e+06 
16067 16141 31368 31422 1.45865e+07 76775 624179 14573 10553.9 2219.42 4.3022e+06 
18606 18645 35597 35603 1.73098e+07 93417 786850 17977.7 17911 1121.58 5.10903e+06 
13824 13924 38440 38448 3.62182e+07 112530 1.48333e+06 34118.6 34638.6 1472.1 1.06881e+07 
11886 11904 32190 32289 2.41908e+07 112982 1.04383e+06 25101 23220 1292 7.15377e+06 
14752 14812 30240 30339 1.3495e+07 71657.1 660557 15796 14911 710.325 3.98046e+06 
12017 12018 39750 39836 4.46867e+07 152884 1.84925e+06 44986 44994.9 2147.78 1.31844e+07 
14759 14769 31769 31796 1.74248e+07 78059 693240 17523.8 11770 1095 5.14327e+06 
11536 11579 38390 38433 4.2723e+07 156428 1.77369e+06 41354.2 43593.8 1977.56 1.26077e+07 
10441 10518 31584 31671 2.64841e+07 99114 1.26664e+06 26883.7 23920 1430 7.87182e+06 
13929 14015 35571 35576 2.8601e+07 117268 1.1588e+06 28475 28748.9 1334.03 8.4379e+06 
11038 11076 32604 32623 2.79134e+07 218042 1.15879e+06 27010.7 33315.7 2277.83 8.23389e+06 
18571 18611 38269 38345 2.24905e+07 139868 992047 23887 21948 1313 6.64975e+06 
13363 13434 32848 32880 2.29005e+07 80548 814808 24341 20064 1137 6.76411e+06 
19706 19761 34243 34293 7.02225e+06 71106 609978 13468 11061 856 3.7687e+06 
13680 13696 32005 32063 2.06985e+07 152798 854022 20810 19573 1137 6.10677e+06 
15042 15055 30645 30656 7.93756e+06 68674 788453 15183 9651 999 4.23218e+06 
19706 19786 37670 37693 1.88806e+07 168254 817743 19654 18027 1063 5.57445e+06 
10309 10361 39467 39497 5.0092e+07 153828 1.99499e+06 49113 48341.3 2335.9 1.4783e+07 
15757 15834 35051 35139 2.18004e+07 77198 877487 22501 20697 1029 6.43816e+06 
19577 19628 31810 31875 9.18875e+06 85402 424480 8792.59 17756.6 768 2.71075e+06 
13273 13338 38055 38084 3.53075e+07 158843 1.45768e+06 35679 31952.6 1880.14 1.04187e+07 
9941 10039 32536 32569 2.91588e+07 113288 1.37579e+06 30418.6 28422 1447 8.6182e+06 
12802 12886 38944 39011 4.0768e+07 130942 1.7177e+06 41792.7 42006 1518 1.20364e+07 
13234 13326 38684 38736 3.83175e+07 179479 1.57053e+06 38974 37441.3 1935.3 1.13112e+07 
19320 19323 38984 39016 2.39528e+07 76796 900538 24306 20750 1231 7.07432e+06 
13161 13258 33610 33709 2.46205e+07 82881 1.03586e+06 23371.8 27106 1197 7.26175e+06 
12819 12838 38908 38920 4.11747e+07 140036 1.62127e+06 39822 38003.3 1679.77 1.21479e+07 
18209 18301 35237 35282 1.69157e+07 86442 721277 18185.8 16417 1001 5.00561e+06 
17235 17307 39256 39303 2.08038e+07 237472 1.19462e+06 29518 31224 1141.33 6.13629e+06 
18120 18205 38886 38933 1.36089e+07 81415 1.09425e+06 25705 23498 1430 7.34491e+06 
11542 11565 39213 39260 4.72862e+07 156087 1.63369e+06 47801 45602.5 2254.74 1.39572e+07 
13208 13246 36825 36836 3.1995e+07 136367 1.36715e+06 33497 32880 1173.56 9.44369e+06 
10271 10334 39523 39536 5.02172e+07 165572 2.02141e+06 49629 49419.8 2278.56 1.48251e+07 
16326 16380 37922 38013 2.74722e+07 102919 990335 30364.2 27950.3 1278 8.10748e+06 
17118 17128 33313 33353 1.62605e+07 101331 608895 23988.6 12836.1 1012 4.79775e+06 
17400 17443 36392 36485 2.14922e+07 84608 943870 22003 17920.6 1209.17 6.3382e+06 
17065 17123 39849 39882 3.01698e+07 149996 1.24981e+06 30249 26446 903.194 8.90978e+06 
16582 16676 31915 31945 1.49436e+07 78319 537663 15633.7 10859 988 4.41743e+06 
17596 17637 33170 33218 1.47246e+07 80177 645055 14893.6 7807.98 855 4.343e+06 
16351 16425 37086 37089 2.5287e+07 114873 1.06173e+06 25319 19917 1821.29 7.46152e+06 
12355 12432 36456 36528 3.43354e+07 117087 1.60334e+06 34194 30915 1346 1.0144e+07 
12723 12807 30919 31013 1.84625e+07 110690 871825 20896 19627 999 5.45341e+06 
11934 12028 38191 38284 3.96597e+07 144491 1.65093e+06 40827 40267.5 1782.25 1.17016e+07 
19317 19404 37125 37194 1.86993e+07 84002 760371 21001.1 19830 1193 5.52163e+06 
12853 12919 37800 37847 3.39504e+07 166942 1.4792e+06 33168.7 41509.4 2259.23 1.0019e+07 
13625 13678 37445 37459 3.2899e+07 130986 1.45723e+06 33296 32294 1596 9.72489e+06 
18702 18710 30542 30622 4.99022e+06 54502 399398 9403 8856 831 2.64418e+06 
11965 11989 36767 36795 3.64135e+07 117676 1.55426e+06 37641.5 38186.2 2043.94 1.07425e+07 
12753 12775 35133 35230 2.88568e+07 105614 1.06384e+06 30669.5 29530.2 1285 8.51982e+06 
12913 12965 32004 32029 2.36612e+07 105482 907999 21899 17856 1532.1 6.98158e+06 
17218 17230 30210 30294 1.06709e+07 66076.4 496642 11606 9161 824.09 3.14788e+06 
10462 10478 34189 34214 3.37913e+07 108852 1.44596e+06 32640 30031 1464 9.98437e+06 
13365 13465 30986 31015 1.88662e+07 109428 735457 24178.1 15676.4 1081 5.56908e+06 
13315 13363 38840 38919 3.70356e+07 139756 1.61125e+06 38594 36248 1113 1.0937e+07 
14359 14403 38284 38346 3.26963e+07 105534 1.46515e+06 35547.7 34249 1355 9.6634e+06 
11536 11582 38249 38293 4.1128e+07 120787 1.87607e+06 44398.6 42660.3 1751 1.21545e+07 
14618 14671 35188 35259 2.53456e+07 75556.1 1.04021e+06 25360 22704.6 1465.38 7.47818e+06 
18880 18895 39301 39319 2.54306e+07 101901 1.23163e+06 25378.6 24561 1367 7.53049e+06 
14830 14874 30971 30992 1.478e+07 69838.4 719123 17488 14872.8 6230.63 4.36286e+06 
16396 16466 31452 31466 1.43156e+07 590392 611204 14007 8512 938 4.21584e+06 
11248 11316 31326 31403 1.30357e+07 79204 1.11788e+06 24115 19592 1250 6.9098e+06 
15154 15173 36166 36245 2.41133e+07 99101 976370 29932.1 23337 1195 7.11328e+06 
12578 12661 37203 37261 2.7212e+07 109783 1.25685e+06 42469.3 31093 1491 8.0271e+06 
11736 11758 30072 30095 2.01047e+07 124868 902477 21751 20272.3 2342.91 5.93497e+06 
13944 13993 31474 31507 1.93944e+07 155596 792672 19095 13811 1147 5.72558e+06 
10291 10354 34708 34715 3.20369e+07 140384 1.40936e+06 34398 32647 1367.1 9.45455e+06 
10920 10958 36010 36090 3.57375e+07 115896 1.62537e+06 38573.4 37594.5 1586 1.05539e+07 
15153 15243 34865 34880 2.0272e+07 123955 990131 25636 24271.6 2673.33 5.98391e+06 
14684 14720 32058 32072 1.63771e+07 272326 776971 18489 16373 826.258 4.83052e+06 
15851 15948 30115 30175 1.03873e+07 538132 548208 12430 8778 833 3.06267e+06 
12348 12357 32910 32976 2.37934e+07 179265 1.07214e+06 26795 26391 926.915 7.0261e+06 
16155 16196 35501 35511 2.09479e+07 95415 1.15616e+06 22665.1 19566 1071 6.22385e+06 
12057 12110 33637 33732 2.6146e+07 105594 1.16377e+06 28466.3 26972.7 1502.59 7.71453e+06 
19534 19534 30114 30189 6.01516e+06 85014 357336 8100 5831 -nan 1.77135e+06 
10808 10863 37642 37656 3.91707e+07 135789 1.7469e+06 41717 40152 1435.54 1.1564e+07 
19500 19548 34733 34752 1.26138e+07 78319 594143 14084.1 11299 843 3.74187e+06 
11586 11680 31261 31315 2.17642e+07 84508 1.00575e+06 23785 20677.5 1184.1 6.4229e+06 
18453 18527 33785 33879 1.43797e+07 60098.4 624685 15042 10539 1265.76 4.24121e+06 
12532 12588 31308 31310 1.95482e+07 98120 1.23891e+06 20372 14185 1123 5.81464e+06 
10795 10862 38808 38838 4.42361e+07 110894 1.87629e+06 43657.4 43391.8 2079.2 1.3052e+07 
16680 16696 37600 37611 2.32161e+07 95091.8 1.09404e+06 25962 24413 1317 6.88097e+06 
14597 14658 32378 32379 1.63832e+07 87318 803434 18976 16918.1 1631.38 4.83184e+06 
12997 13045 30479 30516 1.77041e+07 400093 773402 18466 14097 659.621 5.22584e+06 
17350 17367 33959 34015 7.16818e+06 73256 734020 17050 14276 982 3.81335e+06 
12451 12509 36946 37018 2.96926e+07 99249 1.2842e+06 35445.8 33095 1673.53 8.7605e+06 
18876 18947 32585 32642 1.17586e+07 75866 1.03987e+06 12433 0 899 3.46753e+06 
16663 16746 35616 35704 2.17251e+07 76330 925590 22539 24257 1173 6.41642e+06 
14876 14908 31767 31822 1.52299e+07 85126 755905 18219 19736.5 1177 4.49263e+06 
12786 12859 32058 32064 2.0843e+07 94764.7 927417 22446 21452 871.521 6.14662e+06 
11588 11627 33370 33386 2.68724e+07 107270 1.03787e+06 31744 28097.1 1609.26 7.92841e+06 
12334 12408 36705 36741 3.21732e+07 120089 1.48038e+06 34921.8 36137 1608.65 9.49097e+06 
17382 17408 31546 31620 1.02897e+07 54941 567193 12835 0 824 3.03125e+06 
10931 10965 39344 39378 4.26194e+07 116876 2.01754e+06 47609.8 45380.9 2389.9 1.25789e+07 
15179 15261 39819 39916 3.09398e+07 91992.5 1.46802e+06 35286 33185.4 1463 9.13452e+06 
19670 19758 31180 31231 4.38123e+06 54567 410344 9184 6963 752 2.29618e+06 
11261 11353 38462 38510 4.01668e+07 160733 1.78552e+06 41726.6 44630 2147.51 1.18549e+07 
15094 15132 34532 34539 2.23307e+07 103883 1.06256e+06 23848 36264.9 1231 6.58695e+06 
16484 16487 33556 33614 1.23266e+07 86443 743475 16400.1 14161 7922.63 3.63655e+06 
15948 15956 38889 38963 2.7422e+07 147403 1.03728e+06 35341.5 30005.5 2120.42 8.08861e+06 
13540 13638 31596 31691 1.97905e+07 132877 780515 23721.9 19839.9 1105.33 5.84245e+06 
16308 16338 32204 32224 1.61767e+07 91812.2 642161 14931 10074 909 4.7987e+06 
15116 15158 30336 30384 1.4033e+07 83171 645606 14843 17651.6 973 4.14032e+06 
12083 12127 35828 35873 3.40782e+07 91580 1.48075e+06 33911 35638.1 1428 1.00582e+07 
17333 17365 35858 35930 2.08616e+07 102064 790256 24191 17362.2 1023.98 6.15602e+06 
11303 11398 38404 38407 4.27654e+07 132668 1.87184e+06 43572 44875.4 1751 1.26219e+07 
11848 11935 36745 36810 3.81935e+07 123714 1.59783e+06 39085.9 36770 1610 1.12681e+07 
19939 19963 31464 31564 7.9421e+06 58879 380848 8582 0 773 2.34225e+06 
14386 14399 33508 33592 2.20575e+07 107498 923701 19690.6 20976 1576.09 6.50365e+06 
14639 14718 35232 35330 2.63267e+07 144274 1.06781e+06 25723 21503 971.622 7.77029e+06 
15955 15990 38607 38618 2.98352e+07 94265 1.34351e+06 30052 26493.3 1278 8.80146e+06 
18141 18198 39551 39606 2.74892e+07 134656 1.11279e+06 26939 25462.2 1529 8.1195e+06 
12978 13027 39958 39975 4.27547e+07 137428 1.77425e+06 43050.4 41883.1 1572.95 1.26143e+07 
19720 19737 35447 35502 1.46496e+07 105222 692004 16281 13772 888.806 4.32093e+06 
19115 19155 33797 33876 9.44126e+06 145285 591485 11059.6 15799 1320.76 2.78258e+06 
15365 15457 33835 33853 2.09124e+07 168752 892679 21240 17319 946.548 6.16882e+06 
15328 15384 34033 34114 2.12261e+07 103608 921878 21615 17536.7 1089 6.27001e+06 
13012 13074 29952 30015 1.80416e+07 102336 1.18054e+06 17449.3 11529.1 1040 5.32509e+06 
15178 15180 37558 37602 2.98866e+07 105173 1.37138e+06 30634.4 29920.8 1401 8.81721e+06 
18100 18152 39222 39267 2.73711e+07 137368 1.10317e+06 25560.6 27017 2170.31 8.07547e+06 
16753 16801 39262 39349 2.98967e+07 99950 1.24565e+06 29759 24945.7 1439 8.82591e+06 
12969 13003 38432 38516 3.68446e+07 114097 1.39075e+06 38868.6 36691.8 1660.64 1.08726e+07 
19578 19673 31618 31695 9.33747e+06 974355 454491 10873 8966 576.589 2.7618e+06 
11557 11604 36048 36138 3.51613e+07 147217 1.47127e+06 34693 36328 1928.9 1.03748e+07 
13820 13890 31395 31431 1.64405e+07 96812.4 793376 18625 14617 975.648 4.84863e+06 
15825 15850 31921 32008 1.49363e+07 81307 680880 15512 10258.7 976 4.43679e+06 
15677 15696 37259 37315 2.63836e+07 123824 1.3199e+06 29452.3 23857.7 1362 7.78446e+06 
13005 13014 37850 37941 3.62895e+07 141253 1.45519e+06 34947.1 34377 1508.7 1.07062e+07 
18496 18557 35506 35565 1.65213e+07 79109 774343 17852 12731.1 1051 4.88017e+06 
18609 18677 38468 38520 2.2111e+07 126243 1.03118e+06 24929 24458.9 1305 6.54062e+06 
17227 17274 39992 40023 3.09563e+07 130450 1.44597e+06 32052.1 30282.4 1347.24 9.13612e+06 
17972 18026 34417 34502 1.62618e+07 85416 679752 15306.3 16153 1018.29 4.79592e+06 
19968 19986 34555 34603 1.09256e+07 80210.4 557718 12738 7876 927.889 3.22283e+06 
15017 15055 29943 30040 1.34778e+07 166562 645471 14862 10924 1010 3.97846e+06 
10375 10456 35933 35942 4.02819e+07 113409 1.36705e+06 39676 38713.8 1888.46 1.18858e+07 
17068 17093 39148 39245 2.69848e+07 147712 1.19959e+06 29183 28347 1185.29 7.95941e+06 
16661 16704 31299 31362 1.2881e+07 81389 639503 13617 0 923 3.79843e+06 
10027 10055 36907 36915 4.05888e+07 108076 1.53128e+06 44361.5 42571.7 2030.17 1.19766e+07 
17970 17980 33346 33367 1.32238e+07 236578 622621 15409 12688 895 3.90181e+06 
15899 15955 36330 36365 2.41985e+07 104163 1.10325e+06 24649 29904.7 1212 7.1369e+06 
13776 13779 33188 33256 2.21393e+07 94623.5 933617 23802 23526.2 1184 6.54881e+06 
15171 15176 32735 32763 1.88421e+07 89921 810364 18875.8 17741 1335.85 5.55666e+06 
14808 14809 34805 34873 2.28164e+07 182442 1.0124e+06 23877 18175 889.68 6.737e+06 
17474 17557 33136 33212 1.43957e+07 81820 656194 15007 11554.9 851 4.24915e+06 
14445 14475 34998 35059 2.49776e+07 92604 896516 26553.6 20249.3 1315.97 7.36953e+06 
10769 10836 39044 39103 4.69008e+07 158469 1.93607e+06 47096 46535.1 1438.62 1.38453e+07 
12407 12471 33623 33723 2.49564e+07 99403 1.21027e+06 27165 41918.9 1359 7.36093e+06 
10091 10147 35460 35537 3.68165e+07 93481.2 1.55557e+06 35182.8 35501 1568.2 1.08603e+07 
16119 16212 30433 30512 1.15519e+07 87276 651376 13052 0 819 3.40648e+06 
14391 14429 34571 34594 2.5172e+07 102747 875588 24686.3 21911.6 1371.29 7.42719e+06 
10770 10836 31064 31146 2.5431e+07 90053.1 1.07851e+06 25591.7 26268 1473.79 7.50352e+06 
11803 11896 35849 35898 3.03939e+07 149147 1.16084e+06 38922.5 33439.8 2585.06 8.97315e+06 
14476 14492 37275 37288 2.98149e+07 95803 1.31744e+06 30565 25232.3 1493 8.79978e+06 
16021 16048 37500 37503 2.73158e+07 100703 957347 30126.4 23023.3 1328.06 8.0592e+06 
16018 16115 38742 38752 2.95036e+07 108391 1.45623e+06 31015.7 28492.1 1254.2 8.70823e+06 
11107 11117 33822 33921 3.07751e+07 102484 1.37477e+06 30132 25572.4 1430 9.0781e+06 
11750 11847 30760 30851 2.26204e+07 96502.8 945095 22079 16509 1134.22 6.67159e+06 
19951 19957 39682 39719 2.08681e+07 94679 940060 22979 21675.6 1123 6.17846e+06 
18978 19067 35984 36050 1.7772e+07 76382 655710 18819.9 12950.6 1019 5.24174e+06 
14070 14165 39011 39056 3.54493e+07 153209 1.47929e+06 34016 32621 2013.63 1.04612e+07 
13397 13446 35406 35501 2.86661e+07 150949 1.22145e+06 29926 28929 1225.05 8.45577e+06 
12813 12882 37497 37586 3.59687e+07 98286 1.54446e+06 35476 37936.6 1454 1.06126e+07 
19500 19539 36534 36567 1.60102e+07 81969 683060 20331.2 15233 1002 4.72188e+06 
19890 19980 37593 37671 1.89798e+07 87944 718321 19979.6 16838.2 1039 5.5972e+06 
17874 17902 39907 39917 2.84937e+07 95620 1.189e+06 28146 29237.6 1267 8.41003e+06 
13015 13047 36868 36938 3.28442e+07 104792 1.19655e+06 34206.8 31362.2 1808.45 9.68908e+06 
13943 13957 36177 36244 3.08221e+07 117165 1.06451e+06 30595.4 27701 1435.21 9.0928e+06 
19972 20016 39622 39693 2.31334e+07 181241 916593 23065 21655 859.337 6.8271e+06 
19137 19220 37248 37278 1.97212e+07 91050.6 856273 20744 20441.4 1112 5.84309e+06 
11425 11487 33819 33883 2.95547e+07 93992.4 1.24164e+06 29466.2 33330 1929.88 8.72447e+06 
15664 15693 32666 32669 1.78319e+07 146904 745420 17673 14455 1134 5.26478e+06 
15868 15892 30239 30329 1.12173e+07 269117 563944 13361 11307 912 3.30893e+06 
11431 11471 31802 31875 2.37075e+07 81881 1.04057e+06 24965 20400.8 1400 7.0026e+06 
12484 12571 31941 32012 2.253e+07 89101 836773 22731.2 15480.6 1178 6.64404e+06 
14580 14602 34614 34714 2.38931e+07 173098 986282 23539 17334 1216.58 7.04804e+06 
10333 10370 39207 39296 4.84879e+07 123104 2.01801e+06 48873 51365.3 2039 1.43072e+07 
18501 18565 38766 38837 2.43758e+07 103646 914570 27373.8 23631.5 1389.22 7.19228e+06 
11484 11507 37175 37246 3.88441e+07 155612 1.61735e+06 39824 39746.4 1389.76 1.1467e+07 
16686 16694 33917 33985 1.80792e+07 86439 762338 17843 13628.7 1068 5.35051e+06 
18782 18840 30609 30636 7.5115e+06 87054 417958 9191 0 818 2.21532e+06 
15648 15655 35867 35963 2.41137e+07 137290 1.02924e+06 24463 20692 934.86 7.11298e+06 
17565 17622 31221 31278 6.18447e+06 54289 526327 11938 8450 772 3.28972e+06 
15687 15723 38190 38200 3.02414e+07 126915 1.34425e+06 30360.7 41282.2 1240 8.92294e+06 
16277 16281 31564 31635 1.39568e+07 80955 875306 14890 0 1024 4.11558e+06 
10533 10547 35581 35597 3.85856e+07 115668 1.56613e+06 39000.6 35952.9 1625 1.13816e+07 
15942 16001 35956 35968 2.34374e+07 111457 970942 22586.9 21627 1571.72 6.91566e+06 
11018 11063 34608 34667 3.16851e+07 97055.4 1.32547e+06 32748 30591 1446 9.35852e+06 
10903 10998 36532 36547 3.55289e+07 108264 1.72261e+06 40732.6 36565.2 1598 1.0484e+07 
19326 19411 33455 33501 1.26521e+07 96243.6 562890 12986 9700 919 3.75789e+06 
10191 10273 30563 30626 2.36255e+07 107597 1.03176e+06 23357 24665 1775.74 6.97094e+06 
16089 16189 34185 34189 1.89572e+07 83140 802180 19181 16400.1 1040 5.61132e+06 
16138 16176 35273 35322 2.15067e+07 103365 1.05897e+06 22302.6 15024.1 1046 6.34595e+06 
16306 16358 33552 33569 1.73637e+07 258439 770852 19848 21048 1453 5.13942e+06 
18587 18612 31340 31351 1.02494e+07 83498 473100 11268 0 908 3.01907e+06 
18973 19050 33663 33694 1.27347e+07 77257 596803 12873.1 11751 945 3.75218e+06 
16332 16419 32086 32110 1.42408e+07 72307.4 637245 13884.1 9715 8658.09 4.2044e+06 
11588 11649 39718 39790 4.75324e+07 128786 1.98165e+06 46029 46603.2 2126.48 1.40268e+07 
11948 11956 36988 37010 3.6898e+07 153580 1.56926e+06 38728 38776 1209.29 1.08948e+07 
14420 14424 37279 37348 3.13656e+07 121375 1.41004e+06 32571.1 28930.2 1427 9.25273e+06 
19196 19214 30760 30837 8.33408e+06 60502.1 401402 9216 7028 838.461 2.4589e+06 
13810 13876 39285 39341 3.97061e+07 135809 1.54521e+06 37656 33062.7 1619 1.17207e+07 
16455 16509 34866 34906 2.16202e+07 99758 803911 20950.4 19582 1120.12 6.37942e+06 
11238 11292 30403 30462 1.89231e+07 209985 933380 22167 19400 1006.7 5.58285e+06 
10801 10812 35894 35947 3.75827e+07 96002 1.62153e+06 36951 32910.3 1528 1.10894e+07 
11992 12030 33772 33801 2.77407e+07 96831 1.04642e+06 29958.4 26052.5 1567.79 8.18454e+06 
10222 10322 33069 33099 3.02098e+07 140152 1.27838e+06 31315 28534.7 1449 8.91999e+06 
17057 17084 39184 39273 2.77306e+07 114816 1.05628e+06 31675.3 27163.4 1483.35 8.18158e+06 
16024 16056 38108 38173 2.7197e+07 157159 1.15619e+06 28267 25724 857.329 8.02568e+06 
16513 16602 30216 30302 1.15666e+07 80437 522415 12218 10896.3 845 3.42036e+06 
13665 13692 36956 37042 3.20558e+07 96612 1.42165e+06 33051 36349.7 1450 9.45778e+06 
14236 14265 38327 38411 3.4248e+07 125661 1.25209e+06 36984.1 32509 1471.11 1.01069e+07 
13090 13112 38445 38479 3.60903e+07 128146 1.55024e+06 37906 36920.8 1324 1.0655e+07 
12035 12043 30136 30156 1.90141e+07 102806 708542 21846 14831.6 1161 5.6075e+06 
17441 17478 35871 35901 2.02572e+07 97783 873328 18642.8 16974 1494.31 5.97396e+06 
10121 10211 32698 32760 3.11091e+07 120052 1.45629e+06 31071.5 30255.5 1514.27 9.18073e+06 
10517 10521 31091 31174 2.57615e+07 136674 956593 29311.4 27265.1 1746 7.60089e+06 
15006 15033 35822 35913 2.59347e+07 109161 963572 26913.1 24986.2 1567.23 7.6527e+06 
14776 14841 36799 36889 2.8642e+07 270360 1.24022e+06 29999 26722.5 988.163 8.47224e+06 
15104 15196 38732 38796 3.52164e+07 122144 1.52928e+06 34766 40007.4 1438 1.03896e+07 
14189 14191 38054 38058 3.18386e+07 123215 1.35354e+06 31501.9 31447 1873.88 9.39324e+06 
10030 10043 31788 31888 2.9174e+07 114437 1.14725e+06 28426 28937.8 1404 8.61435e+06 
15429 15472 34865 34917 2.31998e+07 95393 1.09142e+06 24252.5 18096.2 1100 6.84496e+06 
18023 18054 31803 31851 1.08035e+07 88329 594005 12023 0 875 3.186e+06 
18311 18375 39536 39577 2.62492e+07 110926 1.24164e+06 27004.9 26087 1392 7.74408e+06 
14675 14775 35854 35892 2.69463e+07 104617 999207 28982.8 25642.1 1273 7.94955e+06 
13982 14064 32623 32718 2.11423e+07 127066 845767 20153 17323 1091 6.24163e+06 
18289 18340 34819 34877 1.32969e+07 127841 702564 17617 19005 1330.61 3.92081e+06 
10219 10257 34109 34127 3.27695e+07 168722 1.37033e+06 33329 29301.7 1273.15 9.67968e+06 
14028 14073 37681 37689 3.238e+07 129467 1.48236e+06 33908.3 32143.9 1475.41 9.55578e+06 
13591 13653 39852 39867 4.09895e+07 150868 1.62845e+06 39159.6 41466 1927.44 1.20939e+07 
18187 18268 31354 31415 1.0066e+07 77914 493972 11467 8648.76 901 2.96914e+06 
10229 10245 36918 36935 4.05105e+07 156122 1.72529e+06 42093 39950 1543.87 1.19566e+07 
16673 16745 32323 32414 1.45726e+07 89231 715683 15438 0 961 4.29691e+06 
10505 10537 34918 34947 3.44219e+07 183111 1.42693e+06 35334 34962.1 1228.73 1.01651e+07 
16663 16703 36870 36920 2.34541e+07 111002 1.04008e+06 23683.8 22781 2032.56 6.92102e+06 
11485 11512 36624 36631 3.68749e+07 115962 1.58704e+06 38205 36551.8 1633 1.08864e+07 
19760 19807 31831 31853 7.97426e+06 83145.6 423956 9832 7785 770 2.3728e+06 
14959 14993 31523 31577 1.63857e+07 76105 780084 17096 0 1120 4.83231e+06 
17709 17722 39643 39658 2.81507e+07 99383 994559 30114.7 25993.9 1331.1 8.30539e+06 
16624 16639 35231 35259 2.01046e+07 168739 893634 21345 17640 1081 5.93063e+06 
15476 15535 35175 35243 2.4206e+07 103435 1.00562e+06 23383 16311.4 1087 7.1471e+06 
16319 16412 34589 34644 1.99869e+07 118953 815594 19283 14585 1012 5.90837e+06 
14110 14135 35015 35108 2.46162e+07 169158 1.06499e+06 26227 26216 908.636 7.26622e+06 
16398 16416 31088 31187 1.31231e+07 73265.4 611765 14287 11428 909 3.90913e+06 
10440 10478 38393 38401 4.54222e+07 165207 1.97102e+06 48427.3 48283.1 1888.76 1.34015e+07 
10869 10882 35673 35765 3.36863e+07 161905 1.50328e+06 31910.5 40511 1870.45 9.94064e+06 
12158 12213 32077 32096 2.29484e+07 89644 1.19209e+06 22979.1 23546.1 1284 6.77153e+06 
17280 17339 34278 34318 1.69249e+07 88476 748260 17834 16574.9 979 5.01135e+06 
19259 19326 37656 37664 2.05199e+07 89729 857202 20877 20575.6 1143 6.06495e+06 
10982 11002 31920 31990 2.6781e+07 98624 1.22315e+06 27734.7 26200.8 1379 7.90156e+06 
13195 13263 33879 33940 2.54349e+07 142393 1.05283e+06 24037.5 21605 1523.49 7.50519e+06 
19593 19634 38073 38123 2.05969e+07 191220 861254 20681 19932 1038 6.07125e+06 
14411 14462 39634 39642 3.74561e+07 167409 1.48022e+06 34294.6 35263 2176.43 1.10544e+07 
19081 19148 37473 37566 2.00125e+07 112103 910648 20664 20021.6 1180 5.90443e+06 
19022 19062 30323 30408 5.56099e+06 63509.7 398905 9171 7486 772 2.3963e+06 
19135 19181 30305 30338 6.8178e+06 78061 392485 8481 3492.12 700 2.04424e+06 
14526 14625 30302 30358 9.78322e+06 97151 659101 15450 9611 1009 4.3844e+06 
17777 17846 35621 35633 1.81295e+07 107226 1.1266e+06 19577.1 17615 1055 5.41287e+06 
10950 10998 38532 38565 4.59049e+07 153896 1.83913e+06 43062.3 45071.7 2048.87 1.35452e+07 
13024 13116 30966 31003 1.79875e+07 75973.7 835401 20049 18527 564.646 5.30524e+06 
16372 16404 36594 36679 2.33673e+07 100275 1.1632e+06 25894.8 24014 1211 6.91726e+06 
15758 15806 35760 35834 2.31553e+07 177608 1.00089e+06 24120 19619.5 818.892 6.83311e+06 
14489 14515 30494 30542 1.59048e+07 96405 664778 15387 8762.61 993 4.69004e+06 
19930 20025 34098 34198 1.08454e+07 89248 520273 11662.6 9916 2437.58 3.19914e+06 
18004 18047 34926 34926 1.70002e+07 291282 723722 16849 10500.4 673.022 5.01778e+06 
17871 17896 30335 30345 8.51068e+06 76212 431937 9553 0 709 2.5068e+06 
11831 11893 31391 31410 1.33397e+07 99206 1.10173e+06 23153 17856 1251 6.45898e+06 
17381 17456 34691 34691 1.73021e+07 78883 757507 18150 14961.9 935 5.13435e+06 
13479 13522 31842 31912 1.70418e+07 101204 864797 21172 23347 1098.92 5.02706e+06 
17794 17836 32411 32465 1.29557e+07 80061 480319 13902.3 10670 845 3.83127e+06 
17469 17508 37485 37569 2.31284e+07 118165 1.21162e+06 24573.5 22566 1278 6.87274e+06 
12277 12281 31688 31753 2.20277e+07 79654 966877 23379 22373.2 1278 6.50554e+06 
19424 19426 32202 32297 1.07462e+07 75636 467209 11131 7624.15 834 3.1849e+06 
12620 12635 30585 30616 1.83964e+07 74785 704456 21358.7 14353 1034 5.4291e+06 
10638 10638 32434 32533 2.8116e+07 97700.5 1.17803e+06 28398.3 22914 1394.07 8.29706e+06 
15435 15439 38939 38994 3.20973e+07 93940 1.4926e+06 33400 32508.9 1417 9.48404e+06 
10564 10645 30585 30668 2.33927e+07 100066 1.00459e+06 23275.3 21940 1564.66 6.90277e+06 
15532 15579 32168 32246 1.74681e+07 104546 722383 17084 14041.4 990 5.1519e+06 
13319 13382 35367 35375 2.81323e+07 143439 1.22161e+06 29790 30010.5 1051.56 8.30028e+06 
11735 11805 37543 37569 4.00202e+07 123712 1.75316e+06 41610.2 36921.5 1907 1.18318e+07 
17793 17808 32076 32152 7.63526e+06 73647 1.54869e+06 12523 10377 802 3.70312e+06 
12561 12639 33524 33558 2.48318e+07 116253 1.07274e+06 26181 28458.9 1183 7.32352e+06 
19560 19651 35926 36018 1.48673e+07 92416 712917 16673 12329.8 938 4.61585e+06 
10431 10473 38440 38440 4.43173e+07 103836 1.70716e+06 44340 44078 1912.82 1.308e+07 
18102 18116 39747 39766 1.61069e+07 121081 1.26493e+06 27289 25581 1325 7.8428e+06 
14365 14444 32620 32695 1.90947e+07 76928 826124 19416.6 17855 1333.87 5.63138e+06 
10750 10807 38008 38090 4.29381e+07 126988 1.80304e+06 43106 43795.5 1698 1.26754e+07 
12899 12907 32309 32372 2.30569e+07 91588 951536 23238 20430.5 1110 6.81217e+06 
14527 14582 32499 32525 1.95901e+07 100514 813250 19670 19830 1252.57 5.77859e+06 
16385 16425 38916 38936 3.03132e+07 101189 1.25487e+06 29732 28438.7 1427 8.95372e+06 
19624 19653 37313 37330 1.95173e+07 86580 757874 19483.8 16044 1131 5.76226e+06 
16612 16651 33141 33158 1.67684e+07 82683.2 726995 16147.6 12438 3028.86 4.94956e+06 
10821 10852 31332 31409 2.621e+07 154743 1.07917e+06 26282 24041.4 1262.98 7.73376e+06 
10604 10629 35518 35530 3.79511e+07 133596 1.5521e+06 37263.1 32257 1645.99 1.121e+07 
12289 12322 39896 39902 4.53799e+07 142403 1.8009e+06 44271 44664.3 1266.18 1.33912e+07 
14105 14111 39568 39588 3.863e+07 82699.7 1.33116e+06 37683.8 35928 1840.61 1.14042e+07 
10106 10127 39057 39153 4.79994e+07 115672 2.08983e+06 48211.4 46305 2245.75 1.41676e+07 
14558 14591 33237 33259 2.21172e+07 96239 789882 24185.4 20097 1136.68 6.52972e+06 
15741 15760 31394 31409 1.56184e+07 102116 668456 15622 11342 931.343 4.60643e+06 
13092 13159 30121 30176 1.775e+07 188479 749750 17567 12476.6 947 5.23502e+06 
16633 16686 32976 32993 1.55491e+07 67521 709565 16538 12253.7 975 4.59723e+06 
13644 13715 39639 39709 3.89915e+07 121962 1.72517e+06 38539.5 36212 1724.19 1.15115e+07 
16530 16624 36716 36792 2.47338e+07 93742 1.16576e+06 25728.2 24798 1242 7.34438e+06 
12679 12717 38243 38331 3.90321e+07 149201 1.5437e+06 36454.3 37763.5 1540.87 1.15175e+07 
14657 14747 30091 30114 1.39425e+07 82846 563237 26806.6 12929 1058 4.1105e+06 
11755 11794 31401 31436 2.24407e+07 109406 1.17613e+06 24755.9 24184 1310 6.67541e+06 
12769 12785 33100 33100 2.4252e+07 80747.8 1.03319e+06 23596.8 21126 1615.95 7.15558e+06 
12664 12739 33023 33105 2.44273e+07 120087 1.02403e+06 24291 19307 1053 7.2038e+06 
15677 15750 39475 39493 3.17085e+07 97811 1.45888e+06 34292.4 32938 1513 9.37294e+06 
11648 11731 37139 37207 3.97285e+07 151681 1.60546e+06 39778 39688.5 1371.66 1.17236e+07 
10105 10131 35137 35146 3.77454e+07 122953 1.50012e+06 38983.4 37001.8 1637 1.11679e+07 
12011 12024 34683 34753 2.95938e+07 109311 1.39393e+06 31018 29860.3 1321 8.80566e+06 
16662 16736 30620 30660 1.11365e+07 77118 451235 62303.3 9274 863 3.28282e+06 
11437 11471 37452 37518 3.90657e+07 172098 1.63886e+06 38161.1 37443.9 2341.45 1.15303e+07 
12998 13003 32348 32415 2.17918e+07 105740 817343 23413.6 17836 1186.39 6.43049e+06 
17625 17664 35143 35241 1.77807e+07 77363 722533 18485.1 15501 933 5.25658e+06 
14210 14219 35314 35343 2.45077e+07 99217.8 1.11404e+06 25763.2 22590 1440.24 7.23127e+06 
14887 14953 38833 38880 3.36278e+07 124523 1.42064e+06 34989 33752.1 1506 9.92718e+06 
14266 14349 34034 34072 2.31701e+07 75820 888843 23529.3 21543 1260 6.84526e+06 
11423 11508 30975 31001 2.31364e+07 111631 1.00581e+06 22957.6 21405 1607.93 6.8268e+06 
14066 14110 36255 36263 2.9596e+07 109022 1.19388e+06 29128 24910.6 1256 8.73636e+06 
10462 10536 36498 36520 4.10533e+07 132273 1.75479e+06 41027.8 39681 1931.33 1.21165e+07 
10795 10805 37421 37485 4.14229e+07 142298 1.69043e+06 39479 42919.4 2055.62 1.22226e+07 
15913 15992 35889 35959 2.19489e+07 81309 963983 23335 19751.2 1085 6.48135e+06 
18918 18994 35489 35568 1.67339e+07 87562 654694 18402.4 13863 1046 4.94396e+06 
11456 11470 30326 30418 2.16461e+07 93451.1 936578 21309.9 18901 1792.75 6.38779e+06 
18985 19027 35214 35302 1.53727e+07 66394 700730 16520 14967 737.536 4.53491e+06 
14730 14766 37340 37416 3.06553e+07 103772 1.09408e+06 33786 31945 1713.96 9.04528e+06 
10677 10721 36847 36861 4.22502e+07 139149 1.6822e+06 41111 41422.1 1728 1.24703e+07 
14212 14283 39716 39799 3.89749e+07 106917 1.35353e+06 38999.9 37573 1647.96 1.15021e+07 
13575 13667 32909 33007 2.26656e+07 189316 946930 23260 24391.4 774.92 6.68804e+06 
19177 19274 37070 37120 1.91831e+07 97613 856109 20608 19058.9 1101 5.70313e+06 
15343 15346 30036 30077 1.30932e+07 78216 607399 14652.1 11901 895 3.90398e+06 
14702 14716 39879 39881 3.37142e+07 98684.9 1.50079e+06 34782 32508 1702.57 9.94593e+06 
12163 12186 39033 39100 4.33774e+07 153162 1.76398e+06 43751 43555 1318.51 1.28028e+07 
13186 13192 34504 34520 2.70328e+07 116054 1.21828e+06 27387 26012.8 1370 8.02491e+06 
17828 17885 34658 34683 1.6813e+07 109571 607541 22709 12234 826.002 4.96118e+06 
12869 12936 30355 30359 1.0984e+07 90692 1.08209e+06 19336 18246 989 5.37612e+06 
18484 18525 36013 36014 1.97118e+07 92544 805403 18294.9 15741 1236.28 5.81361e+06 
16448 16458 34554 34615 1.81995e+07 75524.3 819922 19394 17186 1039 5.37309e+06 
18893 18904 30209 30246 7.68121e+06 54664 390910 8861 0 785 2.26214e+06 
17006 17036 35486 35555 1.8349e+07 90318 892573 19249.7 18205 1200.18 5.41171e+06 
11619 11692 30573 30577 2.00498e+07 91025.3 923800 21729 16853 1084.55 5.91315e+06 
19701 19765 37351 37365 1.78162e+07 105153 1.18865e+06 20187.8 18322 1101 5.29631e+06 
19572 19654 34557 34558 8.41246e+06 77370 608857 13716 10244 859 4.08763e+06 
15970 16063 31131 31181 1.34311e+07 78161 608741 14185.4 8963 880 3.97834e+06 
17539 17610 37574 37599 2.35604e+07 126308 978282 21855.2 18608 2161.26 6.95217e+06 
12790 12790 34863 34937 2.79374e+07 93917.9 1.18384e+06 28747 25299.9 1257 8.24694e+06 
13435 13458 39016 39027 3.87435e+07 128463 1.73145e+06 39093.7 38369 1738 1.1439e+07 
14747 14777 36389 36448 2.6623e+07 77537.4 1.19186e+06 27745.9 28614 1637.75 7.8548e+06 
16269 16339 39657 39672 3.13379e+07 94883 1.29192e+06 31047 30355.4 1413 9.25928e+06 
11037 11086 32216 32300 2.62985e+07 95576 1.27798e+06 26208.6 21695 1315 7.83101e+06 
16778 16835 35656 35703 1.17028e+07 114638 1.49043e+06 22628 24396 1444 5.42918e+06 
17240 17249 34874 34942 1.85551e+07 93104 827496 19375 16511.3 1054 5.54897e+06 
11170 11269 32729 32828 2.87556e+07 200193 1.15299e+06 28628 29009.8 1346.22 8.48577e+06 
18938 18967 34361 34403 8.93253e+06 85478 649608 14777 11393 1014 4.36338e+06 
10389 10465 32986 33062 3.00658e+07 102621 1.12709e+06 30473.2 26576 1523.73 8.87489e+06 
13672 13700 31419 31475 1.94911e+07 85784 810397 18661.5 19789 1309.01 5.74792e+06 
14450 14524 33420 33471 1.58602e+07 128320 907393 21386 20491 1046.55 4.67743e+06 
18411 18461 38496 38547 2.02746e+07 102450 1.03184e+06 24380 19837.8 1293 5.98328e+06 
14616 14636 38226 38267 2.74053e+07 96008.3 1.34794e+06 30472.7 30796 1690.07 8.08567e+06 
18482 18486 34959 34987 1.35523e+07 107974 699767 16515 14652.7 995 3.9976e+06 
10796 10827 30845 30938 2.24098e+07 122069 1.04708e+06 25014 25109.8 1253 6.60892e+06 
10531 10537 32458 32538 2.7441e+07 98596 1.30692e+06 30217.9 27311 1388 8.11821e+06 
17684 17773 32175 32175 1.13782e+07 90759 540639 12149.6 8601 1116.26 3.35632e+06 
15142 15145 34328 34357 1.84258e+07 92541 840383 28302.3 22219 1054.48 5.43825e+06 
10529 10565 34861 34909 3.02994e+07 176551 1.41097e+06 34413 28200.5 1153.8 8.94149e+06 
15289 15379 30649 30678 1.12226e+07 60559 652812 16272.7 12932 825.134 3.31065e+06 
19110 19165 31083 31144 4.8232e+06 54488 1.93144e+06 10469 9339 746 2.35056e+06 
12847 12873 36210 36291 3.21574e+07 120315 1.32555e+06 30857 29246 1219.23 9.48673e+06 
11833 11844 31534 31615 2.49507e+07 92480.8 1.00136e+06 24562 21484 1316 7.36538e+06 
18717 18719 31704 31759 9.50312e+06 54473 475655 10955 0 915 2.79939e+06 
15923 15941 39553 39592 3.02378e+07 205511 1.29603e+06 30243.4 30652.8 1929.82 8.92473e+06 
19890 19983 39083 39122 1.95796e+07 135445 930155 22498 21646 1160 5.77423e+06 
11002 11002 38854 38862 3.77629e+07 122425 2.04369e+06 44873.5 43535 1844.28 1.11568e+07 
17936 17937 34427 34500 1.52468e+07 89729 680331 16631 13126.3 999 4.56483e+06 
12984 13071 36414 36460 3.02248e+07 104415 1.43785e+06 32376 31282.5 1372 8.94078e+06 
18109 18151 34590 34593 1.50518e+07 167562 685650 16240 12252 757.132 4.43944e+06 
12172 12220 34259 34268 2.93083e+07 96769 1.05669e+06 29863.2 28082 1655.7 8.64648e+06 
16036 16077 31939 32031 1.37214e+07 413901 652703 15174 11102 675.169 4.04762e+06 
10617 10678 39385 39412 4.12411e+07 100055 1.75383e+06 47835.1 49193 2446.05 1.21733e+07 
14160 14233 32295 32362 1.70486e+07 182284 817005 19630 19034.3 1152 5.02838e+06 
10721 10800 31734 31784 2.17601e+07 88653 1.08776e+06 26298 22595.7 1378 6.43532e+06 
15462 15477 34873 34910 1.93137e+07 88307 832280 23539.5 17683 1087 5.71511e+06 
15369 15435 31026 31064 1.2012e+07 459717 709966 15553 7825.45 897 3.54373e+06 
14548 14592 38303 38351 2.74899e+07 130220 1.37507e+06 33004 28698 1336 8.11002e+06 
15608 15701 38538 38626 2.61419e+07 105104 1.46098e+06 32058.2 29981 1298 7.7438e+06 
16582 16656 38953 38991 2.52757e+07 158086 1.21661e+06 29367 26930.6 1095.17 7.45847e+06 
15365 15462 31596 31625 1.52748e+07 80211 725668 14935.9 14945 1253.39 4.50508e+06 
11314 11330 33261 33312 2.6636e+07 189268 1.18735e+06 28794 26327.4 1214.39 7.85947e+06 
14855 14861 32704 32770 1.89382e+07 75540 824970 19415 13550.7 1059 5.60346e+06 
13017 13115 32746 32829 2.18896e+07 109339 959779 23380 22185.6 1088 6.45939e+06 
12337 12399 36427 36524 3.25687e+07 126804 1.44241e+06 35290 37420.7 1063.49 9.60794e+06 
17476 17499 34687 34698 1.61638e+07 117030 754742 18182 14214.6 945 5.0046e+06 
11609 11621 34145 34179 2.85037e+07 150786 1.2547e+06 31031 31293.3 1377.38 8.40951e+06 
10859 10862 39219 39306 4.51934e+07 153618 1.92615e+06 45354.5 44265 2412.27 1.33348e+07 
14564 14622 30061 30136 1.37389e+07 78375 653491 14013.9 13914 1249.05 4.05218e+06 
11359 11386 36372 36405 3.32701e+07 125620 1.51716e+06 36731 32010.4 1298.12 9.81529e+06 
18666 18718 37146 37245 1.61958e+07 96692 916995 21229 17662.8 1195 5.30238e+06 
14762 14838 39222 39262 3.02301e+07 94520 1.28922e+06 35502 32175 1850.13 8.92187e+06 
15838 15858 34430 34455 1.60979e+07 76888 864971 20376 16113 1081 4.75366e+06 
12348 12364 30264 30278 9.44999e+06 80759 1.02972e+06 19529 15055 1058 4.59177e+06 
18626 18685 34133 34208 1.34219e+07 81835 548578 19703.5 11092 1004 3.95916e+06 
14510 14566 38043 38130 2.58226e+07 157891 1.31132e+06 31285 27344 1325.86 7.61634e+06 
9961 10060 31219 31287 2.58464e+07 114450 1.12263e+06 28453 31908.1 1644 7.62757e+06 
12540 12550 34001 34017 2.64842e+07 140624 1.10768e+06 28382 27812.4 1274 7.81463e+06 
18385 18455 31223 31261 4.73651e+06 82440 511562 10801 8113 876 2.47331e+06 
12373 12377 39740 39765 4.13967e+07 130618 1.5243e+06 45420.5 41772 1979.78 1.22199e+07 
19641 19732 33007 33053 1.01271e+07 441254 517144 12044 9697.47 814 2.98786e+06 
11682 11746 37921 37932 3.63891e+07 122020 1.82958e+06 41475.1 41525 1820.9 1.07456e+07 
12449 12453 34255 34335 2.12309e+07 202934 1.1318e+06 27145 23749.5 946.086 6.26549e+06 
15917 15993 30304 30354 6.82106e+06 54894 2.72466e+06 12876 11158 846 3.3251e+06 
15029 15073 37960 38019 2.83704e+07 94365.8 1.13286e+06 34170 27800 1604.16 8.37192e+06 
18155 18246 34961 34981 1.53416e+07 267636 719218 16968 14157.7 1013 4.5248e+06 
12422 12509 36899 36998 3.35268e+07 115866 1.46128e+06 35838 37084.1 1466 9.89416e+06 
18705 18792 34849 34862 9.06851e+06 90285 678278 16194 13974 962 4.38076e+06 
16985 17027 36425 36454 2.11766e+07 79525 853535 24086.3 17804 1189 6.25314e+06 
19452 19457 34660 34747 1.1855e+07 65997.5 611858 13838 8549 868.487 3.49688e+06 
11447 11482 32973 33016 2.69761e+07 138404 1.16764e+06 28041 23893.4 1377 7.95823e+06 
16462 16507 38501 38563 2.79723e+07 110370 1.30666e+06 29759.4 26692 1298 8.30019e+06 
18190 18283 36303 36313 1.86477e+07 80350 848298 19388 15486 1225.88 5.49935e+06 
15677 15705 36719 36794 2.55612e+07 88783.9 1.13621e+06 26728.7 23756 1581.92 7.54183e+06 
14432 14532 38074 38166 3.40323e+07 95589.6 1.31817e+06 32224 30207.7 1339 1.00439e+07 
10601 10672 34870 34957 3.43056e+07 135126 1.59302e+06 34723.8 33544 1662.38 1.0128e+07 
19951 19970 39885 39935 2.30433e+07 193420 1.26731e+06 24369.5 23649 1294 6.8461e+06 
18221 18253 37394 37434 1.92403e+07 78804 879661 21250.9 20226 1214 5.68322e+06 
14565 14634 32947 33045 1.70245e+07 126530 861169 16687.8 23891 2470.61 5.02159e+06 
12238 12319 36282 36371 3.27783e+07 119702 1.2239e+06 38547.7 34625 1698.33 9.67175e+06 
13256 13258 32953 33045 2.30069e+07 115011 974272 23736 24077.5 1148 6.78628e+06 
16118 16181 32591 32665 1.62702e+07 80405.6 682298 16349 18810.4 918 4.79858e+06 
11137 11222 32814 32853 2.66225e+07 93027 1.19865e+06 27690 23341 1376 7.88666e+06 
15302 15374 30173 30257 1.33537e+07 83541 591389 14634.5 10029 890 3.94298e+06 
11363 11366 36736 36791 3.26637e+07 107992 1.68415e+06 38671 37199 1652 9.66138e+06 
18765 18804 37183 37221 1.71746e+07 100656 730719 28506.4 18475 1197.73 5.06863e+06 
18139 18172 36586 36640 1.6598e+07 163162 898527 21967 17774.4 1253 4.89725e+06 
16375 16436 31780 31846 1.51627e+07 75400 619647 14629 11922 858.558 4.47258e+06 
15969 15969 37795 37829 2.55839e+07 117034 1.13062e+06 25997 27227 1692.74 7.54855e+06 
16677 16693 39213 39303 2.7589e+07 94759.6 1.23743e+06 29916 28237.6 1423 8.14502e+06 
11540 11629 30402 30468 2.14991e+07 99840 1.04415e+06 22926.8 22649 1347 6.46052e+06 
13230 13258 33539 33559 2.07259e+07 172299 1.02543e+06 25579 31645.3 1466 6.11324e+06 
18275 18295 37895 37954 2.02886e+07 105461 1.19587e+06 22580.8 19529 1201 6.05836e+06 
16113 16171 38370 38384 2.83222e+07 197947 1.20966e+06 28291.8 30246.5 1862.26 8.35994e+06 
13598 13637 31977 32044 1.26408e+07 78933 956449 20371 15868 1116 6.12755e+06 
10227 10248 37115 37163 4.20354e+07 126411 1.48953e+06 43462.6 40141 1868.58 1.2402e+07 
15816 15851 33551 33554 1.85664e+07 95983 807143 19311 16005.5 1043 5.48684e+06 
19474 19571 39808 39883 2.26194e+07 150664 1.00647e+06 24386 23324.8 1055.15 6.67484e+06 
16636 16713 33452 33540 1.62998e+07 94300 740111 17696 12584.5 1032 4.80753e+06 
15062 15128 33377 33411 1.95227e+07 142377 884873 21368 20457 915.514 5.75745e+06 
15964 16046 39680 39691 3.06206e+07 160506 1.29787e+06 32218 32988.5 1145.02 9.03356e+06 
17243 17310 33962 34029 1.53703e+07 96689.9 735715 17846 16929 848.576 4.533e+06 
18943 18996 31370 31372 8.74993e+06 164375 466495 10414 6109.91 844 2.58158e+06 
13766 13799 32830 32877 2.17403e+07 93432.3 907107 21504.9 21842 2146.41 6.41756e+06 
17075 17102 32125 32139 1.34819e+07 88880.5 602132 13885 8961 767.065 3.97632e+06 
13551 13553 32009 32045 1.96275e+07 105626 879535 20498 13453.7 1056 5.78852e+06 
11850 11865 31267 31280 2.23043e+07 91378.7 980948 22786 22290 1834.45 6.58152e+06 
10325 10341 30624 30684 2.26599e+07 112415 1.03376e+06 23543.2 25527 1685.38 6.68679e+06 
12580 12627 38052 38149 3.77456e+07 124172 1.32054e+06 37711.4 35625 1686.53 1.11388e+07 
15112 15193 31078 31154 1.55914e+07 76934.8 731444 17122 14715 650.575 4.59876e+06 
18589 18655 39132 39175 2.53429e+07 89263.3 1.06565e+06 24838.9 25543 1809.19 7.47884e+06 
18415 18493 39740 39804 2.66517e+07 163802 1.09261e+06 27052 26936.2 1218.49 7.86362e+06 
18137 18182 36134 36195 1.89509e+07 109507 885397 19935 14689.2 1098 5.7089e+06 
12382 12410 38480 38561 4.04443e+07 115094 1.50993e+06 40384.1 38115 1783.99 1.19359e+07 
16090 16097 37575 37596 2.71093e+07 121609 1.09352e+06 26808 25295.9 1243 7.99565e+06 
10802 10886 33869 33927 3.06299e+07 116422 1.40423e+06 32483.3 30465 1503 9.09747e+06 
14742 14792 37653 37705 3.08062e+07 115153 1.27712e+06 29540.6 29833 1541.41 9.08842e+06 
12608 12674 34881 34932 3.04903e+07 92684 1.26102e+06 28953 27765.5 1269 9.02097e+06 
18360 18389 32292 32299 1.25869e+07 74370 462861 12306.5 10239 869 3.75187e+06 
19008 19045 32491 32496 1.03988e+07 6.46037e+06 507759 11658 9761 782 3.06353e+06 
14030 14050 31490 31521 1.80892e+07 107706 784637 18949 17926.6 1215 5.44766e+06 
16511 16518 30415 30476 1.22429e+07 100039 530411 12376 11134 897 3.6221e+06 
10692 10705 38886 38943 4.92417e+07 132129 1.96541e+06 46989 49876.7 1950 1.45265e+07 
12984 13057 38135 38143 3.90112e+07 151119 1.29016e+06 37089.7 37001 1566.44 1.15102e+07 
13733 13822 33029 33128 2.21664e+07 104030 940192 23024 22643.3 1121 6.54168e+06 
10507 10519 32869 32956 3.07829e+07 112548 1.22066e+06 29832 28385 1426 9.0856e+06 
18522 18615 32266 32332 7.35518e+06 83073 922620 11931 8469 900 3.56503e+06 
17518 17612 36689 36721 2.17508e+07 99707 1.11638e+06 23447 20626 1265 6.49308e+06 
13623 13704 34281 34289 2.34952e+07 89235 1.03703e+06 23853.4 21715 1525.79 6.92897e+06 
10338 10428 36503 36525 4.01022e+07 121974 1.71158e+06 41358 36936.2 1643.8 1.18334e+07 
15428 15514 35606 35684 2.38331e+07 75460.3 1.06624e+06 25409 23443 1009.23 7.04729e+06 
19226 19325 31226 31314 8.7274e+06 4.79105e+06 437460 9828 7162 802 2.57091e+06 
19365 19438 33698 33703 1.30715e+07 76154 579478 12562.5 11935 1364.64 3.85526e+06 
17356 17356 31255 31336 1.21136e+07 87163 508000 14746.2 11084.8 867 3.57298e+06 
14709 14733 36668 36668 2.84743e+07 99563.4 1.21305e+06 28936 25004 1099.88 8.41056e+06 
19391 19459 34955 34996 1.39495e+07 89493 667422 15212 0 856 4.11305e+06 
12791 12820 36676 36765 3.45647e+07 186190 1.41861e+06 34278 29846.8 1088.89 1.02085e+07 
18480 18523 35513 35591 1.72828e+07 89780 817763 18342 0 1072 5.09617e+06 
19914 19997 35941 35943 1.4013e+07 73208 667451 15027.6 10995 1388.65 4.1327e+06 
15733 15769 37081 37081 2.62258e+07 145010 1.13595e+06 26907 21315 890.097 7.74908e+06 
13676 13736 38742 38824 3.91339e+07 116045 1.61781e+06 38701.8 34880.5 1527 1.15428e+07 
19172 19236 31251 31320 7.90652e+06 56027 442112 9869 7617 -nan 2.32918e+06 
10094 10171 30399 30487 1.5431e+07 114794 1.02831e+06 25426 70904.8 1668 4.55725e+06 
18094 18112 37468 37563 2.11107e+07 118457 1.04674e+06 26371 29997.5 1642 6.25034e+06 
14014 14110 31453 31505 1.82982e+07 90282 834250 18646 0 1058 5.39617e+06 
18854 18886 31273 31274 8.91479e+06 55407 2.18639e+06 10627 0 863 2.61727e+06 
17273 17349 32319 32367 1.31171e+07 151662 626006 15128 15446.5 906 3.8689e+06 
14414 14458 38361 38393 3.31811e+07 108303 1.46398e+06 35969.3 30131.1 1292.44 9.79196e+06 
12470 12550 34230 34313 2.68568e+07 84385.4 1.12819e+06 27669 26070 1055.29 7.93508e+06 
10889 10981 33227 33283 2.77865e+07 149603 1.23084e+06 29940 27157.8 1423 8.19705e+06 
15879 15961 32605 32688 1.68256e+07 82586 601692 18282.2 10400.8 909 4.96221e+06 
15009 15022 39675 39703 3.64525e+07 133304 1.53501e+06 36878.2 34955.2 1615 1.07566e+07 
18673 18745 32326 32338 1.04401e+07 82132 518198 11615.7 7813 808.436 3.07967e+06 
15282 15327 34716 34815 2.19041e+07 85664 955731 22558 16608 953.746 6.46866e+06 
10087 10157 34088 34145 3.24898e+07 170908 1.37259e+06 33469 29432.7 1576 9.58616e+06 
13032 13079 39288 39302 3.81264e+07 119170 1.44354e+06 40838 38745.5 1997.22 1.12478e+07 
10212 10273 39701 39720 5.0843e+07 125455 2.06278e+06 49958 51311.2 1997 1.50009e+07 
19791 19880 34006 34054 1.15413e+07 88594 567574 12933 0 898 3.40419e+06 
10315 10335 34642 34647 3.22316e+07 134765 1.47941e+06 35257 36763 1573 9.50745e+06 
19164 19228 38551 38634 1.98973e+07 111529 840346 28865.4 20949.3 1217.22 5.87183e+06 
17781 17849 33209 33278 1.36409e+07 89756 575213 15228.6 12435.6 898 4.0232e+06 
18637 18655 34860 34939 1.20002e+07 85308 688588 15980 11762 1139.62 3.54595e+06 
10234 10296 30992 31070 1.88277e+07 368110 1.10898e+06 27162 29049.5 1658 5.55799e+06 
13646 13702 34814 34822 2.60075e+07 130453 1.27414e+06 26284.3 27564.5 1424 7.67386e+06 
10831 10864 34918 35013 3.4089e+07 110451 1.41074e+06 33066.2 32523 1620.26 1.0059e+07 
16222 16306 31584 31653 1.4291e+07 452061 619566 14417 11287 1025 4.21374e+06 
16523 16544 32226 32235 1.46818e+07 83445 634443 14581.6 12608 1380.29 4.33036e+06 
12983 12989 36887 36951 3.19907e+07 140735 1.55099e+06 35852.3 32606.9 1842 9.43858e+06 
15808 15900 36133 36151 2.54203e+07 107236 1.17689e+06 25838.4 20776.2 1218 7.50002e+06 
11648 11672 36624 36683 3.71005e+07 124653 1.55561e+06 38727 39293 1230.53 1.09495e+07 
18006 18094 34957 35017 1.64831e+07 76975 681312 16967 15295.4 998 4.8616e+06 
16923 16976 30664 30706 6.48173e+06 54436 520872 11955 10042 831 3.13663e+06 
11718 11739 31854 31872 2.48494e+07 161876 1.02929e+06 25434 20436.6 1390 7.32988e+06 
11722 11803 38836 38912 4.40225e+07 115861 1.91568e+06 45161.7 43716.3 2129.89 1.29901e+07 
15553 15615 31327 31377 1.51417e+07 60652 673168 15897 13271 955 4.50632e+06 
15998 16088 39584 39586 3.30745e+07 144459 1.41263e+06 33197.1 30253 1678 9.75917e+06 
16794 16861 30232 30308 1.14195e+07 74535 571224 11550.1 6122.3 853 3.36856e+06 
19660 19688 30215 30216 6.89276e+06 55022 341077 7135.53 3354 643 2.02975e+06 
11858 11932 37749 37756 3.81878e+07 683800 1.50123e+06 47990.6 42204.7 2725.03 1.12985e+07 
14042 14044 34846 34904 2.50961e+07 712727 1.10771e+06 26866 25633.4 1492 7.40669e+06 
13208 13230 34656 34756 2.72128e+07 259929 1.229e+06 29354.1 26983.2 1410 8.02864e+06 
19771 19828 34266 34284 1.18078e+07 74668 556268 13022.3 11135 934.275 3.4831e+06 
13529 13596 30894 30897 1.87269e+07 83858 807660 19132 15855 817.388 5.55044e+06 
16703 16722 37918 37971 2.41648e+07 133251 1.09682e+06 26040 23578.5 1275 7.1264e+06 
17428 17498 30569 30630 1.01945e+07 59554 482881 11121 9411 1690.7 3.00521e+06 
16028 16121 31837 31838 1.60251e+07 70341 637450 15238 10420 961 4.72645e+06 
17326 17406 30755 30768 1.10174e+07 5.95499e+06 2.26287e+06 11316 7479 700 3.24532e+06 
16651 16695 31894 31916 1.27867e+07 189227 615960 14146 9466.73 969 3.77338e+06 
18929 18985 38917 38981 2.44165e+07 196558 1.25552e+06 23857.6 20315 1375 7.20418e+06 
19192 19207 38287 38367 2.15361e+07 585260 977324 23872 20230.5 1197 6.35916e+06 
14619 14619 30885 30935 1.62186e+07 186493 618212 17826.2 14586 1039 4.7836e+06 
10223 10257 38163 38172 4.41735e+07 125623 1.8496e+06 44859 47290.7 1760 1.30364e+07 
14683 14736 31945 32021 1.74959e+07 82573.8 773028 18804 21838.9 1161 5.16438e+06 
18328 18403 31365 31453 1.01813e+07 55092 476327 10543.8 9571 920 2.99936e+06 
15887 15894 33022 33115 1.71778e+07 80507 759041 18041 12725.7 985 5.07472e+06 
13570 13669 39995 40023 3.93716e+07 242723 1.75061e+06 42339.9 38684.2 1601 1.16173e+07 
13220 13251 33504 33527 2.3199e+07 115120 923288 26971.6 24316 1025.37 6.84539e+06 
10872 10884 38958 39034 4.66885e+07 245705 1.99944e+06 46813.2 46035.6 1968 1.3778e+07 
19770 19843 33523 33604 1.10182e+07 76681 522122 16065.8 11440 794.138 3.24987e+06 
14937 14971 39683 39698 3.56351e+07 138003 1.45923e+06 36394 38586.1 1604 1.05169e+07 
18197 18293 32169 32245 1.10478e+07 164517 424208 13636.9 11798 874 3.25869e+06 
15042 15055 30567 30609 1.32444e+07 85720 661114 14502.8 10813 1212.14 3.90632e+06 
18333 18348 37433 37525 2.19546e+07 649795 962858 21972 19786.2 1250 6.47789e+06 
17418 17479 31838 31905 1.19231e+07 7.34476e+06 667870 13916 12760 859 3.51578e+06 
13933 13944 38818 38826 3.67275e+07 111954 1.31647e+06 38333.7 37540 1506.56 1.08408e+07 
11115 11166 33331 33378 2.79057e+07 98209 1.18638e+06 27392.8 24587 1486.58 8.23991e+06 
14125 14185 39501 39600 3.60336e+07 186901 1.61638e+06 39188.7 38611 1691.77 1.06351e+07 
11420 11453 36511 36553 3.697e+07 94139.7 1.54998e+06 37541 34173.7 1284.41 1.09159e+07 
10172 10218 32615 32710 3.10676e+07 389598 1.29956e+06 29789.6 26535 1418 9.16537e+06 
11116 11216 33438 33513 2.88957e+07 121849 1.21952e+06 28671.2 24141.6 1561.53 8.54019e+06 
15947 15949 39092 39147 3.12825e+07 134632 1.31051e+06 31426 30700.5 1375 9.22808e+06 
10031 10098 33813 33825 3.27702e+07 170626 1.54239e+06 33697.1 29475 1439.22 9.67081e+06 
9967 10016 34237 34299 3.51428e+07 97120 1.37916e+06 33091.3 32657 1499.05 1.03705e+07 
18722 18749 30367 30398 4.60884e+06 81259 403436 9182 6921 801 2.21532e+06 
10213 10289 31557 31633 2.70032e+07 122911 1.13518e+06 27460 26568.4 1366 7.96757e+06 
13211 13308 33419 33515 2.34879e+07 149554 1.12302e+06 26297.7 19612 1152 6.9301e+06 
15372 15392 36730 36733 2.655e+07 111012 1.19544e+06 28545 23744.1 883.805 7.84444e+06 
18798 18884 33342 33414 1.2483e+07 379283 586074 13616 9547.18 944 3.68205e+06 
17494 17579 36741 36742 2.09398e+07 1.00865e+06 1.01876e+06 23183 20764 1162 6.17841e+06 
12303 12366 30308 30379 1.88091e+07 105931 777357 21567.3 20342 1166 5.54735e+06 
15218 15240 33646 33723 2.07072e+07 106790 905737 20211.3 17211 1976.27 6.11338e+06 
11850 11916 32051 32059 2.52092e+07 85063.6 1.02916e+06 24815 20954.1 1330 7.44131e+06 
16748 16819 39975 39998 3.15539e+07 132626 1.29372e+06 30241.2 29351.8 1881.32 9.32252e+06 
15084 15127 34009 34074 2.03502e+07 100792 954166 23104 22365.9 879.198 6.02943e+06 
19727 19744 30633 30713 5.85562e+06 3.15708e+06 1.20376e+06 7556 4407 669 1.72353e+06 
14536 14621 38374 38456 3.27514e+07 426827 1.45875e+06 35057.3 34429.3 1456 9.66507e+06 
18435 18508 31626 31646 1.14508e+07 75199 482935 10533.3 10143 3861.37 3.37719e+06 
12780 12786 37858 37922 3.57591e+07 128711 1.48832e+06 36522 34278.7 993.581 1.05601e+07 
15571 15603 38429 38456 3.08662e+07 117297 1.31056e+06 32027.8 32355 1437.21 9.10621e+06 
17835 17835 33088 33122 1.38488e+07 79219 614751 14647 13573.9 860 4.09604e+06 
14073 14116 38473 38533 3.45931e+07 156758 1.54714e+06 35906 34518.1 1404 1.02037e+07 
10267 10363 31805 31831 2.69813e+07 102678 1.12832e+06 26998.6 24942 1689.95 7.95963e+06 
12518 12556 35213 35267 3.04273e+07 97513.8 1.23393e+06 30056 26884.2 1277 8.9812e+06 
12529 12573 32093 32154 2.31874e+07 464731 1.135e+06 22657.8 19426 1090 6.84138e+06 
19076 19123 33817 33877 1.26198e+07 84455 597088 13204.5 9077 851.839 3.72228e+06 
18063 18135 32586 32597 1.10699e+07 96822 553541 13298 11590 722.253 3.28282e+06 
13556 13611 37842 37849 3.47581e+07 132343 1.40025e+06 34727 33344.4 1451 1.02566e+07 
13358 13412 35483 35549 2.91741e+07 126911 1.22614e+06 30271.1 30098.7 1228.6 8.61708e+06 
10326 10408 38484 38549 4.55638e+07 199058 1.9418e+06 47732.2 45193.5 1818 1.34437e+07 
10699 10749 35811 35824 3.68537e+07 181675 1.59785e+06 36646 35192.2 1574 1.08724e+07 
13526 13605 33006 33047 2.31595e+07 72798.7 955705 23327 24274 1122 6.83916e+06 
17121 17205 36884 36934 2.37971e+07 91595 1.0074e+06 22730.9 19842 1526.05 7.0245e+06 
13755 13785 34533 34598 2.43372e+07 98372.1 1.03773e+06 24562 20064.8 1224 7.17768e+06 
12962 13003 38357 38401 3.7693e+07 163635 1.35815e+06 41237.9 42003 2104.2 1.11258e+07 
19316 19340 36422 36511 1.79861e+07 80814 787505 19066 18659.9 1199 5.31984e+06 
17460 17524 33376 33399 1.4581e+07 110502 669680 15678 11223.6 946 4.3009e+06 
15268 15314 30595 30645 1.34822e+07 7.47406e+06 688905 14661 9624 900 3.97574e+06 
11626 11680 33861 33959 3.18212e+07 113056 1.12125e+06 29203.1 24879 1680.8 9.38775e+06 
13519 13562 32652 32657 2.14259e+07 90072 929240 22165 17926.8 830.318 6.34252e+06 
13068 13104 37714 37727 3.64973e+07 109065 1.42575e+06 35454 37889.9 1071.77 1.07698e+07 
11862 11925 35280 35379 3.34454e+07 396847 1.41616e+06 34557.5 32681 1494 9.86763e+06 
17946 18032 33280 33356 1.34457e+07 93279 622682 13891.8 11701 1018.9 3.96578e+06 
10690 10768 33049 33101 3.08046e+07 219762 1.3211e+06 32280.9 30760 1642 9.09007e+06 
10341 10350 34448 34539 3.4893e+07 120494 1.38346e+06 33171.2 32424.8 1561.67 1.02948e+07 
10537 10548 36253 36342 3.81802e+07 98804 1.37423e+06 40162.3 38912.7 1795.48 1.12663e+07 
12990 13069 37381 37424 3.25071e+07 233846 1.43774e+06 30975 40035.6 2392.16 9.5978e+06 
19333 19421 30492 30536 6.48057e+06 54657 376131 8645 7584 -nan 1.90819e+06 
19281 19326 34157 34189 1.3258e+07 88512 595303 14192 8689.72 1008 3.91371e+06 
12527 12557 35920 35931 3.06691e+07 174267 1.37878e+06 31246 28036 1327 9.04936e+06 
19569 19648 39901 39930 2.38984e+07 429623 1.01623e+06 24537 22185 1223 7.04958e+06 
10285 10360 36180 36269 3.80897e+07 140122 1.59177e+06 38241.4 36043.2 1815.92 1.12428e+07 
13496 13581 31355 31379 1.89941e+07 92247 831236 19468 14548.7 821.978 5.60322e+06 
19285 19308 36744 36810 1.70182e+07 66168.2 813558 19132 15907 1088 5.0457e+06 
16976 17033 37771 37807 2.39553e+07 147540 1.07559e+06 25976 24417 1213 7.07132e+06 
14067 14150 37610 37620 3.2402e+07 90587 1.31635e+06 30483.8 32412.7 1731.23 9.55886e+06 
10136 10203 30144 30205 2.32918e+07 141475 1.02623e+06 24963 23594 1303 6.88007e+06 
17676 17761 34356 34356 1.63122e+07 87038.8 686923 16749 15976 991 4.82185e+06 
10081 10156 34394 34460 3.30564e+07 128134 1.39095e+06 33778.1 32879 1704.14 9.75189e+06 
14765 14801 36827 36911 2.85608e+07 86497.6 1.23316e+06 29897 27005 1416 8.43557e+06 
10250 10279 37913 37937 4.59886e+07 141833 1.57454e+06 45578.4 43468.2 1830.29 1.35694e+07 
17467 17544 30303 30363 9.96989e+06 82785 479811 11205 7925.61 790 2.95299e+06 
19179 19275 30208 30216 8.03318e+06 58929 368407 8298 4041.21 751 2.36721e+06 
16369 16419 37624 37651 2.67174e+07 99965.2 1.08881e+06 27156 25706.9 1368 7.89322e+06 
15338 15383 36926 36964 2.69319e+07 140839 1.21397e+06 29542 28106.3 1335 7.95665e+06 
13296 13302 31572 31667 2.20032e+07 3.54288e+06 987051 20355.7 16490 1149 6.49228e+06 
14097 14128 37527 37583 3.0423e+07 100219 1.3102e+06 30859.7 33425.3 1522.03 8.97545e+06 
14890 14960 36264 36308 2.62349e+07 96380 1.16061e+06 28326 27311.1 963.007 7.74334e+06 
11855 11881 35141 35183 3.23917e+07 377046 1.4384e+06 32911.7 31045 1441 9.5624e+06 
11408 11473 39366 39377 4.71644e+07 132713 1.85923e+06 44889 45380.4 2184.91 1.39158e+07 
11972 12037 39733 39799 4.53009e+07 139169 1.59629e+06 47349.2 43310.9 2079.03 1.33687e+07 
15843 15852 31316 31322 1.41518e+07 346991 656216 14981 11937 988 4.17335e+06 
12121 12212 36722 36786 3.51302e+07 191005 1.65108e+06 37364.3 36658 1450.02 1.03669e+07 
13385 13406 33639 33711 2.24172e+07 199075 1.32992e+06 24574.6 24870 1271 6.61411e+06 
12860 12922 37138 37228 3.39101e+07 149804 1.42777e+06 32269.8 43587.4 1808.52 1.00032e+07 
16778 16823 31131 31197 1.22093e+07 77257 593590 13148.5 11546 1316.07 3.60066e+06 
10993 11043 31802 31813 2.46053e+07 561034 1.18109e+06 26868 27107 1397 7.25731e+06 
12825 12843 31892 31910 2.08934e+07 99191.6 795020 25096.9 18164 1054.25 6.16648e+06 
14421 14476 37509 37582 3.15279e+07 249232 1.38784e+06 31582 32288 1432 9.30008e+06 
10120 10211 39340 39423 4.85297e+07 120073 1.9938e+06 49541 52056.3 1535.42 1.43214e+07 
16172 16254 34786 34864 1.93844e+07 1.04843e+06 1.11431e+06 20331.6 17728 1037 5.72021e+06 
12826 12848 32998 33057 2.35192e+07 76001 1.0156e+06 22305 20561 1402.66 6.93636e+06 
16748 16809 30592 30678 1.10281e+07 79638 526373 11338.9 11579 5199.71 3.2526e+06 
13132 13212 30893 30941 1.83785e+07 88445 820552 18519.7 19289 1195.04 5.41974e+06 
17206 17271 31162 31218 1.12643e+07 6.18644e+06 570856 13378 10672 826 3.32162e+06 
11986 12020 32386 32389 2.40177e+07 93882 1.05162e+06 24006.8 21068.1 1646.42 7.08671e+06 
10844 10891 32677 32719 2.89883e+07 84140.9 1.18177e+06 29269 29116.5 1359 8.56092e+06 
18229 18239 30754 30805 9.07835e+06 64655.5 374530 55691.6 8692 818 2.67801e+06 
19815 19827 32643 32690 1.01683e+07 75694 461373 10282.5 5963 768.74 2.99923e+06 
17004 17089 38300 38394 2.63925e+07 99592 1.1518e+06 27430 22324.8 845.2 7.78768e+06 
12122 12132 36347 36430 3.26274e+07 111617 1.31481e+06 35670.7 35425 1616.09 9.62604e+06 
13857 13875 30808 30808 1.71361e+07 9.36446e+06 798008 18118 16073 1021 5.05296e+06 
19217 19290 38761 38771 2.39525e+07 422420 1.19033e+06 24579.9 23149 1248 7.06674e+06 
17718 17817 36092 36114 1.91621e+07 89391 841568 20025 16900.1 749.234 5.65455e+06 
12025 12095 38199 38239 3.85183e+07 238801 1.8105e+06 39643.5 37680 1572 1.1369e+07 
15210 15235 34547 34633 2.21136e+07 82791 951640 22512.9 20041 1153.69 6.52148e+06 
15869 15871 32001 32065 1.58273e+07 337058 642527 17773.6 16776 1189 4.66826e+06 
18327 18370 37879 37909 2.23998e+07 89289 944653 23214 22379.9 1134 6.61557e+06 
19516 19547 35592 35642 1.4387e+07 747895 707582 16148 10971 952 4.24119e+06 
17847 17871 35582 35671 1.96899e+07 79828.2 803329 19078 15883.6 983 5.83634e+06 
13569 13659 38287 38296 3.53188e+07 287745 1.60607e+06 37742.9 33715 1375 1.04138e+07 
12982 13004 32491 32588 2.29668e+07 105885 839578 25047.9 23597 1149 6.7728e+06 
18609 18646 37568 37570 2.07857e+07 1.16685e+07 970877 22044 21112 1251 6.12897e+06 
19414 19442 39231 39266 2.35023e+07 103284 872491 26623.5 19727 1313.62 6.93474e+06 
16452 16472 31089 31161 1.2536e+07 90856 611480 14171 10879.6 899.089 3.69767e+06 
12298 12383 34489 34507 2.66748e+07 105549 1.20519e+06 29022 25115.3 1309 7.88117e+06 
11760 11760 37905 37918 4.12952e+07 133568 1.76071e+06 40582.7 39657 1830.11 1.21842e+07 
15537 15597 38611 38704 2.97224e+07 106989 1.32644e+06 32463 33073.3 993.645 8.77399e+06 
10912 10931 31984 32054 2.70094e+07 124736 1.12101e+06 27255 25859.7 1486 7.97999e+06 
13331 13421 33127 33210 2.36582e+07 1.31282e+06 1.15771e+06 23758.6 24188 1187 6.98056e+06 
11137 11158 38524 38530 4.38624e+07 132760 1.78544e+06 42439.4 43358.3 1979.63 1.29412e+07 
10657 10731 35343 35381 3.67513e+07 305793 1.60174e+06 37620.2 36961 1595 1.08458e+07 
16292 16304 30469 30497 1.08408e+07 325007 551764 12489.3 10397 872 3.19777e+06 
18080 18169 32946 33016 1.28579e+07 91925 595309 16439.3 9156 817.713 3.79223e+06 
16980 17020 39133 39178 2.7888e+07 151824 1.10902e+06 30930.1 29019 1354.24 8.2283e+06 
10256 10261 30322 30420 2.25606e+07 115224 978834 23431.5 20183 1240 6.65337e+06 
19493 19591 33022 33114 1.02574e+07 138126 534144 11645.7 9032 848 3.02568e+06 
14899 14965 32358 32451 1.96422e+07 1.05733e+06 1.02048e+06 19363 18052 1121 5.7964e+06 
18928 18938 36941 37011 1.93854e+07 93237 857269 20223 18120.4 1195 5.72069e+06 
12327 12341 34540 34555 2.90905e+07 113555 1.21175e+06 28955.8 29017.7 1513.3 8.58232e+06 
17931 17959 36368 36416 1.9529e+07 95338 860906 20590 16175 1106 5.76166e+06 
14113 14123 37950 37952 3.3388e+07 104560 1.34283e+06 33053 31404.5 952.687 9.86201e+06 
10784 10843 37970 37974 4.45453e+07 161603 1.81577e+06 45070.5 44919 1952.6 1.31418e+07 
12880 12976 37879 37969 3.56734e+07 116113 1.4702e+06 36727 38287.6 964.311 1.05347e+07 
14602 14627 33377 33449 2.06381e+07 92204.7 788726 24972.9 17347 1261.46 6.09123e+06 
11252 11334 35653 35752 3.26347e+07 101505 1.44397e+06 35580 34064.3 1555 9.63381e+06 
10084 10136 31113 31166 2.88066e+07 246532 1.19723e+06 27735 27782 1357 8.49766e+06 
17052 17060 32074 32129 1.28925e+07 84723 602395 14412 15025.3 769.098 3.80254e+06 
16871 16966 34740 34754 1.69706e+07 90722 786037 18269 12339.1 941 5.02847e+06 
13199 13226 34406 34454 2.52309e+07 1.05255e+06 1.22183e+06 26034 21338 1185 7.44132e+06 
13031 13068 30874 30933 1.88695e+07 1.04962e+07 916726 19928 19368 948 5.5638e+06 
17937 18036 39353 39393 2.72339e+07 94336 1.10849e+06 27211 26481.4 1060.1 8.03598e+06 
11855 11899 35022 35047 3.09309e+07 208508 1.44921e+06 32243 31153 1415 9.12567e+06 
10849 10948 38536 38595 4.42723e+07 127094 1.83552e+06 42603.5 40932 2217.82 1.30664e+07 
12290 12373 35535 35572 3.16889e+07 548259 1.46358e+06 33450.4 31977 1386 9.34951e+06 
13457 13462 31715 31759 2.03071e+07 84430 855411 19750.4 17152 1172.82 5.98857e+06 
18457 18483 35359 35443 1.71657e+07 78612 773597 18805 19605.9 1043.7 5.06283e+06 
19551 19584 37170 37268 1.93668e+07 143796 688778 27502 22418 1394.83 5.71995e+06 
13061 13094 39977 39996 4.38135e+07 115691 1.69656e+06 42020 40958.6 1628 1.29254e+07 
14844 14852 32625 32652 7.96466e+06 71642 815902 19187 17627 1122 3.86732e+06 
17337 17435 39149 39196 2.55112e+07 209597 1.19839e+06 30368 33968.3 2538.67 7.52034e+06 
16427 16450 35346 35437 2.20118e+07 1.35059e+07 995884 22101 19464 1206 6.49103e+06 
14350 14429 34769 34811 2.47541e+07 82507.3 851788 26207.1 19492 1273 7.31107e+06 
11633 11669 38836 38884 4.26875e+07 211614 1.8379e+06 46401.1 44219.5 1933 1.25946e+07 
15993 16066 31076 31124 1.2591e+07 91509.5 629034 14621 9774 893 3.71385e+06 
16313 16375 31090 31190 1.203e+07 6.51767e+06 2.48221e+06 13735 9624 847 3.54397e+06 
14272 14322 35333 35359 2.54518e+07 145225 1.2563e+06 28693.5 27184 1308 7.50968e+06 
13454 13553 31840 31940 1.99455e+07 338349 702083 22783.9 20717 1212 5.8848e+06 
15903 15938 34658 34713 1.97612e+07 80467 839884 20942.4 19734 1003 5.8378e+06 
17197 17258 35310 35381 1.85719e+07 101862 888643 20904 16175.2 2203.64 5.47972e+06 
16298 16386 34849 34877 2.01315e+07 79599 850110 20335.7 18817 1090 5.94386e+06 
18557 18610 34563 34637 1.48696e+07 90774 666257 15519 10470 2244.55 4.3857e+06 
18433 18440 30073 30173 8.87011e+06 87098 397383 8888 6740.26 515.844 2.61671e+06 
16010 16107 37790 37870 2.74769e+07 85624.6 1.12978e+06 27636 24545.8 898.917 8.10673e+06 
14655 14753 37313 37389 3.05857e+07 129312 1.32241e+06 30979 29058.5 1456 9.02271e+06 
14016 14116 35234 35275 2.71876e+07 126390 950959 28629.5 24616 1233 8.02213e+06 
12288 12372 38663 38691 2.87609e+07 99687 1.66647e+06 39914 31349.6 2055.74 8.48838e+06 
18011 18065 32918 32929 8.49779e+06 72885 586930 14149 21399.7 1062 2.50231e+06 
13228 13261 37926 38018 3.61879e+07 123204 1.45145e+06 33527.5 31810.6 1545.04 1.06868e+07 
11271 11281 37390 37459 3.87913e+07 239646 1.73077e+06 41312.4 38554.6 1809 1.14466e+07 
15130 15141 37564 37642 2.97555e+07 91280 1.25762e+06 28970.3 28747 1643.19 8.78695e+06 
15856 15865 36060 36129 2.36364e+07 86769 1.02482e+06 22494.9 22605 1118.61 6.98904e+06 
11419 11446 31870 31891 2.52858e+07 106722 1.04904e+06 25421.7 20407 1169.28 7.47332e+06 
10794 10891 30680 30698 2.24999e+07 88892.5 1.0177e+06 23834 18661 1099.04 6.63936e+06 
16165 16190 33956 34022 1.69713e+07 1.06798e+07 832078 19259 18196 1077 5.00498e+06 
10483 10546 39143 39216 4.6421e+07 121205 1.7012e+06 49090.7 47270 2205.25 1.36995e+07 
12562 12573 34205 34211 2.72917e+07 106043 1.11391e+06 27479 27368.5 1597.92 8.06046e+06 
15317 15405 30550 30572 1.31755e+07 59882.2 636699 14551 7183.54 868 3.88628e+06 
15629 15634 34390 34479 2.0338e+07 107425 788261 22835.2 14363 1084 6.0033e+06 
16238 16265 36999 37023 2.72344e+07 87200.2 943027 28692.5 25672 1260 8.04005e+06 
14118 14132 36518 36611 2.85622e+07 118939 1.26141e+06 30266 28749.2 1289 8.4257e+06 
11224 11304 30300 30374 2.16268e+07 76200.8 809352 23286.4 17867 1246 6.38722e+06 
19129 19225 31844 31904 9.11078e+06 84310 470016 10660 6979 803.37 2.70258e+06 
10834 10907 32253 32274 2.73011e+07 97861.1 1.14942e+06 27632 22914.5 1219.3 8.05477e+06 
16021 16070 37117 37212 2.47984e+07 352168 1.22437e+06 26416.8 23630 1270 7.31642e+06 
18775 18809 37415 37467 1.95859e+07 82131 879353 19817.6 16645 1192 5.78615e+06 
15436 15535 38887 38966 2.24832e+07 111345 1.37916e+06 32653 39242.3 1351 6.62699e+06 
14410 14437 38913 39008 3.65764e+07 114630 1.24485e+06 37134 33166 1653.51 1.08019e+07 
14002 14070 32931 33000 2.13774e+07 85302 881393 21580 19880.2 1637.57 6.32245e+06 
14582 14638 38351 38384 3.19078e+07 121453 1.26302e+06 33721.8 32868 1431 9.41578e+06 
11102 11184 31560 31629 2.50273e+07 155242 938088 27367.8 25183 1346 7.38236e+06 
13830 13865 36931 36954 3.23572e+07 97428.3 1.1614e+06 33494.4 31905 1493 9.55377e+06 
10855 10909 36745 36810 3.89478e+07 107232 1.65409e+06 40567 39942.7 1945.45 1.14949e+07 
18451 18453 33356 33359 1.27009e+07 888744 594774 14132 10592.4 976 3.7463e+06 
17831 17920 31740 31788 1.15758e+07 54350.2 510113 12092 7577.17 872 3.41427e+06 
11965 12022 34130 34224 2.7367e+07 635939 1.26734e+06 28915.3 24951 1326 8.07404e+06 
16982 16983 35209 35280 1.92982e+07 79167 846058 18269.1 17692 1021 5.69531e+06 
14624 14644 35894 35912 2.65347e+07 169264 1.17793e+06 29996.7 27559 1313 7.82802e+06 
18823 18880 30630 30644 8.69625e+06 75643 410115 9732 12727.8 570.889 2.56568e+06 
11289 11380 39130 39201 4.52785e+07 134124 1.96251e+06 45773.3 42961 1989 1.33604e+07 
10259 10311 39975 40045 5.10419e+07 547383 2.14192e+06 53802 58133.5 2953.22 1.5047e+07 
13485 13560 30731 30766 1.64328e+07 1.01367e+07 983460 18001 13200 1024 4.846e+06 
13178 13278 38887 38960 4.02519e+07 117845 1.39017e+06 40800 35738 1703.17 1.1884e+07 
18359 18446 38027 38118 2.36324e+07 129154 876373 23702.8 23163 1146 6.96898e+06 
13672 13692 35082 35101 2.79471e+07 116513 1.12325e+06 26130.2 25057 1180.67 8.25614e+06 
13690 13768 38421 38498 3.51255e+07 97989.8 1.49429e+06 36589 33829.5 1068.11 1.03617e+07 
16372 16453 33585 33613 1.73143e+07 113424 676106 18563.7 15493 1035 5.10651e+06 
11341 11373 34579 34645 3.2031e+07 107719 1.3042e+06 30885.6 28109.1 1950.29 9.46343e+06 
16106 16154 36372 36446 2.38422e+07 96806 1.02406e+06 23800.6 23415 1174.7 7.04945e+06 
10068 10131 31483 31557 2.68395e+07 95331 1.1322e+06 27405 24030.3 1754.57 7.92957e+06 
14654 14701 33765 33825 2.15319e+07 89464 935115 22817 21816.8 1892.04 6.35276e+06 
14365 14424 31016 31112 1.63939e+07 96357.7 745729 17104 10860.1 1021 4.8353e+06 
14237 14327 36437 36494 2.85901e+07 162656 1.32724e+06 30946.5 24448 1328 8.43497e+06 
19432 19437 32857 32864 5.89097e+06 53937 516624 11820 9507 806 3.31937e+06 
12350 12390 34180 34185 2.70081e+07 104345 1.1709e+06 26837.5 25123 1213.73 7.97956e+06 
10278 10348 37459 37469 4.34256e+07 117355 1.76739e+06 43364 46482.1 1529.9 1.28122e+07 
18692 18761 38806 38864 2.36665e+07 76708 1.02112e+06 24564 22723 1504.94 6.98823e+06 
19193 19291 38261 38309 2.12122e+07 97982 927247 20640.6 21584 1124.19 6.28075e+06 
17213 17225 34814 34821 1.7959e+07 386067 788023 19101 17252 725.071 5.2999e+06 
19199 19276 35246 35315 1.56662e+07 158249 613163 16848.9 11277 929 4.62064e+06 
19684 19711 35198 35249 1.38022e+07 77360 637865 13747.3 8931 831 4.11546e+06 
12252 12319 36279 36358 3.44627e+07 126360 1.27498e+06 33782.2 30367 1407 1.01671e+07 
11367 11412 38588 38655 4.33127e+07 128505 1.78486e+06 44152 45348 1953.18 1.27788e+07 
19442 19507 32717 32754 1.07646e+07 6.70605e+06 1.54213e+06 11675 9044 778 3.17422e+06 
17342 17412 32855 32899 1.32403e+07 80115.6 550531 20143.5 8810 820 3.90504e+06 
16259 16354 36349 36354 2.45281e+07 100484 1.0032e+06 22395.6 18792.2 1152 7.25154e+06 
13174 13188 37751 37765 3.43232e+07 193371 1.5284e+06 34815 31763 1115.97 1.01244e+07 
10929 10959 30670 30726 2.286e+07 89371.8 876936 27754.4 22532 1290 6.74971e+06 
18414 18493 37157 37236 2.06414e+07 100751 896822 21711 17815.3 1250.65 6.09299e+06 
15675 15733 34688 34716 2.14987e+07 104407 902101 22022 20558.2 1145.2 6.34321e+06 
12305 12354 30666 30738 1.97046e+07 127676 880692 20888 17856 922.455 5.81097e+06 
13048 13080 33516 33533 2.4071e+07 125041 1.01495e+06 25309 24821 984.792 7.10126e+06 
13302 13347 38247 38258 3.52405e+07 211396 1.56667e+06 36761 35285 1745.12 1.03984e+07 
17877 17970 37848 37927 2.31166e+07 83292 965902 21923.7 18708 1089 6.82601e+06 
18701 18710 35583 35618 1.67099e+07 85692 765042 16118.1 14717 1061 4.92372e+06 
18168 18177 33421 33519 1.42314e+07 81195 620941 15139 16238.4 919 4.20369e+06 
18034 18050 38455 38553 2.5736e+07 88000 1.06594e+06 25950 23852.2 1257.05 7.58927e+06 
15767 15857 33921 33977 2.02044e+07 1.25455e+07 876144 20202 17357 1076 5.95751e+06 
11120 11211 39574 39647 4.8102e+07 111541 1.65372e+06 47866.9 44104.5 1890.73 1.41994e+07 
14166 14226 34032 34048 2.31857e+07 99850.5 858008 27047.2 22525 1329 6.84269e+06 
14598 14691 35695 35699 2.62574e+07 165454 1.14079e+06 30255.5 25927 1415 7.74707e+06 
12859 12957 35535 35598 3.01873e+07 101688 1.26157e+06 29178.6 28656.2 1236.21 8.92081e+06 
10138 10201 36063 36112 3.92138e+07 236449 1.66158e+06 39438.2 36597 1287.67 1.15709e+07 
17870 17944 36500 36522 2.10024e+07 80018 872909 19720.6 18342.5 1087 6.21954e+06 
12032 12045 33752 33820 2.67666e+07 134596 1.18368e+06 29166 29107.3 1480.37 7.90298e+06 
16778 16809 35275 35275 2.03892e+07 1.28589e+07 999716 21107 15728 1070 6.01445e+06 
16699 16711 34972 35053 2.03395e+07 96119.2 736178 22351.1 13709 1038 6.00347e+06 
10650 10702 35471 35548 3.62576e+07 96490.2 1.49788e+06 36696 33181.6 1860.26 1.07012e+07 
16838 16890 33741 33768 1.65746e+07 1.03944e+07 841581 17736 14158 1020 4.88715e+06 
12738 12813 33235 33296 2.36887e+07 106414 1.03372e+06 23457.9 17644.3 1126 7.00525e+06 
15051 15146 35845 35862 2.47286e+07 89335.4 1.11177e+06 26030 21710.8 1717.25 7.29645e+06 
14181 14193 33944 34041 2.22427e+07 601112 1.1686e+06 22522.4 18169 1193 6.56287e+06 
14366 14391 36041 36043 2.66498e+07 96050 1.1428e+06 27072 22739.2 1215 7.87432e+06 
12447 12489 32898 32979 2.49347e+07 136362 942464 27172 24829 1222 7.35528e+06 
18291 18379 39832 39900 2.74571e+07 89492 1.12133e+06 27526 23996.4 1362.71 8.10749e+06 
12742 12810 36570 36615 3.25869e+07 175489 1.49131e+06 35197.9 33030 1363 9.61248e+06 
16135 16230 39274 39284 3.1559e+07 110248 1.28233e+06 29934.1 29624.2 1454.11 9.32353e+06 
11684 11698 37823 37878 4.15615e+07 219131 1.73789e+06 40956.6 40417 1329.09 1.22624e+07 
11975 12064 37886 37910 3.85439e+07 117967 1.60983e+06 38015.9 39566.9 1610.33 1.13794e+07 
14322 14330 38662 38746 3.42333e+07 97366.5 1.43724e+06 34783 34474.6 1529.72 1.01011e+07 
17350 17392 32888 32913 1.3906e+07 8.69009e+06 719643 15380 12353 894 4.10045e+06 
16512 16555 31985 31998 1.47122e+07 123682 618809 13918.5 8901 1061 4.34154e+06 
12209 12234 36524 36559 3.56889e+07 112026 1.46984e+06 36271 39154.3 1784.91 1.05309e+07 
12418 12450 33023 33024 2.53436e+07 98567 1.04661e+06 24200.1 23847.9 1251 7.49032e+06 
14599 14668 32555 32579 1.86057e+07 92644 819103 19371 13655 1441.47 5.48704e+06 
13595 13642 37899 37970 3.5389e+07 318230 1.50602e+06 35928.8 31198 996.617 1.04431e+07 
19700 19712 32548 32638 9.23903e+06 67941.9 475681 11082 8315 725.886 2.72557e+06 
16152 16192 31024 31043 1.31675e+07 8.24539e+06 668357 14497 12469 880 3.88267e+06 
15113 15179 33086 33086 1.99536e+07 95665.4 809263 19630 15245 1167 5.88446e+06 
15306 15373 39973 39975 3.50671e+07 110641 1.48804e+06 34048.4 33477.2 1467 1.03491e+07 
18081 18155 39601 39692 2.68296e+07 1.67034e+07 1.18678e+06 26684 23403 1361 7.91106e+06 
19213 19235 31109 31149 9.00602e+06 112700 399274 10135.6 5345 791 2.65687e+06 
18726 18761 32836 32934 1.17592e+07 74673 553280 12006.2 6197 868 3.47114e+06 
19482 19572 34632 34700 1.40406e+07 166584 599077 14147 10606 712.799 4.1412e+06 
11153 11220 39200 39246 4.68078e+07 139553 1.96863e+06 46403.3 45255.2 2029 1.38177e+07 
13302 13394 30854 30880 1.77263e+07 107502 809545 18721 12568 852.441 5.22789e+06 
13440 13531 32183 32251 2.12491e+07 242750 905476 21909 21305 843.972 6.26922e+06 
18870 18917 39396 39423 2.51669e+07 111981 1.0382e+06 24135.8 21889.5 1362 7.43874e+06 
15206 15232 34020 34097 2.08849e+07 233740 1.13199e+06 23437.2 20725 1304 6.16484e+06 
12850 12924 31577 31661 2.07563e+07 78274 901689 21281 15700.4 1109 6.13381e+06 
11935 11985 38380 38408 4.19773e+07 187084 1.80742e+06 42279 39257.3 1831.75 1.23849e+07 
13544 13635 38014 38090 3.62938e+07 124654 1.23035e+06 37011 35341 1383 1.07075e+07 
15735 15824 33340 33355 1.72969e+07 95991.4 792773 19093 15886 2598.1 5.10519e+06 
17868 17943 35968 36015 8.13786e+06 137214 426305 43248.8 19699 1393 2.40046e+06 
17388 17393 35173 35238 1.83543e+07 88882 818409 18406.8 15461 1084 5.42796e+06 
12950 13035 37168 37205 3.51277e+07 105582 1.39653e+06 33244.7 34960.9 1529 1.03682e+07 
13148 13194 34886 34920 2.84816e+07 105138 1.13966e+06 28288 27361.1 1366.4 8.4066e+06 
17579 17632 31734 31772 1.18062e+07 90060 540884 12550 9146 915.651 3.48241e+06 
13424 13429 36923 36941 3.2113e+07 187286 1.39692e+06 34614 34934.1 2019.43 9.47387e+06 
18593 18671 36458 36515 1.99653e+07 1.25631e+07 907337 20002 17115 1132 5.88711e+06 
11730 11750 32569 32646 2.55902e+07 99400 1.10567e+06 26103.4 23306 1356 7.55207e+06 
18210 18270 30161 30209 8.90104e+06 78454 411306 9842 7072.8 776.103 2.62582e+06 
11768 11777 34571 34617 3.18773e+07 101556 1.28534e+06 30117 28099.6 1393 9.41143e+06 
10158 10238 31655 31712 2.74598e+07 93863 1.13504e+06 27526.1 28237.8 1433 8.11156e+06 
15108 15170 32603 32606 1.88794e+07 97644.3 807562 19235 16558 936.442 5.56782e+06 
10259 10298 31471 31565 2.65769e+07 153071 1.25026e+06 29307.9 28125 1380 7.84057e+06 
11242 11316 33912 34001 2.97819e+07 114587 1.15629e+06 30615.4 29905 1481 8.78697e+06 
13165 13180 38772 38819 3.74716e+07 151870 1.63177e+06 38244 35108.2 1827.05 1.10568e+07 
11726 11777 32319 32371 2.63703e+07 115981 1.00723e+06 26383.6 24846 1369 7.78071e+06 
18266 18313 37044 37105 2.14159e+07 81235 901168 21790 19690 1107.05 6.32589e+06 
13433 13496 37704 37729 3.40983e+07 106314 1.41223e+06 35064 35121.2 1736.23 1.00604e+07 
11934 11997 38089 38101 3.39519e+07 261249 1.8e+06 40815 43481 1270.6 1.00163e+07 
11627 11723 36048 36103 3.61142e+07 124813 1.30499e+06 36941.7 36204.1 1699 1.06646e+07 
17036 17057 38625 38659 2.77302e+07 125463 1.17159e+06 28485 26726.2 1918.67 8.18181e+06 
13484 13532 33198 33250 2.30816e+07 97726 982853 23820 22444.8 1212.21 6.81237e+06 
12237 12283 32223 32258 2.38777e+07 116523 927756 24764.1 24385 1318 7.04222e+06 
17703 17756 38946 38959 2.65469e+07 96236 1.09547e+06 26531.2 25341.7 1337 7.84533e+06 
11745 11752 38608 38676 4.08141e+07 148994 1.76946e+06 41649.5 40983.6 2044.16 1.20481e+07 
13304 13398 34371 34394 2.5422e+07 259259 1.11436e+06 26309 24633 975.604 7.49986e+06 
10904 10912 35723 35737 3.69204e+07 125054 1.34957e+06 37497.2 35214.4 1618 1.09008e+07 
13664 13730 30884 30974 1.74925e+07 87789 681169 22477.7 17381 1031 5.15922e+06 
12379 12432 34818 34851 3.01325e+07 131862 1.22798e+06 29987 25409.9 1231.27 8.89761e+06 
11916 11941 33242 33317 2.68758e+07 103735 1.13894e+06 27103.1 22883.6 1329 7.94059e+06 
15683 15713 39403 39461 3.41636e+07 114258 1.37359e+06 32403.9 33961.5 1532.14 1.00901e+07 
19107 19107 36074 36117 1.72432e+07 88726.9 755962 18203 15542 920.61 5.08542e+06 
14891 14978 39055 39079 3.40372e+07 157407 1.62782e+06 34486.3 31151 1568 1.00452e+07 
19220 19256 34098 34180 1.2592e+07 83921 595434 13856 10082 944 3.72407e+06 
18868 18879 38575 38636 2.26434e+07 87994.2 997647 23732 18534 1971.2 6.68162e+06 
17832 17902 39640 39687 2.73654e+07 144595 1.02258e+06 27010.8 24379 1293 8.07196e+06 
10153 10195 38528 38545 4.4916e+07 150347 1.99373e+06 46297 44478.6 2142.51 1.32513e+07 
11918 11962 35407 35450 3.29416e+07 451499 1.46704e+06 34638.3 33822 1204.77 9.72121e+06 
10448 10519 31084 31130 2.57427e+07 208623 1.13104e+06 25939 21050 1117.25 7.59496e+06 
11909 11972 33853 33884 2.9024e+07 115843 1.09618e+06 28181.4 25254 1381 8.56557e+06 
11221 11228 38784 38871 4.48269e+07 231209 1.9359e+06 44419.6 41750.1 2215.93 1.323e+07 
18714 18719 29930 30005 8.55082e+06 88167 390768 8946 6379.09 825.979 2.5226e+06 
10868 10900 34048 34067 3.03182e+07 147005 1.3815e+06 31778 27621 1312.64 8.94388e+06 
17046 17101 30670 30698 9.96362e+06 146065 490086 12028.5 9005 806 2.93917e+06 
18127 18203 37322 37361 2.07691e+07 106237 926063 22549 21603 1128.99 6.12506e+06 
17018 17053 32490 32503 1.40706e+07 8.81334e+06 1.38548e+06 15019 10888 919 4.14914e+06 
17191 17203 32946 32992 1.46314e+07 79243 686334 14533.7 10455.7 874 4.43536e+06 
18249 18318 30041 30123 8.42306e+06 80122 405400 9096 4778.16 788.857 2.485e+06 
16128 16157 35082 35100 2.07759e+07 100445 795619 22551.6 16612 1069 6.12938e+06 
12572 12595 34012 34068 2.67296e+07 102414 1.11288e+06 27052 23209.7 1125.55 7.89386e+06 
18021 18055 37190 37233 2.12407e+07 135077 925750 22332 19361 1145.92 6.26662e+06 
11177 11193 36290 36351 3.81548e+07 169476 1.5643e+06 37524 37064.6 1711.15 1.12575e+07 
14019 14100 36056 36098 2.87567e+07 97244.8 1.01596e+06 29422.7 27214 1222 8.48532e+06 
