11379 11392 43222 43270 6.13781e+07 345610 2.45427e+06 59702 63170.5 2597.99 1.8111e+07 
14549 14632 43688 43699 5.0614e+07 172942 2.0138e+06 47478 47123 1391.17 1.4935e+07 
17076 17135 43641 43649 4.15271e+07 120473 1.63805e+06 39724 38930 1166.96 1.22573e+07 
16939 17022 47520 47590 5.51308e+07 191830 2.34148e+06 55326.2 54454.3 2008 1.62666e+07 
16885 16923 46783 46803 5.27647e+07 207936 2.29164e+06 51352.2 50604 1379.54 1.55735e+07 
10104 10165 48410 48498 8.63156e+07 502651 3.50205e+06 79451 88022.5 3533.56 2.54756e+07 
12813 12847 43512 43563 5.53621e+07 136304 2.18492e+06 52707 52220.4 2221.98 1.63384e+07 
19466 19543 40748 40817 2.61399e+07 96529.5 968960 28488.8 21219.8 1335 7.71226e+06 
14595 14687 45722 45747 5.74325e+07 163610 2.38985e+06 57157.9 53862 2205.35 1.69483e+07 
17503 17585 48827 48907 5.80681e+07 196888 2.41797e+06 56257.3 56653.5 2374 1.71339e+07 
19660 19718 41718 41818 2.92717e+07 156163 1.32259e+06 29425.2 28201 1386 8.63551e+06 
19176 19203 43399 43437 3.62605e+07 139786 1.39329e+06 32543.1 34833.1 1782.87 1.07056e+07 
16903 16916 45901 45944 4.97477e+07 126251 1.71197e+06 51380.6 48796.4 1865.09 1.46772e+07 
10805 10859 44210 44283 6.64409e+07 239467 2.59344e+06 62708.6 64489 1837.25 1.96081e+07 
12165 12242 44502 44595 6.30877e+07 207411 2.41117e+06 59313.7 60702.3 2252.82 1.86199e+07 
17691 17789 47961 48052 5.09351e+07 120843 2.08319e+06 49364.2 53004.3 2154.26 1.50303e+07 
11578 11641 44594 44639 6.63068e+07 218478 2.48991e+06 59571.3 67524.3 2801.47 1.95705e+07 
15668 15705 44923 44976 5.0163e+07 230412 2.01914e+06 51045.6 49207 1749 1.48016e+07 
13941 13985 42064 42084 4.43757e+07 136539 1.88173e+06 44801 45191 1370.35 1.30983e+07 
15075 15116 46570 46665 5.79304e+07 131748 2.04208e+06 59734.9 60276.9 2293.72 1.70957e+07 
10042 10107 47761 47849 8.03217e+07 181479 3.29506e+06 80975.9 85316.1 3047.22 2.37007e+07 
15223 15278 47457 47527 6.08587e+07 225545 2.65476e+06 59542.1 59081.5 2426.31 1.7963e+07 
15901 15960 44844 44856 4.87973e+07 143009 1.65127e+06 46808.8 44458.3 1568.56 1.44017e+07 
17600 17613 43926 43946 4.14165e+07 118290 1.73197e+06 38224 36567 1451 1.22379e+07 
10197 10247 40979 41007 5.51933e+07 153760 2.17672e+06 51356.8 56346.5 2318.5 1.62865e+07 
19427 19444 42859 42912 3.11986e+07 118137 1.45094e+06 33167 32186 1355 9.21733e+06 
17991 18048 44755 44852 3.94402e+07 158054 1.61794e+06 39500 40327.1 1878.38 1.16389e+07 
10645 10654 40648 40658 5.19193e+07 143587 2.1597e+06 52185.3 52461 2042.15 1.53267e+07 
19904 19991 49258 49286 4.92456e+07 139023 2.06143e+06 48573.2 50358 1330.75 1.45451e+07 
15805 15860 43880 43947 4.68168e+07 121479 1.81796e+06 43571.1 46990.4 1696.35 1.38059e+07 
13624 13656 48211 48229 6.86336e+07 148005 2.8215e+06 67944.2 71459.4 1933.86 2.02582e+07 
12052 12098 45060 45094 6.34336e+07 167895 2.55335e+06 62663.6 63702.9 1438.19 1.87292e+07 
17651 17706 49950 49991 5.90759e+07 169938 2.42957e+06 58101.2 59073 1460.05 1.74376e+07 
14068 14082 43159 43215 4.6971e+07 174128 1.9407e+06 47746 47331.5 2012.68 1.38638e+07 
11315 11316 40823 40852 5.05968e+07 124863 1.78728e+06 50316.1 48146.1 2585.81 1.49307e+07 
14346 14352 46093 46106 6.06484e+07 182793 2.39257e+06 58645 58291 1615.22 1.79078e+07 
18377 18460 42157 42184 3.25206e+07 124113 1.32459e+06 32533 31723.1 2189.67 9.59361e+06 
18186 18232 40238 40266 2.78276e+07 86821.7 1.31999e+06 28692.7 26938 1510 8.43318e+06 
17261 17346 42559 42568 3.79334e+07 111887 1.52058e+06 35845.3 36320.3 1472.9 1.11901e+07 
19126 19164 44189 44195 3.82353e+07 109868 1.48779e+06 35436 35323.8 1973.48 1.12794e+07 
15305 15321 47817 47901 6.20168e+07 135424 2.6311e+06 61676.5 62479.1 1978.09 1.83107e+07 
18410 18507 43877 43884 3.68145e+07 148018 1.55853e+06 37527 38048 1256.43 1.08692e+07 
12439 12469 44784 44836 6.055e+07 136306 2.40175e+06 58394.1 57869.3 1986.85 1.78694e+07 
13665 13750 45477 45555 5.89749e+07 135906 2.45256e+06 59146.5 56931.9 2341.99 1.74095e+07 
19533 19632 40365 40385 2.36895e+07 132571 1.04359e+06 25350 24715 1235 6.99063e+06 
17106 17181 41229 41306 3.39028e+07 119454 1.26944e+06 34588 32852.3 1489 1.00095e+07 
17629 17635 40321 40377 3.02481e+07 127040 1.26161e+06 29751 27233 1313 8.93217e+06 
11361 11419 42557 42597 5.64647e+07 189684 2.35411e+06 56026.3 56066.4 2348.29 1.66754e+07 
16565 16578 48960 49014 6.12374e+07 151163 2.40041e+06 56849.2 63791 2689.39 1.80687e+07 
14119 14161 48761 48816 6.87836e+07 164834 2.73335e+06 64267.3 70655.8 2662.57 2.03023e+07 
11894 11965 43618 43658 5.82266e+07 129934 2.0575e+06 59653.7 59445.1 2553.26 1.71848e+07 
13199 13280 40190 40254 4.24107e+07 125482 1.51507e+06 41906.9 43048 1886.81 1.25152e+07 
10315 10396 45347 45394 7.22431e+07 202973 2.41757e+06 69602 67983.1 2364.57 2.13199e+07 
12967 13036 42283 42342 4.97251e+07 151048 2.01793e+06 48016.8 48703.6 1732.9 1.46774e+07 
18888 18949 47931 47953 5.10249e+07 157216 2.06552e+06 48493.6 49249 1354.17 1.5069e+07 
16640 16659 46105 46179 5.24522e+07 145672 2.13167e+06 50925.5 51004.9 2029 1.54889e+07 
17954 18020 48324 48398 5.3358e+07 153697 2.13391e+06 52873 52506.5 2237.24 1.5749e+07 
12091 12159 45730 45809 6.72804e+07 152101 2.73824e+06 67330.1 67056.3 2098.45 1.98596e+07 
10463 10513 46400 46448 7.48166e+07 175014 3.01372e+06 72724.6 72792.3 2631.68 2.20802e+07 
18592 18650 49194 49279 5.40006e+07 144613 2.14023e+06 50289.7 56052.5 2385.94 1.59359e+07 
18540 18583 45326 45360 4.09495e+07 133580 1.7765e+06 42005.9 41854.8 1501 1.20878e+07 
16671 16680 42610 42665 4.00511e+07 135529 1.63485e+06 38948 37671 1214.22 1.18262e+07 
18494 18536 45175 45186 4.1751e+07 128857 1.43449e+06 41230.2 41427.6 1475.59 1.23189e+07 
13767 13777 45449 45545 5.50047e+07 155784 2.4136e+06 57839.6 57672.5 1820.02 1.6235e+07 
16757 16800 43092 43120 3.87046e+07 179000 1.60804e+06 40170 40913 1221.89 1.14285e+07 
10307 10350 46526 46590 7.32479e+07 193302 2.58666e+06 75324.7 77822.6 2917.97 2.1616e+07 
16673 16679 45985 46045 4.476e+07 127646 2.02181e+06 47959.1 48101.2 2354.1 1.32066e+07 
11075 11173 42932 43003 5.83344e+07 162403 2.36277e+06 58277.7 57330.9 2037.35 1.7226e+07 
19431 19513 42369 42416 2.79112e+07 113562 1.26038e+06 29851 27519 1310 8.24822e+06 
14147 14235 47870 47880 6.14322e+07 167653 2.25447e+06 65341.2 66425.4 2334.14 1.81275e+07 
18759 18821 49086 49095 5.11219e+07 143416 2.22726e+06 54042.7 53430.5 2093 1.50927e+07 
11337 11358 45756 45806 6.54843e+07 148897 2.48029e+06 69262.8 69315.5 2253.35 1.93235e+07 
10395 10432 49143 49171 7.59719e+07 169640 3.51317e+06 84932.4 85491.9 2521.82 2.24201e+07 
10913 11003 41943 41960 5.5696e+07 181361 2.28533e+06 56053.9 57523 1831.47 1.64471e+07 
12917 12921 44588 44638 5.81244e+07 178626 2.35583e+06 56495.7 57064.5 1382.44 1.7165e+07 
14896 14989 49780 49812 7.36772e+07 159854 2.91355e+06 71276.3 72864.2 2578.39 2.17502e+07 
19227 19253 44695 44705 3.61623e+07 124884 1.50893e+06 35650.9 36841.2 1624.74 1.06714e+07 
10592 10675 43006 43038 6.09064e+07 149684 2.47012e+06 59775.4 58750.5 2319.79 1.79759e+07 
11119 11170 43866 43913 6.39213e+07 173937 2.47853e+06 61431.3 61318 1711.13 1.88706e+07 
11352 11430 41464 41539 5.49524e+07 171745 2.12519e+06 52716 53365.2 2332.19 1.62188e+07 
13899 13922 46487 46504 6.0263e+07 153287 2.5809e+06 60695.5 59162 1682.39 1.77907e+07 
12269 12294 45865 45951 6.50009e+07 142587 2.77972e+06 65495.3 65707.1 2373.58 1.91863e+07 
18940 18994 49735 49746 5.26728e+07 157184 2.29407e+06 54387.9 55376.4 2083 1.55529e+07 
16896 16956 43605 43673 4.05684e+07 143488 1.65646e+06 41101 40285.6 1966 1.19685e+07 
11695 11748 46547 46644 6.90415e+07 206097 2.96515e+06 68618.7 68926 2572.89 2.03785e+07 
14950 15024 43774 43835 4.64649e+07 145880 1.9864e+06 47588 48541.5 2181.16 1.37116e+07 
15931 15944 42868 42957 4.23458e+07 149274 1.66892e+06 39358.3 40733.2 1681.36 1.2496e+07 
14865 14908 40595 40634 3.96089e+07 118767 1.66651e+06 39617.5 37608 1484 1.17026e+07 
18434 18455 49045 49082 5.25048e+07 164768 2.1706e+06 53094 53332.1 2454.41 1.54961e+07 
14426 14445 42450 42468 4.41465e+07 156129 1.79104e+06 44157 42859 1996.12 1.30241e+07 
10143 10187 39989 40027 3.97079e+07 112106 2.50355e+06 45752.7 48122.2 2343 1.17321e+07 
17742 17745 47806 47813 5.29212e+07 233004 2.12439e+06 52542 49428.1 2774.63 1.56175e+07 
16904 16929 45680 45704 4.73497e+07 141624 2.07418e+06 49019.7 48477.3 1804 1.39853e+07 
10697 10772 46114 46120 7.30558e+07 162777 2.97674e+06 71771.8 69588.4 1800.03 2.15614e+07 
13952 13980 47098 47116 6.41125e+07 174305 2.22012e+06 63758.3 63123.1 2542.81 1.89188e+07 
15272 15366 42834 42878 4.70422e+07 126827 1.91441e+06 45374.4 46961.4 1659 1.38918e+07 
18723 18779 46742 46768 4.7517e+07 147121 1.87368e+06 46145 45372.9 2290.57 1.40193e+07 
17815 17834 44783 44842 4.15196e+07 119631 1.73691e+06 41341.6 41757.1 1484 1.22575e+07 
11773 11872 42017 42082 5.25776e+07 158271 2.17354e+06 53358 52619.3 2468.06 1.55199e+07 
10409 10450 41143 41180 5.64564e+07 153111 2.15966e+06 53337 53329.3 2150.3 1.66586e+07 
11043 11130 40430 40456 5.00692e+07 135671 2.14719e+06 49184.1 49351.6 2102 1.47878e+07 
15682 15778 41536 41584 3.70244e+07 110654 1.57925e+06 37978.5 39631.8 1711.81 1.09268e+07 
13157 13167 46970 47053 6.58269e+07 199923 2.81406e+06 64625.1 64715.5 2309.4 1.94319e+07 
10834 10837 46683 46752 7.54803e+07 161577 3.08175e+06 75493.4 75438.1 2809.42 2.22766e+07 
18833 18909 49922 49977 5.70341e+07 152422 2.31303e+06 55437.1 54933.3 2173 1.68364e+07 
11006 11035 48852 48892 8.11191e+07 168123 3.2916e+06 81206.5 83326.5 2771.06 2.39424e+07 
18277 18316 42269 42282 3.22535e+07 112250 1.39366e+06 33033 33654 1495 9.52636e+06 
14755 14785 48860 48935 6.8184e+07 182052 2.32194e+06 67182.9 69875.7 2683.1 2.01206e+07 
15976 16024 40078 40101 2.95433e+07 104320 1.36476e+06 31978 35133.2 1299.58 8.71587e+06 
18990 19085 47207 47238 4.67648e+07 187499 2.03136e+06 48082 51617 1547.28 1.38102e+07 
12855 12945 49428 49486 7.87544e+07 209406 3.13643e+06 76642 73950.5 2554.59 2.32459e+07 
14848 14884 44961 44969 5.183e+07 148395 2.11582e+06 51621.8 50819 1278.27 1.53055e+07 
16743 16767 40273 40312 3.13271e+07 131563 1.42565e+06 34060 28684.3 1410 9.25664e+06 
11208 11238 46380 46429 7.09852e+07 190250 2.87394e+06 72498.1 70822.6 1938.28 2.09512e+07 
14590 14666 49019 49093 6.87579e+07 152768 2.77436e+06 68622.3 66984.3 2760.01 2.02907e+07 
16034 16036 44536 44584 4.79307e+07 143443 1.95567e+06 47428.5 48136.8 1698 1.41584e+07 
18212 18241 46166 46251 4.56161e+07 129267 1.80806e+06 45089 45537 1263.83 1.34629e+07 
16121 16192 42318 42333 4.00602e+07 119689 1.56592e+06 37470.9 37447.1 1649 1.18211e+07 
16800 16844 48477 48503 5.77217e+07 145304 2.40722e+06 59964.5 58742.4 2170 1.704e+07 
10140 10188 48047 48047 8.11123e+07 183481 2.78451e+06 80727.2 83328.9 2858.75 2.39391e+07 
14796 14880 41338 41435 4.15767e+07 125714 1.48969e+06 42063.5 41602.8 1747.47 1.227e+07 
12917 12926 40813 40870 4.28635e+07 116759 1.52251e+06 45990.9 46368.8 1620.73 1.2648e+07 
18036 18132 42609 42670 3.50918e+07 108971 1.48506e+06 35294.1 34073 1468 1.03903e+07 
17146 17163 48830 48859 5.78032e+07 226928 2.36568e+06 58605.3 62289.9 2501 1.70658e+07 
12816 12856 48716 48762 7.53274e+07 200976 3.06085e+06 74271.6 70697.7 2534.82 2.22386e+07 
13617 13617 42479 42513 4.80677e+07 123340 1.71452e+06 48575.9 47361.8 1805 1.41859e+07 
13079 13132 43609 43647 5.06981e+07 128108 1.90422e+06 53277.7 51103.5 1815.97 1.49597e+07 
19183 19240 41353 41363 2.37598e+07 94850.4 1.19032e+06 28665 28127 1151.58 7.00787e+06 
11425 11499 46228 46272 6.6541e+07 140891 2.92928e+06 69742.3 67643.2 2706.32 1.9643e+07 
16826 16846 46090 46183 4.82823e+07 171485 2.00262e+06 47149.9 47504.7 2227.15 1.42475e+07 
11015 11057 43674 43714 5.91111e+07 177755 2.46183e+06 58110.5 62771.8 2466.17 1.74474e+07 
10920 10938 43669 43708 6.02772e+07 185761 2.20754e+06 63013.1 63405.8 2267.72 1.77871e+07 
12076 12105 42365 42452 4.9192e+07 122973 1.8409e+06 54577.6 49202.5 1994.6 1.45172e+07 
16469 16568 48315 48407 5.4682e+07 136493 2.46968e+06 61087.1 57984.2 1912.28 1.61467e+07 
13388 13417 46538 46597 5.99903e+07 159498 2.60595e+06 66291.5 65442.3 1737.3 1.77133e+07 
13726 13726 47325 47406 6.25695e+07 141415 2.76879e+06 65401.5 66623 1410.54 1.84664e+07 
10665 10749 42636 42658 5.58009e+07 114597 2.10388e+06 58913.8 57124.3 2407.32 1.6472e+07 
19336 19417 48412 48428 4.81513e+07 142049 2.1449e+06 48962.2 50161 1911 1.42156e+07 
13653 13662 49374 49406 6.50865e+07 180205 2.53735e+06 72249.4 72817.7 2496.98 1.92069e+07 
10637 10674 47413 47459 8.10586e+07 188454 3.26256e+06 78071.9 77610.5 2980.28 2.39239e+07 
17568 17593 46504 46593 5.01898e+07 127522 1.9375e+06 46441.9 49122.2 2078.45 1.48078e+07 
14755 14785 44984 45030 5.06499e+07 172376 2.07691e+06 48970.3 51409.4 2057.51 1.49486e+07 
12205 12254 47523 47607 6.49319e+07 139042 3.01754e+06 72702 72901.1 2554 1.91653e+07 
17647 17723 49791 49850 6.12522e+07 162537 2.32898e+06 55176.9 58547.7 2279.46 1.80754e+07 
15728 15775 42942 42990 4.45362e+07 129651 1.53837e+06 45155.5 43821.8 1552.5 1.31457e+07 
10770 10797 42971 43051 6.04505e+07 149273 2.37232e+06 57031 59759.6 2311.22 1.78385e+07 
15972 15995 47409 47470 5.71125e+07 140374 2.39698e+06 57942.1 61083 1688.74 1.68624e+07 
19676 19773 40125 40170 2.56277e+07 166548 1.02746e+06 25143 24851 1049.66 7.55972e+06 
10349 10404 40333 40374 5.24258e+07 176653 2.06689e+06 49306.9 53022 2040.91 1.54697e+07 
12081 12176 46406 46496 7.12854e+07 159652 2.80285e+06 69802.2 68587.7 1677.66 2.10405e+07 
11551 11565 43205 43270 5.90821e+07 156315 2.39899e+06 57961.7 57032 1577.47 1.74396e+07 
14294 14343 41511 41538 4.20487e+07 129864 1.86119e+06 43154.5 41407.1 1678 1.24216e+07 
12135 12144 40246 40316 4.10009e+07 138396 1.92623e+06 45733 44502 1254.71 1.21038e+07 
16798 16813 47627 47658 5.17203e+07 129990 1.91855e+06 56280 56379.4 2277.95 1.52628e+07 
11486 11572 47636 47636 7.56515e+07 177625 3.06064e+06 70289.9 77291.5 2632.63 2.23313e+07 
16607 16686 46428 46482 5.0914e+07 125879 2.03692e+06 48375.3 53901 2101.29 1.50206e+07 
19237 19244 42333 42339 2.98048e+07 99642.7 1.26901e+06 31072 28774.2 1531.44 8.79368e+06 
11164 11261 44234 44279 6.22502e+07 145410 2.21167e+06 61106.8 60511.1 2453.1 1.83714e+07 
11003 11069 40976 41008 3.91833e+07 118255 2.15841e+06 46629.7 50457 1993 1.15834e+07 
19073 19168 44336 44411 3.91953e+07 142150 1.49025e+06 36751 37442.2 2037.45 1.15644e+07 
19902 19977 45797 45821 3.97333e+07 136930 1.75595e+06 38427.3 38909 1546 1.17421e+07 
11375 11457 44665 44666 6.65554e+07 180985 2.61359e+06 63755.4 62872 2601.71 1.96476e+07 
13683 13723 40626 40668 4.41532e+07 175904 1.8342e+06 42637.7 43148 1115.14 1.30484e+07 
10593 10641 44178 44190 6.7694e+07 175166 2.5903e+06 64631.4 65081.8 1913.92 1.99819e+07 
13590 13598 40380 40432 4.13144e+07 168419 1.68121e+06 42495 43401.1 1735.5 1.21899e+07 
14210 14252 49028 49074 7.09776e+07 235399 2.80893e+06 68129.6 69730.6 2711.8 2.09492e+07 
19332 19347 44121 44142 3.51638e+07 123171 1.61559e+06 35110.2 33140.5 1404 1.03913e+07 
17498 17503 42119 42199 3.60153e+07 113865 1.43514e+06 36052 35708.2 1839.12 1.06242e+07 
12922 12935 47946 47997 7.22632e+07 197360 2.45111e+06 69794.1 70911.4 2473.82 2.13256e+07 
19466 19523 42454 42481 3.07925e+07 120485 1.25422e+06 30362 27419.1 1770.47 9.08422e+06 
18184 18210 44546 44553 4.12959e+07 147541 2.02774e+06 47500.4 44641 2461 1.2426e+07 
13678 13773 46381 46427 6.08338e+07 145799 2.44778e+06 56902.8 63410.8 2325.14 1.79512e+07 
12387 12453 44252 44253 5.52671e+07 140820 2.01589e+06 55955.1 57751.3 2114.64 1.63061e+07 
10099 10150 49192 49256 8.3121e+07 231732 3.59993e+06 88357.2 93542.8 3893.84 2.45333e+07 
13293 13328 44778 44789 5.88856e+07 160434 2.33974e+06 57351.8 59478.3 1880.89 1.73901e+07 
15156 15178 45407 45409 5.42908e+07 161745 2.287e+06 52867.5 54407 1270.97 1.60295e+07 
12554 12623 48183 48252 7.45679e+07 162987 2.98396e+06 73181.9 71237.9 1597.32 2.20069e+07 
19832 19847 45817 45884 3.83408e+07 156640 1.562e+06 39993 40551 1126.01 1.13161e+07 
16246 16255 46080 46113 5.11053e+07 166042 2.00388e+06 50728 51443.5 1966.62 1.50841e+07 
17042 17046 42626 42661 3.80848e+07 152410 1.5822e+06 38065 36481 1197.46 1.12437e+07 
19715 19731 47116 47194 4.3524e+07 108876 1.60235e+06 45715.3 46256.3 1524.81 1.28435e+07 
18996 19077 43636 43726 3.4516e+07 101682 1.58292e+06 35639.9 33616 1593 1.02758e+07 
12708 12750 48953 48996 7.36571e+07 154753 3.07803e+06 72269.3 73910.5 2449.86 2.1738e+07 
13851 13900 49103 49195 7.06057e+07 167311 2.90567e+06 70585.9 69721.3 1630.26 2.08392e+07 
10552 10604 46053 46059 7.57862e+07 181559 2.96202e+06 72904.5 73192 2669.52 2.23651e+07 
13766 13773 42836 42892 4.84234e+07 121141 1.71788e+06 48099.2 46174 1723.07 1.42915e+07 
16275 16283 47772 47774 5.55179e+07 162575 2.38331e+06 57324.7 58443 1482.23 1.63907e+07 
9935 10009 42516 42533 6.03838e+07 206777 2.42937e+06 58138.2 63254.7 2382.73 1.78216e+07 
14786 14827 45235 45326 5.29605e+07 126699 1.87361e+06 53418.1 55796.6 2011.58 1.56298e+07 
14312 14343 47567 47661 6.52937e+07 140002 2.70476e+06 63851.2 63635.9 2078.19 1.92701e+07 
11862 11902 40433 40533 4.60858e+07 169999 1.97991e+06 48021.6 49247 1328.28 1.36162e+07 
18557 18611 47374 47404 4.88482e+07 175961 1.97015e+06 46277.2 49594.1 2247.4 1.44137e+07 
13777 13874 45502 45521 5.9354e+07 147768 2.41151e+06 58877.9 60588.7 1782.3 1.75213e+07 
16500 16577 44493 44530 4.64183e+07 165405 1.91913e+06 44808.1 46437 1332.42 1.37145e+07 
10750 10795 43119 43135 6.26148e+07 161002 2.38546e+06 57861.3 61764.5 2092 1.84749e+07 
16821 16828 48725 48819 6.02534e+07 144327 2.44531e+06 60393.8 61006 2349.16 1.77847e+07 
15827 15868 41703 41792 3.8358e+07 164290 1.58491e+06 39045 38193 1198.76 1.13212e+07 
15780 15842 40795 40797 3.62893e+07 124264 1.45857e+06 35884 35066.6 1656.77 1.07064e+07 
10229 10263 44253 44316 6.8555e+07 137970 2.67424e+06 65624.4 68204.8 2525.06 2.02377e+07 
10668 10717 40392 40443 5.15212e+07 139955 2.15899e+06 49884.9 49001 1515.65 1.52142e+07 
17723 17767 44750 44768 4.18556e+07 138329 1.6665e+06 40813 38786 1165.57 1.23513e+07 
15622 15685 49383 49437 6.86189e+07 155071 2.65682e+06 61612.9 66533.2 2439.95 2.02524e+07 
10140 10221 44195 44261 6.619e+07 189973 2.32464e+06 64988.8 67588.7 2302.59 1.9532e+07 
18124 18181 46826 46857 4.75736e+07 154477 2.06127e+06 51084.4 50492.3 1560.19 1.40442e+07 
11637 11727 42012 42073 5.17784e+07 147780 2.18827e+06 54733 52201.9 2047 1.529e+07 
16964 17051 47328 47329 5.41303e+07 166597 2.20474e+06 54258 53155.8 2158.08 1.59795e+07 
18953 19051 47762 47812 4.66418e+07 114282 1.6933e+06 48857.5 50099 2220.57 1.37634e+07 
18717 18730 49650 49708 5.54392e+07 156741 2.32595e+06 56152.2 55821.9 2116 1.63672e+07 
13745 13745 46188 46264 3.9441e+07 289815 2.44706e+06 51703.7 57419 2098 1.16602e+07 
12073 12140 42446 42523 5.40556e+07 136492 2.18627e+06 54081.5 51587 1907 1.59578e+07 
13302 13391 42189 42282 4.80787e+07 158711 1.91158e+06 47716 47858.6 1988.71 1.41852e+07 
15726 15773 43824 43842 4.65345e+07 124697 1.66883e+06 45980.2 43206.9 1810.57 1.37345e+07 
13572 13609 42308 42339 4.76689e+07 119048 1.65142e+06 47764.1 44287.3 1861.38 1.40672e+07 
12373 12401 41219 41315 4.86732e+07 135026 2.04411e+06 48622.8 46230.5 1827.08 1.43668e+07 
19989 20010 44896 44939 3.64949e+07 135401 1.4757e+06 34883.8 34636 1386 1.07981e+07 
18227 18230 47707 47757 5.13704e+07 168586 2.03483e+06 47507.3 52556.8 2149.32 1.51601e+07 
13504 13544 44957 45018 5.66794e+07 129486 2.3211e+06 57369 57061.1 1794.47 1.67278e+07 
18159 18180 40760 40787 2.97684e+07 156532 1.22289e+06 30293 29913 952.143 8.79156e+06 
14368 14382 46440 46514 5.85803e+07 177422 2.32516e+06 55485.4 58684.3 2344.07 1.72902e+07 
12599 12619 49223 49320 7.7919e+07 175239 2.60386e+06 76142.1 78033.6 2504.51 2.29958e+07 
13605 13703 44348 44377 5.45984e+07 118795 1.88911e+06 54279.6 56464 2009.87 1.61157e+07 
19307 19370 45276 45347 3.86253e+07 129910 1.64924e+06 38124.1 39206 1374 1.14192e+07 
18361 18415 40417 40475 2.79926e+07 103957 1.29373e+06 28310.8 27264 1268 8.32006e+06 
14454 14462 41789 41834 4.41023e+07 156437 1.73607e+06 42872 42127 2103.15 1.30162e+07 
15102 15141 45634 45662 5.51962e+07 168232 2.23531e+06 52223.1 56319.6 1804.44 1.62879e+07 
11291 11386 49428 49448 8.46943e+07 186574 3.43544e+06 84317.8 86485.1 2764.46 2.4995e+07 
17036 17058 47402 47402 5.3871e+07 131587 1.88792e+06 55427.3 52271.8 2099.18 1.5898e+07 
12464 12478 48823 48921 7.20716e+07 161968 3.05372e+06 75988.5 77771.9 2059.71 2.12717e+07 
17104 17168 43096 43169 3.92665e+07 130682 1.74426e+06 41340.4 37335.8 1524 1.15903e+07 
12744 12822 42852 42917 5.36844e+07 175830 2.13039e+06 51817 51432.1 1937.14 1.58462e+07 
11473 11542 45441 45444 6.76381e+07 166049 2.75246e+06 66211.4 67899.3 2205.85 1.99664e+07 
11143 11148 45049 45112 6.77151e+07 177731 2.27216e+06 65205.4 66696.7 2181.6 1.9982e+07 
19629 19690 40889 40942 2.51082e+07 95823 1.07786e+06 24958.4 25117.3 1103.94 7.41182e+06 
10613 10684 47835 47884 7.90025e+07 137365 3.28226e+06 81122.4 77634.6 3165.12 2.33188e+07 
12954 13052 41621 41681 4.63616e+07 107536 1.9671e+06 46997.8 48331 1618 1.36889e+07 
14742 14768 42582 42597 4.59813e+07 136357 1.84144e+06 43878.7 47231.9 1815.06 1.35655e+07 
13952 13978 47582 47629 6.7644e+07 135585 2.70754e+06 66107.6 64650.9 2283.52 1.99615e+07 
19485 19488 47145 47173 4.40845e+07 129691 2.00928e+06 47336.6 45671.8 1714 1.30285e+07 
13819 13888 44870 44914 5.45633e+07 167010 2.17411e+06 53969 54821.9 2080.84 1.61014e+07 
16916 16941 47501 47593 5.34913e+07 113095 1.8816e+06 55789.5 52096.8 2094.53 1.57877e+07 
15073 15147 48193 48264 6.35082e+07 189295 2.65255e+06 64607.1 67164.3 2264 1.87486e+07 
19699 19720 47025 47111 4.35586e+07 141761 1.96619e+06 44017.9 43281 1735 1.28664e+07 
13851 13905 42423 42501 4.82622e+07 117202 1.86523e+06 44465.7 48289.2 1633.77 1.42387e+07 
18098 18167 47019 47019 4.65388e+07 115994 2.12694e+06 51359.8 48870.9 1810 1.37506e+07 
10245 10281 49086 49170 8.43999e+07 191601 2.97825e+06 86033.9 86322.3 2801.96 2.49094e+07 
19150 19189 48802 48883 5.1285e+07 136485 1.79685e+06 53102.9 52387.9 2399.41 1.51329e+07 
10423 10494 49193 49221 8.77673e+07 226499 3.43812e+06 85163.2 87385.1 3135.14 2.59034e+07 
12962 12979 46868 46897 6.86953e+07 162623 2.71848e+06 62267.9 67939.1 2276.17 2.02783e+07 
16434 16476 40333 40423 3.35156e+07 167133 1.36821e+06 33618 33257 1047.73 9.89705e+06 
12541 12617 49894 49976 8.26586e+07 159702 3.25865e+06 81403.8 79264.6 2790.78 2.44267e+07 
15394 15473 45705 45798 5.43318e+07 128974 2.32692e+06 54471.9 53021.3 1535.04 1.6042e+07 
16726 16758 47569 47610 5.72257e+07 184543 2.37451e+06 54525.3 57034 1469.36 1.68927e+07 
10249 10327 46951 46988 7.97878e+07 196561 3.22861e+06 73128 79535.2 2889.76 2.35499e+07 
18756 18813 40268 40271 2.82927e+07 99631 1.12683e+06 26184.9 29219.1 1341.7 8.34705e+06 
11688 11770 44611 44667 6.32005e+07 182531 2.18246e+06 61699.1 62070.7 2173.24 1.86492e+07 
16899 16937 44562 44637 4.31339e+07 172233 1.76732e+06 42207 44677.7 2044.65 1.27284e+07 
19362 19427 49246 49328 4.97342e+07 132123 2.07822e+06 47698.3 51402.6 2449.98 1.46737e+07 
14487 14501 41099 41175 4.06791e+07 110900 1.70059e+06 40372.9 41827 1653 1.20217e+07 
12694 12700 43086 43175 5.15378e+07 183514 2.11662e+06 50407.1 53765.5 1958.01 1.52097e+07 
10552 10613 41091 41187 5.25066e+07 177233 2.13086e+06 51749.1 55742.3 2217.58 1.54937e+07 
14279 14360 48713 48743 6.45246e+07 165254 2.81594e+06 69076.5 69458.4 2455.69 1.90464e+07 
10673 10704 46748 46781 6.28111e+07 148050 3.15204e+06 76898.2 76344.4 2559 1.85373e+07 
17515 17607 49841 49902 5.69212e+07 151089 2.40043e+06 58719 58439.8 2223.08 1.6802e+07 
19865 19905 46831 46916 4.11401e+07 133145 1.87482e+06 44972.6 42366.2 1773 1.21463e+07 
15439 15500 41876 41911 3.9684e+07 141102 1.70733e+06 41246.5 40045 1774 1.17314e+07 
16595 16620 41973 41978 3.30937e+07 100611 1.49134e+06 35657.2 37062.2 1580.39 9.76331e+06 
18748 18814 46991 47033 3.86768e+07 101048 2.0735e+06 47807.5 45460 1819 1.14293e+07 
17199 17273 45939 46012 4.29433e+07 139486 1.94553e+06 45593 49661.1 2001.91 1.26718e+07 
18589 18652 49576 49625 5.20625e+07 137245 2.27392e+06 56632.1 54276.8 2121 1.53745e+07 
15065 15086 42692 42701 4.08351e+07 136212 1.91802e+06 45895.1 42437.4 1751 1.20743e+07 
15315 15384 40129 40159 3.4051e+07 97056 1.50401e+06 37099 35355.7 1591.2 1.00487e+07 
12825 12894 45259 45280 5.69582e+07 144383 2.37414e+06 59480.1 61248.9 1613 1.68149e+07 
16087 16134 44462 44508 4.18985e+07 154793 1.81351e+06 44872 44925.7 2040.97 1.23673e+07 
17240 17338 47468 47512 5.23667e+07 148935 1.83409e+06 55273.5 55793.2 1753.21 1.5453e+07 
10108 10193 41133 41174 5.43024e+07 187432 2.19034e+06 52174 56414.9 2114.87 1.60238e+07 
17196 17235 40380 40431 2.91431e+07 95817 1.49765e+06 31554.6 31151 1289 8.62848e+06 
14360 14382 44908 45005 5.05313e+07 137897 2.15657e+06 50584.7 51215 1726 1.49157e+07 
17820 17870 40759 40828 2.79037e+07 214307 1.27709e+06 29437.7 31562.4 1858.39 8.24698e+06 
18810 18830 44713 44733 3.45091e+07 115012 1.37656e+06 39453.7 34864.9 1557 1.01823e+07 
18943 18977 46607 46635 4.28667e+07 125855 1.97746e+06 46797.4 43821.4 1856 1.26596e+07 
15520 15589 48618 48639 6.48897e+07 195798 2.55482e+06 64524.2 65382.8 1636.04 1.91568e+07 
19561 19655 42172 42225 2.67247e+07 159274 1.20816e+06 29198 28752 1427.97 7.88244e+06 
10703 10719 42986 42993 3.11899e+07 139935 2.37207e+06 56170 54227 1672.14 9.20998e+06 
17789 17871 49294 49325 5.71461e+07 173631 2.38615e+06 56718.9 61425.4 2065.74 1.68657e+07 
18562 18658 46051 46123 4.38472e+07 147910 1.76584e+06 43658 44966 1222.07 1.29414e+07 
10148 10230 45204 45299 7.11868e+07 171476 2.76529e+06 68377.8 69212.7 2196.35 2.10073e+07 
13114 13129 48356 48367 7.13117e+07 161816 2.92842e+06 70483.5 74980 1660.02 2.10437e+07 
12921 12989 46187 46261 6.07131e+07 219240 2.48727e+06 60784.2 63679 2233.41 1.79195e+07 
13281 13360 42146 42177 4.1945e+07 128449 1.69481e+06 48158 47168 1971.03 1.23762e+07 
17490 17574 49558 49640 4.99238e+07 148666 2.53236e+06 59451.9 59521.7 1865.09 1.47315e+07 
13404 13473 46101 46193 5.79355e+07 139151 2.50382e+06 61258 65163.8 1451.19 1.70961e+07 
18974 19020 44497 44590 3.91154e+07 139705 1.34866e+06 40092.9 38226 1850.13 1.15419e+07 
11792 11888 48931 49018 7.8794e+07 175211 3.26252e+06 77622.4 80374.9 2948.1 2.32499e+07 
18285 18341 48939 48981 5.17484e+07 168831 1.88113e+06 56621.2 51683.6 2451.96 1.52723e+07 
19739 19747 43124 43136 2.96376e+07 130048 1.49932e+06 32049.4 31053.7 1291.92 8.74704e+06 
16551 16612 44829 44862 4.08159e+07 99397.7 1.90029e+06 44289 43334.5 1592 1.20476e+07 
10554 10564 43783 43850 6.07198e+07 175639 2.65089e+06 63058 64054.8 2129.63 1.79219e+07 
17652 17749 49673 49726 5.71703e+07 114347 2.43059e+06 58553.9 58516.7 2465.26 1.68691e+07 
18036 18108 45931 45937 4.42309e+07 103786 1.94474e+06 43371.4 48647.2 1658 1.30517e+07 
12845 12889 45825 45852 6.09503e+07 217182 2.44517e+06 58570.5 65062.8 2044.49 1.79893e+07 
14454 14490 42375 42467 4.19872e+07 171258 1.78566e+06 42775.3 43566 2060.73 1.23796e+07 
15190 15205 42707 42711 3.82454e+07 135828 1.9063e+06 45010.6 43125.1 1638 1.12827e+07 
16580 16588 46505 46605 5.10364e+07 171707 1.80574e+06 53097.6 50641 2287.74 1.50593e+07 
17191 17207 44273 44367 4.4634e+07 124963 1.74065e+06 42454.1 45632 1639 1.31697e+07 
14254 14255 45210 45272 4.54221e+07 164224 2.08481e+06 53275 45150.5 1229.72 1.34093e+07 
16683 16700 40673 40757 3.42456e+07 183242 1.36342e+06 33624 32438.8 1131.49 1.01146e+07 
17053 17115 49012 49054 6.0485e+07 146637 2.35218e+06 57917 58315.4 1441.74 1.78484e+07 
17900 17958 41581 41669 3.25236e+07 102727 1.19533e+06 34439.4 32152.8 1594.08 9.59489e+06 
19221 19283 41035 41068 2.70345e+07 158855 1.1436e+06 27922 26310 1092.35 7.974e+06 
13510 13599 46690 46715 6.24934e+07 131302 2.59613e+06 63350 65032.5 1570.68 1.84402e+07 
16977 17041 42166 42221 3.74951e+07 115113 1.48202e+06 35279.1 36046 1900.01 1.10613e+07 
12516 12545 40988 41081 4.48315e+07 158314 1.89268e+06 45920 49244.8 1660 1.323e+07 
10315 10326 49281 49297 8.35743e+07 213834 3.56094e+06 81223.6 88703.8 2587.56 2.46667e+07 
19736 19766 43440 43461 3.32666e+07 104073 1.31788e+06 32497 32196.3 1309 9.81954e+06 
11605 11661 41381 41442 4.98229e+07 146564 2.26173e+06 53607.9 53501.4 2112.69 1.47028e+07 
18109 18158 46564 46651 4.70198e+07 134239 1.90206e+06 43831.6 46962 2218.38 1.38738e+07 
13141 13199 48507 48582 7.18279e+07 206050 2.93509e+06 72278.6 74077.8 2596.95 2.11941e+07 
16897 16938 43323 43365 3.79467e+07 297160 1.6544e+06 39016.2 40728 2088.2 1.1205e+07 
13593 13656 43428 43516 5.2393e+07 146310 1.79001e+06 51293.5 47503.8 1920.75 1.54626e+07 
13708 13731 48166 48258 6.68713e+07 157080 2.88832e+06 69879 73423.7 2597.44 1.97307e+07 
11133 11143 42269 42355 5.59593e+07 136185 2.29564e+06 57170.1 58913.6 2255 1.65323e+07 
18888 18930 40994 41000 2.74835e+07 186573 1.16359e+06 28390 25930 854.196 8.10998e+06 
12587 12687 44464 44538 5.93504e+07 135254 2.30139e+06 57572.4 58397 2048.45 1.75107e+07 
17709 17773 49874 49917 5.73441e+07 140571 2.446e+06 57957.5 58884.3 2070 1.69229e+07 
9970 10019 49801 49803 3.70552e+07 143942 3.9331e+06 61483.8 129905 2838 1.09335e+07 
11509 11585 47167 47242 7.62105e+07 176168 3.08704e+06 73767.2 78592.3 1971.76 2.24897e+07 
16314 16364 47772 47869 5.38906e+07 180485 2.29765e+06 55546.3 55376.4 2349.87 1.59068e+07 
13771 13812 41638 41733 4.77128e+07 136783 1.80165e+06 42316.4 45289 2021.19 1.40795e+07 
16071 16139 40895 40909 3.62638e+07 104579 1.25859e+06 36115.2 34370.8 1538.63 1.06976e+07 
12588 12589 44611 44639 5.58446e+07 132511 2.35415e+06 57163.2 53737.8 1787.63 1.64802e+07 
10570 10654 46194 46195 7.21425e+07 195944 2.9653e+06 71697.3 76683.6 1824.74 2.12886e+07 
19894 19947 42796 42896 2.96057e+07 129133 1.23664e+06 30601 29070 1216 8.74165e+06 
10706 10791 45338 45425 6.96032e+07 188744 2.78813e+06 68802.5 69974.9 2247.87 2.05378e+07 
17867 17952 48839 48867 5.52556e+07 151885 2.28279e+06 56496.4 58912.2 1844.71 1.6304e+07 
18742 18804 46982 46990 4.45441e+07 130318 2.0501e+06 47512.8 46415.9 1860 1.31436e+07 
18608 18700 45829 45845 4.34905e+07 126126 1.91317e+06 40894 49124.9 1566 1.28337e+07 
19794 19827 48703 48709 5.15761e+07 126618 2.07632e+06 49336.8 48247.7 2345.03 1.52198e+07 
17227 17274 39992 40023 3.09563e+07 130450 1.44597e+06 32052.1 30282.4 1347.24 9.13612e+06 
10805 10900 48554 48584 8.40635e+07 168343 3.31023e+06 82317.1 81894.3 2778.21 2.48065e+07 
19625 19677 49928 49995 5.35397e+07 151735 2.16913e+06 51353.9 55302.3 2028 1.58009e+07 
10736 10779 41384 41471 5.44023e+07 170758 2.25316e+06 55806 54338.1 2158.63 1.6053e+07 
18533 18560 48324 48409 5.08198e+07 159705 2.02749e+06 51069 52126.8 1317.33 1.49993e+07 
13114 13202 44468 44546 5.62953e+07 179246 2.29515e+06 56156.4 54927.3 1757.89 1.66179e+07 
16026 16094 46491 46522 5.51083e+07 206186 2.24501e+06 56821.3 61372.5 1970.88 1.62677e+07 
15818 15897 46285 46295 5.22605e+07 175649 2.12349e+06 52949 55191.3 1413.43 1.54247e+07 
13734 13768 49828 49889 7.09434e+07 191065 2.96305e+06 68924 73757.3 2729.61 2.09357e+07 
15323 15415 44379 44455 4.75596e+07 167667 1.97539e+06 46011 47867.8 2180.45 1.40408e+07 
12979 13067 45714 45794 6.33112e+07 177133 2.3939e+06 57788.6 57823 1977.37 1.86855e+07 
18621 18640 45348 45362 4.14347e+07 132509 1.43639e+06 42463.8 39698.2 1825.01 1.22257e+07 
14828 14881 45983 46072 5.63249e+07 161007 2.00357e+06 58114.7 56465.8 2081.02 1.66191e+07 
17848 17875 42677 42716 3.42042e+07 124789 1.57567e+06 36058.9 36431.1 1453 1.00908e+07 
19852 19919 41708 41710 2.90947e+07 111129 1.04301e+06 29418.2 26231.6 1319.76 8.58336e+06 
18461 18494 42716 42802 3.44717e+07 138903 1.38576e+06 34237 31963.4 1048.41 1.01795e+07 
11638 11679 48592 48625 7.88414e+07 203597 3.26058e+06 81154.7 81709.1 3057.83 2.32631e+07 
19327 19399 41276 41305 2.75777e+07 78100.7 1.17295e+06 28551 27066.8 1296 8.14537e+06 
13108 13112 49721 49721 7.50647e+07 201219 3.07507e+06 75784.8 75531.3 2568.79 2.21545e+07 
14700 14743 47511 47519 6.16268e+07 187538 2.50834e+06 58596.4 60424.3 2453.25 1.81892e+07 
15421 15503 48018 48031 6.08184e+07 177649 2.58091e+06 61809.6 60759.2 1523.74 1.79509e+07 
16278 16291 42514 42519 4.07161e+07 130374 1.75253e+06 39192.1 40777.3 1501.23 1.20134e+07 
10771 10857 40800 40852 5.18491e+07 155438 2.08432e+06 51980 54103.4 1611.03 1.53026e+07 
11195 11252 45252 45299 6.70283e+07 176470 2.6636e+06 66456.7 67170.9 2103.52 1.97822e+07 
18334 18428 42367 42447 3.51007e+07 121042 1.34443e+06 33249 33349 1233.49 1.03447e+07 
16429 16436 48447 48518 6.16288e+07 151765 2.49743e+06 59981 60561.3 2417.92 1.81838e+07 
16784 16837 49892 49967 6.29307e+07 180764 2.58073e+06 63318 63722.2 2389.51 1.85703e+07 
14017 14102 41203 41253 4.35642e+07 131382 1.69216e+06 42017 40955.2 1141.2 1.28577e+07 
18558 18643 43904 43959 3.62267e+07 115886 1.62198e+06 37718.3 36227.9 1468.19 1.069e+07 
18974 18975 49707 49791 5.50851e+07 161525 1.89831e+06 54521.1 53265.2 2438.86 1.62571e+07 
12235 12263 42605 42625 5.25197e+07 121754 2.28418e+06 53183.8 55047.8 1958.42 1.54977e+07 
12850 12905 41329 41423 4.60225e+07 122488 1.95002e+06 46768 50939.2 1632 1.35809e+07 
13321 13324 45492 45582 6.04143e+07 175074 2.36766e+06 56725.8 59074.3 1954.26 1.78316e+07 
12876 12956 41037 41102 4.51064e+07 151075 1.8184e+06 44666 43196.3 1259.99 1.33119e+07 
10446 10537 48090 48151 8.17379e+07 202575 3.29238e+06 81881.9 79695.7 2735.61 2.41218e+07 
13412 13482 46863 46896 6.08735e+07 187027 2.73973e+06 65703.6 63737.4 2629.53 1.79624e+07 
19582 19607 40148 40207 2.42155e+07 116190 1.04871e+06 25503 22829.9 1175 7.14852e+06 
11149 11235 49660 49698 8.55657e+07 200884 3.42407e+06 84145.2 91286.4 2974.18 2.52502e+07 
11786 11819 43840 43859 5.98441e+07 155829 2.42931e+06 59294.8 64282.5 2256.17 1.76597e+07 
15573 15608 40645 40743 3.32653e+07 95302 1.64426e+06 36308.5 34593 1351 9.81323e+06 
11381 11430 44080 44136 6.28855e+07 140398 2.51854e+06 61997.5 61664.9 2443.38 1.85578e+07 
17169 17191 41599 41634 3.57844e+07 111840 1.44395e+06 35155 33237.2 1506 1.05599e+07 
12485 12534 47395 47483 6.83348e+07 175743 2.44577e+06 70231.9 68374.3 2341.57 2.0168e+07 
11851 11879 42383 42428 5.44198e+07 146339 2.23341e+06 54842.4 54213.1 2046.91 1.60578e+07 
15816 15881 47379 47465 5.81652e+07 153272 2.42574e+06 58559.5 57066.2 2191.68 1.71617e+07 
17591 17627 40536 40608 3.09005e+07 107955 1.26871e+06 31165 32810.8 1260 9.12726e+06 
14079 14176 42294 42348 4.63483e+07 142372 1.59372e+06 46078.2 44175.7 1730.07 1.36742e+07 
18531 18602 41366 41422 2.92506e+07 106460 1.41149e+06 30152.6 34951.9 1560 8.63124e+06 
16519 16526 46240 46324 5.15199e+07 149736 2.0443e+06 48282.5 49737 2183.53 1.52011e+07 
11327 11343 42135 42135 5.44594e+07 183957 2.19061e+06 52515.1 54144.2 2356.86 1.60768e+07 
15472 15551 49030 49049 6.48744e+07 167720 2.25219e+06 65818.6 61919.5 2505.47 1.9147e+07 
15181 15245 47836 47914 6.34924e+07 139781 2.17424e+06 64071.7 61594.8 2273.2 1.87342e+07 
19777 19834 40586 40604 2.44189e+07 90271 1.00267e+06 24379.5 24395.8 1111 7.20094e+06 
10798 10875 40274 40314 4.99592e+07 167876 2.01642e+06 47765.4 50600.3 2102.29 1.47471e+07 
16268 16324 42296 42347 4.03178e+07 128431 1.63304e+06 39456.2 35825.1 1578 1.18944e+07 
13082 13145 49003 49079 7.51631e+07 148562 2.90883e+06 68044.7 73788.8 2457.03 2.21785e+07 
12720 12764 40091 40119 4.23062e+07 127922 1.53738e+06 44407.5 43273.5 1775.82 1.24826e+07 
10833 10910 47726 47805 5.17721e+07 110417 3.60167e+06 82005.5 82643 2530.62 1.52773e+07 
13731 13752 49952 49977 7.94465e+07 195398 3.04303e+06 74478.4 75200.9 2692.25 2.34438e+07 
11988 12088 45189 45199 6.44502e+07 145644 2.52847e+06 61273 59433.2 1368.14 1.9017e+07 
16846 16896 40253 40303 3.10958e+07 167023 1.31562e+06 31209.9 30339 1753.32 9.17449e+06 
18531 18593 44271 44302 4.02539e+07 121497 1.61233e+06 37936.2 40392.2 1655 1.18746e+07 
17746 17758 48164 48237 5.33184e+07 137214 2.18734e+06 52262.4 51137.5 1886 1.57364e+07 
17595 17595 46979 47049 5.10452e+07 182210 2.05568e+06 46935.1 52185 2193.34 1.50611e+07 
15764 15818 40019 40080 3.33372e+07 102150 1.24202e+06 34589.8 31760.2 1397.02 9.83454e+06 
14822 14841 46891 46924 5.916e+07 149249 2.55466e+06 60315 63373.2 1437.59 1.74573e+07 
18293 18354 47646 47703 5.15814e+07 131205 2.12593e+06 52887.6 49949.6 2148.96 1.52207e+07 
15181 15184 42372 42395 4.16748e+07 145755 1.78784e+06 43357 44766 1621 1.23e+07 
18806 18855 46584 46601 4.58392e+07 134564 1.9291e+06 47515.2 43075.1 1707.93 1.35246e+07 
10852 10926 43432 43492 6.00234e+07 167244 2.47207e+06 60713.3 63562.9 1704.18 1.77164e+07 
19886 19911 42489 42574 2.77751e+07 119319 1.21068e+06 28481.8 29503 1815.35 8.19464e+06 
10878 10899 49341 49396 8.6763e+07 193178 3.48362e+06 85410.1 87758 3026.98 2.56038e+07 
13975 14038 49088 49109 6.97148e+07 188280 2.89803e+06 68961.8 71032.2 2477.85 2.05703e+07 
18754 18791 44553 44605 3.92253e+07 112442 1.53947e+06 37869 35210.1 1568 1.15739e+07 
14434 14496 45317 45332 5.08212e+07 139640 2.0977e+06 52679 50339.6 1240.25 1.49997e+07 
15062 15128 45673 45765 5.41764e+07 178155 2.21987e+06 55589 55899.4 1503.52 1.5991e+07 
14183 14198 41632 41646 4.49871e+07 120763 1.5689e+06 44776.8 43257.6 1810.24 1.32733e+07 
19651 19698 44082 44160 3.55667e+07 122866 1.50814e+06 33896.6 34910.6 1391 1.04918e+07 
15262 15305 42645 42738 4.52267e+07 133177 1.80122e+06 44319 43585.6 1237.52 1.33476e+07 
15726 15750 43424 43479 4.66023e+07 142981 1.7866e+06 42552.9 42859.7 1847.06 1.37579e+07 
14901 14922 45239 45268 5.3348e+07 182731 1.84894e+06 53841 52269.9 1835.6 1.57443e+07 
10616 10690 46604 46620 7.63467e+07 192174 2.89979e+06 72151 76996.3 2749.23 2.25315e+07 
11020 11042 46311 46407 7.15098e+07 177124 2.96142e+06 72761.7 73469.2 2749.06 2.11016e+07 
13516 13541 43437 43536 5.23855e+07 377657 2.08832e+06 50165.7 52345.1 2065.59 1.54623e+07 
18353 18384 44034 44133 3.92696e+07 103743 1.38174e+06 39947 36868.2 1577.85 1.15876e+07 
12176 12251 40229 40295 4.6346e+07 142258 1.91641e+06 46214.9 44388.1 1715 1.36767e+07 
13027 13109 47503 47561 6.72382e+07 174345 2.69079e+06 63750.4 69294.2 2244.34 1.9843e+07 
18822 18921 41319 41343 2.98234e+07 106819 1.05827e+06 31999.9 28507 1455.25 8.7983e+06 
12719 12744 47170 47243 6.83756e+07 172699 2.86046e+06 69624.5 70874 1980.85 2.01788e+07 
15967 16054 46214 46274 5.15297e+07 138149 2.06792e+06 52097 53909.4 1389.21 1.52084e+07 
14055 14125 43170 43231 5.00989e+07 154225 1.94305e+06 48090 45970.2 1314.68 1.47871e+07 
13854 13921 49065 49090 7.1171e+07 159725 2.4128e+06 70904.3 68503.3 2538.25 2.10031e+07 
16454 16523 49042 49109 5.92548e+07 153614 2.43365e+06 57847.9 61041.3 2415.49 1.74863e+07 
17611 17663 46051 46074 4.48875e+07 147748 1.87358e+06 44927 46340 1848.2 1.32427e+07 
14980 15072 46087 46120 5.73866e+07 133484 2.37209e+06 57971.9 61097 1876.73 1.69336e+07 
10714 10736 42705 42728 4.04669e+07 114851 2.81886e+06 57406.3 62366.7 1918.61 1.19405e+07 
19562 19655 49661 49699 5.10283e+07 140063 2.19509e+06 51081 53693.9 2149 1.50629e+07 
15998 16075 41867 41900 3.74347e+07 104534 1.72377e+06 38387.1 39293.9 1578 1.10436e+07 
18788 18808 48772 48860 5.20916e+07 188483 2.0776e+06 49851.7 52014.8 1976.29 1.5376e+07 
15468 15542 46901 46985 5.87737e+07 206646 2.5074e+06 58210.4 59916.8 1750.93 1.73491e+07 
14726 14768 48053 48132 6.62943e+07 180303 2.67743e+06 65038.3 63133.1 2394.56 1.95624e+07 
18182 18186 44949 45035 4.06715e+07 131537 1.74593e+06 40875.9 42459.5 1513 1.19976e+07 
11066 11133 43283 43301 6.16147e+07 181347 2.10186e+06 59496.7 56971.8 2308.7 1.81862e+07 
18298 18303 41506 41559 3.21397e+07 100594 1.17905e+06 32678.6 29835.8 1468.91 9.48147e+06 
18008 18104 44584 44638 4.09218e+07 275719 1.42644e+06 42774.5 40052 2014.48 1.20834e+07 
10676 10761 47399 47499 7.8409e+07 199170 3.15371e+06 78367.3 80483 2685.21 2.31363e+07 
13930 13992 44815 44863 5.6408e+07 147491 2.18963e+06 55497.7 55984.5 1716.7 1.66457e+07 
11966 12046 45689 45736 6.36436e+07 156548 2.81617e+06 66252.9 69172.3 2236.37 1.87782e+07 
15302 15360 49005 49025 6.83075e+07 150410 2.70224e+06 66489.9 70087.2 2006.12 2.01578e+07 
15526 15583 41008 41054 3.78035e+07 125856 1.34294e+06 39810 33548.7 1631.72 1.1156e+07 
10431 10527 40997 41042 5.25303e+07 158113 2.14831e+06 52997 51131 1537.15 1.5504e+07 
14823 14899 48884 48965 7.00811e+07 184955 2.3069e+06 68247.5 65074.8 2862.47 2.06815e+07 
14344 14351 40638 40670 2.66371e+07 98377 2.19051e+06 29887.4 52396.3 1476 7.85876e+06 
17541 17623 44170 44195 4.09378e+07 160204 1.6297e+06 39470 40295 1789.62 1.20782e+07 
18097 18155 47371 47396 5.03485e+07 193846 1.77807e+06 51125 49686.6 2346.9 1.48546e+07 
19851 19944 48938 48965 4.83107e+07 123898 2.11887e+06 50050.4 47727.2 2261.44 1.42573e+07 
16930 17013 40322 40354 3.26498e+07 119523 1.30974e+06 32433 32987.4 1425 9.63734e+06 
11197 11213 46767 46833 7.4099e+07 200268 3.047e+06 74398.1 72902 2779.07 2.18701e+07 
19004 19028 46274 46301 4.18568e+07 128026 1.90198e+06 44928 42584.9 1559.82 1.23504e+07 
16057 16093 48820 48909 6.23821e+07 146658 2.52026e+06 62428.5 61780.9 2193.87 1.84084e+07 
13470 13539 42024 42102 4.7503e+07 153580 1.94232e+06 47029 49849.3 1737 1.40167e+07 
12686 12764 41511 41514 4.82974e+07 121900 1.6221e+06 48944.4 45461.7 1840.7 1.42495e+07 
11375 11444 45682 45714 6.87189e+07 237893 2.39613e+06 69309.8 68052.5 2360.73 2.02801e+07 
18541 18621 41609 41688 3.25689e+07 107421 1.47583e+06 32411.6 30361 1425 9.62591e+06 
15468 15539 48505 48512 6.10214e+07 155481 2.70796e+06 63507.5 64255.3 1992 1.80172e+07 
17546 17640 45704 45719 4.60421e+07 140388 1.85033e+06 45529 47455.7 1055.85 1.35855e+07 
13449 13457 46919 46973 6.49149e+07 166217 2.68241e+06 67450 63842.9 2330.61 1.91623e+07 
13619 13666 40383 40451 4.22212e+07 115269 1.77417e+06 41525.7 39579.7 1534 1.24756e+07 
18522 18560 43157 43228 3.50476e+07 164201 1.4312e+06 35379 34774.1 1143.52 1.03391e+07 
11948 11963 41378 41399 5.07942e+07 141491 2.15114e+06 50297 49915 2010.52 1.49936e+07 
17489 17526 43694 43736 3.99651e+07 135572 1.60501e+06 39253 40280.5 1612 1.17999e+07 
19893 19927 45566 45661 3.96381e+07 170472 1.57233e+06 37408.6 34511 1779.41 1.16969e+07 
17582 17613 40945 41032 3.30802e+07 193931 1.28904e+06 29977.6 29450.5 1753.48 9.76348e+06 
12251 12346 45357 45379 6.36242e+07 180324 2.58681e+06 61912.1 62345.5 2034.34 1.87765e+07 
10038 10083 47858 47933 8.46717e+07 179219 2.75426e+06 82365.7 83882.6 2892.01 2.49884e+07 
10797 10896 49380 49413 8.8051e+07 206873 2.96832e+06 85324.6 88782.8 2973.78 2.59882e+07 
15157 15235 42411 42511 4.53407e+07 139819 1.83568e+06 44964.2 41357.8 1641.55 1.33997e+07 
15573 15660 42855 42902 4.43197e+07 136631 1.74141e+06 43102 41151.5 1155.27 1.30797e+07 
17026 17044 45986 46005 4.8662e+07 162287 1.73066e+06 49612.2 45690.8 2057.05 1.4359e+07 
13855 13898 42454 42535 4.61206e+07 115890 1.88425e+06 49013.8 46836.4 1645 1.36211e+07 
10810 10906 45945 46039 7.04301e+07 163268 2.91831e+06 71902.2 72628.5 2440.29 2.07942e+07 
11137 11159 47925 47970 7.891e+07 167515 3.10307e+06 78014.8 80802.6 2681.63 2.32922e+07 
19780 19794 45434 45487 3.69497e+07 121922 1.50633e+06 38328 41322.7 1301 1.09053e+07 
17056 17093 40270 40286 3.27811e+07 102571 1.10867e+06 33524.6 31565 1403.85 9.67611e+06 
19741 19826 43468 43568 3.34205e+07 154392 1.31749e+06 32127 30711.9 1008.34 9.86035e+06 
10544 10547 42864 42936 6.13449e+07 185674 2.50962e+06 59759.2 60572.5 1727.05 1.81126e+07 
10308 10400 43348 43352 6.23526e+07 145875 2.55507e+06 61656 61473.6 1774.89 1.84004e+07 
16014 16068 40561 40605 3.45595e+07 103920 1.23072e+06 36527.8 35253 1538.53 1.01973e+07 
11166 11201 40326 40354 4.95925e+07 158818 1.74033e+06 50171.4 50103.2 1917.98 1.46352e+07 
11002 11010 46717 46809 3.94882e+07 119082 3.21172e+06 75914.3 68842 2059.73 1.16549e+07 
16378 16432 49394 49425 6.2036e+07 165074 2.612e+06 60917.1 61939.5 2033.28 1.83186e+07 
14039 14071 42895 42898 4.71073e+07 395281 1.94076e+06 48136 52294.6 1793 1.39104e+07 
10108 10127 43793 43815 6.57319e+07 164144 2.59365e+06 64669.6 67965.4 1817.55 1.94047e+07 
13738 13788 40821 40824 4.34902e+07 117018 1.77056e+06 41739 41453.9 1519 1.28422e+07 
10416 10482 49141 49194 8.6543e+07 220742 2.9731e+06 84379.5 87943.9 2927.46 2.55436e+07 
15558 15585 46581 46650 5.53464e+07 160920 2.375e+06 55812 55058.2 1908 1.63397e+07 
11459 11546 47520 47523 7.52326e+07 193676 3.10056e+06 76658.4 77613 1610.19 2.22086e+07 
19832 19848 47502 47554 4.34204e+07 140668 1.81805e+06 44989 46788.1 1185.59 1.28108e+07 
16416 16488 41092 41174 3.56696e+07 98551 1.4971e+06 34794 33200.6 1427 1.05422e+07 
15251 15350 47633 47652 6.0966e+07 190040 2.54557e+06 58013.7 60450.8 2376.06 1.79889e+07 
15141 15217 48611 48637 6.85791e+07 135608 2.75424e+06 65896.5 64316.5 2482.12 2.02434e+07 
16870 16957 49776 49862 6.21227e+07 154571 2.59278e+06 61071 62855.9 2108 1.83354e+07 
16838 16933 44807 44899 4.51305e+07 164297 1.77131e+06 44266 46520.9 1186.45 1.33145e+07 
16825 16853 49972 50014 4.32019e+07 143181 2.46533e+06 58176.4 45744.7 2475.51 1.27475e+07 
12613 12657 44993 45049 5.28227e+07 222443 2.52901e+06 63999.3 54870.5 2173.76 1.56022e+07 
12984 13051 44411 44412 5.83383e+07 184967 2.29005e+06 55230.9 56735.2 1348.34 1.72291e+07 
11950 11998 43081 43147 5.89599e+07 162858 2.24726e+06 54083.1 58322.9 2160.69 1.73974e+07 
16552 16599 42611 42706 4.02414e+07 134596 1.69488e+06 39693 40398 1605.65 1.18821e+07 
14360 14370 49563 49612 7.18221e+07 186218 2.92326e+06 72599.9 73889.5 2700.61 2.11948e+07 
17450 17470 42671 42699 3.73724e+07 164902 1.50592e+06 35687.5 37631.3 1886.18 1.10283e+07 
17261 17354 47256 47342 5.16666e+07 151093 2.2978e+06 54411.2 51821.8 1642.07 1.52586e+07 
16800 16899 41527 41540 3.56758e+07 141095 1.45292e+06 36049 36422.7 1106.39 1.05277e+07 
14353 14401 40085 40180 3.61416e+07 179520 1.54816e+06 38110 35843.1 1168.48 1.06634e+07 
16520 16587 48618 48681 5.65276e+07 170935 2.43866e+06 59001.9 62114.6 1620.78 1.66947e+07 
12237 12329 45376 45468 6.16376e+07 132882 2.59526e+06 62010.9 62456.7 1739 1.81924e+07 
18956 19011 48677 48726 4.71483e+07 137824 2.09568e+06 50540 50543.6 2044 1.39183e+07 
10847 10933 41802 41814 5.7197e+07 253448 2.33936e+06 56607.5 53910.9 2579.98 1.69047e+07 
13369 13436 49611 49631 7.45893e+07 196522 3.0383e+06 75110.8 73340.2 2533.25 2.20127e+07 
13818 13850 45474 45520 5.73478e+07 134270 2.37984e+06 57046.2 60163.6 1704 1.69292e+07 
18097 18136 41663 41737 2.56079e+07 131722 1.33315e+06 32279 31570 1508.75 7.55212e+06 
12516 12565 46944 47025 6.95229e+07 215353 2.84625e+06 71374.8 74405.2 2420.35 2.05232e+07 
13668 13755 43751 43771 5.3057e+07 168046 1.82305e+06 52616.4 49988.6 2263.4 1.56568e+07 
12102 12183 40530 40626 4.77525e+07 118659 2.01185e+06 46632 43551.8 1721 1.40983e+07 
11151 11223 44256 44312 6.21068e+07 163222 2.46589e+06 58509.2 64814.1 2512.06 1.83251e+07 
17918 17968 44517 44579 3.86095e+07 149015 1.634e+06 38022.9 38865.8 1889.16 1.13935e+07 
17873 17923 42186 42222 3.03959e+07 103372 1.43995e+06 33372.6 30976.8 1446 9.06691e+06 
13958 14051 47056 47126 6.00235e+07 152025 2.62598e+06 62821 63819.9 1380.35 1.77167e+07 
12187 12211 47443 47461 6.99862e+07 154773 3.02596e+06 70877.1 70431.4 1572.19 2.06572e+07 
16834 16837 47534 47580 5.498e+07 156269 2.35204e+06 53125.4 53781.2 1956 1.62328e+07 
16696 16789 44057 44099 4.38056e+07 126027 1.73303e+06 42457 42147.3 1604 1.29366e+07 
16703 16768 48024 48096 5.69717e+07 161927 1.97859e+06 56134.7 57749.1 2401.48 1.681e+07 
15006 15050 41454 41470 4.00714e+07 137052 1.68558e+06 39032.6 39741.4 2142.38 1.18244e+07 
10060 10073 43240 43263 6.34114e+07 172402 2.19729e+06 64494.6 60686.1 2365.96 1.87117e+07 
13619 13653 46260 46293 6.17842e+07 165065 2.60669e+06 60510.2 62730.3 1419.81 1.82416e+07 
17638 17733 47097 47098 5.0517e+07 162069 1.77041e+06 51580.1 50334.4 2064.89 1.49075e+07 
19776 19842 45149 45172 3.6856e+07 116298 1.4495e+06 35884 34368.1 1001.26 1.08727e+07 
19096 19156 48539 48635 5.23453e+07 137201 2.17509e+06 53009.4 50302 1771.04 1.54513e+07 
17163 17228 45850 45853 2.79967e+07 164039 1.93842e+06 45831 34384.8 1153.1 8.26249e+06 
13649 13726 43233 43253 5.12916e+07 179592 1.99939e+06 48490.3 48020.1 2049.46 1.51353e+07 
17154 17204 45771 45871 4.98314e+07 136600 1.7084e+06 48469.7 46139 1854.56 1.47034e+07 
14010 14089 48014 48049 6.63003e+07 168276 2.60845e+06 67323.3 65420.6 2129.8 1.95657e+07 
16330 16348 49580 49611 6.42984e+07 168669 2.61025e+06 62559.9 66028.3 1586.5 1.89821e+07 
14713 14809 49520 49523 6.74446e+07 155759 2.9413e+06 69792.6 67652.1 2789.52 1.99104e+07 
10048 10145 46035 46092 6.66464e+07 162304 3.00689e+06 72514.3 76290 2261.36 1.96736e+07 
18212 18259 42047 42050 2.77974e+07 94784 1.46225e+06 32147.6 28607 1470 8.24676e+06 
12336 12411 46664 46695 6.13774e+07 130794 2.89888e+06 67031.5 65333.7 2512.66 1.8123e+07 
11545 11561 47750 47774 7.41896e+07 234389 3.13989e+06 76532.1 74921.3 2580.37 2.18946e+07 
16803 16887 48790 48842 5.55598e+07 157302 2.34917e+06 58027 57551.9 1541.66 1.63987e+07 
17127 17181 40370 40371 2.55667e+07 114622 1.44987e+06 31458.8 30399 1313 7.67951e+06 
15333 15361 49262 49360 5.49396e+07 192180 2.67393e+06 65556 64548.2 1568.76 1.62127e+07 
12981 13010 42190 42289 4.90482e+07 111270 2.05212e+06 49554.4 47355 1798.98 1.44784e+07 
17543 17594 40636 40725 3.02072e+07 115884 1.36581e+06 30867 28407.7 1311 9.0097e+06 
18614 18616 46615 46629 4.18419e+07 130847 1.91095e+06 45715 44590.2 1802 1.23518e+07 
12078 12089 49102 49181 6.85758e+07 131346 3.18449e+06 76583.4 78313.5 2592.01 2.02437e+07 
17765 17841 46532 46604 4.47086e+07 138355 1.91464e+06 48213 50638.4 1253.62 1.31921e+07 
17173 17197 48866 48885 2.85151e+07 132151 3.09585e+06 40243.5 52979 2178 8.43998e+06 
13007 13024 44680 44690 5.48332e+07 416749 2.01678e+06 57484.5 56259.8 2270.02 1.61748e+07 
17908 17968 40387 40427 2.67018e+07 98894 1.06492e+06 30972.1 28367 1299.92 7.87846e+06 
15444 15447 46847 46916 5.31029e+07 310618 2.55007e+06 58459.5 58592 2548.82 1.56792e+07 
17795 17848 42826 42842 3.29783e+07 89181 1.45514e+06 35469 36110.2 1349 9.74672e+06 
10732 10755 48501 48598 7.70897e+07 190146 2.79074e+06 82012.8 84593.3 2820.98 2.27498e+07 
18964 18978 45839 45898 4.04098e+07 107872 1.73649e+06 42912 42351.8 1641 1.19421e+07 
14737 14760 45432 45496 4.518e+07 122162 2.42102e+06 53595.4 51992 1759.2 1.33427e+07 
14612 14686 43153 43172 4.21931e+07 112816 2.03752e+06 46877.2 43706.7 1749 1.24685e+07 
19611 19655 49115 49147 4.73311e+07 123835 2.1877e+06 51559 49071 2325.97 1.39699e+07 
19358 19435 47047 47142 4.21527e+07 108693 2.00897e+06 48104.1 44634 1487.01 1.24479e+07 
12660 12685 49885 49900 7.75249e+07 168862 2.70577e+06 78309.4 79965.2 2627.46 2.28782e+07 
19474 19476 47292 47330 4.2724e+07 131994 2.00737e+06 49521 46984 1452.42 1.26227e+07 
17266 17354 42517 42604 3.71316e+07 127368 1.67081e+06 38010.2 34476 1454.26 1.09687e+07 
16157 16178 43455 43522 4.18489e+07 154681 1.70048e+06 43047 42157.6 1224.37 1.23481e+07 
16225 16296 43085 43141 4.02113e+07 115274 1.75183e+06 41770.8 40437.6 1533 1.18875e+07 
13893 13912 44209 44244 4.95851e+07 118934 2.21596e+06 51352.1 52566 2069.5 1.46392e+07 
11622 11682 48376 48450 7.43383e+07 173004 3.16886e+06 78987.5 77717.5 2745.38 2.19404e+07 
16918 16980 42941 42943 3.82176e+07 93362 1.69818e+06 38683 36904.5 1520 1.12907e+07 
14271 14356 46565 46652 5.54672e+07 156020 2.41097e+06 55937.4 58085 2489.01 1.63684e+07 
19751 19757 48873 48933 4.21651e+07 130476 2.08019e+06 50535.5 47564.5 1959 1.24597e+07 
12341 12441 44301 44373 5.74089e+07 187405 2.28052e+06 55816.5 60545.4 2202.76 1.69434e+07 
10417 10432 42578 42609 5.56783e+07 158961 2.4884e+06 57899.7 58488 2304.86 1.64371e+07 
15250 15257 43402 43462 4.22624e+07 118074 2.04752e+06 45695.8 46076 1876.44 1.24721e+07 
16340 16367 42891 42955 3.90789e+07 150360 1.64249e+06 40765 41413 1188.78 1.15278e+07 
14815 14873 44880 44918 5.33724e+07 159111 2.0959e+06 51371 51931.1 1253.58 1.57548e+07 
12589 12618 46745 46773 6.89968e+07 155588 2.76756e+06 68478.7 69698.2 1942.46 2.03654e+07 
12878 12887 47824 47887 6.82698e+07 177084 2.88033e+06 69574.5 71453.7 1806.34 2.01578e+07 
11957 12056 44091 44180 6.05835e+07 152761 2.3643e+06 58037.3 61463.1 2276.29 1.78749e+07 
16291 16365 45577 45623 4.76686e+07 124378 2.00337e+06 49128 48353.9 1108.31 1.40647e+07 
10574 10602 44650 44726 6.82876e+07 195765 2.70362e+06 66133.2 68489.2 2046.18 2.01598e+07 
11648 11711 44538 44590 6.56306e+07 187742 2.53798e+06 61934 64851.9 1697.01 1.93671e+07 
13818 13865 48903 48973 7.46418e+07 175614 2.86915e+06 71441.9 71058.9 2517.15 2.20294e+07 
10147 10215 44184 44261 6.82844e+07 186308 2.68568e+06 66425.4 66660.3 2614.7 2.01569e+07 
17987 18051 43040 43095 3.66437e+07 149801 1.46604e+06 34996 33926.8 1886.62 1.08138e+07 
16521 16586 46660 46716 5.10339e+07 140446 2.26415e+06 54147.5 52200.5 1619.33 1.50726e+07 
12564 12631 42608 42636 4.85445e+07 131412 2.06376e+06 51135 54242 1415.41 1.43236e+07 
15961 15979 43746 43845 4.12141e+07 169803 1.77568e+06 44803.3 42861.6 1786.69 1.2161e+07 
14351 14397 46162 46184 4.98457e+07 148623 2.27729e+06 56944 56123.9 1319.58 1.47132e+07 
18532 18585 49758 49842 4.75597e+07 125599 1.9838e+06 55791.9 56338 2373.52 1.40363e+07 
17668 17750 42955 43016 3.23573e+07 104821 1.62319e+06 36619.9 34204 1384 9.56534e+06 
14031 14066 47409 47449 4.82882e+07 186069 2.56108e+06 60191 63796.8 2425.99 1.42498e+07 
19081 19171 46213 46302 3.66976e+07 142601 1.92124e+06 45041.6 42086 1435.27 1.08374e+07 
10396 10442 44728 44803 6.55317e+07 166115 2.74919e+06 66587.1 66581.9 1678.66 1.93452e+07 
15489 15578 41266 41343 3.90237e+07 157316 1.65612e+06 39339 36413.4 1568 1.15198e+07 
10192 10256 45012 45044 7.22202e+07 183930 2.40037e+06 69140.3 70951.6 2446.21 2.13129e+07 
17151 17247 48922 48997 5.73587e+07 160240 2.40068e+06 59759.6 59475.8 2364.66 1.69309e+07 
13645 13690 42567 42625 4.42508e+07 141335 1.94468e+06 45823.3 44942.1 2205.82 1.30565e+07 
19749 19767 44233 44233 2.98372e+07 95497.2 1.40264e+06 34251.9 32593 1599.91 8.80238e+06 
11382 11395 44386 44455 5.73835e+07 141255 2.49842e+06 61076.6 62805.8 2168 1.69409e+07 
10717 10763 48369 48417 7.70311e+07 211824 3.35031e+06 79829.3 82232.1 2930.75 2.27324e+07 
14424 14466 40920 40964 3.46553e+07 122309 1.61808e+06 41158.4 38746 2157.84 1.02234e+07 
14262 14277 48906 48948 6.57412e+07 198884 2.82263e+06 69384 67324.5 2786.32 1.94045e+07 
11988 12016 48774 48845 7.65023e+07 170545 3.12703e+06 77049.5 77383.2 1761.62 2.25776e+07 
14087 14151 45630 45676 5.72687e+07 146080 2.48244e+06 58514 55663.9 2376.94 1.69134e+07 
13032 13085 41305 41337 4.65825e+07 174059 1.61852e+06 45152.9 43245.5 1884.76 1.37458e+07 
19273 19361 43430 43497 3.45639e+07 130175 1.50024e+06 34348.4 31817 1367.7 1.02061e+07 
16984 16984 43544 43634 4.21732e+07 153694 1.43338e+06 42119.8 38532 1839.02 1.24438e+07 
19177 19251 47868 47932 4.66401e+07 133275 2.04742e+06 50292.9 47888 1567.27 1.37731e+07 
10324 10359 46010 46056 7.06793e+07 177170 3.0319e+06 72682.5 74727 2142.11 2.08615e+07 
15736 15799 46528 46594 5.16264e+07 145447 2.25735e+06 56622.1 53280.1 1635.41 1.5247e+07 
10534 10555 48906 48920 7.68345e+07 176110 3.40501e+06 84610.9 86305.6 1898.31 2.26802e+07 
12243 12248 47247 47319 6.34684e+07 143291 3.06858e+06 71139.7 68970.9 2335.65 1.87387e+07 
13111 13194 45694 45736 5.86442e+07 185479 2.57713e+06 59161.1 62326 1756 1.73038e+07 
12947 13024 44973 45005 5.67202e+07 161898 2.3445e+06 57292.3 57141.9 1673 1.67445e+07 
10670 10764 45577 45653 6.86763e+07 168712 2.9428e+06 70640.2 69030.4 2338.31 2.02786e+07 
15836 15906 42125 42134 3.92416e+07 125776 1.63681e+06 39862.8 37869.2 1584 1.1603e+07 
12232 12250 48863 48880 7.65378e+07 175194 3.13156e+06 76412.3 78164.8 2217.29 2.2589e+07 
14542 14562 49544 49599 6.45503e+07 154571 2.96415e+06 69971.4 72227.6 2466 1.90513e+07 
11102 11114 43999 44063 5.4773e+07 242572 2.65402e+06 64868.1 61836.4 3177.54 1.61849e+07 
17634 17641 44829 44837 4.28752e+07 163129 1.66807e+06 41549 42206.8 1175.15 1.26512e+07 
11007 11046 43417 43466 6.04409e+07 170535 2.4227e+06 61591.5 62342.1 2165.95 1.78475e+07 
14352 14375 41015 41095 4.15743e+07 138096 1.64596e+06 40337 38322.4 1641 1.22757e+07 
13003 13043 49636 49674 7.70988e+07 212032 2.62772e+06 77576.8 78589.1 2546.45 2.27535e+07 
13251 13313 46747 46762 6.56699e+07 151776 2.75749e+06 66072.9 64673.4 2000.75 1.93866e+07 
11971 12017 45636 45660 6.63155e+07 144092 2.73426e+06 66645.8 63031.5 2200.33 1.95767e+07 
12045 12046 49399 49420 8.24277e+07 159743 3.27179e+06 80875 83587.2 2903.3 2.43284e+07 
18043 18057 43292 43322 3.75923e+07 154041 1.48346e+06 36796 34356.1 1089.28 1.10912e+07 
19374 19384 48525 48576 4.88118e+07 170334 2.02806e+06 49700 48690.9 1374.21 1.44077e+07 
19719 19805 42490 42567 3.1276e+07 122027 1.12368e+06 32167.1 30632 1208.89 9.22897e+06 
14230 14240 40955 41005 4.29912e+07 135614 1.65051e+06 41100 41961.5 1104.99 1.26882e+07 
17425 17518 45654 45670 4.50165e+07 101084 1.65998e+06 47321.6 44917 1716.9 1.32851e+07 
11648 11742 42257 42279 5.30333e+07 117587 2.24343e+06 53907.2 54459.3 1957.83 1.56606e+07 
13920 13995 40777 40784 4.08275e+07 158495 1.67616e+06 41501 43944.6 1132.71 1.20444e+07 
17140 17229 45240 45306 4.44572e+07 140806 1.92075e+06 46023.9 42533 1602.06 1.31285e+07 
14394 14456 49741 49837 7.30026e+07 177997 2.93944e+06 71414.4 72322.6 2808.52 2.1552e+07 
12781 12839 45938 46030 6.41743e+07 151486 2.64592e+06 62622.7 65217.7 1714.09 1.89447e+07 
10304 10361 48416 48431 8.48757e+07 210094 3.36079e+06 83620.6 87076 1702.24 2.5049e+07 
13797 13814 45607 45663 5.04999e+07 162298 2.16234e+06 57363 58831.4 1215.82 1.49075e+07 
17102 17155 48490 48573 5.84151e+07 266846 1.99479e+06 59223.1 60692.9 2786.33 1.724e+07 
15689 15739 46764 46787 5.53703e+07 186662 2.01777e+06 57258.2 56268.8 2313.2 1.63444e+07 
19493 19580 47569 47640 4.70962e+07 126759 2.0188e+06 45908.4 44939 1813.95 1.39066e+07 
11414 11492 40848 40914 5.13362e+07 121487 2.13688e+06 50958.7 50816 2147.63 1.51568e+07 
11323 11385 41669 41769 5.64639e+07 151320 1.90185e+06 55314.3 52596.9 2370 1.66604e+07 
19925 20019 43111 43192 3.20724e+07 107302 1.32575e+06 30330.1 22752.1 1303 9.46519e+06 
18693 18699 46048 46097 4.46823e+07 105833 1.74796e+06 41363.5 42828 2096.53 1.31876e+07 
16401 16437 43540 43633 4.18828e+07 128655 1.7586e+06 41562.4 44843.1 1639 1.23571e+07 
18672 18679 48552 48607 5.26826e+07 162115 2.07459e+06 51556 48648.7 1436.11 1.55492e+07 
19168 19173 49979 49990 5.58086e+07 135503 2.25161e+06 55316.7 57203.4 1861.38 1.64669e+07 
18888 18952 44643 44725 3.80441e+07 161976 1.53362e+06 38292 39559.4 1164.54 1.12327e+07 
10839 10881 46173 46197 7.639e+07 1.24598e+06 3.23843e+06 73482.3 85399.2 2887 2.25748e+07 
10138 10138 40960 40972 5.48985e+07 180066 2.19127e+06 52952.8 54067.9 2218.3 1.62029e+07 
14156 14187 44475 44503 5.54037e+07 151397 1.91796e+06 53030.2 52928.3 1911.39 1.63558e+07 
12113 12126 41314 41363 5.11493e+07 139868 2.14769e+06 50965.7 51251.6 2023.11 1.50958e+07 
10303 10374 40759 40800 5.09732e+07 149732 2.22693e+06 54033.1 57056.7 2021 1.50394e+07 
11685 11740 49446 49536 7.76232e+07 212197 3.34425e+06 77475.1 83270.9 2842.24 2.29086e+07 
18644 18739 41817 41905 2.60591e+07 106957 1.28841e+06 30709 28075 1117.2 7.70016e+06 
19636 19675 45735 45761 3.86139e+07 146935 1.60421e+06 39458 37905.1 1001.86 1.14012e+07 
13713 13761 42265 42265 4.92223e+07 139568 1.68351e+06 47089.6 45383.8 2119.41 1.45307e+07 
15245 15248 49155 49225 6.71272e+07 1.19748e+06 2.34572e+06 73951.5 67810.2 3550.39 1.98245e+07 
11288 11385 47760 47779 7.7652e+07 219489 3.11258e+06 78035 75362.2 2657.9 2.29176e+07 
10362 10434 45117 45158 7.11864e+07 177685 2.37357e+06 68713.4 65318.1 2347.96 2.10118e+07 
16279 16328 49543 49552 6.28813e+07 190604 2.24961e+06 64486.5 60906.5 2499.5 1.85606e+07 
16285 16289 49785 49823 6.35211e+07 166697 2.64618e+06 64571.4 64136.2 2448.53 1.8748e+07 
16378 16386 42641 42711 4.02444e+07 158109 1.61337e+06 38722.5 37576 1858.69 1.18804e+07 
11984 12036 43800 43802 5.87327e+07 162243 2.32444e+06 56494.9 60127 2047.43 1.73325e+07 
19881 19926 41379 41387 2.64481e+07 101762 1.08545e+06 27059.6 26269.8 1221 7.79935e+06 
12035 12061 47291 47320 7.07702e+07 196413 3.06578e+06 71528.7 75630.9 1641.89 2.08843e+07 
15194 15274 48026 48075 6.30054e+07 175057 2.63995e+06 62152.8 61865.5 1461.24 1.85958e+07 
19278 19278 47949 47986 4.36486e+07 129102 1.93262e+06 45214.2 48775 2259.17 1.28825e+07 
18668 18683 40292 40308 2.63041e+07 101464 1.17499e+06 29145 31083.4 1335 7.76012e+06 
14136 14218 43414 43487 4.83132e+07 156030 1.94837e+06 46940.8 47770.5 2048.57 1.42627e+07 
12417 12424 40089 40148 4.28108e+07 148640 1.55288e+06 47348.8 43276.6 1861.47 1.2628e+07 
17830 17840 48223 48233 5.21679e+07 130515 1.84965e+06 54469.8 52041.1 2126.51 1.53981e+07 
14516 14594 46601 46660 5.77706e+07 1.12429e+06 2.66753e+06 66038 66298.1 1659.02 1.71206e+07 
11450 11455 40034 40060 4.92088e+07 151782 1.99625e+06 48558.7 46739.6 1977 1.45168e+07 
16635 16677 46226 46310 3.41045e+07 166328 2.01939e+06 47958 41188 1400.09 1.00748e+07 
11687 11757 42442 42513 5.80689e+07 169271 2.21395e+06 53035.1 56280.6 2411.87 1.71381e+07 
13478 13493 48148 48178 7.3915e+07 227635 2.85097e+06 65888 72797.2 2623.84 2.18161e+07 
14733 14751 47684 47693 6.22348e+07 157223 2.53682e+06 59078.5 65883.2 2614.5 1.83649e+07 
13564 13566 43279 43346 5.25016e+07 861134 1.87525e+06 57570.1 53783.1 2816.87 1.55148e+07 
15790 15804 45632 45665 5.25075e+07 139149 2.16824e+06 51877.2 57295.1 1538.03 1.54934e+07 
11020 11035 42314 42347 5.63139e+07 166634 2.2355e+06 52544.8 54970 2389 1.662e+07 
16990 17078 42568 42573 3.80443e+07 124994 1.37456e+06 40412.1 37669.4 1707.14 1.12238e+07 
10820 10907 41652 41683 5.59198e+07 158383 2.20383e+06 52841.7 56573.3 2427.05 1.6504e+07 
15174 15235 46157 46220 5.18119e+07 148408 2.40295e+06 58663.1 55589.5 2360.49 1.52901e+07 
18091 18165 40785 40850 3.23561e+07 163778 1.25377e+06 30348 29384.5 1432 9.5463e+06 
13707 13724 45763 45799 5.80468e+07 149141 2.3322e+06 59669 55486.5 1478.7 1.71305e+07 
19534 19557 44637 44716 3.87673e+07 107772 1.54481e+06 38361.8 35148.5 1436.51 1.14387e+07 
16251 16332 47136 47138 5.39662e+07 126909 2.23943e+06 55234 56356.9 1517.98 1.59268e+07 
12118 12209 45124 45206 6.3459e+07 153520 2.44095e+06 58807.5 59445.4 2026.91 1.87253e+07 
11867 11893 47971 47998 7.53289e+07 187629 3.10081e+06 69768.4 76941.9 2714.22 2.22322e+07 
16267 16344 41055 41136 3.64189e+07 222404 1.54219e+06 37715.9 39310 1848.06 1.0748e+07 
11799 11803 48510 48514 7.8596e+07 229615 3.17952e+06 77809 78767.2 2670.43 2.31926e+07 
15146 15231 44493 44566 5.17076e+07 157261 2.08143e+06 50080 52479.7 1794 1.52559e+07 
13452 13546 40416 40424 4.22329e+07 133691 1.70845e+06 41016 42728.5 1922.88 1.24666e+07 
11451 11458 40195 40291 4.97026e+07 134187 1.70519e+06 49764.9 45180.5 2158.38 1.46729e+07 
14661 14736 45134 45134 5.51393e+07 130312 2.17424e+06 53401.7 52389 1796.64 1.62716e+07 
13775 13809 40476 40532 4.16977e+07 119381 1.65874e+06 39049.7 39338.4 1938.67 1.23083e+07 
10900 10957 44505 44528 6.53476e+07 193662 2.58983e+06 64539.5 64820.5 2375.39 1.92792e+07 
11509 11541 41516 41572 5.27465e+07 169433 2.21208e+06 52657 55030.9 1517.14 1.55677e+07 
12069 12097 41166 41167 5.0902e+07 121626 1.72325e+06 50147.8 50725.4 2031.8 1.50257e+07 
18435 18485 41875 41903 3.32841e+07 93024 1.30932e+06 30811.7 29525 1982.03 9.82504e+06 
16901 16920 45833 45895 5.0106e+07 144434 1.76465e+06 50416.2 49738 2078.22 1.47846e+07 
18843 18942 49838 49861 5.52971e+07 238308 2.28588e+06 55796.3 56585 2694.4 1.63197e+07 
17322 17332 46424 46464 4.97333e+07 201809 2.011e+06 48936 51928 1779 1.46814e+07 
13570 13669 39995 40023 3.93716e+07 242723 1.75061e+06 42339.9 38684.2 1601 1.16173e+07 
13255 13349 46001 46031 6.16605e+07 164441 2.41519e+06 58229.2 63858.6 2253.09 1.8199e+07 
11580 11675 49429 49513 8.3221e+07 220034 3.33487e+06 77256.2 86600.7 2867.77 2.45584e+07 
10573 10623 49289 49322 8.28206e+07 192643 3.45308e+06 86298.9 86295.2 2887.73 2.44386e+07 
10633 10690 49752 49800 8.65773e+07 187783 3.01461e+06 87137.8 90264.2 3032.88 2.55474e+07 
15893 15972 49192 49200 6.27706e+07 171369 2.18674e+06 64551 67162.1 2645.38 1.85419e+07 
15401 15452 47690 47738 5.87321e+07 145102 2.12827e+06 62795.8 60132.3 2164.27 1.7334e+07 
16964 16976 44647 44728 4.41454e+07 242154 1.87575e+06 45763.9 44353.3 1607.05 1.30286e+07 
11769 11801 41492 41553 5.07376e+07 169853 2.15737e+06 51827 50621.5 1531.41 1.49762e+07 
13478 13499 49264 49304 7.39819e+07 174731 2.91195e+06 69286.4 73797.3 2547.67 2.18276e+07 
14559 14599 43522 43587 4.69859e+07 154641 1.98027e+06 47555 46824.5 1793 1.3862e+07 
16204 16294 48540 48577 5.81352e+07 206062 2.57666e+06 59946.1 60679.2 1996.25 1.71556e+07 
12980 12994 40222 40246 4.11156e+07 132539 1.71964e+06 42458 42467.8 1113.73 1.21371e+07 
19141 19236 47645 47727 4.7333e+07 228664 2.0945e+06 47592.9 48122.6 1765 1.39661e+07 
18443 18489 47691 47727 5.09203e+07 132472 2.01573e+06 47828.5 52110.6 2182.65 1.50305e+07 
10847 10934 49236 49273 8.26802e+07 198122 3.39823e+06 83904.7 86630.1 1727.67 2.43989e+07 
15926 15984 45595 45656 5.11071e+07 128608 1.96036e+06 50881 53565.2 1122.92 1.50842e+07 
10451 10455 42612 42669 5.99982e+07 163059 2.16528e+06 59754.3 61590.2 2134.29 1.77049e+07 
18754 18760 42068 42120 3.32151e+07 334991 1.3544e+06 32166.4 31394 1514 9.80171e+06 
18481 18575 44379 44400 3.88012e+07 117180 1.54103e+06 36941.9 38338.6 2091.31 1.14551e+07 
17215 17229 48492 48563 5.64688e+07 171262 2.31457e+06 56863 58694.3 1401.94 1.66642e+07 
19781 19817 45488 45572 3.99038e+07 137716 1.55932e+06 36631 36386 1660.72 1.17802e+07 
14221 14232 46427 46441 3.62641e+07 111798 2.24017e+06 66197.8 55263 2288.25 1.07002e+07 
19784 19881 45265 45355 3.47204e+07 244016 1.5615e+06 37507 40459.2 1782 1.02418e+07 
19470 19531 41577 41599 2.83277e+07 263380 1.37368e+06 28954.4 27936 1324 8.35778e+06 
10847 10941 42866 42900 5.98818e+07 174328 2.43112e+06 58772 57764.2 2281.97 1.76686e+07 
11314 11346 41022 41083 5.32144e+07 117128 1.86205e+06 51411.1 49307.3 2208.06 1.5708e+07 
10274 10274 45478 45558 7.41061e+07 207506 2.94165e+06 69516.9 70708.6 1559.6 2.18677e+07 
11467 11529 44951 45027 6.59643e+07 134600 2.59393e+06 64476.9 63132.8 2115.61 1.94684e+07 
17959 17984 44360 44419 4.10208e+07 213446 1.67913e+06 40695.5 39999.2 1603 1.21026e+07 
15299 15303 47741 47768 6.01787e+07 204740 2.59744e+06 63092.8 60576.9 1816.09 1.77566e+07 
13730 13800 49583 49613 7.35205e+07 195563 3.03217e+06 72692.4 77592.4 1599.26 2.16956e+07 
15130 15142 49771 49786 6.9124e+07 198400 2.8722e+06 69920.3 68363.9 2666.75 2.0401e+07 
10340 10438 45257 45278 7.05233e+07 217192 2.80113e+06 69196.6 69217.9 2199.94 2.0809e+07 
15773 15827 42561 42564 4.06849e+07 144939 1.51407e+06 43003.9 40928 1608.93 1.20037e+07 
14718 14814 48034 48079 6.29597e+07 210909 2.6931e+06 63926.3 66672 2214 1.85758e+07 
17288 17341 41481 41574 3.49475e+07 124635 1.25878e+06 37345.8 34529 1563.31 1.03119e+07 
14199 14267 49023 49092 7.15691e+07 203786 2.78888e+06 70830 70145 2372.33 2.11186e+07 
14442 14471 47594 47617 6.55255e+07 160827 2.64708e+06 66118 60978.5 2208.89 1.93391e+07 
16237 16322 47094 47139 5.5579e+07 213428 2.30579e+06 56263.8 55732 1755.91 1.64021e+07 
16161 16233 42402 42421 3.98426e+07 115507 1.57462e+06 39102 36857.6 1219.8 1.17623e+07 
15097 15101 46445 46492 5.9454e+07 152286 2.35839e+06 57538 58599.9 1462.1 1.75445e+07 
16550 16650 45574 45582 4.97742e+07 143519 1.7149e+06 50213.3 51069 1908.7 1.46892e+07 
15034 15115 45380 45429 5.20913e+07 194330 2.20915e+06 55213.1 54278 1788.43 1.53705e+07 
16482 16487 47402 47448 5.50388e+07 214509 2.36344e+06 54311.1 54516.3 1941 1.62436e+07 
14187 14273 47217 47270 6.33706e+07 145282 2.51247e+06 60095.1 66667.1 2345.43 1.87035e+07 
14441 14446 41852 41932 4.49182e+07 110876 1.55947e+06 45139.7 42768.9 1661.01 1.32534e+07 
19563 19588 46746 46795 4.30145e+07 312741 1.95412e+06 46825.4 43245 1428.82 1.26935e+07 
10734 10762 43178 43239 6.15751e+07 166295 2.46059e+06 60317 63847.5 1665.46 1.81689e+07 
10695 10702 41729 41828 5.73389e+07 170282 2.33997e+06 55622.9 53533.9 2312.57 1.69184e+07 
12542 12621 43847 43885 5.60122e+07 167637 1.98457e+06 57601.2 53809.6 1997.18 1.65282e+07 
19385 19397 46157 46228 4.00291e+07 233509 1.85575e+06 43142.6 42054 1588 1.18086e+07 
14956 15029 48770 48868 6.48051e+07 230642 2.68808e+06 63473.1 69821.5 2439.12 1.91259e+07 
12948 12977 42195 42248 4.84214e+07 232704 2.04791e+06 49518.7 47783 1612.08 1.42867e+07 
15111 15203 48081 48130 6.15252e+07 220105 2.59987e+06 64561.3 61752.6 1973.7 1.81595e+07 
16562 16616 44088 44091 4.2343e+07 221629 1.79081e+06 42651.6 42290 1597 1.24952e+07 
15502 15513 48358 48386 6.2763e+07 248053 2.60013e+06 63702.5 62242.7 2120.9 1.85266e+07 
11217 11250 44419 44447 6.35357e+07 224745 2.56951e+06 62201.9 64859.5 1767.75 1.8753e+07 
15334 15376 44141 44177 4.93724e+07 123595 1.95475e+06 46677.7 49657.7 2103.23 1.45753e+07 
12512 12523 43198 43268 5.46206e+07 204253 2.20158e+06 54342.9 54759.4 2128.08 1.6117e+07 
13951 13992 41076 41128 4.25625e+07 113076 1.69562e+06 39419.6 38693 2031.77 1.25619e+07 
14904 14945 41273 41351 4.01301e+07 128308 1.45787e+06 43480.1 38996.2 1682.07 1.18416e+07 
16368 16417 49913 49933 6.3751e+07 209827 2.63515e+06 63734.6 63638.7 2014.94 1.88157e+07 
14384 14447 48920 48986 6.98392e+07 233951 2.80675e+06 68646.8 68552.4 2313.81 2.06102e+07 
11693 11772 47212 47292 7.12978e+07 210356 3.10007e+06 73515.3 72343.6 2539.42 2.10397e+07 
10374 10446 43554 43613 6.27663e+07 211063 2.54804e+06 62255.7 65726.5 1713.21 1.85252e+07 
13457 13466 41833 41911 4.45544e+07 209254 1.98246e+06 47787.2 47232 1714.86 1.31476e+07 
17810 17878 48945 48961 5.28274e+07 195522 2.30102e+06 55390.4 53257.2 2274.86 1.55883e+07 
12628 12715 49898 49950 7.75067e+07 205215 3.20125e+06 79791.2 76741.9 2374.3 2.28747e+07 
16931 17013 42068 42116 3.72746e+07 113007 1.48782e+06 35699.8 34730.6 1881.07 1.09987e+07 
15943 15969 42466 42532 4.11562e+07 226657 1.66747e+06 40660.4 40540 1495 1.21432e+07 
15513 15585 47616 47676 6.04123e+07 165155 2.51484e+06 62878.1 62099.9 2181.57 1.78291e+07 
16826 16856 41860 41872 3.58927e+07 178380 1.61606e+06 36903.3 33622 1507.12 1.05914e+07 
14312 14361 42893 42958 4.74319e+07 168590 1.89611e+06 46547 46586.8 1406.19 1.40014e+07 
11839 11904 49033 49039 4.53439e+07 205107 3.19434e+06 61584.9 71304 2523 1.33804e+07 
14441 14490 48237 48313 6.65521e+07 231232 2.60023e+06 59594.5 72748.9 3020.63 1.96421e+07 
11842 11881 49088 49152 8.45794e+07 188077 2.74374e+06 81533.8 82861.6 2937.52 2.49608e+07 
19607 19669 45133 45192 3.7475e+07 125522 1.32825e+06 37744.5 37855.8 1486.57 1.10586e+07 
11583 11594 48852 48862 7.85572e+07 187601 3.24096e+06 79373.7 79358.6 3074.64 2.31796e+07 
12457 12537 49314 49332 7.73986e+07 240276 3.11816e+06 77459.5 75988.2 3040.21 2.28457e+07 
14537 14538 43466 43527 4.82116e+07 134940 1.69389e+06 47517.9 44948 2018.94 1.42241e+07 
14403 14447 49749 49785 7.1976e+07 149744 2.46535e+06 71575.1 70008.7 2822.46 2.1245e+07 
18962 19010 47846 47866 4.82329e+07 131300 1.95541e+06 45593 50414.6 2344.46 1.42321e+07 
14250 14294 49153 49237 6.75981e+07 146617 2.73495e+06 65493.2 69520.7 2568.92 1.99498e+07 
10186 10232 49245 49304 8.53928e+07 238458 2.99265e+06 85412.9 87036.3 3074.94 2.52037e+07 
13395 13424 47788 47837 7.02272e+07 217784 2.7807e+06 70426 68231 1961.2 2.07243e+07 
19328 19414 48177 48249 4.68094e+07 227834 2.08478e+06 50552.9 49497 1668.52 1.38127e+07 
11617 11635 46406 46407 6.87999e+07 198613 2.91118e+06 68994.5 72137.6 1732.82 2.03038e+07 
15335 15338 47638 47642 5.85288e+07 357061 2.52053e+06 58008.1 64189.6 2525.95 1.7287e+07 
10505 10511 49866 49946 9.28855e+07 200061 3.6095e+06 88273 91234.5 3196.54 2.74112e+07 
19608 19658 45242 45331 3.81424e+07 122935 1.66325e+06 38237.6 35748 1257.57 1.12548e+07 
16868 16933 41455 41554 3.37277e+07 120971 1.44712e+06 35709 35432.6 1133.51 9.96163e+06 
18708 18719 48083 48172 5.05272e+07 134825 2.01028e+06 49432 49287.6 1863 1.49092e+07 
15301 15331 49164 49220 6.73304e+07 140356 2.30906e+06 67239 68765.2 2500.06 1.98719e+07 
19143 19145 43695 43781 3.56855e+07 115343 1.42832e+06 34877 34124.6 1481 1.05325e+07 
17246 17318 48686 48768 5.71343e+07 146339 2.364e+06 58985.1 57771.4 2352.05 1.68607e+07 
13057 13083 41157 41178 4.6631e+07 190460 1.89556e+06 44788.5 46573 1684 1.37596e+07 
16020 16113 48764 48856 6.19329e+07 237861 2.4985e+06 60465.1 61947.2 1513.58 1.82816e+07 
18777 18816 45490 45576 4.06968e+07 124456 1.67126e+06 39025.7 39745.4 1782.72 1.20116e+07 
11236 11294 49218 49230 8.05334e+07 213491 3.30161e+06 82756.8 84494.6 2760.81 2.37626e+07 
10572 10591 48123 48131 7.80707e+07 209107 3.29511e+06 80045.1 81690 1861.74 2.30408e+07 
14897 14913 42232 42275 4.45616e+07 157819 1.77846e+06 43461 44577.1 1285.5 1.31564e+07 
18751 18761 49565 49660 5.45553e+07 149939 1.90507e+06 56113.6 56573.9 2472.21 1.60984e+07 
11370 11462 47693 47765 7.5538e+07 210643 3.1655e+06 75279.5 75938.8 1705.56 2.22946e+07 
13862 13905 48626 48663 6.84694e+07 199515 2.87119e+06 67984.2 71721.4 1709.1 2.02067e+07 
16519 16606 48722 48764 6.00065e+07 219527 2.4646e+06 58308.1 60060.1 1510.05 1.77127e+07 
18854 18938 43528 43563 3.50854e+07 97451.7 1.41565e+06 35059 34014.3 1145.31 1.03617e+07 
12300 12324 48116 48119 7.43272e+07 202640 3.00927e+06 74388.9 71186.9 2419.16 2.1937e+07 
19436 19500 44263 44316 3.47509e+07 159723 1.56664e+06 36398.4 35610 1412 1.02508e+07 
11191 11244 43951 43996 6.24242e+07 163025 2.5301e+06 61295 62867.2 1739.97 1.84195e+07 
12272 12337 47465 47468 7.07194e+07 167192 2.99767e+06 72110 71493 2335.63 2.08665e+07 
17027 17069 49452 49490 6.17217e+07 196316 2.54451e+06 62467.1 62568.1 2151.27 1.82141e+07 
13375 13436 41842 41915 4.5756e+07 149792 1.90005e+06 46962 47282.8 1768 1.35027e+07 
16332 16368 47770 47813 5.65092e+07 261203 2.41744e+06 57165.9 57309.4 2309 1.66807e+07 
15093 15191 42945 42946 4.73142e+07 126707 1.85158e+06 44378.6 46902.8 2225.04 1.39687e+07 
11666 11713 45070 45138 6.38956e+07 132597 2.50436e+06 59580.5 61890.7 2166.27 1.88551e+07 
16826 16843 41561 41630 3.75766e+07 209647 1.59468e+06 34972.7 36508 1581 1.10838e+07 
17078 17170 43210 43296 4.08955e+07 156090 1.6031e+06 39520 40002.1 1518 1.20709e+07 
18512 18601 48853 48917 5.39933e+07 119809 2.11042e+06 49865.9 53764.9 2382.07 1.59367e+07 
13128 13214 43904 43976 5.36927e+07 165520 2.24227e+06 54888.8 51552.3 1895.6 1.58434e+07 
17169 17181 44513 44548 4.33709e+07 192251 1.86099e+06 42684 42317.1 1594 1.28001e+07 
16164 16255 47407 47462 5.5114e+07 105904 2.2694e+06 54390 56032.8 2265.6 1.62731e+07 
15199 15209 48122 48189 6.50814e+07 150662 2.67518e+06 64141.4 64997 2373.46 1.92008e+07 
18167 18213 46648 46690 4.64475e+07 209651 2.09144e+06 47289.2 46967 1794 1.37119e+07 
10315 10324 45035 45035 7.00965e+07 165368 2.73146e+06 64154.1 70171.4 2342.05 2.06853e+07 
15287 15319 49796 49879 7.02186e+07 219077 2.79289e+06 69659.2 67218.8 2379.2 2.07267e+07 
15513 15556 43416 43493 4.50892e+07 136695 1.60025e+06 46758.4 42360.3 1767.64 1.33039e+07 
11532 11568 43669 43710 6.09877e+07 141779 2.41403e+06 57492.1 60008.3 2406.84 1.80011e+07 
10657 10706 48034 48104 7.97386e+07 167149 2.74483e+06 80625.3 82796.1 2848.14 2.35324e+07 
14899 14964 45617 45624 5.51825e+07 134865 2.24621e+06 53918 55107 2197.36 1.62869e+07 
17087 17126 48336 48344 5.58616e+07 197760 2.38466e+06 57826.8 56818 1903.13 1.64804e+07 
12912 12955 48744 48780 7.44562e+07 163689 2.96457e+06 73605.2 73990.3 2422.95 2.19773e+07 
17097 17155 42115 42167 3.61598e+07 112997 1.4725e+06 36477.2 35208.4 1352.7 1.06732e+07 
11246 11288 45687 45776 6.9709e+07 159258 2.42606e+06 70073.2 68889.1 2599.34 2.05774e+07 
14875 14902 41366 41411 4.17658e+07 113220 1.84303e+06 42212.6 41365 1874.76 1.23231e+07 
16148 16215 42855 42933 4.07674e+07 125351 1.67302e+06 40861 39998.5 1522 1.20339e+07 
14837 14922 44377 44434 5.1336e+07 122642 2.00776e+06 50364 49353.4 1452.78 1.51484e+07 
17927 18009 44406 44419 4.23927e+07 90909.9 1.59873e+06 39800 39292 1235.7 1.25136e+07 
11568 11613 49623 49651 8.24321e+07 211383 3.41974e+06 77603.3 84339.1 2814.85 2.43264e+07 
18547 18605 46206 46242 4.59168e+07 149479 1.79617e+06 42224.7 47817.4 2152.53 1.35459e+07 
13225 13250 44631 44643 5.71928e+07 130578 2.21333e+06 53792 53808.8 2011.89 1.6879e+07 
14440 14485 40167 40232 3.8284e+07 110527 1.54152e+06 36536 36616.8 1732.14 1.12947e+07 
11815 11862 44718 44812 6.2663e+07 205403 2.58795e+06 60772.6 59054.7 2211.5 1.84899e+07 
12688 12784 46116 46139 6.63278e+07 217899 2.66546e+06 65287.4 63700.5 1767.54 1.95745e+07 
15088 15169 40256 40304 3.76952e+07 251244 1.66215e+06 37562.6 35164 1451 1.11234e+07 
11892 11911 46538 46583 7.16242e+07 205075 2.83337e+06 70625.4 68947 2043.65 2.11357e+07 
16380 16385 45054 45143 4.76426e+07 179673 1.96121e+06 45968.1 45298 1548 1.40569e+07 
14634 14698 47336 47399 6.02268e+07 195630 2.50976e+06 63213 65618.9 1538.61 1.77725e+07 
11901 11952 46808 46817 6.74504e+07 154076 2.48613e+06 71996.9 72912.5 2560.43 1.99078e+07 
14751 14791 40332 40376 3.78265e+07 171945 1.67158e+06 38989.3 39609 1678.21 1.11618e+07 
18936 18948 49094 49117 5.28873e+07 143926 2.09583e+06 52632 54116.4 1380.45 1.56093e+07 
19957 19957 43593 43601 3.26923e+07 100424 1.15781e+06 35381.8 32536.4 1479.25 9.64822e+06 
13483 13582 42128 42161 3.42147e+07 131972 1.87677e+06 45685 46184.8 1706 1.00991e+07 
10996 11079 49753 49822 8.81761e+07 246814 2.97079e+06 86278.4 89392.6 3134.52 2.60259e+07 
16746 16768 49347 49347 6.47523e+07 138259 2.13919e+06 60836.2 61962.9 2534.51 1.9112e+07 
11002 11093 48282 48325 7.93065e+07 215873 3.18102e+06 81095.5 82136.1 1870 2.34086e+07 
18252 18306 48649 48683 5.48979e+07 144199 2.12269e+06 53619 55566.9 1477.67 1.62018e+07 
12540 12590 41176 41230 4.63126e+07 128486 1.64395e+06 47166.5 48802.1 1795.59 1.36638e+07 
19646 19650 40317 40411 2.53847e+07 111769 1.04561e+06 25703 23702.6 1167 7.50226e+06 
16229 16267 43456 43539 4.52776e+07 172272 1.79538e+06 42662.2 41185 1782.51 1.3362e+07 
12432 12515 46809 46902 6.58061e+07 186146 2.83251e+06 69284.1 68815.1 2568 1.94191e+07 
16901 16961 41411 41427 3.47863e+07 116561 1.26463e+06 36944.4 34818.3 1667.93 1.02657e+07 
11284 11321 42781 42818 5.66362e+07 204673 2.34102e+06 57186.4 55367 2059.11 1.67115e+07 
10692 10787 46493 46566 7.15562e+07 143382 2.52366e+06 73489.1 75704.3 2720.25 2.11211e+07 
16117 16212 47659 47713 5.81799e+07 125301 2.01343e+06 59515.7 57787.4 2364.75 1.71749e+07 
14232 14301 47293 47359 6.18586e+07 161294 2.23242e+06 64902.2 64653.8 2416.04 1.82597e+07 
11613 11691 46281 46286 6.86911e+07 141230 2.42724e+06 70810 66587.5 2616.47 2.02729e+07 
16065 16088 41631 41695 3.8029e+07 166079 1.67031e+06 38679.5 38719 1497.97 1.1221e+07 
12450 12510 48873 48969 7.7513e+07 183384 2.58325e+06 75092.9 78080.4 2532.77 2.28772e+07 
11261 11345 47605 47694 7.4589e+07 235541 3.18689e+06 76713.3 78874.9 1552.18 2.20151e+07 
12738 12818 45588 45672 4.11302e+07 172343 2.20163e+06 60262 58021.5 1748 1.21409e+07 
10856 10938 40576 40669 5.23023e+07 144497 2.05923e+06 50748 52123.3 1630.93 1.54377e+07 
17724 17724 42496 42552 3.70814e+07 130416 1.27604e+06 37002.8 36344.7 1650.06 1.09424e+07 
16266 16298 44567 44593 4.76134e+07 115738 1.67919e+06 47086.8 46409.8 1792.3 1.40478e+07 
15524 15607 45970 46037 5.4608e+07 187070 2.24688e+06 52591.2 52931.9 1736 1.61166e+07 
11512 11577 43246 43288 6.02782e+07 237590 2.36808e+06 58469.8 59092.1 2276.94 1.77879e+07 
10975 11003 45548 45581 7.08208e+07 161033 2.72209e+06 66236 72546 2361.92 2.08995e+07 
17078 17126 49788 49829 6.40096e+07 144693 2.13783e+06 61408.1 64098.1 2449.78 1.88924e+07 
15434 15442 46060 46081 5.56922e+07 131786 1.94068e+06 57031.5 53041.2 2059.16 1.64381e+07 
18751 18770 40929 40942 2.68456e+07 108210 1.16322e+06 28631 28022.8 2041.39 7.92547e+06 
16910 17000 48634 48706 5.48624e+07 157039 2.34467e+06 54404 57949.6 2567.11 1.61928e+07 
16059 16107 46634 46688 5.67936e+07 166974 2.1849e+06 52214.5 55714.4 2394.24 1.67649e+07 
10756 10784 46291 46366 7.6125e+07 216118 3.00555e+06 67678.4 74941.3 2735.93 2.24667e+07 
13672 13730 49539 49580 7.50827e+07 174330 3.03853e+06 73677.7 72699.7 2123 2.21553e+07 
15345 15350 47125 47175 5.92519e+07 155222 2.51939e+06 60270.8 57936 1851.2 1.74859e+07 
13138 13211 41246 41324 4.51689e+07 238086 1.9347e+06 45445.5 46942.8 1168.94 1.33303e+07 
14060 14088 41313 41379 4.45511e+07 201612 1.84891e+06 42207.8 39731 1606 1.31444e+07 
15128 15131 47876 47970 6.4519e+07 182265 2.64137e+06 64221.2 63251.5 2262.31 1.90419e+07 
12514 12551 47575 47659 7.29468e+07 237576 2.9049e+06 70926.1 69692.4 2689.78 2.15338e+07 
13869 13899 49996 50017 7.64518e+07 174736 2.97565e+06 73754.3 74545.8 2241.29 2.25611e+07 
17260 17335 49831 49842 6.03655e+07 228991 2.52567e+06 59304.9 62647.5 1611.2 1.7812e+07 
12573 12609 40284 40369 4.41041e+07 109762 1.767e+06 41998.4 45916.5 1600.84 1.3018e+07 
17465 17525 43996 44021 4.09748e+07 219642 1.73489e+06 40770.6 40594.2 1511 1.20902e+07 
14587 14669 45984 46057 5.62321e+07 152945 2.22345e+06 54726.4 57657.2 2343.77 1.65996e+07 
12040 12128 41489 41489 5.15607e+07 213787 2.09153e+06 50739.2 51144.1 1355.08 1.52141e+07 
17935 17979 41138 41155 3.07926e+07 91887.2 1.26818e+06 31435 29701.5 1256.33 9.08444e+06 
13692 13774 45324 45385 5.75728e+07 138143 2.34927e+06 56447.6 58305 1847.15 1.69901e+07 
12188 12241 47741 47814 6.99478e+07 186148 3.01696e+06 73133.6 74848.5 1624.87 2.06468e+07 
19625 19672 45825 45825 4.04336e+07 122297 1.5708e+06 40188 41979.4 1140.18 1.19248e+07 
12080 12083 47614 47706 7.49936e+07 159418 3.04861e+06 73442 73707.5 2507.15 2.21304e+07 
12036 12130 44145 44225 5.91123e+07 225747 2.48787e+06 59242.3 60560.4 1601.16 1.74429e+07 
12424 12459 45256 45311 5.92343e+07 143506 2.4177e+06 59113 59273.5 1849.06 1.7477e+07 
19979 20058 42005 42033 2.7196e+07 96107 1.13458e+06 27707 23978.1 1973.72 8.0225e+06 
13177 13217 47287 47378 6.37226e+07 145609 2.821e+06 68217.9 65755.4 2151.8 1.88073e+07 
10440 10480 42335 42426 6.14316e+07 179640 2.39861e+06 61894.2 64341 2598.47 1.81215e+07 
16121 16130 43199 43299 4.50636e+07 192301 1.76279e+06 42338 43535.2 1231.89 1.3295e+07 
10207 10234 49558 49626 9.26284e+07 226474 3.63833e+06 89366.3 91214.5 2116.71 2.73374e+07 
10903 10962 49426 49512 8.74969e+07 185335 3.46076e+06 86244.3 83326.3 3086.4 2.58191e+07 
13405 13476 41935 41999 4.84284e+07 194715 1.9868e+06 48012.5 46618.9 1829 1.42909e+07 
19983 19999 42578 42588 2.94332e+07 125071 1.17659e+06 29482 29190.2 1271 8.68263e+06 
17054 17123 44182 44247 4.16901e+07 110801 1.71876e+06 42061 41112.5 1257.75 1.23008e+07 
15910 16004 47500 47546 5.66952e+07 130284 2.27158e+06 57422 58732.2 2222.06 1.67312e+07 
14989 15077 44160 44175 4.91414e+07 135526 1.77805e+06 50980.8 46976.2 1975.6 1.45081e+07 
19916 19948 41969 41994 2.90511e+07 93769 1.16308e+06 27722.5 27827 1317.93 8.57971e+06 
11159 11214 42282 42349 5.3305e+07 206368 2.29715e+06 55594.4 56706.8 1559.16 1.57289e+07 
19243 19265 49944 49979 5.59788e+07 144996 2.17088e+06 51336.9 56885.2 2497.68 1.65209e+07 
11810 11868 49828 49867 8.26715e+07 174502 3.31759e+06 82644.5 83537.6 2847.89 2.4394e+07 
12343 12429 48438 48525 7.37305e+07 208193 3.06614e+06 75417 77629.4 2503.29 2.17545e+07 
11576 11628 49379 49421 7.89345e+07 183880 3.32009e+06 81787.3 83155 2879.46 2.32908e+07 
17802 17857 43211 43265 3.7649e+07 107042 1.48843e+06 36928 38285.5 1738.62 1.11105e+07 
13733 13774 47320 47367 6.68451e+07 137570 2.28744e+06 66950.1 64279.5 2173.53 1.97287e+07 
15732 15797 46274 46349 5.27034e+07 119967 2.13067e+06 52920 52680.2 2120.08 1.55545e+07 
19343 19407 48081 48155 4.78852e+07 137722 1.65782e+06 50881.5 48440 1691.59 1.41361e+07 
14993 14997 42643 42690 4.38213e+07 153475 1.89814e+06 44835 43753.2 1284.8 1.29285e+07 
10259 10311 39975 40045 5.10419e+07 547383 2.14192e+06 53802 58133.5 2953.22 1.5047e+07 
11686 11759 40815 40880 5.03373e+07 141050 1.77579e+06 51532.8 50409.7 2142.24 1.48604e+07 
10206 10234 48316 48379 8.35913e+07 216663 3.38283e+06 82832.5 80180.8 3105.86 2.46683e+07 
13157 13244 40145 40218 4.25411e+07 231107 1.79353e+06 42695.7 42077 1592 1.25517e+07 
14845 14870 47841 47876 6.289e+07 156946 2.52208e+06 59665.9 62736.2 2551.95 1.85611e+07 
16218 16286 44715 44767 4.75371e+07 247045 1.94902e+06 45738.3 44937 1615 1.40245e+07 
13493 13551 42155 42191 4.73952e+07 219150 2.02325e+06 48298.5 46792.8 1315.09 1.39866e+07 
18481 18507 46642 46738 4.68696e+07 210246 2.04066e+06 46436.5 45652 1758 1.38276e+07 
14956 14975 43693 43721 4.75932e+07 104318 1.93424e+06 45949.3 49593.2 1932.12 1.40499e+07 
12998 12998 42041 42128 4.95344e+07 162212 2.00298e+06 48117.3 49261 1756 1.46155e+07 
10805 10816 47369 47397 7.49346e+07 198662 3.17033e+06 75941.1 78777 2680.97 2.21104e+07 
12462 12559 42332 42395 5.22257e+07 170088 2.07138e+06 49765.4 49810 1384.47 1.54114e+07 
13825 13840 48151 48196 6.98029e+07 155882 2.66544e+06 63283.8 69779.9 2387.68 2.05984e+07 
10388 10440 48739 48819 8.57681e+07 195572 3.3792e+06 84350.5 86957.3 1720.08 2.53091e+07 
16425 16465 48577 48656 5.96675e+07 209873 2.50365e+06 60868.7 59157.9 2029.46 1.76119e+07 
14630 14642 48831 48837 6.75871e+07 119336 2.65272e+06 63700.2 66922.6 2543.87 1.99475e+07 
19309 19409 41609 41691 2.88556e+07 181100 1.12149e+06 31098.7 30527 1348 8.51129e+06 
14985 14993 44906 44961 4.48076e+07 197665 2.21663e+06 46240.5 48680.6 1755 1.32202e+07 
18757 18759 43990 44067 3.49405e+07 139003 1.49265e+06 34555.6 40622 2074.72 1.03152e+07 
17611 17656 47259 47337 5.04637e+07 221876 2.21848e+06 50662.7 52817.6 1268.76 1.48923e+07 
14985 14996 47497 47576 5.77095e+07 204547 2.63322e+06 59593.3 62937.3 1427.46 1.7028e+07 
11928 11976 41063 41127 4.88067e+07 142150 1.97765e+06 44954.4 54943.4 2498.6 1.44074e+07 
15367 15450 42119 42217 4.33818e+07 153398 1.77984e+06 41702 39630.5 1992.57 1.27995e+07 
10470 10480 48222 48262 8.26568e+07 190614 3.32747e+06 81820.2 80164.1 2808.48 2.43924e+07 
10695 10784 48486 48528 8.51265e+07 163880 3.31521e+06 80592.4 83294.7 1713.24 2.51196e+07 
12381 12411 42387 42420 5.31198e+07 175472 2.154e+06 50585.2 53112 1358.13 1.56753e+07 
15701 15765 45742 45808 5.21582e+07 132988 1.87096e+06 54687.9 50486.9 1446.43 1.53945e+07 
11426 11436 40816 40846 5.07903e+07 114885 1.81732e+06 49847 51440.4 1906 1.49863e+07 
14684 14684 44316 44337 5.1024e+07 169711 2.07227e+06 49936 50548.1 2166.62 1.50535e+07 
10868 10921 49445 49476 8.41753e+07 188600 3.50871e+06 85705.3 87505 2898.86 2.48388e+07 
10692 10717 42751 42842 5.8434e+07 189121 2.45303e+06 59200.3 57147.3 1554.62 1.72481e+07 
18521 18574 43757 43774 3.71849e+07 146924 1.52073e+06 36305 36136 1178.86 1.09679e+07 
12534 12607 40508 40511 4.49969e+07 175812 1.78084e+06 45090 49152.7 2121.19 1.32779e+07 
18881 18899 48848 48940 5.32153e+07 216322 2.17616e+06 51578.6 51012.9 2323.9 1.57026e+07 
16772 16777 42922 42971 3.95059e+07 111218 1.59246e+06 39482 39192 1768.79 1.16572e+07 
18198 18229 42495 42551 3.50953e+07 509155 1.57445e+06 34857.4 35482 1690 1.03558e+07 
17858 17869 48753 48826 5.44707e+07 197440 2.28037e+06 54091.4 54126.4 2397.83 1.6073e+07 
11032 11101 44388 44422 6.53778e+07 145294 2.52092e+06 60200.6 65702.1 2385.66 1.92948e+07 
13452 13479 40873 40949 4.45337e+07 180133 1.8673e+06 44344.5 43272 1276.22 1.31387e+07 
13149 13159 47744 47816 6.95805e+07 168017 2.74721e+06 64443.9 70808.8 2182.08 2.05328e+07 
19608 19658 43282 43311 3.22856e+07 93655.9 1.16685e+06 35919.7 32686.9 1311 9.53569e+06 
17898 17964 40090 40173 2.97884e+07 90884.8 1.18483e+06 29128 26286.1 1571.96 8.78879e+06 
13678 13747 48986 49018 7.41119e+07 215304 2.91828e+06 71552.6 72625.1 1608.52 2.18688e+07 
17072 17094 46908 46920 4.95246e+07 233970 2.21319e+06 51459.1 51319.3 2084.13 1.46141e+07 
10583 10665 47911 48011 8.06626e+07 214575 3.26484e+06 72803.5 82534.2 2983.23 2.38042e+07 
13116 13122 49711 49768 7.71107e+07 222877 3.04889e+06 70794 75927.8 2432.69 2.27575e+07 
14015 14096 49388 49475 7.3195e+07 143365 2.84721e+06 67430.2 74291 2325.65 2.15982e+07 
17519 17600 46848 46898 3.76467e+07 119599 1.81706e+06 56736 44898.4 1747 1.1114e+07 
11054 11062 43271 43343 6.13544e+07 879040 2.656e+06 66180.8 62191.7 3452.78 1.81472e+07 
11151 11179 49240 49302 8.51713e+07 206833 3.33371e+06 84091.8 86639.2 3053.9 2.51338e+07 
19996 20005 49243 49255 5.17586e+07 160220 2.12951e+06 50589.6 50628.8 2108 1.52768e+07 
12587 12602 41811 41881 5.0159e+07 222895 2.06313e+06 49124.7 48787.6 2088.52 1.48017e+07 
18079 18161 41604 41612 3.24247e+07 111588 1.32305e+06 32480 29825.4 1454.84 9.57311e+06 
10471 10564 44503 44535 6.77279e+07 146140 2.33376e+06 66771.7 64443.6 2339.04 1.99881e+07 
19208 19301 42912 42945 3.15392e+07 103740 1.32872e+06 32370 29744.9 1230.54 9.3085e+06 
14773 14844 49529 49589 7.00083e+07 154787 2.94289e+06 70388.3 70790.1 2274.82 2.06596e+07 
10911 10947 46005 46086 7.25556e+07 174584 2.92243e+06 72580.4 72566.5 2148.44 2.14104e+07 
19397 19425 41764 41810 2.85582e+07 115196 1.23539e+06 30028 29048.9 1912.38 8.42547e+06 
10914 10971 42334 42417 5.80219e+07 217879 2.36994e+06 56147.7 58116.8 2308.42 1.71222e+07 
14947 15024 40057 40116 3.81144e+07 126155 1.53823e+06 35661.4 38679 1535 1.12476e+07 
10938 11014 44218 44241 6.27672e+07 147872 2.27042e+06 62786.5 61801.8 2385.05 1.85214e+07 
19275 19372 40467 40480 2.63683e+07 1.11679e+06 1.21142e+06 26956 26395 792.798 7.77879e+06 
10995 11061 44752 44768 5.5574e+07 144865 2.49009e+06 63123 64390.1 2326.79 1.64005e+07 
15261 15308 46345 46441 5.66966e+07 227236 2.39688e+06 56567 56827.2 2498.04 1.67316e+07 
15479 15499 47617 47647 6.13817e+07 240826 2.5094e+06 62513.1 59776.5 2256.02 1.81133e+07 
15690 15748 43108 43155 4.36275e+07 198931 1.88313e+06 43118.2 41377 1621 1.28729e+07 
16488 16576 49269 49296 6.32145e+07 240093 2.58527e+06 62788.5 60107 1520.15 1.86574e+07 
18108 18179 41904 41945 3.35614e+07 151791 1.40612e+06 32638 30314 1205.07 9.89983e+06 
19752 19769 48162 48242 4.66306e+07 227557 2.05336e+06 46005 46021.8 2195 1.37614e+07 
12162 12244 41477 41520 5.01507e+07 232974 2.07361e+06 50032.4 49816.3 2069.62 1.47987e+07 
13732 13819 40308 40396 4.21513e+07 131122 1.6509e+06 38838.1 43394.3 1575.48 1.24416e+07 
11662 11757 41634 41644 5.18872e+07 133041 2.20618e+06 53331.7 50467.8 1944 1.53142e+07 
16137 16142 43326 43383 4.1337e+07 192642 1.7968e+06 42043 41997 1861.25 1.21961e+07 
19778 19849 41175 41188 2.39908e+07 96882.4 969268 28348.3 24574 1190 7.08169e+06 
13552 13556 47733 47776 6.69117e+07 206030 2.79777e+06 69858.6 66792.6 1563.93 1.97472e+07 
18727 18803 44178 44210 3.73508e+07 115957 1.48831e+06 37280 37337.8 1946.73 1.10175e+07 
11331 11389 48688 48721 7.83667e+07 139043 2.83534e+06 81582 81690.3 2957.54 2.31232e+07 
17301 17358 40957 41018 3.39111e+07 125232 1.33314e+06 31204 32063.8 1355.8 1.00158e+07 
14493 14497 45198 45264 5.36006e+07 181480 2.17261e+06 53854.6 53471 1230.2 1.58146e+07 
12055 12086 42598 42663 5.59932e+07 133162 2.20675e+06 54802 56873.7 1951.34 1.65225e+07 
13475 13527 47394 47465 6.54923e+07 143182 2.34062e+06 67879.3 66463.8 2341.51 1.93289e+07 
17911 18002 49789 49811 5.71957e+07 180055 2.40365e+06 57840.8 57192 1554.53 1.68747e+07 
17307 17383 42931 42981 3.82589e+07 132123 1.6762e+06 38606 37186 1398 1.12911e+07 
18642 18716 47040 47129 2.7557e+07 158018 1.86072e+06 44493 41308 1465.31 8.13018e+06 
18031 18067 47084 47126 4.81541e+07 170781 1.63857e+06 52529.1 54805.1 2018.11 1.42166e+07 
11265 11339 47730 47776 7.66219e+07 202477 3.14017e+06 76727.2 78519.1 1650.76 2.2614e+07 
11612 11712 47930 47977 7.91204e+07 242489 3.12696e+06 76602.5 75700.4 2293.96 2.33502e+07 
15205 15296 40741 40833 3.78917e+07 184051 1.64201e+06 39055 38215.8 1923.06 1.11802e+07 
16510 16543 42390 42459 4.03556e+07 135262 1.58704e+06 39273 38219 1918.39 1.19065e+07 
18818 18831 45115 45186 4.09471e+07 138588 1.32363e+06 41808.6 39317.2 1420 1.20863e+07 
16373 16436 42910 42955 4.18882e+07 135908 1.66926e+06 40945 39989.4 1794.91 1.23583e+07 
13950 14010 48744 48750 6.89704e+07 208973 2.85359e+06 68723.4 67509.4 1687.98 2.03534e+07 
19254 19312 40409 40440 2.57915e+07 100746 1.09134e+06 26935 25391.4 1418.98 7.60565e+06 
17789 17828 43537 43628 3.92149e+07 225010 1.66296e+06 39613.5 40197 1751 1.15713e+07 
14996 15090 45510 45524 5.40404e+07 152999 2.24431e+06 54772 55193.5 2191.94 1.59439e+07 
15688 15742 46139 46217 5.15871e+07 215216 2.31768e+06 53815.4 53081.1 2106.42 1.52224e+07 
18482 18580 41620 41660 3.17798e+07 101318 1.29041e+06 31837 32030 1474.51 9.37705e+06 
16752 16781 43486 43489 4.19141e+07 209819 1.7607e+06 41017.3 40165 1246.46 1.23665e+07 
12131 12219 48270 48337 7.57232e+07 158305 3.0926e+06 76552.2 74863.6 2631.97 2.2348e+07 
18084 18126 43764 43776 3.75717e+07 117193 1.51953e+06 37368 36396.6 1395.61 1.10875e+07 
18719 18805 42717 42754 3.44878e+07 124319 1.35442e+06 31538.7 32548.9 1488 1.01797e+07 
12903 12999 44806 44844 5.83548e+07 200445 2.38391e+06 58037.3 57985 1387.3 1.72163e+07 
19439 19481 41343 41387 2.02732e+07 137192 1.17983e+06 28527 41218.1 1675 5.98854e+06 
10550 10569 44306 44341 6.67599e+07 211044 2.62887e+06 64464.6 64233.5 2786.7 1.97024e+07 
12970 13070 42977 43006 5.09232e+07 126845 2.03082e+06 48646.6 50227 1791.24 1.50263e+07 
18444 18464 49861 49935 5.82323e+07 226660 2.31552e+06 57060.6 58053 1567.75 1.71805e+07 
17141 17204 44651 44749 4.51057e+07 128931 1.73978e+06 41591.9 40078.8 1491.82 1.33126e+07 
12705 12749 45286 45354 6.19512e+07 172769 2.46381e+06 58972.5 57767.6 1619.6 1.82849e+07 
10362 10442 42030 42039 5.70596e+07 180380 2.30943e+06 57154.1 57633.4 2159.08 1.68433e+07 
14268 14288 49704 49771 7.3138e+07 221003 2.97225e+06 71738.7 74190.5 1663.19 2.15817e+07 
14417 14430 46376 46389 6.01484e+07 231711 2.47416e+06 59556.6 56292.8 2277.2 1.77494e+07 
17803 17867 40459 40467 3.16601e+07 101563 1.20202e+06 30040 31695.3 1272.53 9.34246e+06 
16866 16953 40395 40396 3.19416e+07 511506 1.43552e+06 32070.2 28923 1005.61 9.42684e+06 
18531 18607 42745 42763 3.13363e+07 106350 1.38579e+06 31843.9 33344.7 1497 9.25215e+06 
