19245 19306 57169 57173 8.81901e+07 211418 2.97827e+06 78087.6 32198.7 2949.13 2.60299e+07 
16142 16242 56736 56816 9.83771e+07 259017 3.63858e+06 94319.6 36896 2317.3 2.90485e+07 
12175 12189 58528 58624 1.27668e+08 270771 4.92247e+06 119333 47579.9 3488.37 3.76747e+07 
10753 10759 57456 57503 1.31646e+08 471013 4.93596e+06 122057 48147 3931.52 3.88598e+07 
14982 15018 54456 54533 9.33689e+07 206432 3.62697e+06 84407.1 33949.4 3077.81 2.75564e+07 
18871 18878 51940 51974 6.64463e+07 207026 2.20314e+06 65855.9 31481.6 3608.59 1.96184e+07 
19079 19118 59503 59567 9.83531e+07 934112 3.92843e+06 94683.4 39861.6 1808.63 2.90411e+07 
14013 14029 52531 52566 9.02553e+07 264417 3.40697e+06 83558.9 32416.7 2889.91 2.66367e+07 
16856 16880 59427 59468 9.24671e+07 164436 4.31434e+06 102891 38988.6 3295.03 2.72851e+07 
16925 17021 52689 52756 7.62376e+07 249400 2.96517e+06 73516.9 28356.8 1574.12 2.25007e+07 
12549 12639 59055 59096 1.24779e+08 387416 4.84364e+06 123637 45943.1 6552.4 3.68435e+07 
12628 12664 59562 59587 1.0403e+08 234533 5.09837e+06 125928 47384.1 2571.42 3.07041e+07 
18992 19011 55950 56044 8.23733e+07 206077 3.25956e+06 85159.8 34569.8 4228.06 2.43714e+07 
15800 15895 59403 59481 1.1346e+08 295018 4.31912e+06 106593 42203.2 3481.64 3.34884e+07 
16234 16275 55521 55529 9.07044e+07 220373 3.48397e+06 81839.3 34950 2922.95 2.67705e+07 
18170 18175 51933 51960 6.9768e+07 245077 2.68465e+06 66016.1 25141.7 2235.21 2.05843e+07 
12232 12248 57341 57410 1.23194e+08 342898 4.66757e+06 111318 45447.7 2393.06 3.63599e+07 
19253 19287 58062 58065 8.87258e+07 221168 2.89687e+06 83388.7 32595.7 3042.8 2.61876e+07 
10741 10813 50747 50776 9.70438e+07 225090 3.7481e+06 91090.9 35017.6 3005.76 2.86373e+07 
10943 11040 57875 57968 1.30716e+08 415330 5.00796e+06 121573 49111.8 3747.18 3.85739e+07 
14679 14746 54265 54272 9.30551e+07 235347 3.11474e+06 89814.4 35391.7 3048.93 2.7465e+07 
11541 11569 49995 50031 8.72351e+07 385357 3.50915e+06 78804.4 33966.1 3200.31 2.57418e+07 
16308 16358 53714 53739 8.27187e+07 361018 3.25464e+06 73061.1 30174.8 2811.58 2.44111e+07 
10057 10149 50872 50879 1.00838e+08 356623 3.86133e+06 89774.4 36837.1 3235.23 2.97637e+07 
19718 19751 57927 57956 8.7508e+07 237857 3.37636e+06 82987.2 32386.4 2860.01 2.58235e+07 
15728 15731 53837 53838 8.81198e+07 709104 3.45398e+06 83762.6 37564.7 3390.56 2.59933e+07 
15463 15558 56897 56911 1.04407e+08 347832 4.05893e+06 96667.7 37957.4 3090.23 3.08082e+07 
15474 15568 52879 52927 8.48592e+07 184040 2.81304e+06 80242.1 31040.9 2662.12 2.50423e+07 
14443 14484 59439 59470 1.09739e+08 252627 4.59161e+06 114060 44058.8 3216.36 3.2392e+07 
12899 12928 56225 56297 1.01936e+08 473262 4.21106e+06 108261 41089 3450.29 3.0113e+07 
11050 11118 56764 56820 1.19533e+08 288876 4.7615e+06 115732 45481.2 3541.36 3.52782e+07 
12013 12022 53074 53127 1.00204e+08 285695 3.82246e+06 89854.9 37515 3338.24 2.95792e+07 
11076 11101 59913 59921 1.39738e+08 379469 5.20788e+06 134102 55537.8 4326.9 4.12407e+07 
11869 11885 58784 58787 1.30038e+08 330150 4.89145e+06 123454 47734.3 3603.85 3.83856e+07 
13011 13103 53957 54008 1.01708e+08 216715 3.28833e+06 94923.5 36542 3043.21 3.00297e+07 
15512 15539 54278 54302 9.19789e+07 258832 3.47575e+06 86314.3 31305.7 2878.05 2.71442e+07 
19106 19112 53802 53875 7.0786e+07 314216 2.88542e+06 74621 28217.1 2640.27 2.08892e+07 
13650 13713 53831 53845 9.24949e+07 233620 3.68297e+06 92889.2 35249 1713.38 2.7298e+07 
17225 17259 58946 59042 1.06711e+08 386037 3.37251e+06 105009 46121.1 3886.1 3.15225e+07 
15299 15376 51018 51048 7.79103e+07 246631 2.58264e+06 78101.6 29964.5 3097.62 2.29959e+07 
17288 17323 55976 56030 9.23759e+07 225074 3.41219e+06 88131.4 33592.6 2823.2 2.72626e+07 
14661 14677 51858 51947 8.54594e+07 177865 2.72773e+06 82947.6 32033.5 2811.91 2.52236e+07 
16189 16250 59381 59414 1.15683e+08 282865 4.1492e+06 105278 41961.4 2531.17 3.41406e+07 
13583 13636 51350 51381 8.56769e+07 233641 3.26726e+06 82352.2 31151 2617.79 2.52883e+07 
10086 10105 56762 56793 1.25187e+08 314327 4.9935e+06 123236 46176.9 4435.4 3.69501e+07 
15759 15790 52485 52515 8.11637e+07 273312 3.16422e+06 76996.2 30098.6 2925.57 2.39472e+07 
18947 19019 56716 56753 8.73122e+07 372423 3.3644e+06 82044.4 31790.1 3281.44 2.57615e+07 
13395 13487 52915 52951 5.09724e+07 258544 3.22275e+06 77257.4 28388 1933.66 1.50499e+07 
19595 19686 52910 52917 6.58276e+07 152890 2.51467e+06 59218.9 24479.6 2674.77 1.94281e+07 
14534 14547 51211 51297 8.11317e+07 176192 2.62368e+06 78107.8 29628.5 2908.88 2.39444e+07 
13080 13180 50060 50123 8.28766e+07 185902 2.65705e+06 78858.7 30185.8 2923 2.44638e+07 
12166 12181 52267 52330 9.89861e+07 225381 3.19995e+06 91971.1 35429.1 3152.38 2.92205e+07 
11482 11543 53872 53965 1.07539e+08 715334 4.22275e+06 104925 42299.2 4089.21 3.17597e+07 
16274 16333 57606 57700 1.04647e+08 375583 3.89973e+06 97561.3 38300 2267.89 3.08834e+07 
16326 16401 57624 57688 8.91296e+07 354365 3.98339e+06 97131.8 36658.2 3289.06 2.63049e+07 
13242 13310 51676 51726 8.75373e+07 222291 3.4617e+06 85738.7 37169.5 3384.15 2.5837e+07 
18597 18680 56762 56795 8.87675e+07 289750 3.28046e+06 82094.4 31914.8 2887.54 2.62041e+07 
15321 15385 52400 52481 8.56912e+07 273351 3.19582e+06 82609.7 30147.2 1668.02 2.52888e+07 
15335 15340 53400 53445 8.87913e+07 181904 3.38067e+06 84047.3 32544.6 2942.89 2.62095e+07 
16848 16911 52614 52701 8.06155e+07 163987 3.03335e+06 75719.5 29199.6 3048.33 2.37939e+07 
17033 17070 55253 55315 8.75135e+07 213363 2.81436e+06 82868.2 32474.6 2986.43 2.58299e+07 
15955 15975 58766 58852 1.03884e+08 234374 3.99637e+06 104187 42258.8 2426.39 3.06681e+07 
16791 16880 59194 59255 9.86072e+07 204717 3.85406e+06 103388 38641.5 3196.34 2.90992e+07 
12141 12183 52738 52768 8.35452e+07 246724 3.74204e+06 93601.6 35133.6 3154.63 2.46567e+07 
17041 17064 57929 57980 9.54561e+07 188428 3.73897e+06 98136.6 36585 3064.43 2.81772e+07 
15207 15233 51999 52079 6.76745e+07 207438 3.17363e+06 77348.8 28319.6 2648.31 1.99742e+07 
12436 12479 55152 55171 1.04559e+08 270664 4.04563e+06 103780 38038.8 3302.37 3.08562e+07 
10684 10751 53504 53547 1.06657e+08 249883 3.50595e+06 106518 41183.2 3515.67 3.1485e+07 
17285 17368 51853 51930 7.23408e+07 227057 2.833e+06 69911.7 26681.1 2395.75 2.13474e+07 
11242 11313 55939 56016 1.21231e+08 374586 3.78096e+06 116342 52781.7 3958.44 3.57699e+07 
11217 11219 58113 58160 1.33992e+08 388122 4.93406e+06 126058 48203.4 4309.75 3.95502e+07 
19892 19897 56956 57019 7.85159e+07 252997 2.71475e+06 79547.2 30224.7 2931.8 2.31749e+07 
13913 13922 54777 54856 9.6682e+07 249263 3.79835e+06 91790.9 37261 3208.78 2.85334e+07 
15803 15867 53888 53975 8.27597e+07 437852 3.32583e+06 76923.2 32481.5 3071.53 2.44417e+07 
16752 16791 51490 51540 7.27232e+07 173147 2.38314e+06 71376.5 27606.3 2738 2.14692e+07 
10467 10512 50817 50890 9.8833e+07 267741 3.22238e+06 95734.1 38271.5 3255.43 2.91721e+07 
13447 13547 53979 54002 9.7853e+07 260804 3.18492e+06 94105.9 36454 3230.4 2.88773e+07 
11246 11285 51396 51482 9.78598e+07 268524 3.16509e+06 94280 35865.4 3223.34 2.88826e+07 
16605 16628 56138 56234 9.51902e+07 296767 3.50389e+06 89434.5 33844 3306.43 2.81019e+07 
15524 15611 52459 52555 8.10863e+07 237697 3.1489e+06 73213.9 31192.8 2774.46 2.39338e+07 
19002 19101 53936 53950 7.20442e+07 213985 2.85635e+06 68331.8 25815.3 2566.88 2.12605e+07 
11198 11247 51846 51907 9.90801e+07 279982 3.82703e+06 92895.3 35154 3008.67 2.92385e+07 
16995 17000 58142 58221 1.01447e+08 242510 3.89087e+06 93865.2 36947.7 2063.93 2.99361e+07 
16764 16808 59012 59077 1.06074e+08 278238 3.53323e+06 101935 39389.1 3142.28 3.13113e+07 
17850 17858 54956 54971 8.0194e+07 247793 3.10184e+06 77905.7 28716.4 2797.81 2.36699e+07 
13998 14040 57895 57961 1.15232e+08 314714 4.32741e+06 109576 40916.8 3619.13 3.4004e+07 
11565 11613 58587 58626 1.29149e+08 570598 5.09941e+06 124547 49230.9 4064.54 3.81084e+07 
10409 10463 54776 54856 1.20328e+08 339467 4.51801e+06 111540 44270.9 2854.12 3.55153e+07 
19461 19526 58005 58051 8.73212e+07 224276 2.85694e+06 82612.2 33211.2 2920.49 2.57724e+07 
17720 17773 54066 54116 7.98889e+07 310575 3.08891e+06 70269.1 28622.7 2560.09 2.35837e+07 
13754 13788 55825 55851 1.03438e+08 231384 4.0474e+06 97521.7 38098.5 2939.13 3.05257e+07 
14442 14519 57300 57366 1.11737e+08 350276 4.1031e+06 103601 39599.4 3611.74 3.29918e+07 
17508 17510 59070 59085 8.03725e+07 279248 4.18852e+06 99080.2 36610.4 2945.96 2.37123e+07 
11724 11755 52926 53005 1.03101e+08 282070 3.92242e+06 96804.3 42248.4 3739.41 3.04226e+07 
16895 16979 53480 53488 8.28053e+07 162161 3.06592e+06 77600 29776.1 2955.51 2.44455e+07 
10745 10817 53799 53814 8.03752e+07 274172 4.17386e+06 90376.2 33888.5 3432.91 2.37209e+07 
18478 18532 51570 51611 6.53989e+07 258663 2.55626e+06 63854.8 23622.7 1505.69 1.93072e+07 
10938 11012 55713 55764 1.21122e+08 381418 4.55753e+06 114148 44367.3 3752.62 3.57494e+07 
16401 16448 51735 51781 7.78711e+07 171996 2.96154e+06 72844.6 28141.9 2705.92 2.29867e+07 
16900 16946 52802 52808 7.67815e+07 322767 3.0072e+06 69086.6 29314 2959.13 2.2663e+07 
18515 18569 59006 59034 1.00494e+08 194271 3.82128e+06 93000 37205 3041.26 2.96556e+07 
11334 11345 56832 56897 1.23573e+08 338926 4.71053e+06 117731 47056 3629 3.64643e+07 
16547 16561 57684 57696 1.02288e+08 902849 3.94398e+06 99218.4 40377.7 3979.35 3.02072e+07 
19310 19410 58412 58453 9.19524e+07 299348 3.48468e+06 87072.8 32567.1 2821.79 2.71386e+07 
15333 15365 57173 57257 1.0649e+08 373675 4.0397e+06 97904.8 39333.1 2234.34 3.14346e+07 
19208 19255 50568 50655 5.75559e+07 166998 2.42396e+06 58139.2 22091.5 1972.59 1.69834e+07 
11785 11865 58185 58196 1.33205e+08 587009 5.02539e+06 121672 51435.2 4317.5 3.93086e+07 
11516 11612 59434 59488 1.39303e+08 291168 5.32327e+06 130503 50838.3 4211.85 4.11139e+07 
19801 19836 58296 58367 9.2301e+07 219606 2.83822e+06 84588.9 33630.7 2972.23 2.72441e+07 
12696 12716 59074 59102 1.30713e+08 593279 4.94096e+06 113309 47850.1 3697.92 3.85781e+07 
15059 15154 50386 50441 7.64942e+07 468370 2.97052e+06 74646.2 33456.6 2982.53 2.25674e+07 
18286 18349 52858 52877 7.32627e+07 288726 2.86155e+06 67968.4 26877 2749.72 2.16187e+07 
10905 10956 55401 55441 1.21671e+08 462793 4.53187e+06 111158 44387 3637.18 3.59066e+07 
13236 13276 52969 53068 9.47325e+07 606250 3.68622e+06 91062.3 33447 3168.45 2.79616e+07 
17397 17451 58866 58933 1.03716e+08 240772 3.87042e+06 98816 37641.4 2970.08 3.06068e+07 
19634 19639 58567 58601 8.99488e+07 413985 3.47706e+06 85801.7 31642.2 2885.47 2.65492e+07 
16473 16516 55028 55033 9.06874e+07 499787 3.47218e+06 86051.7 34478.9 3429.34 2.67674e+07 
19703 19713 52472 52497 6.3299e+07 323001 2.64081e+06 61673.1 23944.2 1668.86 1.86849e+07 
19112 19208 53389 53410 7.22829e+07 463705 2.75783e+06 67548.5 25069.9 2792.8 2.13313e+07 
13363 13430 56944 57025 9.4073e+07 223540 4.22368e+06 105620 41274.1 2300.91 2.77649e+07 
12480 12546 50203 50278 8.15053e+07 193395 3.17139e+06 81563.9 32089.8 2997.34 2.40552e+07 
11044 11092 55550 55577 1.19159e+08 293883 4.57538e+06 117517 44881.3 4048.75 3.52013e+07 
12762 12841 54297 54317 1.03521e+08 351865 3.92358e+06 100117 40853.2 3551.48 3.05554e+07 
14102 14189 52665 52667 8.56807e+07 251941 3.39767e+06 85805 32444 2093.03 2.52875e+07 
15054 15121 52154 52194 7.1207e+07 531661 3.23153e+06 74209 36703.6 3772.95 2.10407e+07 
17704 17750 51236 51322 6.48966e+07 263666 2.62597e+06 65134.6 24282.9 2251 1.91422e+07 
11439 11467 54121 54176 1.03996e+08 264951 4.2123e+06 106085 40385.9 3305.82 3.06922e+07 
19307 19347 58467 58558 8.62977e+07 182678 3.4757e+06 87987.1 33202.7 2953.7 2.54706e+07 
16591 16626 52747 52759 8.06927e+07 266176 2.98664e+06 76721.9 28642.7 2799.25 2.38185e+07 
11344 11396 57380 57448 1.25011e+08 325812 4.69284e+06 119659 46502.7 3689.93 3.6903e+07 
18400 18477 51079 51103 6.4903e+07 161728 2.29433e+06 63921.1 23831.7 2564.28 1.91594e+07 
15492 15530 59556 59650 1.13412e+08 472756 4.55479e+06 112322 42947.3 3410.67 3.34667e+07 
17877 17896 55474 55481 7.66384e+07 255297 3.09579e+06 77199.8 30717.4 2716.26 2.26216e+07 
15264 15338 56373 56412 8.80605e+07 203621 3.33127e+06 96479.9 36252.3 2945.22 2.5991e+07 
16300 16304 56516 56550 9.76567e+07 314097 3.67379e+06 92823.5 33778 2986.23 2.88216e+07 
14902 14927 55294 55299 9.74595e+07 285022 3.68969e+06 89303.9 36722.4 3204.68 2.87678e+07 
17533 17585 59508 59549 1.03741e+08 291626 3.94495e+06 97796.5 40023 3193.88 3.06216e+07 
19327 19365 55402 55414 7.20493e+07 201075 2.99026e+06 74998.6 28276.1 1956.29 2.12666e+07 
14049 14141 50127 50177 7.38268e+07 250311 2.98688e+06 74890.4 27457.8 2881.79 2.17936e+07 
12835 12890 58013 58018 1.13648e+08 250346 4.50274e+06 114030 42785.4 3084.9 3.35363e+07 
16239 16243 56238 56338 9.51034e+07 230243 3.17761e+06 91987.9 36129.3 3030.74 2.80704e+07 
14113 14212 51262 51290 4.98725e+07 251043 3.53496e+06 65552.5 23919.3 2537 1.47204e+07 
16407 16445 56784 56843 9.78794e+07 231878 3.65761e+06 93481.1 36598.8 2258.88 2.88974e+07 
14742 14771 50316 50378 7.6237e+07 205356 2.98801e+06 75505.6 28252.4 3113.4 2.24962e+07 
11077 11086 57263 57349 1.30874e+08 329075 4.75257e+06 120546 47065.7 3375.58 3.86217e+07 
14975 15063 52536 52572 8.38988e+07 248512 3.30768e+06 82525.4 31265.9 2952 2.4758e+07 
11843 11866 56646 56695 1.22575e+08 302715 4.63975e+06 115754 44660 3635.94 3.61696e+07 
19456 19485 52676 52699 5.53725e+07 171137 2.46388e+06 63545 23051.7 2627.03 1.63431e+07 
18722 18822 52278 52362 6.83907e+07 167979 2.22375e+06 68428.4 28162.8 3068.74 2.01913e+07 
17752 17824 59783 59809 1.04813e+08 280225 3.97214e+06 101460 38042.9 3056.29 3.09333e+07 
14116 14182 58361 58416 1.17419e+08 303759 4.28793e+06 110935 42014.5 3528.56 3.46558e+07 
13306 13338 52840 52914 9.51985e+07 309381 3.5489e+06 91500.6 34708.8 3102.95 2.80935e+07 
16110 16129 54161 54215 8.84967e+07 217504 3.32968e+06 85193.6 33989.8 2717.08 2.61162e+07 
18934 18956 50554 50555 5.97401e+07 179852 2.38465e+06 60498.7 22307.2 2537.56 1.7632e+07 
16466 16466 57133 57211 9.99307e+07 339460 3.765e+06 92694.3 36941.1 3484.04 2.95045e+07 
16034 16058 59296 59299 1.13331e+08 365141 4.17692e+06 108133 42078.6 2690.76 3.34574e+07 
12289 12303 59219 59237 1.30421e+08 333822 4.94841e+06 119538 49055.3 3835.75 3.84999e+07 
19877 19953 51184 51258 6.01987e+07 243914 2.32553e+06 59387.3 23300 2578 1.77587e+07 
11170 11236 56146 56157 1.21588e+08 291603 4.55131e+06 114961 44590.5 2650.78 3.58876e+07 
15452 15504 50029 50051 7.36614e+07 323718 2.81879e+06 71052.2 25653.7 2488.65 2.17466e+07 
18082 18181 54744 54762 7.78547e+07 260580 3.0406e+06 76469.1 28471.4 2978.78 2.29784e+07 
15156 15249 51452 51536 7.5401e+07 327472 3.0769e+06 79739.1 32428.9 2220.38 2.22582e+07 
14897 14953 53402 53493 8.9853e+07 297927 3.39402e+06 85132.8 32058.6 2966.36 2.65204e+07 
14204 14283 59890 59981 1.27996e+08 393113 4.72601e+06 119624 46791.5 3787.86 3.77722e+07 
15321 15374 56015 56065 1.01321e+08 284184 3.78473e+06 96176.1 35496.3 3192.54 2.9911e+07 
15161 15210 50402 50482 7.72893e+07 178323 2.51489e+06 73311 28750.3 2942.61 2.2816e+07 
19790 19879 54202 54228 7.33737e+07 150460 2.87391e+06 70928.5 26292.1 2871.17 2.16614e+07 
18610 18702 51188 51216 6.59241e+07 223903 2.4784e+06 57793.7 23941.7 2852.38 1.94574e+07 
17145 17183 51318 51357 6.99003e+07 218299 2.80863e+06 68995.3 31229.2 3516.67 2.06363e+07 
12202 12268 59957 59972 1.41192e+08 337421 5.15558e+06 121001 50619.3 3968.72 4.16737e+07 
17125 17137 50722 50747 6.84598e+07 157274 2.25162e+06 64956.9 25657.6 2489.63 2.02077e+07 
11581 11619 55596 55597 1.16001e+08 297503 4.51196e+06 107909 43456.5 2573.02 3.42379e+07 
11984 12060 51295 51295 9.6883e+07 306830 3.55251e+06 85282 35281.8 3200.41 2.86022e+07 
17222 17259 54309 54339 8.0399e+07 217670 3.20755e+06 80043.1 30416.3 2597.91 2.37261e+07 
11424 11523 56004 56088 1.17916e+08 265241 4.59672e+06 111666 43210.5 3423.6 3.48034e+07 
11294 11338 54219 54243 1.13689e+08 243757 4.19131e+06 102238 43155.1 3432.59 3.35527e+07 
17396 17465 54926 55008 8.47367e+07 226363 3.16616e+06 80357.6 31298.7 1607.04 2.50109e+07 
18476 18533 54459 54520 7.81896e+07 275593 3.01214e+06 76777.4 28692.9 1720.73 2.30793e+07 
19664 19714 55926 55967 7.8975e+07 170652 3.06548e+06 77371.3 29672.1 3004.66 2.33097e+07 
11149 11189 52522 52603 1.0527e+08 269478 3.89713e+06 98267.3 39463.5 2537.8 3.10712e+07 
15168 15201 58816 58817 1.17614e+08 329509 4.37227e+06 108844 41317.9 4250.8 3.47105e+07 
17091 17127 53016 53041 7.6826e+07 190306 3.08793e+06 76973.8 33739.8 3673.61 2.26804e+07 
10037 10132 56754 56783 1.35947e+08 298995 5.0627e+06 124540 49608.6 5306.63 4.01277e+07 
17265 17298 52666 52721 7.89429e+07 208145 2.95592e+06 73144.8 27725.2 1857.6 2.32941e+07 
11480 11571 58655 58733 1.35768e+08 274196 5.01413e+06 123215 47722.5 3799.44 4.0068e+07 
16819 16902 53779 53847 7.27635e+07 183883 3.14115e+06 68083.9 28163.6 2935.82 2.14737e+07 
12565 12612 50207 50281 8.75719e+07 182536 3.30477e+06 80412.6 31600.1 2828.72 2.58438e+07 
14457 14528 51628 51630 7.9974e+07 175884 2.67033e+06 79785 30305.2 2724.4 2.36086e+07 
14004 14089 51482 51537 8.5448e+07 180073 2.68056e+06 79810.3 31488.1 2709.48 2.52237e+07 
15213 15311 53053 53111 8.53033e+07 231005 2.84965e+06 82079.5 32409.1 2894.93 2.51774e+07 
12713 12749 53612 53682 9.39938e+07 229507 3.77838e+06 85820.5 35388.5 2729.59 2.77401e+07 
12560 12607 59338 59392 1.30849e+08 278376 4.91412e+06 113944 48649.3 3496.35 3.86186e+07 
18421 18423 51781 51878 6.53567e+07 186416 2.62673e+06 62860.3 24875.7 2463.95 1.92866e+07 
13396 13417 56372 56392 1.10205e+08 251431 4.24579e+06 103101 40899.1 2994.2 3.25233e+07 
15935 15935 53108 53126 8.34396e+07 167055 2.67622e+06 79113.1 31625.3 3005.05 2.46244e+07 
16319 16391 51650 51665 7.48104e+07 232630 2.9073e+06 70473.8 26714.1 2290.87 2.20775e+07 
13351 13442 56881 56969 9.63015e+07 229605 3.43049e+06 99288 39515.4 3239.97 2.84214e+07 
18473 18533 52744 52790 7.20245e+07 359464 2.77216e+06 67194.4 25993.6 2845.49 2.12497e+07 
14393 14433 59116 59160 1.23217e+08 425283 4.63506e+06 111785 41226.9 3465 3.63685e+07 
12478 12491 50956 51026 9.05378e+07 194293 2.88485e+06 84808 33496.6 2853.09 2.67195e+07 
16151 16249 55477 55546 9.16934e+07 350671 3.51007e+06 86312.2 33182.1 1772.46 2.70631e+07 
14486 14578 55617 55665 9.96283e+07 258194 3.67152e+06 98519.9 38745.8 3884.04 2.94093e+07 
16439 16494 51976 52034 7.69233e+07 397695 3.03359e+06 72370.5 26991.9 2961.62 2.27051e+07 
19780 19836 58008 58008 8.67556e+07 163543 2.86093e+06 82270.1 31006.8 2761.42 2.56001e+07 
11815 11865 56603 56645 1.20198e+08 241285 4.69593e+06 112546 43254.1 3487.42 3.54667e+07 
12288 12349 50714 50796 8.84189e+07 321622 3.49888e+06 83957.2 32194.4 1517.26 2.60901e+07 
11725 11804 53038 53091 1.05045e+08 320376 3.91016e+06 97428.2 37252.8 2311.82 3.10001e+07 
12698 12735 58035 58048 1.22788e+08 696931 4.66742e+06 115689 43571.5 3684.77 3.62436e+07 
15610 15659 56111 56184 9.92988e+07 219564 3.22482e+06 92779.3 36220.5 3112.59 2.93028e+07 
14449 14519 55022 55051 1.02397e+08 387076 3.785e+06 95027.3 37573.7 2455.26 3.02221e+07 
13412 13486 53979 54037 7.15974e+07 345265 3.80903e+06 75674.1 34742 1848.4 2.11284e+07 
19158 19168 54507 54600 5.27272e+07 280884 3.27258e+06 63940.2 24603 2167.65 1.55579e+07 
10725 10774 57669 57674 1.33375e+08 402362 4.9438e+06 117300 47825.9 4013.7 3.93667e+07 
14613 14631 58721 58764 1.20773e+08 296177 4.56982e+06 110581 43269.1 3426.33 3.56478e+07 
15963 16038 51603 51662 7.7515e+07 305980 2.99713e+06 72058.7 28393 1546.86 2.2881e+07 
15903 15957 53556 53584 8.7032e+07 228556 3.19552e+06 78654.9 30530.6 2761.01 2.5683e+07 
16014 16066 59048 59138 1.16456e+08 297371 3.63759e+06 107395 40390 3323.47 3.43722e+07 
12581 12581 52477 52511 9.65853e+07 320878 3.61755e+06 93407.6 34047.5 3610.47 2.85056e+07 
10723 10732 50054 50140 9.57978e+07 276254 3.59171e+06 89531.9 34088.9 3439.6 2.82664e+07 
12656 12721 54840 54857 1.11352e+08 230154 3.47495e+06 101074 40414.4 3292.11 3.28672e+07 
