17670 17709 60032 60115 1.09624e+08 331485 4.10238e+06 100766 40796.1 3566.88 3.23526e+07 
11894 11975 66302 66325 1.78066e+08 633338 6.55695e+06 156637 65946.5 8030.07 5.25586e+07 
17342 17382 60858 60858 1.13292e+08 455150 4.35369e+06 106927 40602.8 8620.43 3.34467e+07 
13048 13112 60560 60647 1.36776e+08 448016 5.08877e+06 118064 51489.5 3967.14 4.03731e+07 
18677 18727 66456 66525 1.38144e+08 262233 5.22113e+06 127309 51117.2 3798.78 4.07693e+07 
16194 16286 64785 64820 1.4299e+08 305736 5.23293e+06 130861 54722.5 4484.26 4.22008e+07 
14800 14816 69299 69361 1.80422e+08 600536 6.64772e+06 165670 69258.6 4377.84 5.32354e+07 
19285 19362 60986 61030 9.89663e+07 242776 3.88459e+06 98438.6 38030.1 3418.31 2.92065e+07 
12298 12300 60575 60665 1.40948e+08 249258 5.43427e+06 130494 51043.4 3768.15 4.16051e+07 
12511 12515 61918 61976 1.43332e+08 416055 5.45819e+06 134264 53529.8 2853.71 4.23055e+07 
17258 17327 63430 63441 1.25724e+08 351541 4.7579e+06 115783 45686.4 3525 3.71068e+07 
12102 12200 68647 68687 1.92605e+08 338549 7.13466e+06 175243 71544.9 4913.5 5.68435e+07 
16509 16519 64639 64697 1.3953e+08 574448 5.21162e+06 121724 53801.6 3965.13 4.11813e+07 
16828 16891 63658 63724 1.31176e+08 259452 4.2758e+06 122881 48344.9 3528.68 3.87111e+07 
12487 12496 63376 63445 1.47957e+08 407130 5.64162e+06 142302 59047.6 2801.62 4.36749e+07 
15935 16033 69934 70005 1.6214e+08 420724 6.32798e+06 161415 62519.2 4477.23 4.78602e+07 
19251 19337 61953 61969 1.11442e+08 233636 4.21172e+06 104010 41356.7 3424.52 3.28906e+07 
11525 11585 66531 66619 1.81328e+08 469084 6.6944e+06 166752 67717.4 4889.14 5.35166e+07 
15400 15496 68170 68185 1.6373e+08 285537 5.45549e+06 156805 64356.2 4044.56 4.83191e+07 
18784 18860 62570 62622 1.11694e+08 269410 3.74147e+06 106335 42069.5 3238.01 3.29644e+07 
10173 10218 69243 69285 1.43575e+08 422049 7.66753e+06 182902 75092 5598.66 4.24064e+07 
15478 15521 61889 61976 1.29047e+08 353207 4.84779e+06 112390 56590.3 4059.62 3.80954e+07 
13453 13526 69508 69573 1.84589e+08 608425 6.91133e+06 163628 69839.2 4490.21 5.44788e+07 
14761 14825 64252 64269 1.44795e+08 522570 5.53296e+06 135866 53308.4 2702.87 4.27277e+07 
19693 19729 69872 69895 1.48639e+08 454685 5.77711e+06 137070 56241.5 4105.62 4.38646e+07 
10549 10555 62617 62659 1.57184e+08 297298 6.02839e+06 151204 61553.9 4275.56 4.63832e+07 
16296 16326 62643 62734 1.24142e+08 327768 4.7978e+06 119927 47611.2 3322.87 3.66321e+07 
18490 18517 66685 66728 1.37008e+08 317244 5.15987e+06 128223 52976.9 3922.06 4.04308e+07 
11650 11731 68432 68440 1.99091e+08 841228 7.14497e+06 187594 75738.2 4352.95 5.88133e+07 
15967 16041 62072 62167 1.20418e+08 333009 4.85272e+06 119555 48395 3779.24 3.5547e+07 
14281 14295 60701 60707 1.32573e+08 323621 4.85607e+06 121686 48149 4480.99 3.91303e+07 
11228 11303 69978 70078 2.05392e+08 446247 7.50644e+06 193943 75689 4934.41 6.06228e+07 
17620 17646 60584 60608 1.06263e+08 239393 4.12469e+06 105276 40810.2 2232.9 3.13729e+07 
10323 10345 61220 61239 1.58439e+08 571991 5.82668e+06 147632 61737.4 3435.75 4.67677e+07 
14018 14094 69841 69864 1.86933e+08 370825 6.88198e+06 172402 68065.1 3229.81 5.51681e+07 
12597 12676 61866 61930 1.46935e+08 414152 5.54072e+06 136079 54335.3 6359.63 4.33587e+07 
11253 11280 62487 62541 1.33966e+08 371304 5.6032e+06 136525 55711.6 3120.06 3.95378e+07 
16794 16814 69101 69198 1.70777e+08 1.66024e+06 6.3549e+06 148365 78809.3 6250.21 5.04496e+07 
16286 16330 66968 67043 1.57973e+08 443585 5.74132e+06 142926 56988.6 4808.04 4.66237e+07 
10998 11087 69320 69414 2.04684e+08 520894 7.57507e+06 177822 78527.9 5778.61 6.04108e+07 
19035 19088 69722 69773 1.57071e+08 423756 5.8909e+06 144798 57870.2 4525.09 4.63511e+07 
13667 13762 64586 64686 1.5632e+08 440638 5.81145e+06 146518 59103.4 4676.72 4.61263e+07 
16855 16955 62732 62813 1.29265e+08 427369 4.84142e+06 118977 47617.5 2477.45 3.81633e+07 
19508 19527 62082 62114 1.09251e+08 266012 4.20322e+06 102950 40641.3 3457.85 3.22524e+07 
16397 16410 62182 62186 1.23948e+08 244858 4.74918e+06 116401 45953.3 2494.44 3.65804e+07 
12067 12160 60280 60296 1.37323e+08 265154 4.53661e+06 131212 53165.9 3915.52 4.05336e+07 
15760 15766 68061 68095 1.59962e+08 465419 6.23701e+06 151388 60076.9 4499.28 4.71969e+07 
14973 14993 65107 65180 1.48864e+08 290372 5.78966e+06 143266 56490.9 3951.09 4.39492e+07 
15243 15326 69770 69805 1.83802e+08 562126 6.7705e+06 167175 66314.1 3053.44 5.42515e+07 
10602 10607 64015 64032 1.72913e+08 365616 6.52477e+06 160254 63989.8 4499.34 5.10294e+07 
16736 16748 65724 65737 1.39748e+08 359898 4.58091e+06 141382 66630.3 4914.4 4.12653e+07 
10547 10573 65799 65845 1.31363e+08 537324 7.18282e+06 157109 56014.3 4860.13 3.8775e+07 
18685 18687 60632 60708 1.00158e+08 255397 3.99089e+06 99412.4 36816.3 3247.61 2.95571e+07 
18361 18437 62521 62550 1.07088e+08 230209 4.31267e+06 109586 41431.6 2460.33 3.16057e+07 
13382 13452 61447 61522 1.2861e+08 292710 5.12201e+06 130960 49525.2 3894.8 3.79585e+07 
10791 10891 60304 60385 1.36004e+08 306216 5.53984e+06 141170 54655 4176.67 4.01512e+07 
10415 10445 62411 62425 1.51544e+08 392105 5.98877e+06 152575 60822.8 3147.47 4.47267e+07 
16380 16397 69721 69785 1.59482e+08 390718 6.20127e+06 161175 62282.3 4580.24 4.70714e+07 
10311 10365 65622 65626 1.74084e+08 450537 6.66403e+06 161418 66513.6 4826.11 5.13879e+07 
18505 18577 62745 62763 1.18435e+08 673606 4.44523e+06 111369 43107.1 3621.51 3.49361e+07 
11421 11508 62146 62205 1.55044e+08 955585 5.89897e+06 137571 68078.9 5454.09 4.58322e+07 
12940 13037 61246 61279 1.40357e+08 324411 5.12268e+06 123629 51529.4 3964.57 4.14293e+07 
12716 12809 62733 62809 1.47015e+08 366586 5.46665e+06 133333 56505.9 4198.64 4.33956e+07 
12080 12174 61459 61482 1.44057e+08 261309 4.66198e+06 137244 54174.5 4000.77 4.25209e+07 
18319 18334 60566 60644 1.08458e+08 270717 4.07662e+06 97698.9 39732.7 3658.95 3.20093e+07 
10502 10574 65246 65317 1.81584e+08 528519 6.72097e+06 169533 67713.2 3216.83 5.35952e+07 
18304 18402 68424 68506 1.52162e+08 372246 5.77109e+06 141537 54791.2 5855.27 4.48987e+07 
16154 16167 64864 64903 1.2304e+08 363095 5.02134e+06 131468 51168.8 2859.86 3.6315e+07 
11121 11135 60770 60847 1.45889e+08 418160 5.57575e+06 140307 56687.5 3139.82 4.30684e+07 
13538 13634 65088 65122 1.58538e+08 525243 5.86715e+06 142844 59522.7 4307.27 4.68002e+07 
17928 17985 69940 69978 1.6536e+08 433058 5.90797e+06 155374 61166.1 4223.24 4.88013e+07 
16404 16439 62733 62803 1.2987e+08 565323 4.88118e+06 125006 52325.6 7040.62 3.83068e+07 
15823 15871 65976 66001 1.46275e+08 375884 5.55881e+06 136555 56503.3 4095.82 4.31737e+07 
16563 16644 65718 65724 1.44389e+08 335674 5.26297e+06 129794 54228.7 3959.21 4.26136e+07 
12055 12093 65531 65601 1.53481e+08 382403 5.97487e+06 149358 64206.9 4779.85 4.53046e+07 
11597 11624 65605 65691 1.7179e+08 448013 6.45484e+06 151806 65230.6 4495.35 5.07017e+07 
14678 14722 63543 63590 1.37333e+08 284668 5.46889e+06 130549 50746.6 3413.99 4.05271e+07 
19032 19049 61916 61942 1.11666e+08 336055 4.09419e+06 105139 41104.6 2323.38 3.29615e+07 
10157 10233 69698 69781 6.01761e+07 131559 7.14992e+06 207843 48264.6 5126.07 1.77687e+07 
16909 17007 66541 66608 1.49153e+08 304808 5.43737e+06 140347 61773.7 4268.93 4.40225e+07 
10654 10679 61445 61469 1.54295e+08 343115 5.7118e+06 145942 60357.2 4153.52 4.55429e+07 
16409 16468 64645 64685 1.37605e+08 329143 5.21953e+06 128787 52245 3699.39 4.06051e+07 
13977 14022 60868 60942 1.29786e+08 239509 4.85586e+06 123490 46418.9 3707.51 3.83037e+07 
11714 11775 68242 68335 1.91207e+08 512925 7.16953e+06 176298 71422.4 5942.79 5.64313e+07 
14461 14560 61170 61238 1.31113e+08 333712 4.19362e+06 126011 53444.1 4773.77 3.87092e+07 
14996 15023 60051 60099 1.23583e+08 281833 4.6858e+06 107095 44020.7 3375.21 3.64717e+07 
14330 14429 65998 66089 1.64451e+08 686379 6.15964e+06 149857 61018.9 3887.86 4.85213e+07 
13066 13084 68981 69001 1.85198e+08 427380 5.86163e+06 170783 67586.3 4395.2 5.46648e+07 
15958 15975 68007 68025 1.61703e+08 463499 5.97114e+06 149189 60104.9 4133.91 4.77332e+07 
14212 14309 69494 69592 1.79399e+08 762460 6.91686e+06 168505 69108.1 5513.02 5.29508e+07 
14573 14628 63311 63337 1.40871e+08 283029 5.44134e+06 131986 52962.9 3637.25 4.15739e+07 
14699 14713 61518 61605 1.33188e+08 420014 5.01779e+06 115966 49183.7 3767.6 3.9307e+07 
14512 14517 69190 69272 1.71668e+08 663334 6.65073e+06 153325 65902.1 4754.62 5.0671e+07 
11395 11421 67217 67219 1.9033e+08 1.12742e+06 6.87725e+06 176771 74979.4 3163.04 5.62052e+07 
18302 18344 68134 68172 1.48229e+08 286574 4.81081e+06 138406 55412.1 3709.48 4.37478e+07 
16356 16386 61674 61717 1.25741e+08 293759 4.74037e+06 115031 46543.1 3662.8 3.71094e+07 
11509 11596 68899 68954 1.9755e+08 655485 7.28695e+06 181641 72539.2 3097.95 5.83085e+07 
10386 10415 66130 66213 9.35766e+07 484418 7.4463e+06 165423 50768.4 3395.34 2.76292e+07 
15394 15473 60632 60728 1.25873e+08 394657 4.65846e+06 115261 45742.7 3959.44 3.71517e+07 
17261 17300 66367 66381 1.44959e+08 310934 5.48947e+06 136260 53428.5 3842.57 4.27794e+07 
18000 18037 69582 69631 1.6035e+08 597947 5.86776e+06 149094 57242.3 4103.54 4.73268e+07 
15612 15657 65510 65600 1.49941e+08 537545 5.62187e+06 139138 55654.6 4092.73 4.42545e+07 
15895 15897 60111 60153 1.18705e+08 469026 4.42568e+06 103907 44810.6 3340.88 3.50367e+07 
14937 14942 61617 61717 1.31353e+08 403107 5.02364e+06 114901 50047.7 4092.39 3.87703e+07 
18613 18704 68087 68111 1.50512e+08 334595 5.57539e+06 137935 53660 3910.35 4.44199e+07 
10076 10125 66433 66440 1.91251e+08 480961 7.05876e+06 178564 79249.8 3610.74 5.64474e+07 
12165 12235 67566 67638 1.84419e+08 374012 5.81471e+06 171101 71889.6 4862.48 5.44451e+07 
12123 12176 67705 67778 1.82223e+08 631528 6.91259e+06 169656 68112.2 2970.88 5.37756e+07 
15336 15368 66905 66986 1.62194e+08 612404 6.11243e+06 148819 60064.4 3977.56 4.78596e+07 
10497 10508 60495 60588 1.10899e+08 297220 5.14763e+06 136161 44159.2 4142.26 3.27317e+07 
11759 11785 65093 65179 1.70155e+08 424455 6.2259e+06 157785 62589.7 4612.57 5.02177e+07 
16164 16180 62191 62285 1.3016e+08 280326 4.19654e+06 120185 48123.5 3764.84 3.84198e+07 
18579 18586 61239 61286 1.01961e+08 425795 4.12864e+06 105755 44547.9 4217.42 3.00885e+07 
19772 19815 60639 60687 8.44156e+07 185493 3.80518e+06 95709.5 36847.8 3120.02 2.49125e+07 
10980 10987 66224 66295 1.71233e+08 997244 6.89538e+06 172499 66157.2 5374.33 5.05851e+07 
19050 19100 61951 62005 1.0577e+08 267387 4.12408e+06 104113 40648.8 3402.96 3.12143e+07 
12641 12685 66655 66666 1.47732e+08 272819 5.64625e+06 166071 68261 5130.92 4.36682e+07 
14094 14129 63207 63281 1.3879e+08 358519 5.36696e+06 140358 56272.8 4023.88 4.09656e+07 
16139 16172 63701 63793 1.26428e+08 393896 5.05609e+06 127383 49022.2 3231.59 3.73223e+07 
15807 15904 60817 60911 1.15908e+08 316446 3.98387e+06 115403 43438 3705.28 3.42082e+07 
13025 13037 64002 64010 1.2648e+08 290923 5.70593e+06 138935 55697.8 3561.16 3.73256e+07 
14052 14132 61388 61395 1.2395e+08 312951 5.0591e+06 128347 50480.7 3634.32 3.6581e+07 
19872 19930 66120 66185 1.27886e+08 306084 4.80813e+06 121805 47461.5 2508.3 3.7746e+07 
17688 17696 67991 67991 1.3507e+08 270174 4.83416e+06 140400 54658.7 3416.41 3.98639e+07 
14151 14172 64587 64652 1.43519e+08 359032 5.57776e+06 142165 61337.8 3226.97 4.23534e+07 
15323 15347 66436 66505 1.57353e+08 330826 5.86689e+06 144067 59872.8 3009.65 4.64368e+07 
13672 13767 63001 63007 1.47227e+08 376553 5.39256e+06 134867 54045.3 3936.27 4.34578e+07 
16110 16193 68228 68302 1.6002e+08 412546 6.00405e+06 143290 60831.5 4164.49 4.72294e+07 
11094 11161 67315 67361 1.88947e+08 458699 6.80556e+06 173680 74807.9 5495.09 5.57606e+07 
17668 17745 66090 66159 1.40212e+08 427033 5.20704e+06 131078 51971.7 3800.4 4.13724e+07 
18543 18593 65012 65044 1.30002e+08 311672 4.71366e+06 120110 47864 3801.6 3.83763e+07 
11175 11267 69788 69790 2.07427e+08 528496 7.74299e+06 183955 77668.2 5830.77 6.12241e+07 
15449 15460 61791 61816 1.29474e+08 319611 4.95185e+06 125236 48047.7 3776.27 3.8212e+07 
12432 12502 63207 63260 1.53482e+08 296318 5.66541e+06 145475 58778.7 3629.87 4.52994e+07 
18147 18247 65738 65809 1.30035e+08 807650 4.99246e+06 132242 52360.1 3804.64 3.83569e+07 
13890 13965 60925 60942 6.76251e+07 165017 4.50912e+06 130450 42659.2 3481.5 1.99639e+07 
10770 10777 61580 61623 1.60197e+08 399601 5.73215e+06 144679 57586.5 5863.89 4.72783e+07 
17042 17125 62816 62901 1.26436e+08 292914 4.77063e+06 121962 47504.8 3509.8 3.73249e+07 
13974 13979 69160 69231 1.85647e+08 414153 6.63086e+06 171594 68944.4 3362.67 5.47845e+07 
13888 13965 64711 64763 8.11207e+07 303685 6.22698e+06 147015 44622.6 3562.06 2.39404e+07 
13396 13487 63421 63425 1.52251e+08 460864 5.51019e+06 139464 56181.4 2907.82 4.49408e+07 
12309 12388 67511 67560 1.8615e+08 463399 6.61908e+06 170194 68488.4 4794 5.49411e+07 
16963 17003 67777 67865 1.56609e+08 363110 5.70374e+06 144499 59800.7 3815.11 4.62135e+07 
13479 13507 69700 69745 1.90483e+08 406037 5.95824e+06 180266 72499.5 4762.67 5.62212e+07 
19512 19525 63337 63388 1.14222e+08 274596 4.26174e+06 109096 39648.2 3168.84 3.37094e+07 
10584 10646 64140 64193 1.67141e+08 347125 6.34055e+06 160685 62135 3337.05 4.93272e+07 
11542 11557 66398 66488 1.74698e+08 416433 6.59909e+06 160099 67383.8 4996.47 5.15622e+07 
14730 14814 68785 68850 1.74995e+08 434401 6.44372e+06 164252 65051.9 3271.89 5.16541e+07 
14365 14407 67383 67469 1.70899e+08 415252 6.29912e+06 154477 63303.2 4820.6 5.0435e+07 
16114 16182 69713 69800 1.78571e+08 378522 5.59479e+06 164428 66714.9 5313.22 5.27052e+07 
10879 10963 63004 63036 6.33657e+07 254174 5.95491e+06 150785 51071.5 5528.49 1.8711e+07 
15111 15114 61838 61867 1.37843e+08 363483 5.19559e+06 124646 51837 4215.48 4.06834e+07 
12110 12144 63465 63469 1.58711e+08 316944 5.03867e+06 145186 57966.7 4109.9 4.68403e+07 
13350 13439 63116 63189 1.50032e+08 381591 5.46658e+06 139402 59093.3 4228.76 4.42773e+07 
15074 15144 63439 63531 1.41138e+08 383775 5.1455e+06 132370 52933.4 2691.71 4.16548e+07 
16128 16129 62220 62258 1.27466e+08 262095 4.7508e+06 121366 48530.1 3483.32 3.76185e+07 
11681 11719 63664 63695 1.63407e+08 293708 6.04962e+06 154132 60271.6 3993.48 4.82294e+07 
15589 15665 63451 63529 1.45807e+08 482668 4.98104e+06 130236 52729.6 4163.53 4.30357e+07 
15948 16043 60974 60992 1.25844e+08 380188 3.97053e+06 120401 55012.4 5005.4 3.71611e+07 
14717 14751 66990 66991 1.66206e+08 349209 5.2664e+06 155734 60987.7 4665.73 4.9065e+07 
17864 17948 67100 67132 1.47242e+08 275025 4.69115e+06 137462 54638.8 3919.11 4.34688e+07 
10837 10875 65684 65696 1.83229e+08 375064 5.64144e+06 168366 68957.1 4550.12 5.40807e+07 
11031 11124 68471 68478 2.02976e+08 461622 7.2465e+06 184522 75683.1 3793.11 5.99108e+07 
11433 11504 66262 66329 1.83011e+08 394799 5.73546e+06 168595 69621 6772.19 5.40108e+07 
10569 10652 62534 62629 1.65238e+08 385490 5.86139e+06 144963 63018.4 4541.78 4.87684e+07 
15987 16059 65961 66003 1.54676e+08 447503 5.68638e+06 133070 56400.6 4073.56 4.5658e+07 
17606 17695 67190 67190 1.53133e+08 378092 5.37672e+06 137972 54117.9 3745.37 4.51906e+07 
19511 19536 63820 63831 1.19262e+08 327796 4.42613e+06 111463 43650.3 2341.5 3.5201e+07 
15562 15620 66284 66319 1.54874e+08 427080 5.60533e+06 143987 57466.8 4094.5 4.57127e+07 
15500 15573 67154 67205 1.61407e+08 501768 5.80469e+06 138671 59998 4184.35 4.76489e+07 
15878 15939 67324 67404 1.0935e+08 299191 5.99501e+06 141610 50399.7 3989.77 3.22766e+07 
18011 18046 66183 66202 9.61189e+07 289404 5.11777e+06 107077 44062.3 3778.67 2.83774e+07 
15043 15092 63297 63328 1.38924e+08 367505 5.21314e+06 131210 49891.1 3635.55 4.10098e+07 
14863 14906 66725 66802 1.66443e+08 485618 6.06864e+06 141103 61626.8 4323.9 4.91329e+07 
10742 10834 69671 69679 1.27793e+08 357869 8.00992e+06 180056 61819.2 4785.24 3.77406e+07 
19098 19100 60054 60130 1.02983e+08 253885 3.97285e+06 96989.1 41936.3 3664.81 3.04102e+07 
10940 10985 63803 63893 1.71622e+08 567444 6.40129e+06 155057 62906.3 4328.42 5.06428e+07 
10931 10970 61267 61281 1.53272e+08 332994 5.66092e+06 133815 56399.9 4098.69 4.52379e+07 
13821 13916 65078 65090 1.56644e+08 286561 5.03541e+06 145248 59833.3 4140.31 4.62337e+07 
15644 15646 69662 69760 1.15549e+08 282951 5.5972e+06 149736 59666.9 3542.68 3.41011e+07 
16485 16542 64730 64811 1.48285e+08 1.48462e+06 5.42931e+06 132646 66179.6 2970.45 4.3776e+07 
19143 19215 61057 61068 1.05782e+08 394621 4.07197e+06 99094.2 38732.9 3140.52 3.12173e+07 
17994 18093 67629 67711 1.46345e+08 458493 5.54129e+06 134994 51908.3 3410.6 4.31834e+07 
13311 13361 60640 60663 1.38807e+08 519746 5.05418e+06 125461 49084.3 2594.35 4.09646e+07 
15599 15643 64615 64650 1.42563e+08 538936 5.51743e+06 132959 51195.4 3768.68 4.20635e+07 
18106 18198 67791 67820 1.49109e+08 513339 5.49442e+06 133267 51998.5 3456.88 4.40017e+07 
10546 10568 63397 63488 1.05036e+08 484838 6.21807e+06 127762 54346.3 3876.69 3.0999e+07 
17039 17056 60843 60860 1.18321e+08 380089 4.39763e+06 107372 41172.8 3353.08 3.49156e+07 
13651 13689 63031 63031 1.47893e+08 433570 5.56726e+06 134978 52286 3695.33 4.36455e+07 
14582 14667 60673 60762 1.32471e+08 381694 4.81744e+06 114030 47327.1 3801.65 3.90989e+07 
13942 14005 69761 69828 1.91004e+08 383068 5.84402e+06 174834 67176.2 4950.43 5.6372e+07 
11978 12052 64953 64956 1.71468e+08 601317 6.35369e+06 155009 61460.1 2962.81 5.05985e+07 
19567 19622 60866 60962 1.0464e+08 856889 3.97786e+06 92570.6 40088.5 3646.15 3.08911e+07 
13897 13897 69667 69684 1.95789e+08 628817 7.02025e+06 172870 66809.2 4294.52 5.77818e+07 
12575 12634 66478 66480 1.74602e+08 554184 6.52238e+06 161101 61022.8 3868.51 5.15309e+07 
12850 12899 65864 65911 1.71749e+08 598600 6.29918e+06 155156 60812.5 3109.58 5.06847e+07 
17893 17919 60555 60646 1.09094e+08 354970 4.17658e+06 102768 40043.3 2365.76 3.21999e+07 
11294 11328 63020 63117 1.64273e+08 313630 5.92845e+06 152631 56297 4486.28 4.84787e+07 
15616 15710 69198 69277 1.75656e+08 303702 6.4306e+06 160398 61883.9 4567.69 5.18434e+07 
12935 12999 69274 69355 1.92857e+08 392990 7.10627e+06 174611 69517.6 4947.22 5.69201e+07 
18692 18720 61310 61346 1.12247e+08 259631 4.2106e+06 105767 41154 3827.91 3.31348e+07 
16152 16249 69785 69851 1.76116e+08 730320 6.44471e+06 152434 62308.2 4771.87 5.19797e+07 
13908 13973 62014 62087 1.43553e+08 547500 5.35518e+06 128672 50441 2831.31 4.23699e+07 
14644 14660 64410 64418 1.5255e+08 424340 5.58142e+06 130361 53709.2 4133.82 4.50169e+07 
10434 10494 66480 66570 1.80051e+08 893556 7.15658e+06 174735 67858 4886.97 5.31341e+07 
17987 18073 60992 61011 1.14814e+08 1.63709e+06 4.41659e+06 109657 56507.8 4431.18 3.38704e+07 
