11884 11983 78198 78234 2.71008e+08 911544 9.88716e+06 242571 124940 5244.87 7.99834e+07 
11013 11076 79257 79266 2.82997e+08 876352 1.03536e+07 255455 111450 7225.34 8.34984e+07 
16762 16780 77784 77827 1.04124e+08 287975 8.79044e+06 203452 65407.4 3527.26 3.07362e+07 
13341 13355 74446 74500 2.21591e+08 405278 8.56863e+06 206623 85940.8 5888.37 6.54196e+07 
16171 16216 76286 76369 2.15513e+08 472024 6.96454e+06 197678 84387 5240.65 6.36032e+07 
16258 16282 74493 74520 1.97824e+08 675961 7.79641e+06 185235 76140.2 4916.53 5.83767e+07 
12497 12531 79055 79139 1.24047e+08 651983 8.09628e+06 241652 82705.8 4248.52 3.66622e+07 
13826 13905 75411 75448 2.33365e+08 433809 8.33264e+06 214520 91948.2 6024.79 6.89145e+07 
17019 17040 71131 71166 1.77541e+08 447459 6.51916e+06 159716 63031.5 4640.9 5.24008e+07 
15818 15886 79374 79456 2.42319e+08 400201 9.01095e+06 219259 94635.8 5189.68 7.15148e+07 
11143 11168 78026 78072 2.74436e+08 560747 8.94513e+06 249714 105483 6937.59 8.0998e+07 
16247 16261 78123 78152 2.35814e+08 713529 8.4706e+06 212922 91165.6 5674.23 6.96045e+07 
15935 16033 69934 70005 1.6214e+08 420724 6.32798e+06 161415 62519.2 4477.23 4.78602e+07 
17313 17316 78334 78415 2.15229e+08 391402 8.24265e+06 211130 85836.8 4851.09 6.35272e+07 
12090 12131 70523 70525 2.04505e+08 423749 7.47879e+06 188498 75404 5335.78 6.03569e+07 
18814 18822 76234 76283 1.94968e+08 519323 7.43088e+06 184549 75168.2 3297.34 5.75437e+07 
14363 14440 76260 76290 2.2712e+08 592609 8.43006e+06 210694 86312.1 5110.63 6.70369e+07 
10988 11011 73959 74035 2.41099e+08 626009 8.75509e+06 217960 95015.2 4369.4 7.11566e+07 
15037 15126 72496 72518 1.98052e+08 646835 7.49877e+06 182736 72690.7 3017.52 5.84446e+07 
18169 18257 72792 72890 1.80511e+08 432262 5.89625e+06 164859 65718.9 4452.72 5.32806e+07 
18058 18132 78244 78281 1.70572e+08 264089 7.05658e+06 200859 83891.6 5119.61 5.03472e+07 
14102 14102 76771 76794 2.39448e+08 473750 7.42476e+06 225164 108857 6897.41 7.07128e+07 
17516 17534 77786 77789 2.14835e+08 573629 8.11047e+06 191435 87332.9 4830.27 6.34023e+07 
10737 10834 75515 75593 2.44342e+08 790527 9.35692e+06 228468 95060.8 5474.93 7.21002e+07 
18023 18032 72375 72403 1.47251e+08 285496 6.91333e+06 162517 63993.9 3432.97 4.34558e+07 
13079 13109 71494 71521 1.92427e+08 386296 6.38629e+06 186422 77666.8 4773.5 5.67877e+07 
12035 12066 78264 78336 2.52737e+08 646299 9.56844e+06 239137 111532 6276.27 7.46051e+07 
17880 17913 74650 74713 1.55708e+08 492224 7.14859e+06 163558 72589.7 4699.61 4.5976e+07 
13423 13471 74638 74682 2.10573e+08 414913 8.20735e+06 195297 82605.3 5519.92 6.21458e+07 
16075 16103 71603 71695 1.84102e+08 374428 6.74684e+06 171601 67598.9 4836.03 5.4334e+07 
16213 16255 77923 78004 1.09965e+08 484516 7.02664e+06 214348 69222 5646.96 3.24521e+07 
10440 10502 75679 75772 2.51892e+08 615610 9.03949e+06 227917 97367 5449.65 7.43471e+07 
17157 17238 71506 71594 1.7665e+08 648252 6.38766e+06 158943 70966 4930.21 5.21495e+07 
11228 11303 69978 70078 2.05392e+08 446247 7.50644e+06 193943 75689 4934.41 6.06228e+07 
13988 14017 72815 72847 2.06609e+08 428546 6.84466e+06 197207 81213.9 5202.57 6.09874e+07 
18798 18843 72480 72538 1.36647e+08 324140 6.62367e+06 162997 56707.3 4148.17 4.03339e+07 
13523 13538 70646 70695 1.9865e+08 406970 6.40983e+06 187348 76188.2 4904.52 5.86299e+07 
11581 11658 76531 76540 2.52635e+08 428219 8.04796e+06 235201 93829.1 5653.52 7.45659e+07 
16628 16657 74256 74277 2.00671e+08 417774 6.35275e+06 181514 78040.5 5053.72 5.92261e+07 
17585 17624 79345 79397 2.33035e+08 443352 8.42306e+06 210586 87060.7 5545.53 6.87755e+07 
15968 16049 78862 78925 2.3996e+08 630643 8.91831e+06 219447 92078.1 4215.58 7.08373e+07 
18505 18594 73653 73717 1.87781e+08 841202 6.86719e+06 159896 76424 5740.09 5.54395e+07 
12548 12616 77771 77795 2.59223e+08 536965 8.07245e+06 233877 93799.2 5797.27 7.6507e+07 
18980 18994 78928 78957 2.18672e+08 552918 8.05571e+06 190431 81531.6 5596.51 6.45465e+07 
14946 14980 75337 75394 2.20972e+08 559350 8.14947e+06 192394 81125.6 4958.19 6.52251e+07 
11505 11522 75693 75700 1.72759e+08 492552 8.61997e+06 189452 85701.7 5304.04 5.09903e+07 
12352 12367 73270 73299 2.23661e+08 488323 8.20633e+06 202941 82914.6 4966.06 6.60075e+07 
17686 17716 78997 79071 2.27515e+08 656865 8.42734e+06 208082 85326.7 5239.65 6.71344e+07 
17742 17758 73994 74047 1.89367e+08 603369 7.11781e+06 174013 70528.2 3040.43 5.59013e+07 
17110 17205 73539 73546 1.92595e+08 410099 6.09185e+06 175423 69832.1 5096 5.68427e+07 
14641 14692 71133 71175 1.93166e+08 737083 7.14589e+06 168202 73652.5 5341.35 5.70101e+07 
19754 19847 74018 74056 1.68716e+08 717563 6.67886e+06 163546 67496 3082.64 4.97959e+07 
19343 19421 75253 75316 1.80449e+08 462558 6.82833e+06 167322 69564 4919.82 5.32673e+07 
9987 10072 72119 72204 2.19035e+08 396555 7.35478e+06 213571 87176.4 5455.9 6.46427e+07 
11930 11949 77424 77513 2.57172e+08 927093 9.5e+06 227371 100629 6624.97 7.59153e+07 
12822 12919 76709 76804 2.35804e+08 484242 8.90083e+06 224188 90979.9 5263.64 6.95946e+07 
18492 18560 77817 77863 1.95294e+08 357593 7.74782e+06 193716 77654.1 4797.96 5.76332e+07 
18784 18851 76854 76905 1.88823e+08 520181 7.36742e+06 187576 76918.6 5493.66 5.57308e+07 
15249 15270 74495 74522 7.43808e+07 361308 6.91491e+06 123370 58042.2 5414.97 2.19725e+07 
19419 19470 75225 75303 1.89424e+08 374559 6.96984e+06 177970 72556.6 4832.12 5.59179e+07 
14419 14427 70847 70886 1.92888e+08 395857 7.18555e+06 185381 78680 5699.98 5.69275e+07 
10489 10512 76891 76896 2.62028e+08 531039 8.27004e+06 246240 103371 5965.41 7.73453e+07 
17989 18089 75758 75828 1.9934e+08 570773 7.3121e+06 189367 72032.5 4562.38 5.88489e+07 
18420 18501 79747 79780 2.28479e+08 471835 8.12469e+06 214562 92160 5254.2 6.74299e+07 
18169 18178 71572 71638 1.72427e+08 362128 6.17431e+06 153365 65285.7 4454.51 5.08809e+07 
18286 18336 79115 79148 2.22583e+08 636559 8.11668e+06 210938 82733.3 5441.59 6.57043e+07 
11983 12001 75736 75776 2.46852e+08 2.39132e+06 9.28677e+06 218746 102918 6824.89 7.28998e+07 
15503 15544 76879 76940 2.26572e+08 521910 8.27868e+06 208405 85601.1 3836.25 6.68657e+07 
16301 16375 72177 72247 1.83707e+08 318327 6.96742e+06 170406 70542.6 4466.6 5.42165e+07 
15016 15046 79395 79451 2.47495e+08 725735 9.42948e+06 229182 95534.5 6850.37 7.30262e+07 
10627 10656 78908 78927 1.8848e+08 752241 9.64866e+06 254870 98076.9 7513.75 5.56163e+07 
14888 14915 75605 75630 2.2201e+08 490246 8.1258e+06 207818 94377.1 4942.38 6.55217e+07 
17478 17489 73943 73990 1.89887e+08 403979 6.14956e+06 179160 72101.3 4527.22 5.60419e+07 
12874 12875 79779 79864 2.7026e+08 522305 9.98818e+06 243819 100364 5882.85 7.97656e+07 
15740 15782 78788 78873 2.42562e+08 581250 8.89859e+06 207720 92993.9 5609.05 7.15963e+07 
12401 12472 71905 71960 2.15136e+08 580853 7.78219e+06 187790 83667.6 4863.72 6.35075e+07 
15990 16071 70938 70976 1.81934e+08 401464 6.80972e+06 166879 67426.2 4998.68 5.36978e+07 
10964 11007 76625 76696 2.58071e+08 587943 9.60061e+06 226417 94258.2 5760.33 7.61653e+07 
17409 17451 76194 76200 2.06877e+08 836952 7.9946e+06 192320 77756.8 4726.62 6.10499e+07 
14021 14040 73663 73664 2.16347e+08 458144 6.80776e+06 198413 82164 5223.77 6.38536e+07 
12546 12550 76960 76983 2.50136e+08 491746 9.22732e+06 229282 98817.8 5598.04 7.3825e+07 
12861 12943 72247 72268 2.08965e+08 468118 6.66886e+06 193752 81130.2 4587.45 6.16747e+07 
14552 14587 71328 71333 1.98526e+08 657071 7.291e+06 178149 72319.9 3904.9 5.85911e+07 
17824 17867 79249 79299 2.23073e+08 761889 8.43503e+06 207852 88049.4 3982.53 6.58359e+07 
10367 10437 79650 79750 2.93131e+08 1.43414e+06 1.07464e+07 262612 106592 4903.17 8.65214e+07 
13805 13811 78211 78236 2.52721e+08 884451 9.35186e+06 231355 96983.6 5586.99 7.45758e+07 
12085 12180 76896 76907 2.56722e+08 863172 9.29018e+06 218908 93100.8 5754.23 7.57715e+07 
15629 15705 74054 74127 8.63972e+07 567246 8.33671e+06 188250 49916.9 1712.13 2.55095e+07 
16043 16125 77079 77179 2.18783e+08 623533 8.2946e+06 205274 80956 4984.36 6.45699e+07 
15735 15814 71684 71761 1.88321e+08 366615 5.90658e+06 171205 70123.7 4697.12 5.55791e+07 
16337 16410 71395 71437 1.81583e+08 573065 6.87539e+06 167615 70922.1 4798.08 5.3592e+07 
13561 13651 70435 70517 1.98361e+08 696252 7.34071e+06 181342 72099.4 2857.14 5.85544e+07 
10742 10792 75606 75643 2.46673e+08 423677 7.94589e+06 233149 98829.6 5489.65 7.28058e+07 
12401 12449 79660 79729 2.66555e+08 527119 8.59278e+06 251186 104567 5888.1 7.86769e+07 
10214 10235 75497 75590 2.5507e+08 755551 9.52293e+06 235591 96896.6 5957.69 7.52821e+07 
14506 14602 74887 74987 2.13304e+08 651597 8.1677e+06 190509 83213.7 5058.99 6.29585e+07 
13340 13388 77140 77240 2.48227e+08 481962 9.17093e+06 226448 100251 6265.44 7.32567e+07 
16995 17073 70671 70723 1.59894e+08 585417 6.57231e+06 156948 60919.2 3296.84 4.71954e+07 
13500 13520 77802 77875 2.34411e+08 452282 7.99829e+06 232924 94088.6 5633.95 6.91797e+07 
18297 18318 74313 74330 1.51012e+08 371485 6.99639e+06 170796 67789 3448.21 4.4574e+07 
14608 14657 76924 77022 2.22555e+08 418111 7.93362e+06 215042 93816 5597.68 6.56828e+07 
19635 19670 77652 77686 1.78388e+08 398059 7.48245e+06 190738 81151.6 4721.81 5.26409e+07 
19204 19227 75174 75221 1.60081e+08 323256 6.90773e+06 175849 69886.7 4315.79 4.72451e+07 
10374 10468 70608 70660 2.09284e+08 377370 7.89524e+06 204683 91795.6 5572.34 6.17883e+07 
14280 14344 70726 70823 1.88398e+08 445934 7.07822e+06 179254 72201.5 3529.46 5.56163e+07 
12873 12882 70981 71054 1.93089e+08 433715 7.48156e+06 188850 76109.8 5140.47 5.69969e+07 
10897 10951 76872 76933 1.61909e+08 348938 8.56757e+06 194343 88494.9 5689.42 4.77886e+07 
12335 12368 77083 77136 2.2525e+08 421572 7.99083e+06 231489 93475.7 5603.55 6.64746e+07 
17233 17308 75484 75536 2.02849e+08 457325 6.44456e+06 191528 76900.1 4432.33 5.98728e+07 
19691 19708 71923 71994 1.32987e+08 377421 5.24604e+06 150941 60940.2 2890.76 3.92611e+07 
19371 19408 70534 70626 1.65656e+08 513661 5.78351e+06 143492 84860.9 4906.4 4.89053e+07 
14450 14550 74975 75038 2.27289e+08 1.07111e+06 8.13946e+06 195298 88829.8 6443.05 6.71714e+07 
10134 10148 74595 74623 2.30685e+08 480323 9.14934e+06 229591 89710.2 5304.48 6.80759e+07 
16488 16492 73315 73326 1.91783e+08 362681 7.04135e+06 180776 72272.1 4627.16 5.65961e+07 
11706 11711 70182 70220 2.00694e+08 637844 7.52805e+06 180745 78984 5635.23 5.92453e+07 
17996 18095 71714 71760 1.73445e+08 481648 6.22772e+06 159022 67608.4 3883.73 5.11913e+07 
12159 12202 72601 72613 2.20989e+08 453560 6.9934e+06 203129 94804.4 5117.81 6.52205e+07 
15576 15585 78523 78531 2.40204e+08 463940 8.62109e+06 222551 95332 5537.28 7.0885e+07 
11521 11541 76437 76535 1.25634e+08 319237 9.35185e+06 160031 76399.4 5601.6 3.70785e+07 
12917 12992 72978 73064 2.22223e+08 770826 7.84722e+06 191377 90486.8 5580.44 6.56122e+07 
11387 11461 79537 79595 2.93006e+08 584422 8.77067e+06 258643 109990 7517.7 8.64801e+07 
12093 12147 77207 77249 2.58113e+08 698924 9.35717e+06 238539 96887.5 4683.81 7.61953e+07 
16799 16812 72289 72297 1.89593e+08 390023 6.92455e+06 171904 72030.2 5111.7 5.59532e+07 
11771 11789 78359 78435 2.64141e+08 637060 9.72344e+06 237620 109239 6351.07 7.79673e+07 
15195 15196 74040 74065 2.11454e+08 777613 7.6405e+06 199684 83570 5520.49 6.23919e+07 
18709 18757 74180 74213 1.78602e+08 357206 6.66015e+06 161231 67806.1 4524.62 5.27076e+07 
12649 12717 75288 75356 2.22941e+08 443351 8.46362e+06 218943 86903.8 4833.71 6.57916e+07 
11261 11269 71758 71793 1.97747e+08 411487 7.79451e+06 196273 86607.5 5658.56 5.8364e+07 
10066 10070 75436 75485 2.54469e+08 612407 9.34596e+06 240611 99917.8 5736.73 7.50874e+07 
17838 17839 72640 72714 1.83161e+08 400851 6.5951e+06 170980 70179.4 4501.15 5.40587e+07 
12591 12633 77498 77590 2.506e+08 552229 9.27982e+06 236781 99497.6 5718.68 7.39559e+07 
16701 16784 79380 79472 2.23705e+08 387669 8.63728e+06 221818 99328.6 5398.96 6.60246e+07 
18054 18125 78244 78324 2.15148e+08 485530 7.92126e+06 201978 81452.8 4623.17 6.34934e+07 
14142 14206 79553 79645 2.54213e+08 599457 9.32122e+06 239140 98090.2 4215.72 7.50315e+07 
16469 16502 71899 71975 1.86799e+08 421466 6.77158e+06 172699 72003.7 4662.58 5.51252e+07 
12265 12337 73480 73535 6.2502e+07 153782 8.12413e+06 207228 54994.6 5131.54 1.84596e+07 
19511 19552 71378 71468 1.65754e+08 725173 6.13814e+06 155018 73804.6 5381.2 4.89077e+07 
18758 18832 77790 77842 2.11639e+08 451745 7.97638e+06 197105 80268.6 6373.99 6.24778e+07 
19806 19818 75587 75661 1.89422e+08 504444 7.01612e+06 176075 72728.9 2962.87 5.59152e+07 
19274 19306 71808 71823 1.69543e+08 305309 6.17936e+06 156921 61053.3 4826.45 5.00445e+07 
10106 10110 77955 77969 2.77898e+08 537806 1.04109e+07 258182 108759 7393.51 8.20239e+07 
16572 16653 74891 74960 2.12205e+08 517733 7.69637e+06 187395 78118.6 3565.37 6.26266e+07 
10020 10097 74806 74815 2.59614e+08 462690 9.43188e+06 230547 96406.6 5407.68 7.6618e+07 
10957 10994 70271 70358 2.17126e+08 381090 7.89882e+06 192971 79718.7 5458.5 6.40837e+07 
12368 12412 77595 77668 2.15625e+08 463730 8.48905e+06 248033 97626.8 5467.92 6.36868e+07 
15722 15725 77672 77722 2.32345e+08 517494 8.51466e+06 211703 82298 5164.73 6.85703e+07 
13992 13995 72005 72014 2.03102e+08 439860 7.22868e+06 175809 77200.9 4890.89 5.99385e+07 
11373 11455 70656 70737 2.14331e+08 510524 7.73918e+06 188096 79701.7 5630.53 6.32682e+07 
10771 10786 74278 74281 2.41869e+08 624230 8.73078e+06 225087 93914.1 4516.18 7.1395e+07 
18311 18359 71023 71064 1.65577e+08 401908 6.09887e+06 156654 62999.3 3443.96 4.88664e+07 
17426 17473 77246 77315 2.20356e+08 553466 7.9456e+06 201593 81967.8 4493.72 6.50291e+07 
10171 10174 78518 78604 2.86959e+08 641319 1.01647e+07 264293 103358 6517.05 8.46913e+07 
18977 19031 70971 70988 1.68913e+08 323222 5.97436e+06 154899 64042.7 4164.93 4.98605e+07 
13196 13268 73757 73850 8.43372e+07 180087 8.23854e+06 208834 64631 5745.4 2.4913e+07 
18769 18865 72925 72974 1.74503e+08 318030 6.43712e+06 165174 68285.5 4512.93 5.15026e+07 
18154 18221 74151 74206 1.8786e+08 365383 6.90433e+06 176094 70708.6 4654.46 5.54481e+07 
14759 14812 79866 79866 2.60709e+08 612387 9.28726e+06 223783 104917 5844.23 7.695e+07 
15530 15574 77297 77359 2.3459e+08 1.90821e+06 8.93486e+06 222300 94433.6 5029.44 6.92991e+07 
10066 10084 73410 73480 1.04922e+08 1.91365e+06 9.84128e+06 229526 72366.9 7673.98 3.09331e+07 
17784 17865 76092 76183 2.06939e+08 552846 7.65317e+06 188171 76532.7 3888.83 6.10852e+07 
18191 18225 74384 74454 1.92754e+08 388350 5.95989e+06 174989 74182.1 4631.16 5.68862e+07 
16294 16333 75016 75111 2.10323e+08 448892 7.70765e+06 190643 77649.2 4595.45 6.20743e+07 
11224 11224 78139 78201 2.74135e+08 521384 9.97686e+06 250513 107630 6126.19 8.09256e+07 
12044 12120 77517 77598 2.65442e+08 1.32053e+06 9.79837e+06 223984 107010 6821.03 7.83736e+07 
12799 12850 72449 72496 2.19362e+08 490174 7.92801e+06 186481 88011.2 4529.48 6.47404e+07 
14366 14380 74533 74569 2.11225e+08 395580 7.10385e+06 201623 85224 5217.16 6.23503e+07 
15186 15221 75125 75174 1.42107e+08 438984 8.07029e+06 159895 65165.8 3408.13 4.19527e+07 
16882 16904 71667 71716 1.8564e+08 672398 6.65157e+06 169492 73562 5210.3 5.48123e+07 
18766 18843 71025 71075 1.6472e+08 371928 6.114e+06 150275 62937.3 3478.57 4.86152e+07 
12721 12806 77852 77866 2.56282e+08 779892 9.44311e+06 221944 101512 6397.53 7.56541e+07 
19517 19521 76717 76771 2.02392e+08 962113 7.47095e+06 182010 78726.8 5268.71 5.97125e+07 
17876 17941 71647 71654 1.7783e+08 1.10767e+06 6.53344e+06 161259 63743 5226.26 5.25191e+07 
12086 12122 75294 75366 2.45208e+08 543523 8.74785e+06 218867 90983.8 4558.68 7.23718e+07 
17794 17890 73383 73397 1.83504e+08 399473 6.84247e+06 168521 68338.4 3929.51 5.41581e+07 
15627 15689 75686 75743 2.21329e+08 498223 7.96376e+06 202222 81588.4 4812.99 6.53145e+07 
15858 15878 71015 71039 1.86263e+08 347792 5.87014e+06 167822 67815.2 4806.28 5.49732e+07 
13698 13790 76568 76596 2.37938e+08 364023 7.50222e+06 217262 88632.5 5052.02 7.02243e+07 
10989 10999 73036 73120 2.42004e+08 1.15024e+06 8.75388e+06 198907 89287.1 5805.2 7.14194e+07 
12529 12580 79904 79907 2.73521e+08 794807 9.8829e+06 235562 108900 5935.48 8.07269e+07 
15343 15421 70025 70059 1.78971e+08 505179 6.76899e+06 166202 66905.3 3754.77 5.28146e+07 
11120 11157 71524 71602 2.18335e+08 364823 6.95671e+06 199780 79952.6 5249.6 6.44356e+07 
16734 16740 73554 73594 1.98033e+08 1.59669e+06 7.51429e+06 168389 75713.6 5743.52 5.84654e+07 
19492 19550 70747 70751 1.60391e+08 690846 5.5677e+06 143943 60338.3 4782.76 4.73513e+07 
17814 17871 75955 76004 2.05386e+08 599440 7.55937e+06 176438 72102.8 4211.75 6.06116e+07 
11676 11743 75070 75124 2.43447e+08 694426 9.00795e+06 220269 86427.2 3911.88 7.18414e+07 
10192 10239 76572 76626 1.09946e+08 540476 1.03935e+07 238982 58483 5646.95 3.24562e+07 
12301 12361 77726 77766 2.57104e+08 411272 8.20891e+06 233602 92467.6 5531.73 7.58814e+07 
17211 17277 76145 76237 2.11123e+08 595218 7.79653e+06 180902 75287.4 4518.25 6.2309e+07 
12127 12197 75252 75343 2.39966e+08 726179 8.87259e+06 218094 86622.8 3744.16 7.08181e+07 
14152 14221 71284 71359 1.18045e+08 420161 7.54816e+06 175342 57386.5 3795.04 3.4839e+07 
18600 18674 75667 75668 2.01501e+08 384238 7.70106e+06 193108 82287.8 6355.79 5.95233e+07 
14183 14265 79651 79684 2.6135e+08 427108 9.56364e+06 235226 92743.1 5502.26 7.71235e+07 
13111 13118 76100 76149 2.40789e+08 790034 8.97499e+06 220765 85142.4 4740.76 7.1065e+07 
10910 11004 78245 78321 8.23228e+07 570144 1.05818e+07 226488 61378.9 2417.51 2.43026e+07 
12920 12966 79736 79815 2.7408e+08 1.60524e+06 9.96196e+06 245361 99850.9 6059.94 8.08748e+07 
19975 20065 79508 79530 2.16562e+08 414426 6.80292e+06 194770 75703.5 5090.72 6.39109e+07 
14577 14652 75679 75687 2.2872e+08 851908 8.43518e+06 208422 80790.7 5589.67 6.74946e+07 
14832 14906 72142 72169 2.00963e+08 680192 7.33351e+06 182859 69207.4 4610.91 5.93139e+07 
16157 16206 72527 72577 1.97237e+08 363407 6.02636e+06 177339 68609.3 5185.35 5.82064e+07 
11018 11031 72941 72949 2.34965e+08 1.92437e+06 8.8061e+06 211609 90202.9 5842.06 6.9379e+07 
13822 13886 79904 79908 2.66207e+08 457229 9.8059e+06 240486 94367.3 5851.54 7.85669e+07 
11219 11290 79027 79124 2.78379e+08 1.70422e+06 1.02654e+07 241947 104306 7143.3 8.21802e+07 
11289 11331 74218 74272 2.40176e+08 728771 8.78522e+06 218142 83602.7 5371.6 7.08783e+07 
14083 14142 75149 75169 1.99798e+08 1.9115e+06 8.63732e+06 211241 91549.2 3958.87 5.89828e+07 
12852 12903 78106 78172 2.66746e+08 539047 9.73758e+06 240733 100001 6733.99 7.87397e+07 
18337 18350 70479 70567 8.78768e+07 425582 6.48341e+06 157231 32940 4406.64 2.59593e+07 
19304 19378 78086 78148 2.09232e+08 569283 7.78186e+06 188226 74435.6 4287.28 6.17488e+07 
