18363 18419 83476 83521 2.51214e+08 8.55617e+06 228240 6807.41 24803.8 3560.87 22179.9 74.4092 20848.4 159588 3.30028e+06 121118 26209.4 4.65385e+06 31595.2 74.3832 12335.7 7845.02 7.43702e+07 
17298 17358 84158 84200 2.60557e+08 8.63653e+06 238554 5921.4 45588.4 13595.2 26035.7 516.381 26845.1 135314 3.44468e+06 127295 8322.58 3.53757e+06 30247.5 198.935 13206 7932.14 7.69967e+07 
16328 16420 87351 87380 2.98554e+08 9.40832e+06 257755 7133.04 31154.2 3986.67 31247.1 346.165 31103.5 162353 4.03854e+06 149189 13222.6 4.16865e+06 35348.7 676.625 15541.4 8737.99 8.82474e+07 
19723 19745 89115 89128 2.85499e+08 9.25014e+06 259548 15797.6 43660.9 9105.23 26760.9 144.519 23485.2 153926 3.81898e+06 140767 12923.6 3.752e+06 30657 70.2768 13872.2 8563.09 8.43397e+07 
11626 11660 89668 89697 3.64757e+08 1.14412e+07 312733 10423.5 45952.9 4822.07 34413.8 455.931 36384.9 212709 4.89574e+06 180117 29854.9 4.77144e+06 40786.7 132.436 17513.9 9841.33 1.07825e+08 
13285 13310 81595 81679 2.64757e+08 9.00009e+06 245252 10802 36269.4 4319.45 23999.2 78.3852 22365.8 130099 3.48708e+06 130217 4384.33 3.72488e+06 33056.9 518.52 14858.5 8150.59 7.83506e+07 
10980 11002 89658 89703 3.71176e+08 1.23147e+07 333940 9326.49 43263.2 5952 33442.7 313.022 29922.2 187013 4.91625e+06 175037 12449.3 7.65604e+06 70480.1 284.258 18726.6 10492.5 1.09652e+08 
13899 13997 85099 85102 2.98718e+08 9.51867e+06 261081 7962.29 29815.3 4682.67 28741.5 333.418 29265.7 155990 3.99585e+06 145290 12732.6 4.05733e+06 32782.5 66.2436 14916.3 8369.19 8.83205e+07 
19666 19751 85754 85783 2.44804e+08 8.7734e+06 234809 8700.32 43130.8 3421.41 21215.5 72.4764 22700.1 168993 3.74048e+06 147356 22323.4 4.8092e+06 28424.8 96.5854 12333.6 8142.39 7.24387e+07 
17122 17189 87380 87471 2.80276e+08 9.6455e+06 264350 10445 31433.5 4374.64 25012.1 88.196 24768.7 149740 3.9339e+06 143979 21990.8 5.32603e+06 33609.8 823.001 14723.6 8785.07 8.29622e+07 
11640 11650 84404 84498 3.14302e+08 1.01884e+07 271755 5961.99 32544.4 12493.8 31850.8 230.018 31296.3 161413 4.26212e+06 155485 4848.41 4.31469e+06 36765.7 363.761 16011.8 9034.11 9.28805e+07 
17259 17300 86883 86892 2.90379e+08 1.39446e+07 291480 32162.9 45514.3 4363.46 26369.2 86.2743 23859.7 157831 3.81065e+06 138740 18373.6 3.78763e+06 33898.6 71.8671 16779.4 11094.1 8.61947e+07 
18693 18767 87073 87073 2.76676e+08 9.46076e+06 299796 20584 52711.3 9316.53 24235.4 301.456 28908.7 134621 3.92456e+06 137591 13395.5 3.78756e+06 33282.8 1143.96 14704.6 7862.99 8.1685e+07 
19590 19663 80960 80988 2.24292e+08 7.28844e+06 200618 17613.6 33987.8 11071.5 20526 70.4498 18623.1 105419 3.00605e+06 110017 3825.54 2.93539e+06 24809.1 38.6404 11190.6 6152.1 6.62275e+07 
19277 19296 82231 82264 2.36433e+08 7.54801e+06 206244 4918.4 32120.7 4552.78 21285.3 492.196 25850 136703 4.60493e+06 114852 10228.2 3.10186e+06 26865.9 17.4716 11805.9 6150.04 6.98835e+07 
17693 17694 82365 82422 2.5227e+08 8.02163e+06 217772 6205.19 44961.2 4998.33 22448.8 348.977 25831.3 133705 3.35106e+06 120198 6814.97 3.32372e+06 29275 49.7141 12872.3 7570.12 7.45632e+07 
15330 15335 83690 83789 2.62033e+08 8.80845e+06 245526 16227.1 40556.8 9394.62 25408.2 400.204 27128.5 142847 3.9888e+06 150018 8308.54 4.09052e+06 32381 32.2492 12925.5 7461.01 7.73966e+07 
11482 11564 87947 88016 3.34284e+08 1.11278e+07 312334 18076.1 38479.2 6754.31 31463.3 105.065 34543.8 171256 4.53717e+06 191117 18531.3 6.23951e+06 39600.2 1070.95 17168.5 9748.83 9.88436e+07 
14693 14763 88926 88986 3.04218e+08 1.55482e+07 323853 10207.4 39718.7 5096.94 28012 221.988 31023.3 147438 4.16781e+06 150502 3590.68 4.21139e+06 37781.1 1193.06 16372.4 8676.61 9.00337e+07 
13207 13207 84344 84436 2.87489e+08 1.44959e+07 293265 10612.8 53990.4 8165.9 25633.4 308.572 31011.9 147710 4.14763e+06 153612 13181 4.26657e+06 36276.1 1279.09 15147.8 8339.84 8.48851e+07 
17592 17665 89873 89955 3.16492e+08 9.59234e+06 321710 19707.5 63845.1 9487.1 26762.7 283.39 29443.2 168375 4.29998e+06 154947 18286.8 4.19867e+06 36802.7 1448.24 15732.7 8443.57 9.34259e+07 
10854 10893 83506 83598 3.0359e+08 1.58301e+07 293907 12180 33499 5435.76 28577.6 285.785 28112.6 162350 4.36812e+06 152977 22134.5 3.97257e+06 34419.1 583.427 15323.5 9326.86 8.97424e+07 
18319 18412 87727 87819 2.94792e+08 9.04381e+06 249781 37735.1 59911.2 11287.7 26813.1 133.895 23510.1 161075 3.88972e+06 142292 11836.3 3.87096e+06 33504.3 58.0404 14416.8 8084.65 8.70501e+07 
11168 11172 82295 82394 3.01545e+08 1.50579e+07 293569 16194.6 33588.5 4375.78 26226.7 100.373 25827 153649 3.94873e+06 145149 9171.7 3.94441e+06 34534.4 460.752 22465.9 9263.83 8.91728e+07 
12449 12484 89750 89767 3.59831e+08 1.18292e+07 320322 11041.3 54620.7 5620.44 31503.4 106.355 28287.5 192682 4.63386e+06 171956 22960.2 7.43635e+06 42068.6 272.388 17844.8 10073.4 1.06309e+08 
14775 14867 82888 82964 2.70046e+08 8.74247e+06 242369 31612.5 32671.7 10116.8 25094.1 185.535 22881.3 124770 3.75238e+06 135114 1839.09 3.71772e+06 30962.1 26.5777 13979.5 8341.15 7.97271e+07 
17635 17645 88837 88882 3.00417e+08 9.81983e+06 261872 7168.82 38761.8 13538.2 28022.6 650.969 30359.5 149860 4.00006e+06 144151 2659.63 4.08037e+06 35361.8 7.3948 15253.3 8375.22 8.87299e+07 
13396 13433 85325 85348 3.03655e+08 9.94416e+06 269952 11011.3 36905.3 4981.7 26587.1 95.3653 25192.6 159639 4.00273e+06 144076 16853.6 3.9751e+06 35349.3 341.06 18424.2 9063.45 8.9714e+07 
18663 18694 86655 86660 2.67812e+08 9.05845e+06 241854 7285.54 38980.8 3372.05 23880.1 79.2066 23968.1 153520 5.23328e+06 148699 9975.03 4.8509e+06 31952.6 996.334 14041.3 8026.2 7.91732e+07 
14520 14615 89360 89449 3.1854e+08 1.1138e+07 298898 10661.1 33139.9 4078.95 27696.3 94.1624 37870.1 175773 6.08655e+06 180911 12880.9 4.51369e+06 39830.4 837.071 16979.9 9768.91 9.41322e+07 
10147 10150 80067 80148 2.69783e+08 9.24794e+06 251978 5763.97 26830.2 4560 24594.2 362.502 31466.4 132913 3.92907e+06 141897 1255.63 3.82252e+06 33825.7 810.197 14087 7840.89 7.96965e+07 
18606 18682 83243 83270 2.31426e+08 7.89625e+06 213718 7115.29 24567.4 5234.07 21904.5 123.483 28963.5 120259 5.18774e+06 139558 1389.17 3.27362e+06 28852.9 336.188 12172.7 6444.13 6.83733e+07 
17457 17480 81025 81092 2.2707e+08 7.78317e+06 208105 7834.06 22012.9 3531.57 20016.6 75.5816 20079.3 108391 3.43731e+06 141396 1626.48 5.43054e+06 27332.1 0 11100 6090.96 6.71151e+07 
18057 18080 81776 81794 2.26547e+08 1.83259e+07 247899 28720 23642.5 3562.65 20628.8 67.1392 19445 107204 3.21171e+06 113640 876.74 3.19141e+06 27583.2 0 11437.7 6252.79 6.70982e+07 
13338 13380 83436 83487 2.50772e+08 9.25826e+06 250117 13150.6 32344.2 12016.1 27807.9 282.331 30539.6 126943 4.0159e+06 148479 3025.81 4.11033e+06 36544.3 1190.48 16118 7900.01 7.401e+07 
13846 13936 80015 80018 2.33227e+08 8.26684e+06 229316 5091.76 32717.2 13425.2 29028.9 487.619 25344.4 114783 3.55447e+06 127987 2414.25 3.51176e+06 30440.3 1130.16 12348 7005.6 6.8828e+07 
16167 16263 89225 89296 2.79996e+08 1.05209e+07 288614 5092.23 62228.5 33249 49248.2 4183.15 30286 155958 4.61509e+06 166813 5022.34 4.31403e+06 34856.7 220.424 14724 9339.13 8.23759e+07 
18520 18535 82475 82540 2.33011e+08 8.08233e+06 203045 4900.39 32047.9 5228.07 22246.7 400.625 28620.5 116432 3.16427e+06 117027 4285.01 3.30206e+06 28633.2 693.811 11827.2 6665.83 6.88062e+07 
10534 10586 83482 83558 3.02511e+08 1.04079e+07 283085 11163.6 36679.6 6260.44 26568.8 196.683 29184.5 152674 4.08659e+06 151879 15197.4 4.14608e+06 35859.2 1520.05 20309.8 9770.06 8.93712e+07 
15928 16014 82844 82916 2.46874e+08 8.52707e+06 260643 5979.4 36418.7 5653.54 26527.4 369.204 28465.2 143805 3.36825e+06 122348 11764.8 3.42859e+06 30552.4 1379.26 15376.2 8940.87 7.29095e+07 
9985 10038 86108 86166 3.50172e+08 1.12509e+07 305358 8960.21 47117.1 5226.07 31339.6 341.728 38340.5 206274 4.63312e+06 169411 25405.7 4.52711e+06 39507.8 1515.11 17392.1 9761.12 1.03441e+08 
12259 12310 85056 85103 3.11032e+08 1.31907e+07 261525 18502.5 46220.4 9804.57 28921.2 175.09 26934.2 162032 4.2415e+06 148965 10222 4.16085e+06 36055.9 619.861 15704.2 8551.92 9.18243e+07 
10915 10947 80237 80240 2.91283e+08 9.25761e+06 254955 9213.98 37713.6 5348.27 25197.2 90.4845 24243.5 160270 3.72502e+06 134291 43868.7 5.22765e+06 36292.1 1109.14 14995.3 8031.34 8.61345e+07 
15341 15381 83891 83936 2.75153e+08 8.96767e+06 249049 7230.9 31624.3 3773.05 23552.3 85.4143 25232.5 148868 5.05114e+06 151633 9686.83 3.66422e+06 32135.6 1335.09 14778.6 7694.61 8.13052e+07 
12502 12587 80339 80345 2.65079e+08 8.84737e+06 231892 7330.17 36171.6 4099.9 23892.7 94.0485 23669.8 150015 5.19927e+06 155606 11137 4.98118e+06 31134.4 1168.4 13737.1 7119.24 7.83312e+07 
12061 12074 88981 89045 3.50772e+08 1.13192e+07 306328 12338.7 45151.5 6682.85 31034.1 129.883 30634.1 190075 4.69345e+06 188558 31637.8 6.55549e+06 42838.1 1252.06 18585 9733.75 1.03603e+08 
14468 14500 84518 84598 2.9711e+08 9.31686e+06 313931 17014.3 56011.8 4709.96 26548.7 140.531 25353.3 158442 3.93427e+06 143985 22611.4 3.91144e+06 33553.1 292.799 14276.1 7889.54 8.78567e+07 
19922 19998 82127 82176 2.27461e+08 1.27073e+07 202454 5040.81 34577.9 16981.6 22324.9 420.006 24809.8 120599 3.17252e+06 114352 10519.8 3.03791e+06 25241.5 179.103 11151.7 6205.43 6.71575e+07 
18119 18163 81584 81596 2.41554e+08 1.18447e+07 209818 6727.13 42408.3 14347.9 22483.4 379.752 20189.4 112241 3.30078e+06 116894 6603.43 3.17596e+06 27329.6 190.193 11804.4 6587.2 7.1309e+07 
18403 18408 81822 81879 2.40622e+08 1.21888e+07 213258 4756.28 32553.1 14147.3 21988.3 346.553 19609.5 112389 3.14965e+06 114946 6004.67 3.24494e+06 27220 130.268 11062.1 6313.73 7.10302e+07 
19962 20044 82612 82708 2.21596e+08 1.28001e+07 200241 7973.1 32773.6 15636.3 20639.7 230.793 20105.6 108671 3.06986e+06 110662 5656.85 3.08507e+06 26039.9 152.652 11549.1 6273.23 6.54221e+07 
18814 18907 87371 87391 2.77071e+08 1.19859e+07 260463 17629.7 39322.8 8769 24552.3 149.932 24552.6 139763 3.76878e+06 136399 10371.8 3.58849e+06 32305.5 1291.7 14831.9 7882.5 8.2004e+07 
12859 12865 88866 88948 3.39747e+08 1.60469e+07 308469 8006.42 44271.6 13937.7 31445 263.743 35653.1 177583 4.57221e+06 164424 7884.32 4.56721e+06 40030 1446.76 18059.1 9860.66 1.00337e+08 
14105 14145 87837 87860 3.19409e+08 1.02376e+07 287377 11244 33197.4 4492.57 27966.7 99.1663 30273.2 165938 4.30591e+06 175692 21079 5.93347e+06 35400.3 145.559 15928.2 8779.29 9.43999e+07 
11126 11214 85566 85645 3.22849e+08 1.0679e+07 291627 17424.1 39671.4 5894.63 28592.3 205.242 31088.1 162064 4.45434e+06 177857 9975.59 5.9108e+06 36874 465.188 15963.8 9340.43 9.54204e+07 
13673 13724 83397 83473 2.88174e+08 9.34993e+06 300046 14873.4 37314 4716.28 25421 85.1956 25445.1 144674 3.81952e+06 139511 10555.7 3.72743e+06 32916.8 99.3573 14113.9 9550.58 8.51544e+07 
15660 15671 84203 84235 2.7859e+08 1.24047e+07 245530 18565.6 43302.6 10785 25366.2 131.741 24299.4 140188 3.91388e+06 138370 13126 3.64042e+06 30487.9 89.098 13169 7535.49 8.22395e+07 
14975 15029 80117 80165 2.53575e+08 7.9735e+06 233081 8791.26 33502.5 4234.41 22296.8 82.5275 20797.6 135811 3.3361e+06 122474 20785.9 3.38848e+06 29161.5 184.934 13041.5 7786.38 7.49875e+07 
19958 19973 85485 85518 2.51037e+08 8.39302e+06 219642 6135.82 29296.1 4242.7 22498.8 296.772 26594 130210 4.96246e+06 128862 1919.08 3.27607e+06 28278.8 55.6176 12782.7 7156.96 7.41471e+07 
15208 15299 86023 86076 2.95399e+08 9.55861e+06 266758 10682.6 28892.2 3879.78 26065.1 87.3117 29983.9 151103 5.32196e+06 156335 5314.66 4.04253e+06 33142.5 36.3656 14977.3 8738.12 8.7247e+07 
11679 11763 83502 83557 3.06742e+08 9.50354e+06 267516 14997.3 32073.3 5921.21 26825.7 90.8448 23966.9 157569 3.99289e+06 167485 6741.85 5.52302e+06 35452.6 87.2189 16301.1 9364.59 9.07969e+07 
19846 19889 84554 84572 2.45598e+08 1.1374e+07 222319 20643.9 43162.5 10988.5 21841.2 76.4625 23390.2 125176 3.32501e+06 118062 7449.16 3.21344e+06 29803.9 1085.8 12329 7086.84 7.27827e+07 
11382 11404 80247 80336 2.81385e+08 1.24084e+07 250126 16880.1 39679.5 9052.1 24945.8 137.447 25173.9 134642 3.76136e+06 135622 7662.01 3.81953e+06 31957.6 83.3166 14103.9 7437.68 8.33185e+07 
18363 18383 86120 86202 5.91202e+07 9.20839e+06 255677 657800 0 15919.2 10121.8 178.188 11185.1 54416.6 2.18117e+06 214746 13080 1.35039e+07 -nan -nan -nan -nan 3.16769e+07 
18145 18191 86124 86221 2.83695e+08 9.03565e+06 240665 11394.6 39820.5 5171.43 24722.5 83.9808 22334.2 169285 3.54575e+06 147735 27806.9 4.86063e+06 31031.2 76.3626 14162.5 7607.76 8.39413e+07 
10735 10742 89613 89679 3.62172e+08 1.1739e+07 315933 11644.8 59555.4 6209.12 32386.7 159.849 31200.1 189182 4.88326e+06 176067 10010.7 4.91128e+06 43614.7 58.784 18150.6 10791.9 1.07045e+08 
16649 16684 84197 84286 2.72378e+08 8.66804e+06 247735 8083.52 45695.4 4997.16 25753.2 193.332 30548.9 139955 3.80711e+06 133961 11198 3.64179e+06 31783.4 1268.6 13451.2 7344.44 8.04753e+07 
14929 15002 83157 83227 2.70575e+08 8.70212e+06 247015 6406.41 25389.8 3605.35 24170.5 240.934 27688.8 150572 4.96854e+06 138497 5044.22 3.78075e+06 31301.9 59.9874 13038.4 7945.82 7.99773e+07 
13785 13821 84911 84917 3.01444e+08 9.79348e+06 291326 10263.2 34530.6 4291.91 27345.9 89.1731 25547.8 160422 5.83781e+06 155819 15125.5 3.97153e+06 34786.8 378.69 15011.1 7698.04 8.91318e+07 
14165 14238 87771 87826 3.2083e+08 1.04111e+07 282560 10949 44897.1 6051.48 28231.7 94.8761 28728.2 163082 4.31929e+06 155472 23750.6 4.1269e+06 41856.9 1381.39 17147.5 9186.53 9.48276e+07 
12672 12764 88349 88414 3.39187e+08 1.48362e+07 298215 20507.3 52752.1 10639.6 30721.9 102.719 28514.5 184624 4.50051e+06 167340 14676.9 4.65395e+06 39515.3 475.824 16542.1 9666.98 1.00174e+08 
12460 12544 86639 86663 3.26378e+08 1.48157e+07 291628 7240.39 42985.8 12863.4 34418.9 305.415 33286.8 176427 4.37454e+06 162124 14986.1 4.42115e+06 39775.2 1550.66 17148.2 8448.96 9.64003e+07 
12193 12274 86012 86088 3.14543e+08 9.92546e+06 288093 10796.5 32167.5 4063.73 27864.6 397.625 32784.2 173233 5.76229e+06 158377 9728.53 4.41478e+06 38808.2 131.736 15630.6 8367.68 9.29746e+07 
19730 19746 82996 83019 2.40251e+08 1.18444e+07 210419 24663.3 46869.8 14722.2 23215.1 70.9815 21307.1 123517 3.25308e+06 113867 16324.7 2.96892e+06 26186.2 360.609 12811.1 6739.55 7.09325e+07 
16009 16041 87483 87582 3.0204e+08 9.65843e+06 253982 13394.3 41011.9 5274.83 26868.3 89.4047 25321.4 154746 3.94835e+06 140998 13628.7 5.88739e+06 36771.6 81.9415 15313.6 8653.32 8.93677e+07 
11216 11239 83061 83090 3.06885e+08 9.7906e+06 298557 9320.25 36998.2 4374.03 26569.4 90.8081 29955.2 168103 5.48907e+06 153244 16704.2 4.14676e+06 34759.5 75.6043 14869 8651.82 9.07095e+07 
14828 14829 86113 86128 3.02524e+08 9.64548e+06 267121 13021.8 48115.9 5452.1 26553 93.931 25262.9 149351 4.05583e+06 146164 5467.02 4.07109e+06 34975.3 50.5996 18581.2 8628.4 8.94056e+07 
16246 16327 80501 80547 2.08167e+08 7.80493e+06 214679 10954.1 24964.2 4022.98 20365.4 64.9732 20336.9 114718 3.26442e+06 120206 2957.76 3.46449e+06 32015.5 955.033 13041.8 6625.15 6.18501e+07 
16132 16165 86565 86629 2.62476e+08 8.86279e+06 270875 15006.8 41422.7 5388.91 23588.9 77.4868 25502 152995 4.22722e+06 149811 24554.7 4.05705e+06 35598.1 1500.78 21175.3 8970.47 7.74547e+07 
12393 12438 80098 80115 2.51767e+08 1.26833e+07 222441 14228.1 44766.4 10787.7 27727 81.7871 24353.6 134013 3.45098e+06 124705 5374.78 3.44599e+06 30814 1323.59 13776.2 7744.77 7.43044e+07 
11722 11750 81893 81941 2.50122e+08 1.29928e+07 262035 23072.1 48301.8 10742.7 26355.6 187.247 26841.1 137081 3.96372e+06 145049 7485.65 4.00697e+06 33759.7 1430.49 15602.3 8165.92 7.38205e+07 
17623 17679 89618 89625 2.93357e+08 9.76818e+06 272307 7715.75 36135.1 4008.74 31325 250.727 34756.8 184370 4.18018e+06 147469 10792 4.20007e+06 35878.5 1348.34 15872.7 9712.6 8.66304e+07 
18458 18545 80787 80854 2.1684e+08 7.5824e+06 284007 9297.24 31002.6 3149.44 20301.7 67.3103 21683 122897 3.4711e+06 148553 16367.2 4.30614e+06 25706.3 776.937 10764.4 6301.78 6.4066e+07 
13968 13987 83649 83689 2.49525e+08 9.22347e+06 293399 8224.46 35875.3 3996.62 24496.7 73.7482 25176.8 155532 5.27805e+06 157359 8603.47 3.78493e+06 33429.4 1308.49 15524.1 8374.55 7.37065e+07 
10873 10913 88401 88482 3.39241e+08 1.14223e+07 357041 11705.6 37927.5 5661.45 30945.6 100.189 30635.7 186253 6.7483e+06 188454 9971.89 4.66528e+06 42296.8 1654.37 18992.7 10101.8 1.00144e+08 
13493 13573 81946 81947 2.64388e+08 9.32654e+06 239579 15556.9 43283 5524.82 24662.2 81.976 23580.9 147861 3.49852e+06 129996 27977.3 3.52704e+06 34278.5 1471.52 17965.5 8808.71 7.80377e+07 
12368 12445 80475 80475 2.66586e+08 9.02629e+06 250630 17757.9 35423.7 5331.72 23893.9 86.5909 24719 142455 3.81239e+06 135472 11238.6 3.55155e+06 30557 1347.21 23961.2 9821.71 7.867e+07 
19392 19398 86386 86414 2.59247e+08 1.18549e+07 236170 19935.5 50729.5 9903.52 24056.2 199.302 22712.6 127961 3.58221e+06 130615 10766.5 3.54798e+06 30168.5 1147.74 13560 7927.17 7.64981e+07 
17960 17972 83875 83954 2.38396e+08 1.26218e+07 254499 6317.06 34721.7 5546.88 26094.9 416.626 32735 138877 3.59135e+06 135354 4845.7 3.48412e+06 28017.2 1082.34 12282.8 7258.66 7.03951e+07 
17840 17879 88284 88315 2.53036e+08 1.30577e+07 249843 6573.77 52018.5 6423.67 27256.4 394.402 37814.3 165394 4.02362e+06 139376 7814.04 3.80283e+06 33884.6 1302.87 16157.7 8422.03 7.47059e+07 
18615 18710 89033 89076 2.71272e+08 8.78825e+06 284355 7861.94 54231.5 6762.05 28187.2 383.431 38168.2 171280 4.24086e+06 161759 10165.4 4.3227e+06 34649.2 625.895 14850.6 9212 8.01018e+07 
17177 17182 83138 83141 2.5068e+08 8.03713e+06 318108 7753.93 41491.7 3185.19 21360.1 77.7757 30174.7 169211 5.14311e+06 130601 6721.01 3.43326e+06 31258.1 999.657 13616.9 7135.54 7.39727e+07 
12923 13013 86945 87002 3.05121e+08 1.18924e+07 284053 19089.8 50410.7 6639.86 27964.8 198.216 28630.8 164107 4.36576e+06 158682 14638.7 4.27872e+06 38100 1649.21 29514.3 13034.9 9.00546e+07 
15226 15252 82608 82609 2.39224e+08 8.59402e+06 266164 8778.63 25461 3633.74 22808.7 70.7321 22941 141911 3.36626e+06 147713 18039.1 5.38303e+06 31543.2 1087.09 14995.4 7784.04 7.06909e+07 
10281 10365 85369 85393 3.32171e+08 1.06905e+07 290693 16319.4 34846.6 6311.64 28553.3 98.2241 28310.7 156023 4.37918e+06 190491 12087.9 5.98157e+06 38316.6 1491.22 17188 9342.39 9.81734e+07 
11729 11823 86940 86950 2.92422e+08 1.32332e+07 280327 12880.9 56187.6 8344.01 26860.5 129.948 28044.5 154077 4.29587e+06 153367 17383.6 5.4545e+06 49344.4 2092.87 16415.4 10680.4 8.63002e+07 
15939 15941 87174 87200 3.01674e+08 1.25921e+07 269356 19768.5 68016.1 10197.2 26195.6 143.344 25371.6 152947 3.99296e+06 151163 14988.4 4.03296e+06 35637.6 1396.65 15582.5 12094.4 8.90272e+07 
11999 12019 89698 89760 3.56133e+08 1.51208e+07 320286 27020.5 56969.4 11090.2 30908.2 107.779 31736.2 180648 4.80248e+06 177275 4547.31 4.79535e+06 41195.2 1727.74 18144 10325.4 1.05103e+08 
16612 16621 83641 83720 2.71948e+08 8.07961e+06 283381 9044.72 43976.8 3315.95 22784.8 84.3974 23046.6 181380 5.03457e+06 152975 17145.3 3.5833e+06 32004.3 1295.67 14067.5 7703.37 8.03429e+07 
17069 17136 80208 80270 2.34468e+08 1.17228e+07 213088 43141.6 59641.4 15377.4 20530.4 69.2243 20361.4 119177 3.22593e+06 120226 13369 3.14894e+06 26908.1 1223.78 12358 7225.53 6.91743e+07 
13872 13929 89033 89071 3.3879e+08 1.37056e+07 314439 30112.1 72136.6 11796.9 29530.9 135.663 28802.5 181625 4.6711e+06 168010 20085 4.46383e+06 39062 993.834 18009 9892.24 9.99971e+07 
14304 14332 86662 86679 1.45532e+08 7.65108e+06 276579 50600.3 27867.8 7411.16 12488.8 45.3023 12319 67218.7 1.99984e+06 281284 5985.81 1.7584e+07 -nan -nan -nan 19436 4.3094e+07 
18426 18481 80118 80189 2.28832e+08 7.23873e+06 203678 9783.27 24512.3 3744.48 19617.8 67.8109 19638.4 118509 3.07005e+06 117546 16785 4.77367e+06 28208.9 474.509 11402.9 6369.89 6.77719e+07 
13725 13813 89291 89311 3.45165e+08 1.09688e+07 356853 15351.2 44567.1 4766.14 30031.9 101.95 28628.1 190315 4.34209e+06 188906 42576.4 5.93889e+06 39860 1503.36 17121.7 9252.61 1.01906e+08 
14041 14062 87661 87724 3.30041e+08 1.08259e+07 281761 22422.7 44099.3 6356.27 27581.3 151.255 30979.8 174818 3.8624e+06 180362 47987.7 5.94798e+06 37197.9 704.243 16993.1 9397.18 9.75499e+07 
10068 10130 83841 83866 3.15738e+08 1.03767e+07 279394 32105.1 45235.2 6024.12 27149.7 239.445 30312.8 167561 4.238e+06 155134 19314.5 4.33675e+06 36520 687.326 22150.1 10129.6 9.31672e+07 
15168 15252 82256 82342 2.67244e+08 9.12177e+06 228081 11656.6 36405.4 5038.1 23359.4 83.0512 23199.7 144454 3.51759e+06 124684 27671.5 3.49959e+06 31768.4 531.313 13568.8 7696.97 7.90558e+07 
10801 10821 83867 83964 3.22229e+08 1.02496e+07 284649 12376.6 45350 5873.64 27877.8 382.781 30800 171598 4.27034e+06 154148 18444.1 4.12011e+06 36707.5 2904.35 21006.1 9065.86 9.5105e+07 
19859 19873 86233 86291 2.62503e+08 8.7118e+06 225468 15144.7 36089.1 5113.71 23494.9 77.657 22855.1 144043 3.48038e+06 123999 26068.8 3.49634e+06 33258.5 1127.24 13231 7208.04 7.76028e+07 
19694 19777 82948 82993 2.3828e+08 7.96697e+06 202610 14805.6 34061.4 4043.05 20965 70.3449 19898.5 128527 3.0615e+06 110758 6509.88 3.10895e+06 27672.9 594.356 16037.8 7040.95 7.03038e+07 
19354 19408 82380 82464 2.34345e+08 7.70512e+06 203306 16503.2 21713.4 4445.91 20754.8 65.7381 20009.4 119375 3.11472e+06 110537 14689 3.21369e+06 27430.9 546.538 14504.7 6914.22 6.91498e+07 
15626 15709 87244 87320 3.04801e+08 9.91499e+06 270553 11248.4 49162.2 5129.06 27223 164.522 25766.1 153210 4.0835e+06 149673 2817.66 4.04866e+06 36145.1 633.992 14978.8 8473.25 8.99673e+07 
19980 19994 83818 83836 2.43777e+08 1.12346e+07 215088 5839.92 37680.8 10793.7 21981.7 334.87 20590.6 126553 3.2006e+06 117841 11470.9 3.22653e+06 28112.4 589.242 12270.6 6882.06 7.19591e+07 
12038 12066 87942 87965 3.34824e+08 1.0775e+07 367835 12559.9 44045.8 5123.6 29355.6 98.8955 29496.9 193047 7.08226e+06 192997 41642.3 4.57252e+06 39705.1 1600.65 18155.4 10120.3 9.88412e+07 
16327 16414 82157 82237 2.57256e+08 1.15776e+07 231690 8849.17 53271 11689.8 23066.1 370.769 31650.8 132505 3.37045e+06 124446 12405.1 3.41182e+06 30254.8 1286.39 14008.8 7498.15 7.59308e+07 
15262 15314 84162 84234 2.84044e+08 9.34089e+06 249072 7157.11 47160.7 4327.26 24804.3 229.579 32555.2 159293 4.59576e+06 140980 14394.4 3.92506e+06 32223.4 613.488 14016.5 7812.11 8.3881e+07 
13402 13442 87052 87133 3.22834e+08 1.02792e+07 341473 10531.1 33574.5 4708.27 27799.9 100.122 27146.6 154272 6.27508e+06 184312 24658.5 4.34991e+06 36770.6 1484.76 16943.4 9316.96 9.53149e+07 
12869 12877 82613 82663 2.86952e+08 9.50227e+06 249723 13756.4 39850.4 5839.84 25170.7 89.2521 25096.3 146409 3.78857e+06 139587 11663.2 3.74797e+06 35508.7 2652.03 14612.7 7852.09 8.49547e+07 
12998 13048 83923 84022 3.04956e+08 1.22305e+07 262585 22658.9 52740 8951.76 26414.4 135.222 26546.5 156251 3.97155e+06 142915 17825.2 4.00012e+06 35546.2 1468.17 15183.7 7927.71 8.99981e+07 
11566 11585 83093 83136 3.05194e+08 9.67525e+06 302048 10221.5 45679.9 5010.87 26849.5 99.1881 25129 183738 5.71524e+06 164338 18079.4 4.21149e+06 35617.8 719.046 14365.3 7898.84 9.01335e+07 
16842 16884 83106 83186 2.571e+08 8.60438e+06 232045 10568.3 27011.5 4768.13 23356.2 76.1257 21617.7 123926 3.42408e+06 145107 13159.6 4.9903e+06 29076.5 380.412 13294.1 7533.47 7.60771e+07 
12968 13023 88466 88549 3.39521e+08 1.11763e+07 296985 10653.8 54856.2 6150.41 30517 180.267 29524.1 195596 4.46446e+06 162414 28998.1 6.59242e+06 39914.7 574.711 17456 9565.35 1.00423e+08 
14886 14938 80738 80739 2.61411e+08 1.25099e+07 229238 7033.91 38981.3 14683.9 24790.5 303.324 22688.3 133051 3.48619e+06 125911 9547.19 3.37183e+06 29071.4 356.902 12972 7012.45 7.71573e+07 
17652 17694 86154 86209 2.81548e+08 1.3232e+07 242867 7061.88 57227.2 17642 26040.9 301.625 27890.1 148797 3.74089e+06 137563 9862.93 3.67418e+06 32187.4 451.975 14305.3 8258.81 8.31058e+07 
16065 16158 85289 85305 2.87193e+08 8.84791e+06 257471 8836.58 51974.6 3664.92 24811.4 275.516 29596.5 163851 4.95382e+06 142944 14510.7 3.91511e+06 32742.9 355.245 14695.4 8014.1 8.48267e+07 
17300 17314 81145 81193 2.4582e+08 7.46509e+06 258905 9506.3 32588.8 2924.48 21158.6 72.6498 20275.6 128876 4.84565e+06 137192 8845.02 3.28822e+06 27753.2 222.432 12371.5 6770.5 7.26088e+07 
12129 12140 85197 85275 3.18147e+08 1.02111e+07 339767 13651.6 38982.1 4592.02 28216.5 103.366 26403.5 179396 4.41397e+06 173598 20341.9 5.39464e+06 35874.8 394.902 16201.9 9158.42 9.39035e+07 
13096 13138 85253 85331 3.08067e+08 1.39637e+07 274861 6759.14 56971.1 13223.2 28276.3 331.444 25978.8 161258 4.21599e+06 153347 5821.76 4.08118e+06 35195.5 238.765 15423.8 9069.76 9.09344e+07 
15711 15792 80939 81014 2.53686e+08 8.00461e+06 225158 8802.47 25125.3 3457.46 22611.9 274.205 25967 143108 4.79962e+06 124419 9618.7 3.37599e+06 28731.2 121.742 12611.7 6807.38 7.49022e+07 
19612 19691 82304 82336 2.30935e+08 7.55817e+06 244259 7387.18 29341.7 3907.36 20223.7 123.332 25079.5 125113 5.01686e+06 115130 8220.5 3.09569e+06 26529.3 106.594 11347.2 6513.72 6.82061e+07 
14917 14976 80553 80611 2.53195e+08 8.19303e+06 228969 7361.22 36683.2 3670.77 22745.3 252.055 26436.7 151643 5.02594e+06 125142 8890.45 3.51323e+06 29811.2 84.1212 12230.7 7206.43 7.47673e+07 
14337 14394 84958 84984 3.01794e+08 9.78715e+06 265563 12957.3 49011.8 5556.61 27217.9 154.886 25287.4 155559 3.88393e+06 144937 23196.1 3.90942e+06 32108.1 143.856 17416.4 8984.76 8.906e+07 
12898 12951 82949 82990 2.86718e+08 9.308e+06 285893 9007.88 35932.7 3829.81 25074.8 84.7509 23640 170203 5.37561e+06 152871 12612.1 3.89612e+06 32503 47.6582 14656.5 8652.2 8.47141e+07 
13485 13549 85466 85497 3.02601e+08 9.69777e+06 267748 8738.68 31825.3 4090.75 26677.2 314.524 30093.4 157423 5.35267e+06 150164 4501.76 4.23272e+06 35609.9 55.8639 15554.9 8457.74 8.93708e+07 
17027 17088 89018 89064 3.03663e+08 9.99949e+06 269259 13102.7 36418.3 5407.67 26812.9 148.554 24857 148288 4.14918e+06 151213 11215.3 4.07681e+06 34751.5 78.4221 17732.8 9023.34 8.96152e+07 
18441 18470 88114 88119 2.87419e+08 1.40621e+07 257908 7376.46 59349.8 6221.89 26826.2 245.531 27897.6 161479 3.89617e+06 143063 8925.92 3.94543e+06 33296.8 26.5307 13663.1 8127.3 8.48808e+07 
16950 17000 87902 87944 2.97218e+08 9.63463e+06 258560 14706.5 34566.6 5793.53 26295.5 88.016 24528.1 146601 3.92029e+06 143132 11850.4 3.92678e+06 35227.3 55.2746 14622.7 8447.3 8.79647e+07 
12026 12084 80462 80504 2.77482e+08 1.25597e+07 243490 25415 35755.2 9448.8 24693.7 139.37 23403.5 140484 3.64978e+06 134932 8124.03 3.75968e+06 32258.5 30.7087 14349.9 8915.18 8.18738e+07 
12257 12336 85787 85823 3.17546e+08 1.52082e+07 279238 6825.71 32265.4 10525.2 29376.7 237.29 29606.8 163234 4.29207e+06 159515 6073.4 4.48488e+06 36714.5 46.8885 15460.5 9060.84 9.37739e+07 
16337 16360 87383 87464 3.09759e+08 9.43048e+06 308180 8964.55 51939.9 3762.91 26628.1 91.5105 24793.3 195776 5.68696e+06 166772 24627.8 4.06895e+06 35443 1061.14 16177 7922.45 9.14626e+07 
19298 19330 84893 84903 2.5193e+08 8.14622e+06 259944 8609.44 33399.2 3776.07 23039.2 74.4884 21450.5 134130 3.38411e+06 136975 17678.4 4.87164e+06 29479.5 37.237 12928.7 7398 7.44539e+07 
12551 12599 87303 87330 3.2853e+08 1.02792e+07 288964 12734.3 47391.3 5880.07 28876.8 97.2794 26763 166067 4.42115e+06 158495 11275.3 6.62906e+06 39696.2 112.526 17200 9396.56 9.72206e+07 
15872 15964 81630 81685 2.55398e+08 7.99623e+06 253190 7559.95 28602.7 3245.64 22716 75.4764 25589.8 141696 4.83138e+06 126275 4083.15 3.53967e+06 29456.4 28.3035 12503.6 7261.53 7.54438e+07 
12124 12218 80110 80166 2.72646e+08 8.98861e+06 273656 10821.1 35711.3 4285.99 24056.6 84.606 22663 156313 5.2196e+06 146907 5921.99 3.64872e+06 30071.4 35.2418 13670.3 7921.95 8.05313e+07 
18751 18833 85395 85456 2.61155e+08 8.51132e+06 269797 8717.65 26772.3 4023.71 23116.3 77.1905 22225.6 129293 3.52988e+06 141246 7265.41 4.92836e+06 29268.2 43.3968 12924.7 7570.77 7.71456e+07 
10198 10283 86873 86899 3.54798e+08 1.1051e+07 306336 8604.99 53734.9 4879.47 32425.1 318.902 34304 203652 4.64506e+06 170756 17601.1 4.66949e+06 41045.7 120.98 16560.8 9412.33 1.04739e+08 
17563 17656 87078 87134 2.83425e+08 1.46082e+07 253103 7781.99 36003 5798.19 25718.6 236.705 27865.7 160960 3.91523e+06 142508 2987.55 3.84236e+06 31618.7 31.3836 15000.7 8421.23 8.36808e+07 
13479 13501 82569 82666 2.78562e+08 1.25962e+07 256949 9315.33 42593.6 12150 27642.9 260.906 32319.1 143249 3.83999e+06 144536 9949.13 3.97648e+06 33673.1 1320.96 14747.8 8553.66 8.22427e+07 
17378 17413 87097 87162 2.85331e+08 9.54469e+06 249465 12603.9 32126.9 5247.74 25195 84.5388 24671.5 145495 3.84886e+06 134939 27103 3.87629e+06 32860.4 23.7753 14879.7 8375.92 8.44904e+07 
14650 14667 89876 89954 3.34975e+08 1.08965e+07 291911 10518.5 34609.6 5677.35 29228.6 99.0669 27473.6 167424 4.34109e+06 160289 8282.07 6.75944e+06 38918.2 92.5879 16805.3 9650.32 9.90337e+07 
17424 17499 83561 83620 2.50395e+08 1.23938e+07 231078 6485.18 38385.9 10343.2 23425.6 397.6 21575.2 131735 3.55277e+06 129968 13429.1 3.47524e+06 29203.2 18.479 12278.4 7353.92 7.3913e+07 
17321 17401 89894 89935 3.13109e+08 1.32061e+07 290051 17294.4 62096.9 10343.3 29598.7 132.581 27389.8 166625 4.47062e+06 153908 17039.7 3.99401e+06 35336.7 1449.77 16162 9724.76 9.24032e+07 
15932 15944 89677 89686 3.26399e+08 1.35817e+07 291593 32154 72815.2 11496.8 28516.2 136.302 28249.8 175018 4.35454e+06 158362 19050.5 4.1632e+06 37288.8 1523.7 16873 12683.8 9.63393e+07 
14197 14223 81202 81244 2.67409e+08 8.42427e+06 237638 8916.68 25175.4 3263.97 23390.9 342.359 26513.4 150028 4.83961e+06 136338 10510.8 3.73841e+06 30658.2 74.0374 13119.1 7373.33 7.89719e+07 
17264 17268 85351 85385 2.75297e+08 8.72661e+06 271816 8751.21 39963.2 3906.15 24571.9 85.4584 23339.4 173407 5.16435e+06 145441 13317.3 3.70369e+06 32173.2 50.8419 13626.8 7362.15 8.13481e+07 
16569 16659 87508 87528 2.91767e+08 9.6552e+06 265300 12559.8 39285.8 5224.21 25559.2 86.1548 25139.9 146504 3.99941e+06 147383 8295.05 3.97006e+06 33045.8 205.268 17078.5 8266.36 8.61151e+07 
12224 12232 89716 89757 3.57661e+08 1.58107e+07 311650 36106.7 88154.8 11503 32527.2 103.011 30782.1 198700 4.66146e+06 172702 23259.3 5.01811e+06 42315.2 1603.66 18530.6 10253.7 1.05571e+08 
18732 18733 85417 85503 2.62888e+08 8.51784e+06 231025 15723.4 26297.6 5223.38 22862.8 221.499 23566.2 122940 3.4717e+06 130321 5594.28 3.57832e+06 31469.5 240.024 13150.2 7175.05 7.76729e+07 
15180 15181 81490 81531 2.5525e+08 8.47528e+06 227473 11600.4 30824 4930.39 22825.2 82.9086 20669.4 116473 3.33934e+06 128493 3569.56 3.70245e+06 31763.7 198.683 12857.4 7146.97 7.53324e+07 
13557 13593 80922 80949 2.7037e+08 8.39683e+06 268286 10117.4 31886.5 3776.26 23403.2 79.9089 21441 143662 5.13627e+06 144010 8401.91 3.90339e+06 30740.3 64.9123 13918.5 7457.63 7.98785e+07 
17595 17625 86461 86478 2.80131e+08 9.44233e+06 247103 17612.7 33674.3 5311.04 23692.6 216.607 23548.9 144254 3.61164e+06 136848 28969.8 3.82748e+06 37349.5 1092.43 14635.3 7680.19 8.26538e+07 
17903 17911 89782 89857 3.01286e+08 9.98592e+06 266608 33312.9 39131.9 7257.17 27406.7 355.335 26321.6 155791 4.08987e+06 142389 14332.4 3.92593e+06 34711.6 118.582 22609.1 9881.05 8.89173e+07 
13727 13731 87504 87512 3.22544e+08 1.48858e+07 281376 9132.16 37162.2 4061.43 31903.6 265.365 34155.7 186292 4.38769e+06 159719 11913.4 4.46107e+06 37831 357.092 15677 8939.94 9.52312e+07 
18516 18544 84918 84997 2.62928e+08 8.4969e+06 265630 13511.3 31436.7 3889.28 23037.3 82.6515 22952.7 135891 3.44357e+06 145735 13797.2 3.53135e+06 30225.8 1205.04 13654.6 7395.22 7.77386e+07 
15102 15175 84771 84833 2.91308e+08 9.25749e+06 261759 11555.5 27811.8 5309.62 24510.4 86.2122 24658.5 151193 3.84173e+06 162459 27312 4.78838e+06 33283.4 1330.64 15620.7 8445.98 8.61829e+07 
16597 16664 81988 82063 2.57647e+08 1.20537e+07 222261 6754.3 52083.7 12911.4 23318.4 302.815 24629 129468 3.38316e+06 124166 8746.1 3.43854e+06 28933.7 82.4176 12474.3 7302.13 7.60722e+07 
