16093 16116 98823 98898 4.04013e+08 2.2243e+07 406726 61338.4 55830.1 8464.47 37673.7 119.762 33368.7 219107 5.47842e+06 199025 17648.5 5.45278e+06 47261.4 19.9566 20534.9 11433.8 1.19713e+08 
19617 19644 99194 99249 3.8142e+08 1.21662e+07 337097 9408.98 61936.9 5897.52 35231.5 287.911 29819.2 214064 4.77885e+06 176776 49553.9 7.48172e+06 47200.7 98.6227 18968.9 10599.6 1.12728e+08 
13146 13178 92643 92681 3.8255e+08 1.21064e+07 332738 10847.9 57503 6448.36 34231.2 113.08 31330.5 212661 6.95864e+06 207581 30783.7 6.7847e+06 42490.1 635.853 18482.1 9919.9 1.13032e+08 
14231 14290 98635 98657 4.23706e+08 2.01718e+07 404856 18742 63880.9 7112.51 37441.4 121.519 36646.2 239433 5.76142e+06 207977 28290.3 5.61545e+06 48951.6 334.34 20969 12956.6 1.25396e+08 
11214 11300 92194 92229 3.95051e+08 1.24392e+07 343346 8756.28 72769.1 11478.1 40888 242.721 34234.7 236240 5.29325e+06 189737 33903.2 5.19609e+06 46641.7 948.632 20833 12289.2 1.16744e+08 
11743 11765 98397 98467 4.56195e+08 1.40606e+07 390713 11493.8 88357.2 7215.75 40948.6 139.142 37742.5 264341 5.99146e+06 214555 45012.4 6.11464e+06 52526.9 271.537 27949.7 11687.3 1.3488e+08 
17844 17860 96497 96500 3.7066e+08 1.20128e+07 330933 11138.8 60425.7 6234.36 32612.7 293.173 29438.9 216802 4.63257e+06 170329 42728.1 7.43175e+06 44346.7 32.4616 18472.6 10377.3 1.09583e+08 
11440 11484 93924 93980 4.05991e+08 1.2747e+07 353764 11003.7 79976.7 12096.5 38337.9 377.295 34667.4 241175 5.44917e+06 195794 35491 5.33667e+06 45022.2 44.9987 20974.2 11543.1 1.19988e+08 
15559 15651 91802 91860 3.46872e+08 1.66049e+07 333204 10096.7 57687.1 5668.3 31782.1 170.379 28756.8 179251 4.41031e+06 162991 18811.1 4.41904e+06 38778.5 51.3438 21283.2 10501 1.02687e+08 
11602 11628 90458 90529 3.61097e+08 1.16974e+07 324419 10533.5 51792 5994.87 33323.3 342.061 36927.9 174317 5.08506e+06 177621 3517.77 4.83823e+06 41429.4 2039.66 27750.2 10095.4 1.06757e+08 
16589 16686 92778 92858 3.42174e+08 1.16589e+07 326416 13261.3 54061.6 5034.53 29647.4 701.903 41611.3 208275 4.41117e+06 184570 38601.1 6.10699e+06 38287.1 286.566 17997.7 10337.8 1.01146e+08 
12989 12995 90353 90399 3.53565e+08 1.77023e+07 363585 24596.5 53093.2 5949.06 31666.2 131.192 30568.3 183052 4.6314e+06 167320 7103.6 4.6702e+06 42455.7 1442.74 17839.3 10689.4 1.0491e+08 
14400 14407 98353 98369 4.28877e+08 1.36804e+07 376477 9145.4 73998.1 6230.93 37033.4 347.102 45461.2 277367 7.94396e+06 236250 38636.8 5.70493e+06 49280.9 1837.34 22356.9 11873.6 1.26696e+08 
16463 16498 98580 98598 4.10884e+08 1.24584e+07 350458 9997.69 76452.9 15510.4 38114.7 431.482 33940 245973 5.38267e+06 196348 41645 5.34137e+06 45868.6 80.9348 20406.5 11445.4 1.21388e+08 
11512 11527 93141 93226 4.0405e+08 1.23836e+07 340995 9527.4 64754.6 18562.7 41382.8 451.455 41257 228979 5.20103e+06 193413 35152.9 5.46567e+06 46777.5 527.58 20222.8 11279.6 1.19402e+08 
16672 16757 97084 97088 3.83702e+08 1.85371e+07 372678 25467.1 74748.5 5819.53 33659.5 127.922 33054.6 208904 5.34638e+06 190841 26585.2 5.08681e+06 44065.8 123.155 18869.2 12906.4 1.13659e+08 
12226 12278 94544 94574 4.05301e+08 1.32159e+07 360559 11174.9 62327.9 6799.16 35683.3 119.828 32395.2 217377 8.34487e+06 215850 25340.5 5.33954e+06 45780 9.98075 19154.1 10998.3 1.19772e+08 
16619 16692 97065 97110 3.91888e+08 1.15474e+07 383145 34935.3 87506.6 10734.5 34544.3 123.001 32035.5 229458 5.19165e+06 191279 34543 5.31852e+06 45838.6 127.372 18551.6 10028.5 1.1571e+08 
11802 11837 93840 93850 4.02544e+08 1.29083e+07 352672 11050.2 66337.9 6702.33 36266.2 179.45 32772.9 214021 5.27893e+06 192725 18714.1 8.62608e+06 47672.3 82.3279 19373.5 11163.2 1.18994e+08 
12364 12405 97518 97561 4.33283e+08 1.41463e+07 381791 13029.5 74003.5 5509.66 38289.6 605.687 42416.6 233396 7.93299e+06 209002 34961.8 5.80432e+06 50112 37.3299 20980.8 11625.9 1.27989e+08 
17933 18028 94559 94610 3.3417e+08 1.04691e+07 288099 7756.22 76234.3 21758.4 51771.6 3958.15 36319.7 215073 4.82817e+06 175581 23218.4 4.97917e+06 43240.3 296.177 16657.6 9392.82 9.86638e+07 
16222 16238 95302 95311 3.67046e+08 1.19073e+07 330460 7445.27 55461.4 11636.9 34043.4 255.738 36428.3 217082 4.92717e+06 178066 27854.7 4.92397e+06 44269.5 984.908 19088.7 10681 1.08449e+08 
16090 16169 90454 90522 3.15404e+08 1.10566e+07 303167 11511.9 48210.6 5433.63 28367 93.2495 27263.8 175385 4.23033e+06 150867 25034 4.00174e+06 38787.9 775.445 16743.2 10160.8 9.32208e+07 
11074 11143 98894 98941 4.59169e+08 1.42942e+07 410371 11238.1 79409.5 19298.6 69665.2 2005.29 60270.2 278592 6.16232e+06 227815 43604.6 6.18767e+06 53430.4 1576.35 24713.4 13948.9 1.35544e+08 
10091 10136 90101 90110 3.80532e+08 1.25242e+07 341032 15076.9 40632.2 5011.7 33435.7 380.959 41386.2 226345 6.76224e+06 184507 33188.6 5.00637e+06 42258.1 426.325 19271.6 10728.2 1.12419e+08 
10020 10029 91056 91127 3.88756e+08 1.2636e+07 356497 7417.83 67919.7 13737.1 36998.9 397.254 32922.3 222267 5.13006e+06 187789 29651.5 5.15726e+06 44350 1299.34 19993 11050.9 1.14802e+08 
16150 16168 90973 91027 3.33676e+08 1.1005e+07 299482 10039 45562.7 5118.73 29127.3 98.619 27519 171214 4.34067e+06 161900 17007.3 4.32133e+06 39538.7 1825.62 22665 9205.03 9.85627e+07 
17566 17605 96327 96377 3.6752e+08 1.17125e+07 320494 7552.97 65940.5 4053.41 33102.4 1202.16 37836.5 242062 6.7054e+06 178914 33706.2 4.88413e+06 42637.8 54.3058 17351.3 10425.5 1.08596e+08 
17959 18037 96807 96903 3.77761e+08 1.20096e+07 322956 41306.5 76681.2 11588.7 34947.8 111.575 31183.1 211880 4.85523e+06 176165 29237 4.97547e+06 42635.6 179.42 18671.1 11168.1 1.11546e+08 
17524 17605 90383 90431 3.15866e+08 1.08729e+07 280676 9736.03 40409.6 3508.76 26902.1 93.4164 25908.9 171914 6.47904e+06 176062 21283.9 5.48981e+06 36031.8 223.657 16616 9315.75 9.33656e+07 
16427 16511 93725 93764 3.58736e+08 1.08591e+07 361072 26896.2 77604.6 8496.36 31384.6 109.545 30913.7 199096 4.79066e+06 177229 23801.1 4.84344e+06 40675.6 1415.99 18356.8 10114.7 1.06188e+08 
14031 14048 99842 99871 4.36754e+08 1.37506e+07 379217 15338.3 77933 7096.87 37766.7 133.104 34606.5 228853 5.76206e+06 212346 8415.44 8.91494e+06 53090 43.0118 21355.9 11484.6 1.2903e+08 
14951 14984 98143 98207 3.84696e+08 1.32693e+07 362666 8897.59 48953.1 6693.3 35102.5 170.723 33050 198339 5.5869e+06 206712 5306.58 5.45447e+06 51702.8 562.218 20111.9 10967.6 1.13642e+08 
14297 14348 98050 98096 3.94566e+08 1.32241e+07 359019 11158.6 39771.2 4845.61 35819.2 654.884 42541.8 200193 7.90298e+06 213411 4530.93 5.72297e+06 48606.8 29.1332 20012.3 10744.6 1.16529e+08 
18095 18179 92633 92717 3.10136e+08 1.08292e+07 337678 23553.6 34043.1 5165.33 28030.7 164.095 27336 147115 4.35396e+06 159902 2670.67 4.285e+06 36451.6 30.5586 15583.4 9020.01 9.16771e+07 
17562 17594 92866 92943 3.14644e+08 1.08887e+07 288509 7385.46 30858.8 5340.12 30235.3 558.063 33934.8 152248 4.53184e+06 163100 1332.49 4.4374e+06 38133 0 16191.3 8666.99 9.29342e+07 
19373 19454 99686 99762 3.56741e+08 1.2152e+07 329384 12052.1 37078.7 4217.59 32131.2 105.427 30480.6 175023 7.72212e+06 202560 7648.27 6.62288e+06 42490.9 21.9585 18927.7 10156.9 1.0539e+08 
17327 17376 99337 99369 3.71573e+08 2.35395e+07 388632 33275.4 40744.5 5897.46 33919.3 113.333 32527.7 184542 5.23599e+06 192276 4004.03 5.11117e+06 44467.4 45.9445 18835.6 12135.1 1.09852e+08 
14285 14291 93407 93498 3.49318e+08 1.23471e+07 328365 10175.5 35543.8 4350.05 32524.2 109.741 33723.5 174570 7.02063e+06 195872 4021.98 4.95606e+06 42593.3 43.0161 17785.1 9750.72 1.03213e+08 
18091 18175 99706 99738 3.66233e+08 2.09581e+07 370506 11004.4 39120.3 4993.18 33646.5 155.391 31421.7 179106 5.24717e+06 186816 2766.71 5.1194e+06 45103.6 18.0339 24685.5 10498.2 1.08211e+08 
14747 14792 97132 97178 3.75527e+08 1.32146e+07 352122 10349.7 36360.3 4689.35 34410.5 927.571 41446.8 188197 7.38097e+06 199096 4139.43 5.28207e+06 45411.9 9.24516 18960.7 10964.3 1.10925e+08 
12479 12534 94642 94691 3.73618e+08 2.37834e+07 384726 26014.6 39414.8 7286.79 34788.4 113.905 33494.6 184478 5.47224e+06 195347 3671.96 5.22191e+06 45684.5 18.4019 18851.7 12390 1.10414e+08 
18044 18102 91099 91195 3.00307e+08 1.02543e+07 272147 9077.33 30241.3 3329.81 26769.5 88.7892 24911.2 150277 6.08368e+06 171822 2829.19 4.35769e+06 37069.2 30.8786 14934.7 7953.64 8.87429e+07 
10166 10245 90563 90592 3.55907e+08 1.29354e+07 345717 10735.6 40200.8 6224.88 33582.8 111.765 30397.2 173961 5.12408e+06 187137 4528.53 8.46011e+06 55382.3 240.865 18876.6 10889.2 1.05107e+08 
13995 14003 94734 94737 3.76992e+08 1.9028e+07 342348 8005.83 65026.1 4052.97 34789.3 394.823 42959 227715 5.25856e+06 193600 27926.8 5.24801e+06 44812.2 1869.84 19382 10578.9 1.11365e+08 
19535 19576 92354 92370 3.09843e+08 1.31531e+07 273328 14269.6 75507.2 11492.1 28078.9 172.585 26800.4 168398 4.27814e+06 158307 19230.9 4.14586e+06 36662.9 1489.48 15625.9 8375.02 9.1653e+07 
18109 18172 90198 90283 3.03717e+08 9.99446e+06 282122 12912 44719.1 5067.22 26285.4 89.7814 28803.1 170929 3.98513e+06 147870 32249.4 4.02398e+06 38728 2388.01 15827.6 9064.88 8.97451e+07 
12546 12616 91830 91881 3.52383e+08 1.20081e+07 425440 18204.8 63591.5 6368.7 32018.9 396.09 38597.4 185951 4.96469e+06 179386 10675.2 4.86154e+06 44008.6 1658.87 19914.9 10341.5 1.04203e+08 
12681 12702 93517 93611 3.5375e+08 1.15062e+07 346313 10379.2 36522.1 4574.41 31013.2 674.397 55868.4 205799 6.96391e+06 209572 9506.31 5.30257e+06 46038.7 1088.85 21337.1 12472.5 1.04524e+08 
19122 19152 91223 91320 2.87476e+08 1.01823e+07 356979 23255.8 48534.2 5123.26 28342.1 358.275 34685.4 165863 4.18073e+06 148419 18290.6 3.85972e+06 34065.2 1044.49 31515.2 13111 8.52027e+07 
11221 11315 98294 98294 4.35016e+08 1.43206e+07 387506 9257.24 65927.7 6816.07 38480.9 655.562 51657.1 252890 8.21865e+06 226978 24724 6.25221e+06 52669 1996.45 22992.9 12325.3 1.28445e+08 
14952 15014 94186 94188 3.6245e+08 1.71001e+07 332099 7091.46 70452.9 14752.2 33674 225.693 32825.1 206091 4.94166e+06 180766 20883.4 5.09028e+06 43992.9 1712.9 19625.2 10957.1 1.07033e+08 
17985 18005 98771 98773 3.91746e+08 1.25198e+07 392883 12979.3 70393.3 6665.27 34472.6 124.543 32663.6 223940 5.2201e+06 191004 22093.1 5.17777e+06 45044.4 482.549 25898.3 12747.4 1.15811e+08 
10762 10786 94362 94367 4.20516e+08 1.34047e+07 373584 10310.5 72023.6 7380.78 36159.6 232.27 35868.5 229503 5.51361e+06 250317 41724.7 7.83301e+06 47744.9 1707.83 20910.6 12103.4 1.24201e+08 
18820 18829 95734 95756 3.50396e+08 1.14205e+07 312716 11377.8 49801.4 3935.16 34376.8 443.765 38366.9 218383 4.70366e+06 170524 25962.2 4.67911e+06 40851.2 1216.41 18044.8 9938.19 1.035e+08 
14070 14144 91690 91765 3.41324e+08 1.20602e+07 323687 10465.8 48916.1 6065.82 29994 157.222 29844.3 168788 4.35745e+06 162014 3334.13 4.45953e+06 46508.8 1461.67 18294.1 10374.6 1.00833e+08 
19009 19044 93448 93458 3.30241e+08 1.49752e+07 278637 6546.19 69356 13420.3 29229.1 222.848 29783.5 171182 4.42428e+06 162014 8936.49 4.58099e+06 38491.4 1576.54 16307.3 8422.54 9.7516e+07 
11524 11584 99576 99669 4.65934e+08 2.07568e+07 414510 34522.6 83311.1 13064.9 41289.3 134.407 39526.4 268847 6.05786e+06 223483 44493.6 6.03935e+06 53096.3 2228.27 23107.6 12842 1.37798e+08 
12545 12559 95287 95381 4.0923e+08 1.3053e+07 413862 19678.1 65848.4 6894.34 36242.8 254.13 39197 218425 5.45624e+06 198262 21718.3 5.40415e+06 44506.4 120.983 20925.1 12233.3 1.20977e+08 
15994 16085 91852 91942 3.40681e+08 1.75521e+07 303100 9684.81 33123.8 4172.49 31476.6 359.696 33270.9 181868 4.55125e+06 161885 17142.9 4.50938e+06 39298.7 117.444 16922 9322.5 1.00631e+08 
16763 16807 96975 97000 3.88214e+08 1.198e+07 349608 9355.33 72768.2 6452.52 34369.8 184.753 30243.6 214418 4.91435e+06 180905 31161 7.64012e+06 45923.2 76.448 19524.6 10865.8 1.14656e+08 
19197 19235 97215 97254 3.6926e+08 1.88244e+07 325147 10475.8 66918.2 4487.7 33657.2 398.012 35488 228225 4.84633e+06 177168 31595.6 4.76047e+06 41830.7 189.116 16853.7 9900.29 1.0907e+08 
19763 19853 99745 99799 3.80992e+08 1.18087e+07 329946 11789.1 57988.1 5485.67 32410.7 212 30236.2 179901 5.02118e+06 183630 3328.25 4.90639e+06 42803.2 265.453 22010.5 10757.5 1.12551e+08 
16332 16426 93195 93245 3.53503e+08 1.12766e+07 312457 13138.1 46497.8 6423.95 31063 205.585 29207.4 179329 4.70632e+06 171453 5317.25 4.57134e+06 40203.5 247.617 20705.5 9776.51 1.04471e+08 
11848 11936 98372 98417 4.52146e+08 1.41411e+07 390177 9649.37 79933.4 6863.41 41468.9 578.49 42140.3 275477 5.73996e+06 222191 43513.5 6.03056e+06 51128.7 94.564 21739.4 12101.3 1.33508e+08 
19115 19186 92006 92006 3.18776e+08 1.50021e+07 274910 7309.56 56447.9 12255.9 28078 234.175 26670.1 170461 4.22232e+06 151155 10253.9 4.0397e+06 36633.7 94.1461 15806.3 8605.16 9.4164e+07 
15892 15926 96877 96906 3.95148e+08 1.21848e+07 378456 10415.6 59640.4 5518.71 34341.2 116.764 30918.6 223774 7.65571e+06 203152 34500.7 5.20412e+06 45595.5 58.365 18643.9 11029.7 1.1672e+08 
10550 10608 99550 99650 4.69807e+08 2.27862e+07 404421 53746.4 74536 14632 42822.9 138.782 38344.4 264720 6.10274e+06 225926 32751.9 6.32887e+06 53464.5 80.9298 22891.1 13482.6 1.38696e+08 
11705 11773 99479 99491 4.68246e+08 1.42335e+07 448399 10207.9 80558.1 6745.18 41321.7 184.634 46477.7 276096 8.93366e+06 229272 42318.7 6.11175e+06 51796.5 1002.85 22762.9 12674.8 1.38323e+08 
16926 16998 99010 99033 4.0285e+08 1.28691e+07 406278 9959.37 56930.3 6180.47 35088.6 119.059 33874.8 235574 7.65098e+06 217819 43927.3 5.31933e+06 45365.1 1145.58 20557.7 10896.1 1.19002e+08 
14914 14926 91406 91430 3.50052e+08 1.52716e+07 309871 33653.1 61343 12268.3 32326.6 124.121 29799.9 175449 4.67748e+06 172693 8420.26 4.71856e+06 41962.1 1602.65 18875.4 10080.1 1.03372e+08 
13825 13834 99018 99078 4.14574e+08 1.3184e+07 497816 10676.8 57723.4 6618.37 36460 191.609 32854.8 237028 9.20042e+06 258601 47535.6 5.833e+06 46924.8 1127.73 21038.4 11961.3 1.22455e+08 
15757 15779 93558 93579 3.64273e+08 1.15934e+07 387012 10700.5 56628.5 5766.22 31162 113.05 30173.7 205799 7.20194e+06 198974 50413.5 4.89493e+06 42134.5 1650.26 18222.8 9955.36 1.07608e+08 
10253 10348 95853 95853 4.33991e+08 2.08045e+07 383771 62499 64684.5 22352.8 39207.1 148.329 37544.5 240566 5.87342e+06 211262 31279.7 5.82492e+06 48962.1 504.702 22991.6 12440.6 1.28732e+08 
12739 12809 92011 92068 3.72157e+08 1.19219e+07 333012 12699.4 55619.9 7190.95 32128.8 150.904 30864 192766 4.94877e+06 182761 10901.1 4.97359e+06 43147.6 623.495 24359.9 10532.8 1.10016e+08 
15108 15157 91288 91382 3.4634e+08 1.14531e+07 302716 12685.2 51118.8 6724.59 30658 102.393 29287.6 183560 4.48588e+06 167064 37317 6.39048e+06 41518.8 729.289 17923.8 9730.44 1.02337e+08 
10767 10818 92388 92439 3.9149e+08 1.87149e+07 349023 30637.2 60814.2 14671.7 36486.6 115.668 33431.5 207596 5.39684e+06 194089 6816.02 5.39217e+06 44151.8 173.458 19427.6 11489.1 1.15624e+08 
16337 16342 93085 93127 3.54075e+08 1.15145e+07 305941 24402.3 64231.9 7797.82 31442.5 107.465 29248.4 190121 4.7604e+06 169112 20206.8 4.6288e+06 40168.5 78.6077 23635.2 10885.2 1.04803e+08 
11398 11492 97857 97884 4.46857e+08 1.41885e+07 395030 11533 73676.5 8034.9 38392.3 135.408 35996.8 241926 6.00662e+06 233605 21048.3 9.02974e+06 51218.9 22.0117 22586.2 12440.2 1.32049e+08 
16911 16964 91167 91171 3.31121e+08 1.04817e+07 331008 9664.69 41375 4187.3 28609.3 102.828 26827.6 185269 6.57377e+06 175552 21748.1 4.36042e+06 37453.3 99.5157 16094.4 8958.11 9.78883e+07 
14963 15015 90554 90608 3.45444e+08 1.59823e+07 309145 91657.7 68762.7 15068.9 33104.5 104.59 29729.1 197800 4.75243e+06 173711 27393.3 4.45676e+06 38130.6 59.4947 16818.3 9971.03 1.01916e+08 
12527 12586 95040 95051 4.07992e+08 1.27739e+07 427606 9788.57 62386.2 6012.11 34594.2 191.574 33737 248384 7.87719e+06 226286 39501.6 5.41577e+06 47301.2 1958.63 20595.7 11524.5 1.20515e+08 
11729 11751 99087 99173 4.6428e+08 2.25355e+07 395109 11915.8 87074.1 13172.3 41125.9 420.159 38320.5 258637 6.03905e+06 221121 48952.2 6.11951e+06 51794.2 51.407 22420.5 13020.9 1.37069e+08 
17452 17482 91583 91671 3.34159e+08 1.40322e+07 296262 24320 74412 11927.6 31153 103.637 28162.8 175067 4.36213e+06 160941 22246.9 4.3642e+06 38461 1562.1 16240.9 9090.64 9.866e+07 
16942 16990 92443 92477 3.40183e+08 1.04973e+07 355092 8208.9 43807.9 3785.1 28758.1 100.611 39303.9 204055 6.38925e+06 176803 22357.9 4.54201e+06 38640.6 1678.09 18625.9 9439.67 1.00562e+08 
12185 12195 90306 90320 3.60942e+08 1.21676e+07 315694 12452.6 66425.4 6877.91 32394 209.051 30790.2 185906 4.75754e+06 173389 19994.9 4.80092e+06 42771.5 44.5359 17349.3 10547.3 1.0668e+08 
15370 15431 93841 93897 3.56668e+08 1.10307e+07 327383 12324.3 53478.5 3884.37 33397.1 285.409 35327.2 221812 4.83189e+06 182220 24483.6 5.25854e+06 43102.3 127.594 16386.6 9741.1 1.05295e+08 
12109 12142 90213 90303 3.24681e+08 1.23295e+07 329461 13841.6 38317.9 7401.44 30967.8 95.9679 31003 195384 4.80941e+06 210634 56260.5 6.67126e+06 41038.2 1553.02 17835.9 9897.94 9.5934e+07 
18533 18631 90906 90930 2.87284e+08 1.37303e+07 264183 5307.35 73600.6 12419.1 28482.7 219.61 26755.8 157628 3.93033e+06 148166 11567.2 4.05133e+06 35038.5 1356.86 18118.5 9138.42 8.48035e+07 
14996 15009 99220 99313 4.1292e+08 1.90922e+07 378012 7888.37 97373 13893.7 40760.7 345.987 37196.2 247113 5.53252e+06 203857 38506.9 5.65647e+06 49594.5 1999.34 22927.6 12246.2 1.21868e+08 
18510 18536 97104 97144 3.48699e+08 1.18304e+07 321236 12885.6 55826.7 5991.7 32072.2 209.046 31417.7 185135 4.76455e+06 174136 15493.9 4.61878e+06 44922 1615.08 20401.8 11130.8 1.03138e+08 
11209 11232 94802 94859 4.09505e+08 1.30815e+07 484545 11208.2 52570.6 6886.55 35517.4 423.592 34374.1 253627 8.08687e+06 233070 21219.5 5.69502e+06 49636.3 1756.84 21490.3 11713.3 1.20841e+08 
14907 14984 90590 90643 3.4346e+08 1.51786e+07 313816 7315.85 68330.9 12337.1 31888.2 245.743 30553.9 173013 4.67988e+06 176294 16430.8 4.75227e+06 39849.4 1667.07 16770.7 9036.35 1.01396e+08 
14311 14404 91960 92006 3.49581e+08 1.07442e+07 383454 13684 38810.8 4465.53 29453.6 103.255 29688.3 175955 5.78343e+06 202181 17860 5.7286e+06 40993.2 1728.96 19719.2 10768 1.03201e+08 
13190 13269 90081 90084 3.22774e+08 1.72065e+07 319128 10752.1 46328 4213.72 36166 234.05 40921.1 201083 4.9479e+06 172455 15274.8 4.53401e+06 36838.2 1536.91 15786.1 9579.26 9.53103e+07 
12329 12360 99575 99583 4.40525e+08 1.43624e+07 488632 11706.3 80210.9 7652.82 39658.9 230.861 38029.3 251952 5.92063e+06 247773 46772 7.81519e+06 52427.9 2085.48 24235.1 12933.7 1.30065e+08 
17615 17667 97560 97624 3.78362e+08 1.22846e+07 337755 10313.7 58370.5 4329.53 33115 409.949 46711.6 226589 6.76299e+06 184722 31211.7 5.03579e+06 44593.6 1918.88 18919.9 10889.3 1.1168e+08 
18272 18345 95822 95827 3.50609e+08 1.16472e+07 308047 14778 54275.5 6940.59 31093.3 259.518 32882.3 182142 4.7567e+06 166977 24895.1 4.63646e+06 42164 2283.92 25751.9 9592.13 1.03489e+08 
11790 11831 93845 93899 3.79371e+08 1.28929e+07 356125 11602.2 49906.3 5028.25 34314.6 336.959 49270.9 221915 7.06984e+06 200217 25288.7 5.38637e+06 45627.5 1971.73 20424 11047.6 1.11998e+08 
14373 14391 98453 98498 4.20197e+08 1.3433e+07 374602 18024.6 55100.8 7105.67 36087.5 127.169 36963.6 227140 5.72687e+06 203750 17232.5 5.52089e+06 48251.5 2328.08 35599.7 11750.9 1.24026e+08 
12506 12542 99584 99584 4.45362e+08 2.13139e+07 391815 13493 67600.7 10132.4 46655.8 345.484 50174.4 256769 5.86726e+06 218642 42343.4 6.05082e+06 51874.1 1906.07 23554.5 13284.4 1.31452e+08 
11441 11489 95263 95274 4.236e+08 1.32137e+07 368116 15888.2 69659.7 5954.18 42026.1 404.172 47871 240562 5.45599e+06 203354 33812.6 5.60697e+06 49780.3 2231.09 21139.2 11803.4 1.25028e+08 
15192 15199 91866 91957 3.504e+08 1.12554e+07 337602 14917 47610 6232.26 29961.2 103.604 30007.6 183699 4.60605e+06 206926 34876.1 6.36246e+06 41012.6 1709.04 17678 9894.41 1.03546e+08 
17466 17475 91457 91516 3.29591e+08 1.36838e+07 292829 22128.2 76461.1 12014.6 28237.8 132.948 28615.7 181434 4.41692e+06 159693 23306.9 4.26658e+06 38055.9 1586.74 16596.1 9804.14 9.72629e+07 
12749 12841 95027 95034 3.96394e+08 1.23537e+07 359031 12658.4 43510.2 4645.72 34026.6 308.232 50288.9 234148 7.33701e+06 195494 26244.2 5.38414e+06 46794.7 2080.77 20869 11135 1.17018e+08 
16470 16533 91352 91376 3.36427e+08 1.01792e+07 332072 9040.34 47645.5 4086.65 29126.1 252.669 38677.2 206547 6.13476e+06 162365 20562.6 4.37003e+06 38886.9 1052.57 17107.3 9533.35 9.93145e+07 
13963 14037 94234 94283 3.68846e+08 1.30171e+07 327205 13136.6 50848.7 7408.51 34059.7 226.756 32912.9 190077 4.92027e+06 178037 12022 6.35371e+06 43763 995.684 20063.1 10988.9 1.09141e+08 
11147 11168 99353 99448 4.24688e+08 1.52181e+07 393229 13041.7 59291.5 6837.31 46084 346.712 50308.5 244331 6.0459e+06 218572 26734.2 6.00122e+06 52130.7 1175.33 22354.4 13435.2 1.25365e+08 
11158 11254 93240 93309 3.97871e+08 1.27787e+07 356017 33910.4 39740.4 7239.31 34191.4 117.51 33519.9 191922 5.3345e+06 198429 7479.25 5.4362e+06 44869.2 859.119 30411 12507.4 1.17469e+08 
13854 13858 94819 94826 3.86092e+08 1.39794e+07 347263 9524.14 42015.7 4153.87 40321.4 297.637 43518.4 213182 5.23571e+06 190785 15298 5.31308e+06 45900.4 1926.64 19429 10811.8 1.13953e+08 
10146 10160 99343 99360 4.72834e+08 1.48993e+07 409126 16306 69869.5 7690.59 40933.6 139.587 39808.3 262391 6.12459e+06 226740 28680.4 6.26549e+06 61037.6 2608.21 24244.9 13222.2 1.39538e+08 
19087 19138 90105 90168 3.03269e+08 1.44945e+07 268722 8211.55 71698.7 6052.56 28357.1 220.926 33502 159016 4.08179e+06 148562 6280.43 3.9233e+06 34625.7 1231.02 14906.4 8539.92 8.95269e+07 
16353 16433 91659 91754 3.32348e+08 1.05539e+07 336463 12440 46636 3968.66 29732.1 107.973 26474.9 203889 6.43166e+06 183704 26861.2 4.49319e+06 39234.7 807.144 17562.7 10241 9.81084e+07 
15792 15801 91338 91409 3.44847e+08 1.50776e+07 303873 7091.27 69686.2 11279.1 31230.3 271.718 29305.9 182744 4.62121e+06 166608 15885.1 4.34754e+06 38277.2 884.68 16658.6 8793.4 1.01816e+08 
17403 17488 91550 91579 3.1576e+08 1.05447e+07 288651 12491.5 43083.4 5257.43 28401.1 142.24 29041.5 168129 4.46075e+06 156283 16624 4.12642e+06 37205.9 1740.46 22734.7 8975.49 9.32048e+07 
15567 15575 94032 94088 3.7058e+08 1.6942e+07 324657 10527.3 36549.8 3769.04 37688.9 455.46 38152.5 207799 4.86907e+06 177234 20057.1 4.98267e+06 42963 1190.37 20194.6 10707 1.09397e+08 
10409 10500 93005 93081 4.08324e+08 1.29511e+07 357982 13577.1 71328.4 7780.83 35547.5 123.882 34362.1 236724 5.47563e+06 199964 16805.4 5.2789e+06 48511.6 1250.1 20736.9 11204.9 1.20815e+08 
14819 14827 95337 95393 3.8701e+08 1.2487e+07 334370 16764.7 70548 8081.39 34420.6 219.238 32107.6 215215 5.08418e+06 187192 37258.6 8.17258e+06 48272.4 990.463 19308.8 10836.8 1.14653e+08 
15903 16002 90223 90273 3.24959e+08 1.02835e+07 292528 7907.82 50183.1 3492.36 31184.4 340.63 34020.3 196486 4.44408e+06 160983 16836.6 4.50521e+06 38068.8 509.837 16504.1 9680.54 9.59598e+07 
18094 18147 94885 94976 3.52282e+08 1.12303e+07 302345 13388.6 62782.1 6487.43 31344.5 200.454 29953.3 181705 4.8615e+06 167621 1585.74 4.51646e+06 45930.9 900.23 17070.3 9547.08 1.0395e+08 
10862 10939 95381 95399 4.38182e+08 1.3365e+07 376905 11948.6 76359 5686.66 41293.8 652.201 43515.6 269876 5.60917e+06 206773 43024.6 5.63034e+06 48943 432.517 21397.4 12212.5 1.29319e+08 
19550 19618 98994 99078 3.8088e+08 1.17013e+07 362494 12633.4 69511.5 4640.21 33289.6 112.485 36629.9 243376 6.92453e+06 184657 41511.4 4.94061e+06 42931.5 80.8208 18967.6 10798.9 1.12445e+08 
14468 14565 94971 95057 3.84114e+08 1.23131e+07 337827 32127 54429.8 7000.01 33519.9 113.416 32959.8 190181 5.14087e+06 182298 13288.9 5.00799e+06 44540.7 92.1333 27209.4 12135 1.13367e+08 
17604 17689 91828 91899 3.26406e+08 1.0288e+07 341506 13826.8 30617.7 4904.87 28186.1 115.687 25835.3 186552 4.23422e+06 176839 35658.1 5.73122e+06 36878.3 117.81 17230.7 9119.46 9.6357e+07 
12434 12477 91303 91375 3.69298e+08 1.80123e+07 318088 7629.71 69326.2 13320.4 33651.2 311.426 31098.2 211329 4.86367e+06 174180 22735.5 4.92327e+06 42243.3 47.6963 17670.9 10477.2 1.09002e+08 
17787 17887 95096 95143 3.44532e+08 1.14363e+07 301616 13105 36750.6 6860.22 30289.2 107.114 28462.2 164413 4.53589e+06 183563 3672.75 6.77896e+06 40054.6 105.168 18043.2 10234.6 1.01953e+08 
16139 16208 90580 90639 3.3553e+08 1.53704e+07 294865 62297.7 66181.1 13951.3 30463.5 101.542 28226.7 182505 4.50964e+06 163042 24438.8 4.24366e+06 36637 24.7569 17442.4 10175.2 9.89907e+07 
11324 11385 95240 95333 4.18975e+08 1.35262e+07 357679 10820.6 68455.1 8214.98 37333.4 177.232 34188.3 227869 5.57996e+06 225732 39024.7 7.9344e+06 47667.8 61.9493 21122.8 11126.9 1.23881e+08 
19342 19430 94679 94747 3.34468e+08 1.09538e+07 324443 16982.8 31477.8 5250.52 29374.6 98.8338 27160.5 171579 4.39332e+06 182662 20180.8 6.24304e+06 38282 52.4923 16213.5 10043.4 9.87866e+07 
11137 11166 94510 94594 4.09953e+08 1.32161e+07 401529 12848.2 55484.8 6670.49 36942.2 133.185 41806.7 224049 7.93746e+06 202804 21974.2 5.61356e+06 46409.8 83.2088 20826.8 11719.9 1.2103e+08 
10349 10425 93912 94008 4.18058e+08 2.01749e+07 358098 41160.6 67589.1 12610.5 38642.1 129.584 34870.6 239397 5.37365e+06 195531 25097.9 5.509e+06 47313.1 121.674 20556.5 11363.9 1.23363e+08 
12762 12827 98667 98736 4.43032e+08 1.43551e+07 379353 14677.9 59791.9 8186.23 39531.3 134.424 37152.8 242428 5.74284e+06 211811 18575.2 9.60102e+06 50652.1 50.162 21706.9 11889.3 1.311e+08 
10653 10738 93398 93449 4.09897e+08 1.30835e+07 356797 12266.8 62201.7 7902.37 36574.5 176.713 34218.7 212713 5.38806e+06 222517 31521.6 7.79181e+06 46361.2 60.5889 19909.8 11830.2 1.21169e+08 
18631 18638 94833 94913 3.4482e+08 1.12063e+07 303063 11026.9 49643.4 3729.06 32898.8 360.189 33379.3 195875 4.54136e+06 167660 18653.9 4.65072e+06 39064.4 109.757 16607.6 9712.14 1.01809e+08 
19479 19505 92595 92687 3.20754e+08 1.43157e+07 287357 28550.4 58274.1 12764.6 28854.6 94.7049 26960 165962 4.36759e+06 154240 21335.4 4.14485e+06 36966.8 23.6659 16254.8 8402.04 9.46579e+07 
15038 15129 96296 96348 3.92278e+08 1.289e+07 336240 11381.8 67819.8 7487.41 35668.8 181.256 32067.1 215336 4.99289e+06 186480 29489.3 7.76044e+06 45042.7 36.2311 19005.4 10979.6 1.15941e+08 
14615 14633 93005 93101 3.6584e+08 1.17823e+07 306917 12233.8 60098.1 6850.44 32004.1 166.754 29407.5 183283 4.69992e+06 172917 5538.55 7.90573e+06 43106.8 7.29286 17964 10243.1 1.08186e+08 
15213 15255 91807 91811 3.4483e+08 1.08684e+07 340516 10640.4 33580 4061.24 29647.2 101.842 34892.2 195079 6.54515e+06 172849 17017.7 4.68704e+06 39524 99.7474 17761.4 10266.2 1.01793e+08 
17911 17977 93312 93356 3.3312e+08 1.09448e+07 288698 11613.7 40863.8 5844.35 29949.1 160.451 27586.9 163907 4.27722e+06 160777 5612.41 4.40374e+06 39161.3 42.1209 16463.6 9305.44 9.83319e+07 
16788 16857 93891 93932 3.57036e+08 1.11152e+07 318267 10443.9 53485.2 4382.16 30974 328.074 43079.4 217966 6.26445e+06 174247 27931.3 4.70929e+06 41571.9 1740.34 18157.8 10117.7 1.05393e+08 
14258 14290 97608 97627 4.10854e+08 1.74927e+07 369371 51148.8 83172.5 9722.55 36052.5 130.408 34558.5 235419 5.64466e+06 199344 30208.9 5.36302e+06 48768.4 83.3789 22958.3 13390.2 1.21243e+08 
16155 16204 90766 90769 3.32436e+08 1.09835e+07 281021 13686.9 47823.4 6660.25 29614.9 98.4118 26512.3 177396 4.24741e+06 155171 40878.2 6.36113e+06 39019.5 49.1858 16912.5 9475.1 9.83502e+07 
12168 12260 95352 95391 4.09088e+08 1.88294e+07 364481 39422.4 61940.6 11323.7 35984.8 120.79 33928.7 227515 5.57666e+06 201700 27206.4 5.63686e+06 46912.3 145.006 20130.4 12083.4 1.2074e+08 
17129 17148 93508 93534 3.44525e+08 1.54424e+07 301942 7202.69 58379.8 13393.5 31858.5 263.909 30378.7 195457 4.58001e+06 172408 10600.9 4.7032e+06 39603.8 1500.58 18170.7 9840.11 1.01708e+08 
16229 16314 95434 95519 3.63545e+08 1.17614e+07 399667 11265.8 49017.1 5969.6 31009.5 107.39 30188.4 191933 4.92076e+06 208990 36399.1 6.45044e+06 42907.6 1482.91 19426.6 10741.9 1.07337e+08 
10575 10596 92821 92898 4.07846e+08 1.27186e+07 349192 14107.6 62959.1 5929.73 35294.9 372.164 52204.1 242926 7.12781e+06 194783 41541.9 5.35514e+06 47078.8 2016.68 20924.1 12304.9 1.20389e+08 
18642 18699 95479 95565 3.55284e+08 1.48176e+07 312790 34679.7 80563 12082.8 30876.4 104.899 30231.9 198920 4.84725e+06 174820 4129.66 4.52314e+06 40841.6 727.539 18751.4 11203.1 1.04853e+08 
18300 18386 98018 98059 3.87829e+08 1.19753e+07 386595 11859.9 59441.3 5012.08 34812.6 126.009 31120.5 256303 7.58655e+06 201119 36789 5.23217e+06 43575.1 50.1006 19078.5 10862.7 1.14498e+08 
19488 19497 98817 98914 3.79788e+08 1.72728e+07 337088 65656.3 74062.5 11871.1 35918.8 112.15 31831.9 225273 5.08072e+06 186577 16937.1 5.01491e+06 42197.7 84.0792 17852.9 9754.5 1.12105e+08 
13626 13638 98954 99045 4.40882e+08 1.41198e+07 382836 12961.9 72705.5 9130.28 37994.1 130.368 37389.5 253035 5.64536e+06 250958 59107.3 8.02215e+06 50252.1 1869.27 23236.5 12064.6 1.30324e+08 
10037 10108 91169 91269 3.86615e+08 1.29751e+07 389062 12871.7 50931.6 6365.18 34872.1 119.896 32419.4 202697 7.79747e+06 202820 24785.2 5.07132e+06 43374.6 46.3794 19663.4 11290.6 1.14152e+08 
17983 18057 90263 90301 3.1092e+08 1.00054e+07 263850 11754.4 38003.6 5376.79 27047.5 91.8793 24947.6 162891 3.98114e+06 167194 27279.1 5.65436e+06 35912.6 64.8039 15586.6 8665.89 9.18406e+07 
14401 14492 99002 99018 4.28785e+08 1.36746e+07 451813 11094.3 76360.6 8087.32 37233.8 179.156 36199.8 229989 5.5568e+06 235798 46375.5 7.44226e+06 49252.3 1685.76 22171.2 11238.9 1.26626e+08 
17222 17307 94948 94998 3.6496e+08 1.1053e+07 315154 8644.64 46242.5 3872.9 32256.4 314.804 42256.2 224525 5.70583e+06 174179 30717.4 4.89564e+06 42955.1 1486.83 18204.2 10167.7 1.07727e+08 
10892 10961 90965 91000 3.54818e+08 1.12349e+07 320438 16093.6 66974.9 7121.74 31761 148.998 36915.9 232145 6.26026e+06 174524 26671.4 4.8057e+06 39162.8 406.064 21687.1 10251.5 1.04744e+08 
14458 14526 91710 91724 3.62444e+08 1.11356e+07 306981 14776.5 53936.6 4722.69 31408.8 814.296 37531.3 220902 6.45509e+06 172866 29632 4.78026e+06 40748.9 83.0973 17264.1 10112.7 1.06981e+08 
14349 14419 91710 91736 3.51519e+08 1.13832e+07 307617 13547.8 48983.8 7173.72 30750.4 149.248 29307.5 175804 4.67183e+06 173362 14864.6 4.69992e+06 39554.9 302.236 19406.9 9384.08 1.03761e+08 
18478 18504 97581 97653 3.77057e+08 1.15442e+07 343053 13890.8 42988 3918.22 32177.3 393.161 46403.4 222978 6.68595e+06 191456 24064.4 5.08716e+06 43122.9 1886.43 19251.7 10419.5 1.11302e+08 
13686 13736 95395 95445 3.99405e+08 1.25148e+07 352260 18091.8 74661.3 7362.1 34831.6 117.95 33195.3 228437 5.4183e+06 195111 30300 5.10249e+06 44679.3 314.049 26822.2 11333.9 1.17902e+08 
16317 16321 97163 97248 3.9235e+08 1.28074e+07 339641 14286.8 65110.6 7220.4 34847.5 221.08 31503.3 208350 5.13474e+06 211554 33877.3 7.06461e+06 43069.1 48.3042 18970.1 10743.1 1.15914e+08 
12241 12310 92337 92413 3.79454e+08 2.00343e+07 344237 14133.7 64581.5 4650.75 34910.5 112.072 35978.3 219506 6.58876e+06 188301 18269.8 5.10984e+06 43827 117.409 18330.4 10164 1.12014e+08 
14947 14969 90798 90807 3.53428e+08 1.13864e+07 312308 17667.5 64554.8 6156.99 30551.7 322.513 31081.4 195594 4.75731e+06 171026 35756.9 4.44845e+06 44621.5 3886.87 17820.6 9551.57 1.04319e+08 
17980 18024 94807 94878 3.54707e+08 1.85022e+07 314549 9932.13 47779.2 3842.86 35540.9 235.684 38479.4 228135 6.03604e+06 172033 22122.1 4.84975e+06 40676.6 1046.95 17186 10078.1 1.04681e+08 
12154 12171 99333 99333 4.44855e+08 1.45305e+07 391000 16228.1 55884.4 7776.8 39255.9 233.803 37864.2 228445 5.97863e+06 216987 20209.5 9.54202e+06 56328.1 296.068 22491.3 13171.7 1.31291e+08 
13973 13973 94962 95005 3.90361e+08 1.22722e+07 413841 14094.3 56907.6 7299.15 35107.4 260.585 31653.8 205234 5.0965e+06 207528 30643.9 5.10178e+06 44508.2 163.588 18732.1 10866.4 1.15459e+08 
10205 10243 94383 94419 3.74297e+08 1.84157e+07 320442 7479.8 61406.8 17617.6 34245.4 538.94 36162.2 213298 4.89577e+06 179884 31052.9 7.90128e+06 91430 340.656 18823.8 10620.7 1.10464e+08 
17281 17332 95828 95883 3.7279e+08 1.17817e+07 316025 13864.3 58199 6666.01 32505.9 214.882 30129.6 199824 4.8362e+06 199756 39146.4 6.88033e+06 41565.5 142.15 18327.7 10061.7 1.10043e+08 
10785 10800 94612 94703 4.17976e+08 2.26176e+07 362154 14572.7 65931.9 5686.21 38753.7 523.421 40027.1 246252 5.99785e+06 203379 40531.6 5.67066e+06 47120.5 179.951 21490.6 12683.3 1.23382e+08 
