22594 22693 7489 7533 90252 54196 23407 115.055 39 122 24008 
20096 20140 81 85 64818 53679 23407 94.6042 11 109 16674 
22205 22265 9372 9461 66358 53676 23407 106.526 3 108 17695 
24901 25001 726 758 75362 60729.6 21430.6 202 24 113 19256 
25179 25206 7742 7822 69224 58051.8 20504.1 186 3 101 17494 
21256 21275 4259 4348 71455.1 54257 23146 142 47 124 21908 
22991 22998 2342 2434 69876 62385.9 23146 155 23 137 18109 
29400 29463 3675 3701 72511 60598.7 23146 206 30 114 18755 
27853 27885 8671 8701 68374 56870.6 19959 217 47 122 17002 
29179 29183 6257 6343 71434 59109 21010.1 195 50 125 21602 
21541 21605 3536 3618 63865.6 54370 23146 140 71 156 17320 
24003 24048 5796 5812 91654 70865 23405 247 149.714 164 19755 
27348 27399 3162 3186 67570 53965 23407 201 13.3161 111 17762 
27004 27075 7328 7397 65794.1 54668 23146 143 36 131 18672 
22131 22148 689 696 71562 59730.7 23138 195 67 128 18499 
29441 29462 2695 2702 63064 55726.9 23138 186 3 109 16103 
24245 24317 4197 4285 63642 55734.4 23138 196 11 106 16166 
27361 27459 8387 8415 69134 61871.7 23146 210 90 119 17974 
21027 21082 4245 4298 64753 56743.3 23146 187 8 105 16301 
20059 20066 2853 2948 64953 55189.5 23138 207 68 135 16274 
22079 22166 5556 5612 67928 54260 23224 151 31 -nan 17818 
27310 27390 5431 5451 69420 53599 23224 141 4 -nan 18374 
26475 26531 8373 8394 67341 53435 23224 122 4 -nan 17484 
22058 22136 8335 8361 73708 59873 21058.1 205 39 106 19194 
27903 27916 9867 9920 85716 67813 23395 166.734 257 166 18101 
23725 23737 4214 4228 65545 54581 23407 147.395 11 114 16784 
21533 21626 289 299 66094 56482.5 23146 216 45 118 17550 
29718 29816 3888 3978 89467 80721.2 19093 285 242 159 17148 
20592 20606 9815 9819 61279 53861 23138 148 43 124 16735 
24543 24585 2415 2462 63985 54057 23407 92.5421 35 115 16425 
20164 20211 6999 7008 67025 53613 23407 105.195 6 111 17253 
28843 28928 4144 4197 67656 53693 23407 102.497 11 107 17480 
25690 25731 3451 3472 64840 54399 23224 164 51 -nan 17473 
21188 21279 3885 3917 65977 56969.3 23138 218 44 128 17085 
24072 24096 7304 7326 63811 55776.3 23146 223 60 117 16299 
22962 22971 3274 3305 64442 56474.9 23146 195 7 109 16454 
20334 20404 5391 5438 63092 55890.9 23146 192 5 109 16029 
28076 28156 6063 6110 77036 54352 23407 96.6035 51 109 20503 
21887 21987 7829 7908 89244 68249.1 24262.7 216 49 115 23293 
22473 22542 2586 2624 65857 53985 23224 165 47 -nan 17507 
29192 29214 2134 2214 74647 53571 23216 135 5 -nan 19644 
20180 20249 3132 3168 90839 72118 23224 236 259 -nan 17518 
21719 21768 5917 5979 61708 53574 23224 194 8 -nan 16061 
23277 23344 8381 8392 63912 54123 23407 92.8896 61 118 16371 
20582 20629 2586 2675 63057 53499 23407 95.1391 5 104 15993 
22083 22102 437 485 64099 54605 23407 174 0 117 17231 
21065 21115 5085 5154 72242 54754 23224 163 46 -nan 18925 
29173 29266 9378 9453 63210.3 53715 23146 155 87 136 17610 
25769 25804 3483 3580 87151 77079.4 23146 292 251 158 18288 
22410 22500 7454 7554 71096 60262.9 23146 256 18 118 18550 
24513 24554 5847 5875 106195 78265.5 28098.7 210 33 115 28486 
26741 26768 9435 9535 70511 59130.2 20845.1 187 3 105 17973 
22235 22252 1725 1760 65778 56501.9 20010.2 189 15 99 16727 
25775 25818 4971 5015 63290 54881.2 19306.1 181 6 103 15818 
25398 25401 9659 9748 68619 57728 20331.7 213 58 111 16961 
22583 22598 5006 5098 65162 54547 23224 163 51 -nan 17027 
20957 20998 7081 7107 64641 54797.8 19116 213 37 111 17046 
21226 21234 9338 9365 69977 54002 23407 159 0 118 18313 
23185 23284 7168 7193 90594.1 72442 23141 258 284 159 18382 
26298 26319 9527 9562 66195 56621.1 23146 211 50 121 16936 
24017 24042 7338 7428 96569 75523 23224 243 279 -nan 19001 
21318 21381 7817 7908 77062 54120 23224 203 18 -nan 20217 
28270 28351 6606 6680 67354 57606.4 23146 209 36 116 17502 
22552 22605 4047 4147 69239 59303.3 23146 191 6 109 17943 
24877 24900 4274 4276 62384 55530.7 23138 179 4 108 16014 
23514 23537 3838 3857 98785 84333 20394.2 294 240 157 20555 
22908 22970 1978 2074 66101 57047.9 23146 216 53 123 16855 
23896 23971 1744 1826 91775 74743 23224 233 255 -nan 21629 
28152 28249 3908 3976 66683 55443 23407 90.2911 49 122 16598 
25124 25216 8531 8533 67198.2 53919 23146 153 51 115 19538 
24619 24677 9676 9701 64892 56467.1 23146 205 46 115 16763 
29239 29338 5877 5974 89105 71398 23402 167.468 258 165 17567 
29183 29260 952 960 66714 55534 23407 165 0 118 17421 
22781 22838 8711 8759 72006 54849 23407 98.5028 44 114 18635 
29116 29173 9746 9767 66428 56054 19413.1 212 52 112 16470 
29933 29986 1160 1207 91476.5 74177 23146 172 262 162 18371 
24625 24642 5673 5773 62128.4 53287 23138 119 6 113 16734 
21741 21824 6560 6647 68001 56944.6 19914.3 220 49 112 16913 
24328 24371 8806 8814 70243 58924.7 20753 184 8 102 17783 
28534 28613 391 479 64955 56334 23146 209 75 123 17004 
21434 21526 9801 9901 76133 63047.7 23146 213 18 111 19927 
20189 20211 6507 6605 75854 54260 23407 170 0 115 19934 
21949 21987 9574 9653 62852 54366 23399 153 0 109 15871 
22802 22803 7223 7312 72569 59335.6 20709.4 213 43 113 18566 
26852 26942 6134 6208 66767 54942 23224 167 56 -nan 17886 
21669 21677 9047 9131 78649 55182 23407 156 0 115 21236 
27611 27698 4031 4089 78776 54190 23407 100.973 50 109 21127 
27356 27360 5190 5283 64677 55972.3 23146 227 44 114 16683 
29311 29381 3240 3240 90235 80250.7 23146 290 227 171 19277 
29677 29710 6682 6683 77171 62639.4 23138 258 17 117 20253 
27870 27915 186 199 65114 56991.7 23146 254 9 113 16746 
29832 29853 3412 3417 81817 65988.3 23146 257 16 107 21623 
22200 22261 4750 4786 63003.3 54837 23146 143 38 123 17196 
22600 22623 4870 4956 60668.5 52999 23146 136 2 106 16311 
23933 24012 8898 8949 60954.1 53130 23146 148 3 105 16268 
28062 28134 1844 1868 67628 56338 23407 161 0 112 17279 
25661 25671 4285 4339 84962 68262 23211 244 307 -nan 17452 
21798 21823 1751 1792 62486.3 54771 23146 155 39 128 17074 
21267 21325 1437 1510 65536.1 53393 23146 155 9 111 18246 
23073 23162 7709 7769 62313.1 53114 23146 134 4 106 17114 
29582 29649 9341 9418 63466 54407 23224 163 43 -nan 16690 
23372 23439 136 213 67439 53724 23224 138 5 -nan 17480 
24316 24343 2748 2766 64665 56527.1 23146 226 46 133 16881 
24500 24577 6145 6237 70458 54254 23224 148 37 -nan 18930 
21982 22058 1612 1681 89573.1 71501 23146 247 245 162 18194 
21258 21352 4481 4578 74339 60023.3 21337.7 213 52 114 19116 
29947 29985 7757 7820 67299 57877.7 23146 210 41 114 17209 
23617 23695 6084 6093 80879 63403 23407 248 89.1696 160 18809 
22107 22121 9804 9832 117385 107861 27826 225 0 117 16192 
23365 23387 1002 1064 62799 53767 23407 213 0 107 16073 
29507 29508 6300 6315 65735 54257 23216 152 50 -nan 17316 
25970 25980 282 282 67162 56225 19856.6 209 56 110 17389 
29362 29380 4426 4449 86034 54682 23407 153 0 113 23309 
21581 21666 3057 3062 73163 54176 23407 98.9079 46 129 19179 
25275 25296 5755 5831 79706 53955 23407 158 0 116 21536 
22891 22976 2295 2372 88621.9 68167 23141 254 275 162 18922 
21959 22011 9861 9942 78972 54919 23407 158 0 113 21246 
27030 27079 4195 4294 64442 54113 23224 169 62 -nan 16558 
24777 24778 8812 8853 67622 57616.3 23146 190 57 113 17315 
23008 23096 370 406 66980 54591 23224 138 53 -nan 17888 
29631 29675 222 284 63906 53933 23224 156 10 -nan 17073 
23095 23178 7190 7253 66845 56592.2 19764.5 228 43 113 16983 
25754 25806 2712 2781 86809 75125.8 23146 298 273 163 17929 
27543 27594 1371 1435 64036 54322 23407 167 0 120 16861 
25090 25153 9737 9827 66521 54142 23407 84.7132 62 131 17119 
24823 24854 3216 3279 64493 54387 23407 93.3654 51 115 16562 
21791 21807 9123 9167 68032 54847 23407 169 0 130 17881 
25443 25497 15 19 69216 54123 23407 158 0 130 18686 
28445 28454 3471 3474 68254 54919 23407 92.3799 53 128 17257 
23312 23326 2352 2433 71223 59872.9 23138 214 41 119 18380 
25446 25505 2966 3020 63230 55712.8 23146 195 8 111 16145 
24390 24410 9021 9106 62626 55546.8 23146 190 3 106 15991 
20122 20219 9749 9770 69497 54033 23224 157 55 -nan 18310 
28991 29003 2123 2155 70974 59560 23146 207 57 112 19096 
26760 26851 4527 4563 71066 55248 23407 160 0 136 18365 
29575 29589 444 501 62177.3 54346 23146 153 45 113 17822 
27545 27623 7107 7180 66732 54883 23224 156 57 -nan 17421 
28810 28909 1686 1738 63169 53585 23216 135 2 -nan 17105 
21412 21445 2304 2379 95177 74242 23224 243 249 -nan 17861 
27746 27762 6916 6992 72219 59028.8 20523 214 66 115 18083 
26031 26036 6209 6242 67693 57874 23146 210 30 117 17475 
23292 23306 336 394 67358.5 53826 23146 146 45 129 19466 
27021 27094 691 766 88635 71355 23407 176 97.3775 162 18189 
26313 26362 7597 7640 75800 65498.6 23146 294 258 163 18174 
23110 23190 2152 2218 68440 58205.9 19838.8 198 53 114 16826 
21268 21339 448 466 64919 55230 23407 169 0 124 16955 
24280 24366 2881 2976 73188 54973 23407 162 0 113 19577 
28031 28038 7406 7431 66225 53670 23407 135 0 107 17023 
24025 24091 311 382 74649 54635 23224 157 46 -nan 20081 
27403 27459 4994 5060 70638.5 54673 23146 140 43 110 21079 
28664 28761 8547 8632 92993 74079 23399 178.874 261 167 18827 
22943 22997 8113 8194 75269 54646 23419 177 0 154 25049 
26338 26364 5549 5587 72434 57610 23407 174 0 162 17190 
24878 24894 7126 7187 79121 62856 23407 171.559 248 162 18245 
26574 26619 8487 8540 64604 54312 23407 159.162 14 122 16570 
24516 24603 6356 6443 66148 53760 23407 147.257 4 105 17300 
23242 23337 6346 6419 66403 54002 23407 165 0 120 17450 
20739 20788 7624 7632 71054 58181 23407 177 27.5931 165 17578 
21691 21737 6296 6363 65849 56912.3 23146 208 33 121 16983 
27992 28054 9187 9225 64006 54458 23407 92.8365 41 114 16626 
28812 28838 1493 1552 87385 53990 23407 121.26 5 107 23232 
22436 22500 9129 9149 62658 53770 23407 122.281 115 133 20929 
29419 29425 1598 1698 66252 54087 23407 165 0 109 17726 
21250 21309 4796 4869 74946 62097.1 23146 212 35 119 19505 
22929 22962 9748 9786 72087 57269 23407 159.362 224 169 17465 
24228 24281 2198 2217 80726 54953 23407 168.316 32 114 21292 
27106 27107 6118 6202 62906 53737 23407 143.686 6 108 16055 
20591 20597 735 783 83272 54609 23407 173 16.1199 117 22237 
28701 28732 5911 6010 64148 53998 23407 85.8512 63 113 16383 
23820 23834 370 419 88142 70570 23407 245 102.422 169 18383 
23853 23890 7485 7538 64899 53965 23407 216 0 116 16597 
23665 23696 7064 7160 66979 54333 23407 171 0 114 17350 
21620 21678 6817 6821 62148.9 54025 23146 171 49 124 17077 
22509 22509 3890 3917 73394 53963 23407 100.099 42 112 19111 
23318 23332 6120 6175 66540 54516 23407 77.5286 44 111 16958 
