21766 21782 47703 47793 3.73987e+07 278601 1.66735e+06 41518 25640 1786.41 1.10426e+07 
20454 20526 45811 45879 4.03066e+07 277779 1.6815e+06 37290.9 14067 1713 1.18929e+07 
24499 24510 47427 47482 3.2613e+07 120888 1.31479e+06 29449.1 11746.1 1503.02 9.62335e+06 
24368 24377 40838 40931 1.66464e+07 107158 697653 16587 5886 950 4.91598e+06 
29951 29986 44915 44940 1.43364e+07 87545 576840 14256 5084 583.604 4.26315e+06 
27414 27441 45039 45065 1.78407e+07 2.02418e+06 823170 19020 7033 1263 5.25981e+06 
22367 22443 49432 49483 4.466e+07 268539 1.85862e+06 41675.7 15796 1211.69 1.3185e+07 
23268 23363 47257 47314 3.26307e+07 131266 1.21207e+06 38721.4 11983.7 1463 9.62664e+06 
26116 26146 46863 46901 1.86363e+07 110234 1.15284e+06 26911 8698.7 4146.19 5.49912e+06 
22962 23031 45405 45405 3.11719e+07 148136 1.23323e+06 29694 10808.5 1984.04 9.20333e+06 
27583 27628 43729 43786 1.59231e+07 9.86183e+06 674792 16216 5628 1020 4.69548e+06 
20213 20250 40399 40423 2.52339e+07 92715.3 993711 23926 8899 891.049 7.45758e+06 
21357 21385 42608 42639 2.8597e+07 189598 1.31452e+06 28169.3 9525 1502 8.43623e+06 
22141 22189 49546 49602 4.68476e+07 129972 1.76932e+06 40776.5 15719.9 2129.71 1.38307e+07 
21050 21114 42067 42117 2.595e+07 143793 1.02086e+06 27952.9 9337.63 1522 7.6565e+06 
26755 26827 47956 48049 2.78205e+07 125030 1.10983e+06 24901.8 10446.5 1246.54 8.20714e+06 
28714 28778 40682 40740 8.96826e+06 59178 423749 10006 0 856 2.64152e+06 
21253 21309 49513 49523 4.63005e+07 218170 2.06634e+06 49520 17191.7 2061 1.36631e+07 
28116 28158 48774 48873 2.85621e+07 127743 976526 29548.7 9493.07 1587 8.42681e+06 
22337 22414 42362 42435 2.56066e+07 103254 952050 23517 8732.87 1739.43 7.55536e+06 
20895 20896 42412 42507 2.75379e+07 114661 1.13038e+06 27766 10046 1109.13 8.13396e+06 
20214 20256 49656 49699 5.30422e+07 130368 1.75533e+06 51210.6 19503.9 2630.92 1.56605e+07 
26612 26648 43856 43869 1.93252e+07 441867 758670 19026 6496 1013 5.69994e+06 
29834 29890 46446 46467 1.60566e+07 168788 669733 16842.6 5760 1083 4.7356e+06 
24167 24182 49097 49162 3.72085e+07 130942 1.47698e+06 33506.1 13375.6 2202.03 1.09796e+07 
27531 27552 41896 41938 1.31605e+07 70342.4 568174 13213 4563 935 3.90356e+06 
23060 23106 49593 49614 4.27307e+07 149154 1.68005e+06 38548 15584 2202.29 1.26167e+07 
27879 27967 43175 43219 1.51712e+07 9.47973e+06 622885 15322 5058 1026 4.47364e+06 
23790 23823 41569 41570 2.0396e+07 75677 810657 19946.9 6904.81 1018 6.01494e+06 
28735 28778 40315 40410 8.51583e+06 4.64031e+06 1.75241e+06 9432 2939 894 2.50751e+06 
22594 22623 41640 41678 2.2003e+07 1.21311e+07 1.09805e+06 21901 7760 1118 6.4879e+06 
21103 21129 40817 40843 2.42563e+07 185947 994042 24496 8692 1613 7.16265e+06 
29208 29241 42509 42608 1.1976e+07 84867 502023 11906 4140.97 1462.09 3.53221e+06 
28217 28248 46287 46351 1.9972e+07 77983.5 883423 20296 6922 787.481 5.91824e+06 
20573 20669 48801 48829 4.87888e+07 157362 2.03123e+06 46462.1 17322.8 1894.51 1.43974e+07 
24173 24253 41726 41776 1.8871e+07 83768 792538 18736 6879 940.734 5.56759e+06 
20645 20672 44506 44558 3.37324e+07 166157 1.47415e+06 33485 12383 1687 9.9504e+06 
20494 20577 49197 49272 5.13426e+07 184200 1.95286e+06 44511.2 17640.7 2526.66 1.5159e+07 
22451 22510 48976 48984 3.98202e+07 153887 1.77674e+06 40331.5 14539.4 1709 1.17492e+07 
21616 21670 43342 43406 2.78617e+07 111640 1.18217e+06 28669 9967.19 1870.44 8.22585e+06 
29761 29769 47690 47776 2.01969e+07 118956 875461 18685.5 7543.2 1093.37 5.96004e+06 
25740 25772 48909 48946 3.05892e+07 106970 1.30978e+06 31689 11454 1031.09 9.03154e+06 
23966 24004 43085 43133 2.17967e+07 427009 1.12669e+06 21837.8 7754 1015 6.43143e+06 
26378 26417 45966 45968 2.27157e+07 113487 981967 21689.7 8542.98 1132 6.70133e+06 
25889 25988 46717 46735 2.54207e+07 91932 1.12853e+06 27102 9030.41 2047.01 7.49728e+06 
27464 27465 47666 47760 2.43909e+07 86440 1.04929e+06 25169 8826.49 1702.42 7.19261e+06 
20457 20545 46430 46508 4.08558e+07 211030 1.60115e+06 39588 14575 1227.7 1.20681e+07 
25588 25681 45755 45761 2.52371e+07 113394 1.0315e+06 24638.1 8814.51 1219.07 7.44856e+06 
21667 21744 47923 47979 4.26329e+07 134613 1.65668e+06 37950.6 15343.3 2074.72 1.25777e+07 
28610 28693 40296 40350 5.7497e+06 54501 408441 9388 3047 812 2.73375e+06 
22476 22558 43185 43218 2.63722e+07 134260 1.18831e+06 25684.7 9153 1126 7.78027e+06 
23761 23769 44673 44754 2.60111e+07 96040 1.06312e+06 24044.5 8743.39 1115.65 7.67428e+06 
20241 20291 44417 44469 3.53376e+07 134756 1.35055e+06 33654 12699 1220.44 1.043e+07 
27604 27633 46258 46259 2.25227e+07 1.25521e+07 960408 21557 7635 1384 6.64154e+06 
20199 20243 40255 40309 2.54435e+07 154354 999827 24203 8540.69 2231.94 7.51828e+06 
23105 23138 42374 42441 2.37975e+07 92284 931763 20963.2 8248.48 1259.04 7.02162e+06 
28629 28679 42403 42466 1.23891e+07 86826 549579 12904 4281 879.915 3.65764e+06 
26661 26738 49924 49969 3.33821e+07 176500 1.3281e+06 31577 11801 886.661 9.8586e+06 
25795 25869 46047 46115 2.50642e+07 245188 1.10128e+06 25195 8843 1378 7.3957e+06 
29365 29384 43981 43982 1.31609e+07 444906 700502 13356.9 4671 892 3.88102e+06 
27376 27397 47497 47538 2.47179e+07 82886 1.04161e+06 22915.9 8533.16 1239.96 7.29294e+06 
21645 21714 49029 49128 4.43917e+07 157141 1.80636e+06 43743 16041 1397.81 1.31053e+07 
29693 29740 46615 46680 1.68408e+07 151847 606857 22866 6441 1325 4.96935e+06 
29153 29196 49343 49422 2.54608e+07 98094 1.04792e+06 22062.9 8859.97 1389.09 7.51219e+06 
22185 22212 49525 49621 4.65056e+07 170331 1.77936e+06 41085.8 16761.2 2334.34 1.37305e+07 
20227 20298 48340 48428 4.68557e+07 162548 1.88742e+06 45706 16644.9 2368.84 1.38319e+07 
24826 24843 48774 48779 3.45072e+07 171187 1.60588e+06 33847.3 12114 1615 1.01788e+07 
20712 20747 40638 40701 2.38905e+07 123756 1.00355e+06 22411.1 9275.06 1512.53 7.05387e+06 
29900 29970 43125 43139 9.94579e+06 81692 472044 10922 3575 685.255 2.94301e+06 
25956 26051 42460 42538 1.71635e+07 117714 728483 16668 6149 1119 5.06666e+06 
21174 21228 48767 48799 4.67624e+07 236638 1.90907e+06 45350 16658 1423.61 1.37995e+07 
23884 23904 44896 44896 2.62035e+07 100342 922198 29227.5 8397.94 1142 7.731e+06 
22067 22094 47676 47747 3.83444e+07 98579.9 1.58654e+06 38239 13758 1126.41 1.13149e+07 
25633 25706 49120 49124 3.53618e+07 114718 1.14453e+06 34550.9 11992.6 1427.81 1.0435e+07 
26313 26361 49155 49168 3.12742e+07 122659 1.27979e+06 30787 11131 974.704 9.23343e+06 
22694 22759 40532 40569 1.54112e+07 85613.8 692710 22580.6 6536 1056 4.54511e+06 
21243 21253 43821 43848 3.02467e+07 123208 1.30849e+06 31837 11412 1661 8.92918e+06 
29519 29598 47763 47836 2.04769e+07 119333 715200 24315.1 7313 1326 6.03885e+06 
20060 20130 49333 49357 5.02508e+07 157595 1.98502e+06 46265.8 18708.7 2483.29 1.48388e+07 
26075 26116 46446 46510 2.46854e+07 106751 881350 30744.8 8879.21 1446 7.28587e+06 
28096 28175 48806 48860 2.53689e+07 119329 1.10426e+06 27250 9385.85 1883.84 7.48012e+06 
25826 25905 40330 40335 7.53488e+06 113717 572119 14142 6404 1140 2.88122e+06 
29085 29093 41658 41748 9.99205e+06 212337 479062 10997 3847 1053 2.94906e+06 
27506 27597 40423 40447 1.0424e+07 5.64483e+06 2.076e+06 11315 3767 866 3.07271e+06 
26429 26500 44427 44524 2.01047e+07 132595 817336 19917 7053 1030 5.9323e+06 
21031 21055 45808 45844 3.2202e+07 96071 1.52275e+06 36888 12030 2178.16 9.50503e+06 
22752 22776 46307 46366 3.37425e+07 413964 1.52885e+06 32699 12267 1473 9.95725e+06 
20847 20917 46450 46532 4.30835e+07 149510 1.59389e+06 37047.6 14466.2 2064.5 1.27172e+07 
21170 21208 46935 46985 4.0617e+07 221287 1.37522e+06 47506.5 20418.4 2189.27 1.19992e+07 
24013 24099 43246 43316 2.31161e+07 94652.5 892754 21967 7749 999 6.82577e+06 
23206 23305 40997 41023 1.98248e+07 89353 796009 19685 6459.38 2110.26 5.8522e+06 
27095 27123 44582 44592 1.78412e+07 105110 766517 18901 6085.33 1158.97 5.26144e+06 
20135 20177 45544 45640 3.82093e+07 163183 1.6515e+06 40380 13897.8 1403 1.12745e+07 
22331 22350 48761 48783 4.18916e+07 109715 1.43384e+06 41948.8 14976.9 1772.04 1.23611e+07 
20523 20611 43262 43288 3.0603e+07 174294 1.25964e+06 31160 10745 2222.97 9.0486e+06 
23096 23114 41490 41524 2.12608e+07 94230.4 765164 24567.3 7440.55 1224 6.27472e+06 
26043 26089 45183 45273 2.18954e+07 132780 925000 22803 7803.46 2311.41 6.46298e+06 
23272 23344 48158 48169 3.6391e+07 215248 1.64532e+06 38355.3 12891.2 1489 1.0738e+07 
25285 25310 47649 47682 3.21343e+07 151385 1.24141e+06 30461 10455 1000.65 9.49099e+06 
28036 28089 46089 46104 2.09411e+07 132876 776727 22014.9 6861 1117 6.17563e+06 
24758 24764 48763 48789 3.74388e+07 113068 1.41276e+06 34813 12345.6 2291.2 1.10538e+07 
21585 21677 47798 47810 4.27238e+07 155251 1.74483e+06 40694 14825 1282.69 1.26088e+07 
26401 26475 41378 41400 1.49451e+07 91848 609933 14589 4954.57 1481.41 4.40763e+06 
27391 27428 49537 49543 3.12974e+07 137575 1.23074e+06 29608 10687 2311.4 9.23241e+06 
23789 23795 40618 40674 1.73236e+07 83675 733513 16935.2 6268.18 1044 5.1094e+06 
28065 28111 43615 43667 1.52856e+07 173221 664554 15926 5668 1010 4.51174e+06 
28231 28306 40265 40271 9.82669e+06 5.41603e+06 423772 10444 3353 886 2.89807e+06 
20625 20649 47659 47751 4.56724e+07 127461 1.51323e+06 43978.1 15876.3 1767.58 1.34755e+07 
28080 28159 47445 47534 2.4698e+07 115271 1.0369e+06 24314 8131 733.238 7.30023e+06 
23539 23609 43620 43633 2.39082e+07 157776 978520 23262 8419 1062 7.05659e+06 
21296 21337 46811 46877 3.99856e+07 166612 1.68393e+06 36816 14249 2251 1.17979e+07 
28944 28973 42646 42739 1.18368e+07 66179.7 568409 13169 4188 1028 3.51925e+06 
27237 27251 40901 40979 1.22773e+07 95960 520183 11662.1 4601.93 856 3.62131e+06 
25085 25148 46562 46609 2.84976e+07 275487 1.34127e+06 28790.5 10010 1488 8.40722e+06 
20580 20663 43114 43136 3.02683e+07 164012 1.25327e+06 30223 10898.8 2057.36 8.94392e+06 
28560 28597 42746 42805 1.23985e+07 6.93798e+06 555857 13280 4204 1095 3.65625e+06 
24756 24768 40675 40732 1.63781e+07 2.54039e+06 1.29584e+06 15874.3 5450 1044 4.83386e+06 
24177 24201 49744 49779 4.01799e+07 122594 1.34469e+06 39493.1 14222.1 1585.01 1.18561e+07 
26425 26425 46004 46080 2.31666e+07 96100.7 980399 23814 7963 790.25 6.85151e+06 
27253 27334 45241 45289 1.93479e+07 123885 690061 20335 6770 969 5.70573e+06 
22687 22772 49072 49153 4.29402e+07 152225 1.65385e+06 37204.1 14879.2 2187.35 1.2674e+07 
26516 26519 41254 41335 1.32587e+07 8.25451e+06 600342 13792 4757 872 3.90649e+06 
20716 20787 46970 46988 3.73233e+07 223955 1.94183e+06 37827.6 13857 1870 1.10103e+07 
25128 25223 44478 44545 2.34841e+07 160335 949338 22841 8286 1260 6.92833e+06 
22702 22719 47813 47862 4.03129e+07 132926 1.65631e+06 39648.2 13642.6 1653 1.18947e+07 
29853 29882 44449 44548 1.35068e+07 81475 571084 13400 4512.39 3795.03 3.98352e+06 
28929 29022 43513 43525 1.30048e+07 84039 584521 14021 4519.84 8063.73 3.83543e+06 
24966 25063 44184 44253 2.2853e+07 124905 922398 21733 7890 844.529 6.7594e+06 
25574 25660 47603 47695 2.87552e+07 179930 1.4233e+06 31797.4 10243 1599 8.48525e+06 
26713 26783 48250 48322 2.67854e+07 112495 1.14298e+06 25270.2 8846.89 1574.98 7.90273e+06 
22540 22623 49417 49484 4.22546e+07 241697 1.83033e+06 40680.2 15153 1211.71 1.24778e+07 
24040 24062 45747 45771 2.65153e+07 233759 1.5327e+06 27006 10681.8 1258 7.82756e+06 
25541 25546 45283 45356 2.2357e+07 85604 829448 23886.3 8176.56 1195 6.59281e+06 
25579 25656 41102 41140 1.50452e+07 76626.4 615851 15183 5259 605.517 4.53795e+06 
21870 21923 49573 49589 4.58902e+07 136912 1.91743e+06 45231.7 16848.7 1859 1.35415e+07 
22169 22193 45694 45754 3.3306e+07 116574 1.5527e+06 31276.5 13024.1 1236 9.8283e+06 
21145 21215 47321 47387 4.36615e+07 160238 1.74706e+06 38289.4 14611 2293.83 1.28867e+07 
27159 27222 47172 47174 2.51958e+07 106095 1.18727e+06 25299 24115.4 1403 7.43251e+06 
20118 20198 44480 44572 2.71532e+07 208161 1.36402e+06 33782 19176 1759 8.00815e+06 
27262 27361 49377 49470 2.84709e+07 180343 1.0319e+06 32863.9 10288.5 2124.26 8.40346e+06 
20861 20861 41436 41459 2.49416e+07 119590 1.07829e+06 26311 9298.48 1483 7.35785e+06 
25915 25966 46575 46586 2.48959e+07 105169 904439 31332.4 8715.86 1156.81 7.34584e+06 
20114 20175 43952 43958 2.91754e+07 119346 1.32357e+06 32811 11779 1019.4 8.61557e+06 
24481 24491 43668 43679 2.39762e+07 161842 888929 21881 8037.21 1081 7.0735e+06 
27677 27736 46292 46363 1.91842e+07 346527 953368 22529 8463 1265.33 5.66872e+06 
28057 28145 41872 41919 1.14228e+07 79239 541846 13448 0 962 3.36845e+06 
25036 25084 47858 47919 2.70839e+07 150820 1.60833e+06 34509.2 12730 1833 7.98958e+06 
25536 25544 42995 43076 1.84193e+07 111478 766929 17043.4 6670 2767.63 5.43474e+06 
29900 29968 43900 43981 1.23923e+07 52099.6 535778 12030 4740 825 3.8083e+06 
24440 24444 45955 45987 2.90775e+07 164324 1.0933e+06 27041 9349.27 1268 8.57769e+06 
27509 27589 47726 47815 2.49081e+07 101702 924014 27795.5 8422.33 1271.14 7.34939e+06 
25808 25838 40801 40873 1.40078e+07 80792.3 606962 14793 7014.3 1008 4.1313e+06 
26132 26151 45099 45142 2.22504e+07 132800 958976 21704 0 1195 6.56327e+06 
27296 27389 44606 44617 1.84565e+07 84189 749204 18217 6618 1003.09 5.44486e+06 
20792 20875 40170 40247 2.24764e+07 104984 1.00177e+06 23817 9167.21 1328 6.63143e+06 
29861 29893 43342 43409 1.15666e+07 90293 485661 11330 4036 1238.81 3.41183e+06 
27049 27084 42065 42163 1.23688e+07 58058.8 598727 14492 4974 942 3.70641e+06 
27208 27265 49020 49041 2.79275e+07 124143 1.18388e+06 28404 14145.9 1564 8.23848e+06 
25096 25120 45495 45556 2.46059e+07 118043 1.06189e+06 25301 10020.6 1240 7.25603e+06 
27430 27490 49398 49437 2.89707e+07 111258 1.44883e+06 28583.5 10344.2 1523 8.54641e+06 
29824 29853 48202 48284 1.98481e+07 90215 890214 18358.9 7303 2025.16 5.85348e+06 
20426 20461 49233 49303 4.70253e+07 127607 2.06397e+06 49963.1 18506.9 1822.82 1.38775e+07 
22165 22191 40969 40970 2.1254e+07 92194 864627 21240 7427 834.135 6.28233e+06 
27694 27712 48555 48637 2.58867e+07 123720 1.12214e+06 27589 9566 904.84 7.65639e+06 
21855 21951 47227 47230 3.99867e+07 137259 1.69916e+06 39778.4 14983.1 1582 1.17983e+07 
26018 26037 46775 46854 2.61454e+07 122928 1.14529e+06 24634.4 9509 2393.62 7.72069e+06 
26051 26060 48676 48764 3.23035e+07 187548 1.24729e+06 31981 10684.6 1553 9.52857e+06 
25762 25776 46345 46404 2.55734e+07 115347 938075 28015.8 8861.56 1098.04 7.54515e+06 
27393 27442 42708 42752 1.46261e+07 144548 728833 16276 0 1018 4.31516e+06 
24823 24887 43213 43278 2.12695e+07 113480 724312 22991 6947.25 986.399 6.27635e+06 
26529 26613 46164 46224 2.25635e+07 81797 965732 23646 8806 951.56 6.66282e+06 
24734 24810 46866 46923 2.94134e+07 117110 1.37524e+06 34870.1 9812.48 1587.59 8.68154e+06 
21084 21182 48765 48858 4.67622e+07 140635 1.84718e+06 45833 16219.6 1493.14 1.38006e+07 
23018 23031 43801 43876 2.66476e+07 110188 987834 27021.6 9329.97 1188 7.86111e+06 
23868 23909 45232 45306 2.73015e+07 90340.4 1.07132e+06 26553 9579 822.292 8.06512e+06 
27618 27680 47374 47460 2.58488e+07 110429 843704 28835.9 8000.95 1414.63 7.6264e+06 
23521 23573 45405 45484 2.77337e+07 115262 1.12195e+06 29898.2 9805.94 1708.82 8.18343e+06 
26062 26075 45851 45937 2.4994e+07 139664 1.04017e+06 24469 8618 887.325 7.38813e+06 
24570 24610 49861 49947 3.91587e+07 147613 1.71029e+06 37839.7 15443.9 1835 1.15543e+07 
20939 21006 40568 40602 2.32085e+07 107652 1.2139e+06 24106.8 8243.08 1396 6.84746e+06 
28416 28516 41562 41636 1.10533e+07 86740 518873 12116.4 3764 962.93 3.26045e+06 
21817 21826 41992 42077 2.44698e+07 123074 1.02541e+06 25237 9236.35 1340 7.21906e+06 
27082 27119 45143 45150 1.98676e+07 80183 685817 20851.5 6316.77 971 5.85905e+06 
25229 25303 48243 48248 3.19888e+07 107484 1.11092e+06 33442.1 11017.4 1732.47 9.43696e+06 
21887 21890 48069 48079 3.98826e+07 175699 1.62155e+06 39912 14551 1060.16 1.17786e+07 
21688 21722 44819 44907 3.29609e+07 117512 1.16601e+06 31701.8 12057.5 1433.91 9.72316e+06 
28940 28976 48334 48334 2.35137e+07 137444 989372 24216 8314.93 1512 6.93437e+06 
23543 23552 46164 46186 3.18203e+07 127394 1.06272e+06 34713.1 10839.6 1648.09 9.3883e+06 
23048 23054 44148 44205 2.70174e+07 152801 1.08452e+06 26447 9150.64 1176 7.98016e+06 
24025 24121 42266 42299 2.06816e+07 86723 844995 19503 0 1078 6.09798e+06 
23740 23837 45365 45406 2.86748e+07 144658 1.11944e+06 27837 10943.3 1077 8.45868e+06 
28515 28582 40041 40046 7.91568e+06 59754 561776 8744.4 2368.43 810 2.33522e+06 
21213 21273 45424 45453 3.68918e+07 135426 1.26384e+06 37014.8 12374.1 1925.18 1.0888e+07 
29655 29729 42819 42839 1.10438e+07 88444 492206 12021 3603.37 939 3.25641e+06 
27984 28004 42290 42310 1.36896e+07 101309 1.16215e+06 13368.7 2648.68 1065 4.03783e+06 
27438 27509 40458 40527 1.06224e+07 5.79533e+06 466525 10906 3744 846 3.12913e+06 
24567 24641 40606 40615 1.48967e+07 67698.2 667691 15369 10786.6 1022 4.39367e+06 
24962 25012 46733 46825 2.95436e+07 123705 1.21338e+06 26522.1 10182 2275.97 8.71504e+06 
22648 22710 42970 42992 2.45172e+07 90813 902485 24554.6 9098.83 1186 7.22975e+06 
26261 26292 42206 42251 1.57712e+07 98610 692365 15210.2 5710 4170.98 4.6586e+06 
23043 23097 44822 44877 2.77145e+07 96569.4 1.11914e+06 27587 10306 851.758 8.18674e+06 
21638 21684 43341 43430 2.91804e+07 151362 1.38625e+06 30417.5 9427.92 1401.89 8.61254e+06 
28940 29036 42522 42590 1.11828e+07 54658 529357 11803 3905 -nan 3.29444e+06 
26166 26196 41534 41547 1.52509e+07 184222 654447 16481 5431.22 1068 4.50007e+06 
21716 21794 44781 44798 3.16111e+07 104499 1.4435e+06 30832.6 11424 1311 9.32526e+06 
21957 22003 47646 47715 3.85277e+07 200920 1.61402e+06 39400 14199.7 1039.53 1.13745e+07 
20161 20251 40940 40983 2.67439e+07 190169 1.02315e+06 25530 9423 857.825 7.9016e+06 
21102 21103 47378 47414 4.09796e+07 217289 1.74575e+06 41818 14897.5 1301.84 1.20966e+07 
21488 21551 41844 41918 2.49105e+07 96917 1.33582e+06 25218.5 9329.32 1445 7.34959e+06 
25479 25565 42555 42623 1.73488e+07 90538 744109 17061.8 6282 2093.23 5.11649e+06 
23348 23427 41965 41972 2.08361e+07 91136.1 902878 21577 13104.5 1163 6.14813e+06 
20738 20748 49357 49359 4.98998e+07 151440 2.07116e+06 48983.2 17609.5 2510.84 1.47257e+07 
23299 23334 42058 42150 2.0927e+07 105710 861469 21148.2 8062.49 1174 6.17149e+06 
21613 21702 45008 45039 3.32529e+07 180794 1.34648e+06 30400.8 11862 2115.21 9.82003e+06 
24806 24879 46058 46097 2.615e+07 130371 1.11921e+06 26743 10656.4 1356 7.71415e+06 
27314 27405 49437 49471 3.08788e+07 118154 1.05842e+06 31505.3 10625.8 1472.06 9.10942e+06 
21818 21845 42792 42872 2.69053e+07 151539 1.10355e+06 26474 9603 905.853 7.94902e+06 
25542 25565 40675 40761 1.39082e+07 94689.2 603892 13847 4866.14 940 4.10223e+06 
21314 21340 45093 45153 3.5906e+07 153562 1.36936e+06 31975.6 12426 1904.96 1.0598e+07 
22139 22228 43883 43891 2.90992e+07 196154 1.14386e+06 27460 10245.3 1258 8.58432e+06 
22917 22948 49968 50039 4.43053e+07 164819 1.80363e+06 42522.5 17252.7 1754 1.30724e+07 
24902 24999 44237 44297 2.01095e+07 152384 922488 18852.6 13474 1795.09 5.92889e+06 
26149 26172 45837 45868 2.357e+07 164889 1.04571e+06 23160.7 8697 2557.55 6.96952e+06 
24122 24137 47421 47510 3.39368e+07 161661 1.34726e+06 33116 11557.1 1464 1.00154e+07 
27241 27321 48977 49009 2.92376e+07 100123 1.01644e+06 29316.6 10001.5 1278.42 8.62622e+06 
25679 25736 42899 42980 1.82295e+07 100880 658558 23201 6221.36 1059.88 5.37969e+06 
28735 28753 43879 43913 1.47069e+07 113818 715608 15772 0 1003 4.33664e+06 
22257 22262 42402 42452 2.51675e+07 105574 970100 23936 8876 1047.39 7.42922e+06 
29689 29767 43379 43387 1.12018e+07 77305 472042 12161.2 4156.35 872 3.30398e+06 
25213 25298 46343 46380 2.66705e+07 137382 1.10853e+06 26338 9610 857.855 7.87969e+06 
22569 22634 48776 48806 4.02442e+07 112969 1.75929e+06 38631.5 14939.4 1656 1.18742e+07 
22376 22386 44608 44694 2.90835e+07 129463 1.28335e+06 31106.2 9797.8 1251.87 8.5832e+06 
24037 24081 42968 42977 2.19764e+07 146872 753144 25408.9 8837.96 1398 6.47896e+06 
25885 25961 39995 40024 1.28699e+07 338236 566241 13586 4510 1047 3.7955e+06 
26804 26891 47814 47819 2.78439e+07 94967.3 1.2671e+06 26480 16175.2 1389 8.21426e+06 
28118 28139 47334 47415 2.23433e+07 159505 1.01717e+06 24054 8207.52 1445 6.5893e+06 
28397 28493 43055 43123 1.4036e+07 274376 602717 14307 4921 993 4.13917e+06 
21672 21709 43551 43601 3.02796e+07 118685 1.37926e+06 29147 9658.11 1298.11 8.93646e+06 
24135 24151 49624 49643 3.93611e+07 193013 1.37463e+06 39758.6 13867 2417.36 1.16244e+07 
29991 30063 41437 41485 8.52189e+06 283227 378020 9075 3067 760 2.5138e+06 
28941 28968 45579 45645 1.52295e+07 98456.8 777323 17540 6162.08 1073 4.49164e+06 
25396 25422 47874 47874 3.15238e+07 150285 1.47773e+06 32089.5 11384.2 1546.49 9.30566e+06 
26817 26905 43643 43670 1.74295e+07 331761 726501 17030 6025.98 959 5.14423e+06 
25981 25983 43475 43563 1.78553e+07 188474 786454 18556 6649.04 1083 5.2658e+06 
19980 20070 45005 45012 3.84556e+07 139310 1.41841e+06 34492 12533.5 1371 1.13466e+07 
29420 29426 45650 45717 1.67897e+07 210959 721173 16844 5927.92 963 4.94461e+06 
21274 21357 43435 43526 2.49969e+07 178966 1.2316e+06 28965 9079.44 1469 7.37389e+06 
23572 23607 40831 40880 1.81027e+07 126741 784080 18824 6623 1059 5.36501e+06 
23695 23719 43742 43815 2.37685e+07 113268 1.01942e+06 22867.2 8884 1717.47 7.01258e+06 
23531 23625 44497 44560 2.69731e+07 109758 1.24824e+06 25470.9 9813.13 1212 7.9575e+06 
29241 29253 49848 49922 2.64698e+07 114947 1.08316e+06 23414.4 9221 2046.08 7.81509e+06 
26906 26996 46937 46964 2.3678e+07 242171 1.05941e+06 24806 8603.11 1320 6.98518e+06 
23853 23947 46092 46154 2.8935e+07 132247 1.50296e+06 27984.5 10923 1233 8.53609e+06 
23430 23481 46168 46236 3.14791e+07 121855 1.28058e+06 29359 11226 1976.43 9.30622e+06 
26291 26325 40564 40614 1.31225e+07 86380 810230 13509 0 930 3.86966e+06 
26090 26096 44543 44546 2.14722e+07 123075 885953 21358 7629 1259 6.34393e+06 
23346 23360 44633 44660 2.70683e+07 105858 1.14675e+06 26544 10506.6 1179 7.98515e+06 
27257 27270 41256 41352 1.3016e+07 62611.5 542360 12832 6275.64 925 3.83873e+06 
27112 27166 45843 45928 2.11354e+07 98146 910298 21596 7836 953.553 6.24012e+06 
19958 20027 48106 48151 4.71959e+07 138488 2.01862e+06 45587.9 17285.4 1845.31 1.39242e+07 
26584 26662 45792 45829 2.22637e+07 121426 958818 22661 7915 671.964 6.58778e+06 
23542 23642 45853 45953 3.06025e+07 101784 1.41047e+06 30997.1 10193.3 1131.51 9.03209e+06 
28775 28875 47561 47629 2.20901e+07 158894 987326 23328 7858 746.514 6.53708e+06 
22058 22071 46152 46158 3.50821e+07 117368 1.42534e+06 31409.5 12600 1935.26 1.03603e+07 
25074 25140 47002 47051 3.01984e+07 150686 1.45887e+06 29412.7 11174.6 1523 8.89972e+06 
29299 29321 41864 41920 1.13238e+07 101783 533715 11107 0 863 3.33942e+06 
22423 22493 45816 45913 3.44368e+07 171931 1.34449e+06 32181 11746.7 1435 1.01633e+07 
20665 20688 40197 40256 2.33513e+07 91923.5 969638 24431 7951 995.957 6.90634e+06 
24079 24156 45244 45312 2.47113e+07 143495 1.05277e+06 26088 9786.08 1090 7.29029e+06 
29585 29664 40769 40820 4.3072e+06 54587 365514 8511 2594 644 2.06102e+06 
24446 24455 47539 47559 2.79501e+07 201072 1.31488e+06 31766 10820.1 1444 8.24553e+06 
29017 29028 45598 45645 1.29199e+07 95812 760753 18250 0 1111 3.80919e+06 
23603 23604 40959 40997 1.81897e+07 84338 659788 22895.6 6151.12 978 5.36973e+06 
25880 25950 43132 43227 1.61623e+07 78556 803091 18291 0 1070 4.76565e+06 
27862 27943 48693 48758 2.56762e+07 136942 1.10829e+06 26905 9244.91 1475 7.57478e+06 
27321 27327 40921 40999 1.16653e+07 60034 1.08597e+06 11474.2 2515.16 785 3.4408e+06 
29969 29976 46729 46770 1.47264e+07 295314 768993 18163 6054 1135 4.34268e+06 
21879 21888 40315 40362 1.62785e+07 77808 871036 20878 7131 777.407 4.82459e+06 
28137 28219 43498 43542 1.33279e+07 77731 636757 15382.7 5039 1196.37 3.93097e+06 
20064 20152 49373 49419 5.01223e+07 306461 2.01422e+06 51558 25706.5 1701.33 1.48086e+07 
20574 20582 46234 46289 3.8268e+07 155281 1.57108e+06 39064 14178.9 1222 1.12982e+07 
29820 29880 46834 46883 1.70585e+07 76524 1.29516e+06 18999 5340.4 1197 5.02988e+06 
26485 26569 48728 48743 3.07792e+07 113183 1.20914e+06 27423.6 10534 2071.44 9.08538e+06 
22079 22090 47381 47431 3.36623e+07 469029 1.632e+06 40297 14036 1068.16 9.99269e+06 
21040 21091 44035 44092 2.68846e+07 88331.2 1.35971e+06 32091 18692.2 1743 7.93455e+06 
25889 25931 41220 41229 1.22549e+07 99670 646317 15202 0 971 3.61739e+06 
25121 25185 48963 49036 3.34553e+07 131111 1.34967e+06 33293 12020.2 1544 9.87351e+06 
25921 26018 45356 45444 2.20451e+07 104365 1.22042e+06 23470.5 7744.63 1180 6.50451e+06 
23014 23017 41547 41591 2.02534e+07 104073 1.20389e+06 21228.2 7686.4 1123 5.97699e+06 
29531 29573 45533 45605 1.55469e+07 314582 751861 17926 6884 584.111 4.67201e+06 
29918 29986 49520 49520 2.32324e+07 962936 1.05799e+06 25131 11321.3 1638 6.85187e+06 
26055 26060 42203 42213 8.48774e+06 71690 1.70327e+06 16417 16411.1 1211 2.4974e+06 
26581 26666 46539 46562 2.04543e+07 89177 992026 23899 8617 935.685 6.04459e+06 
26959 26979 46091 46098 2.23245e+07 108461 910688 22730 8489.28 1091 6.58329e+06 
28641 28675 45762 45818 1.65185e+07 88354 808526 17001.4 5970 2729.28 4.87184e+06 
29384 29391 40359 40386 6.64971e+06 3.68838e+06 348263 8161 2530 684 1.95788e+06 
29100 29180 49457 49515 2.57101e+07 82893 1.2576e+06 25411.7 16042.1 1336 7.58534e+06 
23605 23616 45301 45387 2.863e+07 121091 1.1346e+06 27304.5 9709 1511.9 8.44477e+06 
22010 22026 49406 49473 4.47524e+07 176093 1.77864e+06 41571.6 15735.6 1915.9 1.32133e+07 
20495 20554 45848 45905 3.80585e+07 175622 1.72924e+06 38521.1 31868.9 1872 1.12293e+07 
25144 25193 41717 41796 1.75458e+07 119567 1.09713e+06 17844.8 6671.8 1107 5.17826e+06 
24917 24994 48308 48369 3.31691e+07 238484 1.31374e+06 32623 11713.4 1569 9.78223e+06 
20408 20453 43954 43975 3.39541e+07 139901 1.30478e+06 33691 11934.6 1444 1.00176e+07 
20468 20475 43393 43490 2.58791e+07 105063 1.36179e+06 30274 10786.6 1339 7.63512e+06 
21409 21468 47375 47448 3.44085e+07 114322 1.68886e+06 37920.9 13676 2254.06 1.01535e+07 
22228 22239 46388 46392 3.2153e+07 386606 1.41556e+06 35325 13158.5 1611 9.47677e+06 
22476 22512 42680 42692 2.34399e+07 101779 993538 23813 8862 1669.8 6.92268e+06 
24168 24253 42881 42911 1.7074e+07 120390 855799 18078.7 9453 1364.33 5.03549e+06 
28090 28171 44522 44603 1.56383e+07 92973 730181 17103 5721 870.985 4.6252e+06 
22140 22206 45554 45570 3.33234e+07 126508 1.16532e+06 33682.5 11948 1349.33 9.831e+06 
24378 24433 43668 43675 2.41685e+07 197427 910029 22710 8015 653.776 7.16085e+06 
26795 26818 44772 44849 1.81768e+07 83118 800036 20864 7069 1015.72 5.36059e+06 
25545 25611 43186 43220 1.93727e+07 95408 772108 18991 6865 737.835 5.7436e+06 
23860 23955 45245 45254 2.8386e+07 147902 1.0717e+06 26648 9576.72 1013 8.37462e+06 
22392 22486 48435 48517 3.91188e+07 133251 1.72819e+06 38311.6 15980.1 1661 1.15424e+07 
19987 20008 41497 41543 2.62505e+07 98335 1.10926e+06 25939.8 9394 1912.4 7.74585e+06 
26384 26429 46847 46854 2.35701e+07 93353.3 1.09445e+06 26618 8772 963.304 6.96995e+06 
24413 24436 40385 40475 1.5101e+07 107202 832329 16386 0 990 4.45551e+06 
24253 24285 42767 42801 1.88303e+07 113408 745546 23388.3 7393.79 1029.29 5.55725e+06 
27071 27090 49593 49595 3.17829e+07 148852 1.40327e+06 30377.5 11180.2 1525 9.37785e+06 
28884 28910 43381 43454 7.7351e+06 78284 584078 13800 4370 949 3.65792e+06 
27851 27855 48243 48296 2.36519e+07 82450.5 1.07549e+06 25981 8272 806.728 6.99393e+06 
26314 26393 43779 43833 1.35773e+07 194293 794280 18373 4962.11 957 4.00423e+06 
21482 21503 46338 46384 3.71791e+07 121567 1.53493e+06 34664.3 13210 2172.52 1.09775e+07 
24881 24913 47224 47287 3.04153e+07 145056 1.23751e+06 30126 11064.1 1417 8.97219e+06 
22880 22950 42341 42412 2.34805e+07 85765 795824 24573.1 7766.01 1092.53 6.92815e+06 
29416 29427 43220 43231 1.12377e+07 84640 502641 12363 4267 532.057 3.36116e+06 
21183 21213 41969 42066 2.71595e+07 165674 1.11016e+06 26897 9077.07 1565 8.01249e+06 
23232 23330 47433 47447 3.4954e+07 143393 1.57032e+06 38689.8 11201.1 1214.22 1.03145e+07 
27952 27960 43191 43289 1.52117e+07 75275 629638 15389 5232 953.203 4.48749e+06 
22462 22499 49314 49357 4.13125e+07 189082 1.7155e+06 41756 20275 2050 1.21894e+07 
26301 26351 42039 42044 1.48963e+07 90437 684981 16496 5675 1345.9 4.39314e+06 
24877 24959 46058 46118 2.91636e+07 115728 971844 28181.3 9737.44 1268.11 8.6033e+06 
29438 29446 43430 43430 7.04592e+06 54688 506086 12193 4289 760 3.40047e+06 
26248 26272 42581 42638 1.28047e+07 90631 1.27149e+06 17224 0 1031 3.77588e+06 
23566 23583 49395 49397 4.04439e+07 154334 1.71001e+06 40930.2 16550.7 1699 1.19361e+07 
26326 26326 43344 43428 1.78627e+07 140956 760354 18370 5764.58 1005 5.26751e+06 
26815 26915 41321 41334 1.31887e+07 85316 724628 13183 2324.97 867 3.8888e+06 
22155 22224 41148 41199 2.20101e+07 99759 748369 23527.7 7555.71 1052.63 6.49522e+06 
25974 26035 46999 47002 2.64922e+07 146407 1.16976e+06 28989 9598 938.249 7.82692e+06 
29999 30068 42255 42260 7.54584e+06 833925 419424 9986 3112.96 835 2.22635e+06 
28170 28232 45252 45308 1.73164e+07 356987 772424 18885 6236.18 964 5.10998e+06 
27093 27133 44033 44084 3.17498e+06 1.95318e+06 729483 16862 6352 1229 934114 
25239 25272 42179 42204 1.61492e+07 104351 742080 17761 23851.4 1261 4.76668e+06 
28762 28821 48517 48518 1.6916e+07 124232 1.01978e+06 20935.1 9767 1633.16 4.98992e+06 
26338 26405 43668 43730 1.97725e+07 125041 824890 20205 12109.9 1436 5.8418e+06 
28279 28326 40206 40231 8.91937e+06 68543 432901 25585.1 3023 769.687 2.63118e+06 
25424 25515 48616 48616 3.16653e+07 124681 1.3008e+06 31931 11109 1115.22 9.3486e+06 
26324 26335 42254 42296 1.69541e+07 227334 796003 18580 0 1296 5.01382e+06 
21671 21738 48617 48672 4.60014e+07 245215 1.52328e+06 47041.7 15264.9 2429.32 1.35825e+07 
22621 22669 40492 40510 1.97439e+07 123009 796530 19563 6769.82 1045 5.82247e+06 
29858 29900 45398 45445 1.48047e+07 96316.3 643383 15716 5313 998 4.45386e+06 
24340 24355 41242 41306 1.83031e+07 158556 718794 17163 6137.14 981 5.39818e+06 
27873 27952 44398 44420 1.80961e+07 82732.2 724119 18143 8626.3 1129 5.33993e+06 
26761 26825 44672 44692 1.90193e+07 102677 742080 22255.7 6970.34 1130.3 5.6127e+06 
25403 25487 41116 41215 1.42712e+07 146015 625532 15306 5391 968 4.2116e+06 
27090 27094 48651 48695 2.79246e+07 123697 1.3558e+06 29248.2 9917.33 1652 8.24048e+06 
28242 28332 47811 47898 2.28766e+07 104109 1.03432e+06 21523.8 7992 2665.4 6.75428e+06 
29051 29062 46105 46177 1.75568e+07 97756 785300 15970.8 6428 2611.83 5.17706e+06 
29976 29977 48215 48308 2.04755e+07 112714 887787 20718 6828 1330 6.06008e+06 
25380 25477 42337 42372 1.77227e+07 87730 726101 17756 6221 772.414 5.2702e+06 
24237 24297 40344 40407 1.61473e+07 75401 665264 16219 5771 625.491 4.77626e+06 
24940 24952 42525 42574 1.86674e+07 262215 781533 19339 6523.46 1053 5.50982e+06 
20317 20358 46414 46511 4.16383e+07 154469 1.70915e+06 41386.8 14648.6 1363.14 1.22878e+07 
24373 24448 45160 45217 2.75802e+07 162482 1.01399e+06 25376 9488 643.154 8.15344e+06 
20966 21055 50000 50052 5.00568e+07 132600 2.06982e+06 48739 19109.9 1919.77 1.47707e+07 
26813 26878 47031 47050 2.37931e+07 84450.5 1.06135e+06 25288 8455 838.081 7.03534e+06 
29566 29652 46488 46519 1.81176e+07 91778 741331 16473.2 6136 1230.58 5.34311e+06 
29376 29434 42104 42171 3.99591e+06 118920 470205 8070.43 4952 1198.77 1.1781e+06 
24400 24419 44508 44515 2.52701e+07 85181.6 995063 23699 9085 1029.4 7.46955e+06 
20151 20157 48260 48278 4.70712e+07 148947 2.01229e+06 44294.5 18141.5 2017 1.38881e+07 
23878 23955 46700 46800 3.23091e+07 147373 1.33585e+06 31711 11349.6 1505 9.53298e+06 
20844 20936 49070 49153 4.80433e+07 137458 2.05824e+06 47547.2 16808.9 2439.29 1.41774e+07 
21162 21189 44149 44240 3.34899e+07 113174 1.33386e+06 32209 11410 1360.55 9.88565e+06 
29072 29093 41968 42009 1.11967e+07 79527 484498 10799.5 3747 1261.22 3.30248e+06 
23028 23070 43799 43838 2.73964e+07 116624 1.08097e+06 25763 9384.7 1207 8.0819e+06 
22145 22173 40936 40957 1.87165e+07 301623 875966 20945 6789.91 1182 5.52127e+06 
21892 21953 44588 44626 2.32811e+07 194673 1.90696e+06 32204.9 9631.35 1737 6.86905e+06 
23671 23764 47480 47575 3.5137e+07 104812 1.42394e+06 32066.9 12030 1988.51 1.03769e+07 
22230 22312 44421 44469 3.10701e+07 121906 1.22696e+06 28143 10314 1340 9.16487e+06 
27858 27867 40266 40353 1.06382e+07 55180 2.58356e+06 10452 0 893 3.13288e+06 
24256 24298 41921 41934 1.91235e+07 113797 677480 22202.1 6359.86 1149.2 5.64376e+06 
23384 23434 41102 41198 1.98463e+07 110112 709651 19498.1 6613.01 1005 5.85176e+06 
23194 23220 46352 46364 3.32405e+07 131773 1.31476e+06 31675 11360 960.888 9.81217e+06 
22348 22375 49928 49949 4.67313e+07 167958 1.7602e+06 40413.8 16241 1956.02 1.37912e+07 
21190 21263 46351 46373 3.98019e+07 165797 1.67584e+06 38392 15492.5 1742 1.17404e+07 
20930 20981 42514 42579 2.86105e+07 295532 1.18632e+06 29018 11293 1091.74 8.46276e+06 
23119 23142 49223 49248 3.95878e+07 203793 1.70287e+06 40245 15267.1 1698 1.16762e+07 
26296 26375 47886 47929 2.75567e+07 104705 989034 29917.8 9580.61 1592.53 8.13005e+06 
20204 20220 49569 49576 5.24163e+07 173967 2.0949e+06 52898.3 20217.6 2081.52 1.54683e+07 
28685 28692 44777 44851 1.57441e+07 107203 686786 18363.6 5577 1053.29 4.64305e+06 
26476 26500 47066 47158 2.53421e+07 117177 1.12012e+06 26732 10427.3 1369 7.47315e+06 
26911 26932 49780 49815 3.00031e+07 177124 1.48938e+06 33202.6 11030.8 1513 8.85505e+06 
29403 29459 45112 45132 1.41135e+07 81716 643132 15229 0 932 4.16115e+06 
29598 29629 43427 43488 1.20868e+07 69190.4 510589 12403 5363.34 804 3.56493e+06 
20493 20567 44720 44817 3.60765e+07 137760 1.20662e+06 35125.8 12084.5 1745.62 1.06471e+07 
26455 26462 40187 40237 1.20758e+07 89390 499001 12576.8 4654.71 827 3.56175e+06 
28731 28819 44363 44460 1.53389e+07 99561 668307 14006.7 5247 1768.64 4.52386e+06 
28873 28915 47835 47843 2.18931e+07 111079 1.33687e+06 23093.7 7514.57 1298 6.45972e+06 
26219 26317 46604 46633 2.52278e+07 90434 1.08501e+06 23083.4 8834 2260.62 7.44346e+06 
26211 26278 42961 43040 1.78536e+07 108396 743335 17896 6191.45 1023 5.26492e+06 
26732 26749 39991 40084 1.06607e+07 84408 873092 11402 0 788 3.14353e+06 
24627 24701 44560 44651 2.39954e+07 71944.7 960742 23639 8295 863.634 7.09438e+06 
27923 27947 45081 45133 1.64087e+07 228868 762818 17915 5773.65 1021 4.83908e+06 
25953 26049 44395 44412 2.0138e+07 116399 1.05957e+06 20660 0 1159 5.9403e+06 
20842 20857 41811 41897 2.56098e+07 157263 1.13138e+06 27066 9557.01 1513 7.55541e+06 
21109 21208 41769 41832 2.62461e+07 98685 1.02465e+06 26858.2 8568.38 1358.34 7.74396e+06 
26692 26714 45081 45138 2.11443e+07 248211 826774 20555 7427.01 957 6.23904e+06 
23883 23919 46367 46465 2.94209e+07 109308 1.32233e+06 29623.5 10471.1 1264 8.67958e+06 
24217 24279 48267 48323 3.48869e+07 168801 1.38904e+06 33817 11907.4 1036.93 1.03026e+07 
25598 25624 41603 41652 1.54137e+07 95824 583800 24986.6 5361.59 957.916 4.54979e+06 
27839 27876 42444 42520 1.38468e+07 66350.6 596904 14572 4854 1053 4.11267e+06 
20748 20828 43251 43286 3.00519e+07 118660 1.26844e+06 29932 10279.4 1442 8.86505e+06 
28274 28276 41026 41098 1.04812e+07 88879 395272 12381.6 3532.21 873 3.09178e+06 
20272 20290 40319 40364 2.426e+07 175211 993263 21368 8359 1999.71 7.16408e+06 
29115 29149 44566 44612 1.42883e+07 72900.5 620479 14644 5020 960 4.23302e+06 
26580 26609 48945 49038 3.05593e+07 109379 1.20491e+06 27961.5 10864 1983.69 9.0168e+06 
27780 27832 45401 45497 1.93036e+07 95020 832730 18456 6986 2418.22 5.69902e+06 
27894 27948 40189 40262 9.75434e+06 519179 451353 10419 3175.47 830 2.87739e+06 
25212 25295 41538 41566 1.77826e+07 90593.4 699177 16784 6387.16 979 5.24421e+06 
23413 23493 42803 42829 2.27459e+07 129948 1.19416e+06 22926.5 8092.25 1221 6.7138e+06 
21119 21150 44209 44299 3.30185e+07 135253 1.21327e+06 32982.4 11204.7 1691.66 9.74267e+06 
27199 27270 40838 40847 9.58249e+06 82301 505792 11796 3745 774.836 2.82957e+06 
22316 22355 44797 44889 2.99907e+07 132844 1.17444e+06 29000 11107 1013.88 8.8621e+06 
21787 21810 47952 48025 4.08023e+07 166576 1.63487e+06 39755 14263.1 1092.86 1.20444e+07 
27549 27624 42960 42990 1.53063e+07 73949 702896 15439 0 1008 4.51323e+06 
22594 22641 45566 45572 3.07472e+07 95679 1.25491e+06 29297.4 11244 1592.67 9.07752e+06 
20990 21035 43978 44068 3.06322e+07 195999 1.33511e+06 31993 11643.4 1738 9.0381e+06 
26830 26837 45194 45272 2.13487e+07 71747 761172 20731 7323.15 941 6.29563e+06 
27178 27209 41057 41087 1.29138e+07 81695 511732 11030.4 4071 2996.07 3.80876e+06 
22410 22423 48415 48456 4.03196e+07 149969 1.35553e+06 40938.4 13667 2088.07 1.1897e+07 
22143 22233 48687 48723 4.39513e+07 136550 1.44316e+06 41056.5 14591.6 2479.1 1.29774e+07 
21351 21428 41992 42053 2.68607e+07 177497 1.11264e+06 26701 9019.59 1597 7.93617e+06 
25259 25331 47229 47234 2.95604e+07 115866 1.3716e+06 32433.5 10244.8 1367.14 8.72379e+06 
28674 28766 49235 49268 2.57997e+07 90730 1.06834e+06 26203 8804 1001.72 7.62522e+06 
23592 23632 49208 49260 4.01126e+07 166388 1.68255e+06 38357.1 14787.3 1583 1.18357e+07 
25648 25688 42042 42118 1.56844e+07 84637.2 705211 17286 6673.76 1109 4.6257e+06 
21944 21950 49505 49525 4.60872e+07 117654 1.96914e+06 46103.1 17461.4 1564.71 1.36001e+07 
20391 20452 49793 49824 5.09361e+07 148046 1.74993e+06 50148.7 17711.9 2523.3 1.50347e+07 
23931 23944 46358 46441 3.10299e+07 92197.1 1.30895e+06 29128.8 12331.1 1314 9.15715e+06 
26018 26062 47741 47744 2.79587e+07 92599.6 1.25175e+06 28848 10928.8 1409 8.24764e+06 
29314 29325 47729 47819 2.2159e+07 137470 890471 21763 7675.53 1292 6.53475e+06 
20220 20280 42008 42065 2.91868e+07 104423 1.17451e+06 28072 13735.7 1421 8.60917e+06 
28110 28144 44829 44845 1.7166e+07 130896 726711 17776 6188 1075 5.06866e+06 
20417 20471 44089 44100 3.53433e+07 122967 1.39222e+06 32768 12280.6 1716 1.04276e+07 
23486 23556 46910 46930 3.30511e+07 310657 1.19824e+06 38006.3 11667.9 2673.22 9.76407e+06 
29334 29408 41540 41609 5.70849e+06 54513 420744 9723 2979 708 2.77116e+06 
27440 27519 45837 45857 2.13545e+07 392194 912918 21271 6959.52 1298 6.29636e+06 
29815 29825 40534 40535 3.86601e+06 77684 337384 8097 3550 -nan 1.13616e+06 
21656 21683 47988 48033 4.27907e+07 134214 1.84299e+06 42483.5 15047.6 1773.03 1.26304e+07 
27428 27522 42683 42733 1.4912e+07 85789 635017 14767 5188 1289.25 4.39744e+06 
24360 24363 45500 45501 2.73084e+07 181431 1.09686e+06 27158 9798.35 1224 8.06191e+06 
29278 29296 49388 49462 2.41915e+07 108965 1.30295e+06 25398 0 1473 7.13586e+06 
20595 20687 42580 42588 3.00599e+07 157090 1.21105e+06 28883 10993 1528 8.86722e+06 
27144 27193 49159 49201 2.86023e+07 110907 990699 31127 10360.7 1668.41 8.43814e+06 
26112 26198 45106 45118 2.15095e+07 98860.8 912922 21828 7308 672.046 6.36722e+06 
21984 22033 49953 49954 4.64703e+07 275637 1.84783e+06 41812.9 16805.2 2273.47 1.37362e+07 
21175 21189 41912 41938 2.55594e+07 123129 1.11245e+06 26695 9633 1552 7.54037e+06 
21518 21543 48893 48911 4.53989e+07 134592 1.5622e+06 45804.2 15974.7 2302.33 1.33977e+07 
20077 20093 44445 44465 3.57906e+07 120145 1.38671e+06 33166 12644 1096.49 1.0563e+07 
26639 26656 41599 41660 1.2808e+07 80947 1.32485e+06 14649 0 908 3.77688e+06 
22631 22701 49996 50043 4.54024e+07 110133 1.50261e+06 43245 15458.8 2276.21 1.34048e+07 
29185 29245 47770 47855 2.07831e+07 85145 916660 20297.8 7312 1655.73 6.12919e+06 
29968 30000 49667 49688 2.44616e+07 126943 1.00036e+06 23854 8386 1410 7.22281e+06 
20750 20752 47455 47542 4.22199e+07 112819 1.90501e+06 42289.1 16174.8 1879 1.24566e+07 
26835 26911 46190 46271 2.22425e+07 142409 964008 22294.4 8152 1372.95 6.56412e+06 
24288 24319 40328 40387 1.459e+07 136198 666041 13628.1 6148 6201.55 4.30311e+06 
28842 28845 46557 46572 1.91558e+07 94991 694755 27149 6641.21 1258.04 5.65316e+06 
23495 23506 48150 48199 3.65397e+07 130827 1.47856e+06 35298 12517.6 1576 1.07809e+07 
22409 22444 44256 44283 2.8748e+07 127954 1.0536e+06 27755.7 9869.54 1353.44 8.48121e+06 
24215 24221 43353 43416 2.24578e+07 80968 892107 20960 7898 821.197 6.63171e+06 
23882 23906 46951 46965 3.25835e+07 114831 1.34429e+06 30418.3 11255 2109.57 9.61426e+06 
24105 24161 48344 48370 3.50214e+07 153673 1.42851e+06 35564 12627 1036.43 1.03464e+07 
25821 25892 41849 41883 1.60109e+07 78692.3 699401 16442 5801.01 1039 4.72199e+06 
20201 20205 44929 45015 3.68165e+07 109022 1.55819e+06 34292.5 12848.3 1394.3 1.08636e+07 
21251 21289 45065 45153 3.35741e+07 135289 1.46971e+06 33260 11809.4 1586 9.90345e+06 
22662 22729 49324 49384 4.51349e+07 146740 1.75855e+06 43491.8 14978.4 2139.62 1.33196e+07 
20530 20534 48869 48928 4.79391e+07 109909 2.035e+06 48515.3 16671 1885.32 1.41428e+07 
22267 22296 45397 45430 3.16097e+07 93965.1 1.26865e+06 29285.9 11269 1716.22 9.33837e+06 
20592 20593 47183 47256 4.35173e+07 155048 1.77554e+06 41859 15223.7 1836 1.28395e+07 
22053 22058 44422 44476 3.17313e+07 97398 1.35579e+06 29444.3 10333.8 1344 9.36002e+06 
22626 22711 44823 44890 2.91626e+07 102651 1.15199e+06 27780 10265 870.831 8.61237e+06 
27793 27824 44730 44745 1.68899e+07 97682 1.35777e+06 17683.4 6105.17 1186 4.98423e+06 
20911 20983 43941 44036 3.29684e+07 127724 1.15161e+06 34061.8 11153.1 1885.83 9.7327e+06 
29908 29924 43685 43729 1.14373e+07 78136 512703 11787 4211 893 3.38893e+06 
24881 24960 47761 47774 3.1964e+07 139415 1.29185e+06 30713 10664.7 1569 9.42851e+06 
28521 28532 43798 43812 1.22102e+07 152770 495746 25469.2 5276.77 1474 3.60257e+06 
21958 21969 43173 43212 2.80722e+07 118890 1.103e+06 25395.7 9802 1780.15 8.28932e+06 
20178 20248 41121 41198 2.72745e+07 177458 1.03418e+06 24946 9489.2 1292 8.04776e+06 
20413 20507 46700 46702 4.2634e+07 143241 1.87966e+06 40487.4 15104.6 1831 1.25785e+07 
20304 20367 47237 47311 4.49981e+07 158922 1.55292e+06 44093.4 15606.9 2191.05 1.32767e+07 
21440 21499 45317 45343 3.42275e+07 174769 1.40365e+06 33849 12195.8 1403 1.00999e+07 
22015 22115 46061 46161 3.4701e+07 181769 1.41232e+06 32169.2 12562 1789.5 1.0248e+07 
25301 25364 44403 44467 2.20634e+07 115726 917191 22046 7755 1166.93 6.50626e+06 
26321 26361 40268 40269 1.19998e+07 81145 490696 13981.1 4524.83 1009 3.53941e+06 
25521 25524 48416 48486 3.24178e+07 120612 1.28261e+06 27716.8 10971 2145.89 9.5698e+06 
27668 27711 40547 40606 1.02581e+07 75523 472642 11025 0 866 3.02182e+06 
25529 25586 41137 41139 1.47613e+07 87659 1.57496e+06 14856 0 1008 4.35239e+06 
21406 21503 40664 40671 2.20991e+07 98025 903036 22860.3 8218.67 1337 6.51694e+06 
28155 28225 47467 47557 2.20275e+07 98396 1.02273e+06 24108 8140 858.689 6.50793e+06 
22044 22109 46971 47043 3.68372e+07 130375 1.62528e+06 37471 14245 1623 1.0868e+07 
28729 28734 49821 49897 2.56085e+07 108495 1.14668e+06 24631.8 9791 2559.66 7.55353e+06 
28045 28089 41006 41031 1.04869e+07 73708 2.50392e+06 11466 0 939 3.08896e+06 
28445 28543 45937 45975 1.91286e+07 176021 837587 19777 6472.58 1167 5.64043e+06 
28643 28652 46392 46404 2.02768e+07 102002 833997 19982 7335.75 1222 5.97965e+06 
28476 28554 42146 42226 1.21052e+07 99964 542398 11732.9 4585 5667.53 3.57028e+06 
26511 26531 48944 48985 2.98935e+07 262019 1.23745e+06 29545 10016.2 951.558 8.83997e+06 
20828 20841 43399 43488 3.05258e+07 131628 1.31586e+06 30595 11660.5 1513 9.0051e+06 
27571 27628 48747 48829 2.7518e+07 112648 1.13511e+06 24592.1 9488 2408.07 8.1204e+06 
29123 29207 40173 40219 7.11356e+06 61887.2 366263 8467 2726 772 2.13569e+06 
26184 26279 45619 45672 2.30515e+07 157582 1.01968e+06 23357 8392.58 1102 6.79786e+06 
26831 26840 48264 48324 2.77696e+07 199066 1.1392e+06 27797 9940.74 1367 8.19501e+06 
23779 23823 48904 48958 3.69452e+07 188678 1.53785e+06 36852 13277.2 1798 1.09015e+07 
29609 29674 42713 42811 1.12267e+07 81083 491663 11303.9 3984 1524.45 3.31117e+06 
21266 21294 47574 47579 4.35071e+07 162514 1.84906e+06 44687.8 13793 2064.35 1.2837e+07 
27776 27844 41426 41520 1.21614e+07 80844 451885 28313.5 3955.72 990 3.58687e+06 
21703 21779 41268 41298 2.43776e+07 87638 983503 23701 8582 954.477 7.19609e+06 
24587 24651 40481 40515 8.00287e+06 161928 654479 8947.7 9700 2057.81 2.35892e+06 
23101 23143 42709 42724 2.56487e+07 117194 974145 23277 9819 1002.04 7.58068e+06 
20756 20814 45270 45296 3.76802e+07 204056 1.43037e+06 34794 13335 1009.16 1.11254e+07 
21698 21717 46397 46401 3.6754e+07 159689 1.48007e+06 35675 12990.2 1492 1.08477e+07 
27089 27149 44936 44960 1.98003e+07 113506 785050 17635.8 6825 2413.24 5.84321e+06 
26479 26527 41429 41453 1.42281e+07 79223 606387 13440.2 4995 1018.36 4.19639e+06 
23804 23858 47657 47661 3.46572e+07 221748 1.42094e+06 34135 12537.3 989.376 1.02348e+07 
21307 21336 44498 44500 3.28148e+07 128966 1.53357e+06 31927.4 12014.7 1657 9.67988e+06 
26499 26596 41371 41400 1.38338e+07 93261 604312 12652.5 5169 2021.52 4.08017e+06 
26409 26423 49000 49084 3.24241e+07 147352 1.25265e+06 29970 11109 1001.68 9.57179e+06 
26252 26257 43139 43164 1.84321e+07 103188 750919 18183 6483 662.989 5.47251e+06 
21892 21909 47626 47632 4.09071e+07 158061 1.81457e+06 37613 14968.5 1577 1.20693e+07 
26722 26804 49675 49726 2.74844e+07 218645 1.2979e+06 31878 17550 1253.92 8.12163e+06 
29831 29833 44436 44515 1.28298e+07 85694 573725 13836 4862 1306.42 3.78337e+06 
25920 25921 44902 44972 1.92037e+07 86850 896913 19327.5 7925 2350.22 5.66319e+06 
20848 20899 47627 47657 4.5026e+07 174867 1.74694e+06 43045 16066.7 1321.19 1.32925e+07 
28501 28519 43376 43413 1.45695e+07 91519 655712 13561.5 5532.36 973 4.29693e+06 
24174 24257 44960 44996 2.22372e+07 223467 1.01486e+06 25672 10705.7 1469 6.56288e+06 
25407 25426 45583 45586 2.42213e+07 136341 1.01957e+06 24851 8807 1295 7.1526e+06 
25507 25575 46335 46405 2.78906e+07 105803 1.24376e+06 26099.3 9937.43 1447 8.22754e+06 
21653 21744 49499 49508 4.03351e+07 106834 2.00939e+06 45715 16869.8 1779.58 1.18951e+07 
22791 22809 42927 42975 2.28482e+07 162797 810240 30948.2 9798.72 1438.87 6.73995e+06 
28859 28947 40502 40523 6.4008e+06 55617 406165 9409 0 780 1.88451e+06 
25462 25483 44538 44566 1.86247e+07 87040 906153 21782 7190 856.211 5.50732e+06 
24507 24525 46517 46568 3.01404e+07 122274 1.40303e+06 28384 11616.8 1351 8.89109e+06 
26374 26430 40536 40546 1.21286e+07 78932 543558 12943 4351 469.259 3.64955e+06 
23267 23313 42683 42700 2.12218e+07 216518 946824 22683 7796.41 1054 6.26172e+06 
21331 21422 47201 47201 3.75084e+07 127982 1.82522e+06 44585.8 12918.5 1501.09 1.10676e+07 
27828 27927 46456 46457 2.00518e+07 135337 894294 21650 7789.4 1193 5.91337e+06 
26773 26807 44232 44245 1.85719e+07 130597 802971 19640 6683 842.193 5.52181e+06 
20202 20233 45434 45500 3.63121e+07 164585 1.59681e+06 41061.8 12704.5 1249.06 1.07148e+07 
26342 26362 48726 48747 2.99829e+07 240760 1.27931e+06 31324 10557 1056.82 8.87674e+06 
25714 25775 41459 41555 1.31616e+07 330705 667069 16075 5285 1165 3.88133e+06 
28341 28390 48790 48831 2.17529e+07 103644 1.08142e+06 23477.2 9041 3137.13 6.41896e+06 
29194 29245 40334 40424 3.97759e+06 54349 360126 8152 2609 673 1.90968e+06 
21168 21200 42198 42275 2.69048e+07 114162 1.01527e+06 29120.7 9535.62 1536.64 7.93921e+06 
29920 29982 47249 47252 1.79007e+07 76775.5 820100 19661 6444 1221 5.29607e+06 
21102 21137 44651 44750 2.89588e+07 110243 1.5051e+06 33913.6 11145 1589 8.5441e+06 
24799 24819 43770 43804 1.89273e+07 94684 772494 29205.5 7313.54 1099.99 5.5857e+06 
25312 25319 42336 42390 1.40592e+07 88938 731048 17645 6177 1320.18 4.14649e+06 
22045 22119 41037 41072 1.93504e+07 91057.3 885329 22083 8016.43 1085 5.70662e+06 
25128 25178 43188 43273 1.71818e+07 91270 1.27948e+06 19612.7 6889.35 1026 5.07071e+06 
27464 27510 46325 46414 1.76382e+07 146894 896768 22504 17916.4 1531 5.19912e+06 
27902 27997 47862 47950 2.43053e+07 112761 1.11185e+06 25464 9524.22 1427 7.17064e+06 
20859 20919 48062 48107 4.35161e+07 140236 1.97711e+06 47887.7 17609.5 2081.85 1.28669e+07 
29802 29850 47552 47640 1.8388e+07 128963 862067 20700 7251 890.567 5.43813e+06 
