29088 29173 59218 59304 6.094e+07 216187 1.88369e+06 59750.3 34728.5 3447.33 1.80185e+07 
25253 25306 58353 58447 6.49186e+07 296208 2.54753e+06 61102.6 22973.2 1385.22 1.91705e+07 
27361 27398 58964 59045 6.12534e+07 137804 2.05263e+06 64052 25921.3 3162.38 1.81365e+07 
25021 25083 56279 56351 6.05714e+07 189509 2.35304e+06 54139.8 20802.1 2014.37 1.7871e+07 
29786 29880 54353 54376 3.80845e+07 118689 1.49404e+06 34597.9 12889.3 1758.97 1.12356e+07 
22579 22639 52919 52961 5.76145e+07 189522 2.07939e+06 51875 18713.4 2340.58 1.70018e+07 
24691 24722 59871 59938 7.30368e+07 204849 2.97353e+06 68733.6 25446.2 1835.69 2.15472e+07 
29035 29097 58911 58920 5.26666e+07 147432 2.10728e+06 50563 19102.5 2267.58 1.55439e+07 
20298 20397 53047 53069 6.36046e+07 232210 2.52454e+06 61172.2 22593.3 1651.81 1.87796e+07 
22836 22894 50736 50835 4.73179e+07 183180 1.95247e+06 44394.6 16557 1748 1.39608e+07 
25983 25995 53748 53788 4.70505e+07 164177 1.83611e+06 42986.9 17046.1 2425.98 1.38949e+07 
21976 22018 59661 59746 8.58461e+07 190812 3.27271e+06 79813.7 30076.2 2745.56 2.5333e+07 
21428 21471 51268 51368 5.31918e+07 135177 2.16879e+06 52750 19204.3 1860.04 1.56954e+07 
29366 29379 52119 52140 3.32804e+07 179156 1.4075e+06 31865.5 11474 1391 9.81705e+06 
26359 26394 53328 53381 4.47466e+07 225654 1.76621e+06 42353.8 15514 1170.15 1.32105e+07 
27857 27906 59535 59589 6.33049e+07 243100 2.45062e+06 57934.1 21243.4 2846.6 1.86844e+07 
25208 25240 58113 58199 6.25869e+07 226711 2.47755e+06 57202.5 22732.9 2595.37 1.84791e+07 
24531 24628 55011 55042 5.94904e+07 133425 1.87406e+06 54167.6 19902 2527.83 1.75619e+07 
21389 21450 53363 53460 6.0813e+07 130655 2.39058e+06 55555.3 22360.5 2677.72 1.79515e+07 
21751 21806 51131 51230 5.1176e+07 170430 2.15703e+06 51078.7 18398.7 1895.95 1.51032e+07 
22160 22184 55671 55769 6.63511e+07 287345 2.68024e+06 62740.9 23594.2 1539.11 1.95921e+07 
22915 23015 54867 54871 6.24348e+07 209267 2.43614e+06 56931 21090.3 2550.53 1.84259e+07 
24429 24473 55273 55311 2.97211e+07 125671 2.21636e+06 50965 17303 1674.56 8.78328e+06 
22395 22415 56190 56249 6.85157e+07 182708 2.68359e+06 65324.9 29004.6 2864.43 2.02238e+07 
26757 26793 55813 55888 5.02836e+07 147214 2.18505e+06 48985.9 18495.6 2002.03 1.48395e+07 
26235 26330 51446 51524 4.02727e+07 174337 1.59172e+06 36866 13782 960.215 1.18882e+07 
25968 26011 56260 56273 5.52457e+07 182213 2.27157e+06 53356.6 19837.2 2101 1.63e+07 
27547 27619 53039 53073 3.81619e+07 246940 1.66648e+06 38922.9 13814 1833 1.12585e+07 
27133 27233 56401 56434 4.69035e+07 223444 2.04745e+06 51186.5 18923.5 1917 1.38416e+07 
20378 20408 59228 59251 8.53283e+07 215236 3.48273e+06 84668 31565.5 2719.86 2.5178e+07 
25564 25594 55187 55281 4.92509e+07 573470 2.13264e+06 51247.7 19086.9 2162 1.45227e+07 
21523 21595 53159 53216 5.7497e+07 237606 2.34204e+06 58428.6 20971.1 1731.04 1.69726e+07 
29793 29811 50290 50319 2.68434e+07 101761 1.06e+06 25999 8978.88 1910.04 7.91825e+06 
21661 21661 57386 57424 7.55966e+07 306669 2.98624e+06 74172.5 34175.2 3184.37 2.23132e+07 
26318 26349 59312 59353 6.81983e+07 434106 2.57413e+06 64035 23640.5 2891.2 2.01367e+07 
27620 27715 50773 50815 3.31257e+07 524060 1.46339e+06 32395.8 11350 1618 9.77153e+06 
22705 22715 51752 51759 4.85715e+07 124457 1.9214e+06 47883 17176.4 2037.49 1.43327e+07 
24710 24722 56882 56973 6.16361e+07 129681 2.11037e+06 60166.2 22630.2 2485.41 1.8194e+07 
23529 23561 50801 50844 4.45075e+07 191594 1.58606e+06 48322.3 23493 2056.51 1.31335e+07 
21497 21501 55421 55509 6.95647e+07 130957 2.69036e+06 66773.5 25024.1 2564.33 2.05347e+07 
20570 20613 52923 53019 6.36961e+07 128480 2.09568e+06 60205.1 22409.2 2742.23 1.88016e+07 
25869 25902 55340 55427 5.42984e+07 166751 2.09851e+06 51240.2 19185.2 2127.32 1.60219e+07 
24135 24210 55309 55358 5.86903e+07 170112 2.39337e+06 55378.8 20275.2 2220 1.73163e+07 
28174 28187 58006 58048 5.29941e+07 256529 2.18097e+06 53862.8 18390.3 2099 1.5632e+07 
22481 22579 57998 58006 7.20636e+07 216658 2.94734e+06 68784.2 25978.9 2195.35 2.12633e+07 
29125 29137 57721 57771 5.08964e+07 317260 2.05179e+06 47584.5 17391 1402.97 1.50273e+07 
23417 23478 56469 56567 4.40395e+07 139551 2.51425e+06 58929.3 23288.8 2668.09 1.29966e+07 
20178 20238 53566 53656 6.68646e+07 256388 2.64216e+06 63662.9 29106.9 2569.18 1.97301e+07 
27093 27124 59671 59729 6.24965e+07 293685 2.55123e+06 59920 23046 1778.79 1.84418e+07 
29709 29762 54520 54597 3.80397e+07 181892 1.64598e+06 37600.1 13233.5 1825 1.12276e+07 
27963 27983 54383 54422 4.36427e+07 182074 1.90318e+06 42275.6 15114.9 2027 1.28834e+07 
26186 26265 56403 56406 5.44368e+07 151875 2.2576e+06 52540.4 18937.1 1973.36 1.60627e+07 
21775 21855 59309 59409 8.37764e+07 290515 3.21726e+06 80127.1 29765.1 1846.85 2.47273e+07 
22760 22793 56147 56157 6.77138e+07 180211 2.6067e+06 62653.9 23770.1 2073.77 1.99825e+07 
27778 27779 58910 58988 5.72194e+07 139708 1.97487e+06 56902 20732 2262.9 1.68872e+07 
24649 24730 52081 52179 4.44728e+07 138241 1.54266e+06 43784.3 16077.2 1806.43 1.31215e+07 
26833 26910 53209 53254 4.14468e+07 179238 1.68837e+06 39521 14745 1108.64 1.22336e+07 
20269 20283 59027 59037 8.80925e+07 231904 3.41136e+06 85058.9 30907.2 2720.71 2.60022e+07 
23227 23305 56953 57017 6.57339e+07 179492 2.72917e+06 62508.3 23542.2 2144.94 1.93983e+07 
26286 26350 51097 51157 3.60621e+07 341297 1.7032e+06 36575.7 17424 1986 1.06368e+07 
22184 22276 55342 55399 6.47941e+07 180013 2.44773e+06 58054.2 24219.4 2650.44 1.9124e+07 
29734 29800 51061 51109 2.75682e+07 180966 1.12433e+06 25783.2 10782.8 1496.53 8.13595e+06 
27119 27134 53983 54021 3.90221e+07 132296 1.69133e+06 39015.5 15137.9 1957.62 1.15181e+07 
24795 24823 57552 57575 6.22528e+07 171880 2.455e+06 58361.1 23211 2546.31 1.83742e+07 
28843 28860 53331 53378 3.53815e+07 194202 1.68778e+06 36974.5 12447.4 1658 1.04408e+07 
21173 21179 59685 59685 8.46297e+07 195101 3.45996e+06 84143.2 30524.3 3011.1 2.49743e+07 
21008 21108 50712 50753 5.04963e+07 165333 2.07204e+06 51176 18599.2 2333.99 1.49059e+07 
20519 20536 58387 58394 8.54049e+07 191386 2.79789e+06 80528.3 29806.3 2731.33 2.52073e+07 
28825 28914 55965 56035 4.14725e+07 99489.3 1.78117e+06 43886 15305.2 2351.1 1.22422e+07 
26881 26979 57827 57896 5.22852e+07 188592 2.27824e+06 54596 20168.3 1859.69 1.54278e+07 
29299 29391 56755 56838 4.72064e+07 138350 1.55377e+06 44203.6 16418.8 2197.68 1.39372e+07 
29092 29125 50666 50740 2.77031e+07 929814 1.28594e+06 27987 10076 1480 8.17275e+06 
25427 25476 53188 53197 4.48112e+07 122513 1.77796e+06 41296.7 16428.4 2212.13 1.32216e+07 
24662 24677 52392 52448 4.74201e+07 470668 2.02543e+06 48381.4 16879.1 2173 1.39755e+07 
22979 23061 50110 50158 4.30526e+07 132270 1.72996e+06 43582 15086.2 2095.21 1.27084e+07 
22829 22928 55411 55453 6.37141e+07 259698 2.51696e+06 60711 22844.2 2164.64 1.87989e+07 
29813 29834 54978 55040 3.98731e+07 188757 1.63769e+06 37420.8 13927.7 1846 1.17649e+07 
24249 24286 56597 56684 6.2827e+07 218859 2.49332e+06 61567 22318.4 2815.04 1.85441e+07 
26577 26607 56908 56970 5.71951e+07 217264 2.19245e+06 54761 20053.9 2049 1.68764e+07 
26322 26384 57904 57973 5.87234e+07 190821 2.28334e+06 57746 21359.2 2318 1.73288e+07 
27875 27905 55396 55492 4.45281e+07 145447 1.60706e+06 52129.8 20508.5 3529.89 1.31645e+07 
23944 24004 55896 55926 6.15842e+07 164434 2.48567e+06 58747.2 21421.1 2016 1.81702e+07 
22787 22841 52033 52044 5.12604e+07 235982 2.0739e+06 51021.3 18575.3 1872 1.51251e+07 
21355 21429 58008 58100 7.83405e+07 239130 3.08872e+06 75049.4 27774.7 2843.09 2.31154e+07 
29217 29310 55710 55748 3.37225e+07 598914 1.7998e+06 37728 14496 1664 9.95036e+06 
22583 22653 58147 58237 7.16555e+07 287080 2.85638e+06 61906.7 35559.8 3026.41 2.11456e+07 
27161 27230 51703 51781 3.6727e+07 239276 1.52775e+06 35006 12587 1539 1.08408e+07 
22168 22171 56431 56511 7.03128e+07 227235 2.69483e+06 65924.2 24688.6 1603.07 2.07491e+07 
23942 24031 52910 52978 5.10132e+07 176505 2.03223e+06 48081 17651.8 2198.09 1.50574e+07 
27441 27523 59733 59793 6.23981e+07 168287 2.58235e+06 59909.2 22837.9 2328.56 1.84145e+07 
27668 27768 54147 54211 4.31394e+07 133857 1.50495e+06 44196.9 15475.7 2010.04 1.27292e+07 
20005 20058 50554 50649 5.59913e+07 171762 2.15487e+06 49368.8 19792.9 2353.36 1.65291e+07 
25306 25378 52660 52754 4.42708e+07 158496 1.56392e+06 43521.2 16867.4 1823.27 1.30641e+07 
26642 26674 50233 50287 3.34325e+07 139684 1.35503e+06 32159 11935 952.475 9.86862e+06 
20139 20192 50849 50947 5.71748e+07 203446 2.29135e+06 54192.8 20021.4 1981.93 1.68697e+07 
22853 22891 50397 50461 4.58641e+07 147127 1.53677e+06 44167.1 16335.8 1943.29 1.35333e+07 
21474 21542 56481 56532 3.84928e+07 202339 2.41341e+06 64095 20450 2269 1.13594e+07 
27928 28003 58846 58888 5.90533e+07 213264 2.33572e+06 53855.1 20343 1367.83 1.74274e+07 
25204 25223 58550 58599 6.82168e+07 169000 2.21234e+06 63551.1 23200.7 2296.05 2.01334e+07 
25631 25672 59764 59790 6.89235e+07 197150 2.86191e+06 67223.3 26701.2 2651.01 2.03433e+07 
27130 27165 55637 55735 5.11764e+07 267094 2.02139e+06 48258.3 17344.1 1834 1.51004e+07 
28666 28703 51420 51503 3.15227e+07 583689 1.45353e+06 31383.4 11234 1551 9.30776e+06 
27534 27573 57691 57699 5.4711e+07 134847 1.84898e+06 53899 19721.6 2261.24 1.61462e+07 
22655 22683 52374 52404 5.29141e+07 255984 2.23453e+06 52034 18576.2 1928 1.56112e+07 
23777 23785 54506 54506 5.64311e+07 311044 2.2776e+06 54730.4 20153 1571.16 1.66537e+07 
23448 23450 54273 54309 5.95783e+07 226714 2.3098e+06 54307 19982.6 2339.28 1.7581e+07 
21224 21265 55837 55923 4.918e+07 118953 2.4525e+06 73271.5 24140 2491.61 1.45149e+07 
26986 26989 53707 53750 4.09879e+07 387169 1.84096e+06 41688.3 20436 2069 1.20919e+07 
21721 21786 52354 52398 5.7394e+07 232959 2.20892e+06 50700.2 20708.9 2487.36 1.6939e+07 
28519 28542 55265 55344 4.48655e+07 151208 1.8679e+06 44336.5 16109.9 1900.92 1.32403e+07 
21265 21350 56704 56788 7.51808e+07 221470 2.92781e+06 67095.6 26504.5 2670.62 2.21755e+07 
26943 26955 52212 52255 4.07447e+07 128795 1.53796e+06 37125 14032 1017.75 1.20266e+07 
27314 27343 55936 55948 4.63283e+07 201763 1.94467e+06 40464.2 23578.5 2872.04 1.36804e+07 
26193 26244 59069 59114 6.55816e+07 189000 2.72515e+06 63521.7 23722.5 2463.72 1.93516e+07 
28092 28190 57377 57395 5.39156e+07 326524 2.20065e+06 51475.1 18802.8 2221 1.5904e+07 
26323 26332 56795 56869 5.40277e+07 152576 2.17248e+06 51659.2 20505.4 2430.34 1.595e+07 
25358 25421 57282 57293 5.93266e+07 196992 2.366e+06 58118.5 22232.9 2151.12 1.75066e+07 
20603 20608 57760 57846 7.98054e+07 238204 3.1647e+06 76814.7 28813.4 1840.66 2.35518e+07 
29901 29991 52924 53009 3.26085e+07 135478 1.29933e+06 31512 11757 1069.56 9.6294e+06 
21215 21215 58209 58217 8.03315e+07 252144 3.18485e+06 75631 27813.4 2702.95 2.37106e+07 
20816 20881 53795 53831 6.61176e+07 207225 2.55511e+06 58480.6 22774.1 2451.6 1.95145e+07 
26763 26853 54931 54987 4.77749e+07 170070 1.8455e+06 43049.8 17120.8 2499.99 1.41039e+07 
20330 20394 59695 59728 9.52388e+07 284358 3.63998e+06 86971.1 32818.1 3199.32 2.81044e+07 
29243 29300 55617 55715 4.21309e+07 162737 1.45352e+06 41712 14539.6 2054.99 1.24358e+07 
21721 21774 51407 51501 5.34994e+07 159845 2.15352e+06 50401.3 19294.9 1867 1.57832e+07 
26362 26435 55722 55808 4.95904e+07 199656 2.0457e+06 49295 18221.7 1304.4 1.46334e+07 
22417 22441 55837 55875 6.63159e+07 304390 2.26363e+06 64756.9 23082.9 2620.34 1.9575e+07 
27898 27898 55463 55507 4.68087e+07 180210 1.80535e+06 41937.3 16178.8 2363.77 1.38234e+07 
20685 20730 54243 54287 6.64865e+07 185139 2.75601e+06 65512.9 27821 2550.88 1.96172e+07 
26245 26314 54414 54454 4.54728e+07 152292 1.93875e+06 47327.5 16815.5 2030 1.34154e+07 
25780 25876 59385 59394 4.64033e+07 142300 2.56602e+06 60412.1 20321.6 2873.82 1.37015e+07 
23946 24005 51502 51528 4.29115e+07 160491 1.86953e+06 47699.4 15399.6 2069.4 1.26634e+07 
28847 28932 50238 50338 2.68981e+07 116433 1.17201e+06 28447 9732 907.017 7.94719e+06 
20539 20563 57778 57848 7.72228e+07 181217 3.12494e+06 80680 28671.2 3029.66 2.27928e+07 
29518 29573 55460 55510 3.82272e+07 135433 1.67907e+06 41175.7 13708.5 1787.25 1.12799e+07 
29578 29603 54728 54787 3.76692e+07 201129 1.51064e+06 38378 14271 1422.71 1.11196e+07 
25141 25201 59922 60013 6.87743e+07 178823 2.80003e+06 69780.1 25517.3 2277.31 2.02923e+07 
25093 25110 59824 59829 6.83616e+07 193304 2.74988e+06 63996.8 25289.1 2694.2 2.0174e+07 
24471 24528 53426 53436 4.73113e+07 157243 1.68002e+06 50754.2 17392.7 2664.78 1.39676e+07 
24986 25070 57953 58040 6.15458e+07 151086 2.45062e+06 60185 22261.9 1476.61 1.81604e+07 
23636 23641 56152 56181 5.61081e+07 132752 2.53808e+06 60375.8 23926.7 2165.05 1.65565e+07 
20592 20596 58942 59008 7.76025e+07 282018 3.38989e+06 68678.2 36451.4 3303.57 2.29015e+07 
23467 23539 55223 55247 5.95465e+07 176266 2.35954e+06 56656 20965.6 1471.61 1.75721e+07 
27982 27988 54031 54079 3.61181e+07 122170 1.98603e+06 46624.5 25133.3 2585 1.06913e+07 
24659 24706 58852 58909 5.94667e+07 1.51811e+06 2.8877e+06 63119.4 31138.2 3795.71 1.75858e+07 
21055 21128 51004 51011 5.18295e+07 139644 2.1738e+06 53913.4 17996.2 2556.44 1.52958e+07 
27571 27602 59887 59968 5.88049e+07 171426 2.43599e+06 59398.4 22553.9 1652.22 1.73583e+07 
24498 24591 51503 51519 4.10227e+07 180357 1.69342e+06 42723 15021.9 1057.14 1.21095e+07 
26816 26846 55932 55989 4.81474e+07 1.00455e+06 2.29919e+06 54107.6 18631 2738.84 1.42237e+07 
27292 27360 52485 52530 3.48748e+07 130209 1.49211e+06 36363 12667.8 1738 1.02925e+07 
21196 21228 52885 52902 5.21955e+07 135648 2.08316e+06 58217.7 19952.8 2566.57 1.54057e+07 
26406 26473 59831 59926 6.17065e+07 149323 2.63007e+06 64847.5 24126.5 2283.38 1.82153e+07 
27661 27722 54524 54583 4.32338e+07 299107 1.52434e+06 45145.8 15441.2 2294.28 1.27555e+07 
22382 22423 54517 54548 6.20774e+07 195074 2.45303e+06 57400.4 22794.4 2139.12 1.83245e+07 
26599 26675 59377 59402 6.44564e+07 189989 2.49775e+06 60351 22474.4 1676.03 1.90178e+07 
25064 25155 59567 59643 7.30183e+07 307902 2.79927e+06 67203.8 26010.6 1777.38 2.15467e+07 
22714 22731 57950 58010 7.20266e+07 270301 2.21763e+06 71552.7 33680.5 3160.49 2.12584e+07 
21455 21484 57437 57475 7.43288e+07 244519 2.62529e+06 74562.5 26071.4 2801.8 2.19378e+07 
22829 22867 54652 54673 6.15719e+07 189296 2.03357e+06 60809.4 21435.3 2553.98 1.81728e+07 
28393 28397 58952 59052 5.62596e+07 167948 2.29505e+06 56032.5 21074.6 2027.4 1.65997e+07 
26081 26174 52698 52731 4.23297e+07 184819 1.75205e+06 42741 14863.7 1829 1.24871e+07 
29247 29347 57076 57115 4.33406e+07 180596 1.80804e+06 45233 16507.9 1353.2 1.27973e+07 
20123 20202 54500 54590 7.35579e+07 259242 2.76348e+06 69362.2 25744.7 2526.54 2.17024e+07 
20649 20730 58483 58524 5.6091e+07 116211 3.03811e+06 84704.5 26192.1 3064.56 1.65551e+07 
27591 27678 57512 57609 5.32479e+07 224730 2.09738e+06 52180 19726.6 1447.65 1.57191e+07 
23382 23431 55256 55296 6.25906e+07 198836 2.00372e+06 61400.3 21425.1 2545.03 1.84725e+07 
26582 26595 57680 57760 5.8601e+07 141254 2.37202e+06 56909.5 21730.2 2070.85 1.72942e+07 
23182 23239 56908 56995 6.70601e+07 166431 2.65232e+06 64207.8 25030 2080.52 1.97904e+07 
24362 24387 57820 57882 6.83877e+07 175692 2.6822e+06 64785.2 25511.5 2502.01 2.01754e+07 
20057 20157 51306 51312 5.98596e+07 159934 2.27214e+06 54939.5 21080.1 2044 1.76633e+07 
29846 29854 59659 59707 5.302e+07 201312 2.07325e+06 52459 19686.1 1508.36 1.56482e+07 
23766 23779 51655 51750 4.26863e+07 240934 2.07319e+06 49621 19414.2 2691.15 1.2595e+07 
29024 29049 59619 59652 6.05372e+07 202959 2.22145e+06 52027.1 20784.7 2303.7 1.78697e+07 
24933 24977 59340 59390 7.19775e+07 262106 2.3843e+06 67431.7 24476.3 2810.09 2.12416e+07 
22231 22322 50310 50357 4.8192e+07 173822 1.80376e+06 45163 16554.6 1263.02 1.42264e+07 
20144 20179 55090 55110 7.47062e+07 177173 2.75851e+06 69634.1 24861.7 2525.21 2.20439e+07 
23090 23129 54629 54702 6.20701e+07 223169 2.33842e+06 54499.1 20546.3 2434.59 1.83205e+07 
20296 20306 54061 54091 6.75709e+07 205934 2.75634e+06 67211.4 24307.2 2431.39 1.99444e+07 
20098 20160 57251 57300 8.19255e+07 243297 3.1855e+06 76655.2 29070.3 1732.86 2.41794e+07 
23225 23263 57790 57812 7.20777e+07 212256 2.87703e+06 64659 26359.5 1601.75 2.12728e+07 
21198 21253 51627 51654 5.78084e+07 212727 2.21037e+06 50539.1 19089.6 2354.95 1.70681e+07 
22926 22978 55322 55360 6.40471e+07 196143 2.48689e+06 60433.2 23268.4 2203.46 1.88972e+07 
21880 21880 52865 52883 5.86918e+07 194098 2.27848e+06 54649.4 21423.6 1493.82 1.73282e+07 
22762 22784 50243 50302 4.23984e+07 204917 1.78093e+06 43160 16303.5 1142.91 1.25145e+07 
22219 22244 53162 53222 5.6527e+07 156021 2.21768e+06 55341.3 19478.7 2410.05 1.66823e+07 
22834 22889 51964 52018 5.13107e+07 165828 2.08532e+06 50418.9 18307.4 2019.18 1.51369e+07 
27556 27621 56447 56457 5.0995e+07 1.07768e+06 2.09503e+06 51145 22301.4 1487.57 1.50711e+07 
26778 26854 50436 50437 3.4386e+07 132493 1.47298e+06 35391.9 11595.3 1537.3 1.01469e+07 
29397 29399 59848 59880 5.77073e+07 163081 2.16221e+06 52998 20244 1427.91 1.70289e+07 
28093 28130 56757 56829 4.79883e+07 156882 1.70057e+06 50416.8 17331.1 2411.92 1.41712e+07 
20379 20469 53404 53453 6.29736e+07 255162 2.59639e+06 61753.2 23336.6 2373.37 1.85854e+07 
25770 25777 53101 53161 4.75112e+07 157241 1.77968e+06 41311 16106 2342.5 1.40199e+07 
23683 23705 55861 55901 6.15837e+07 159499 2.60116e+06 59784.6 22912.4 2251.34 1.81713e+07 
21805 21859 59862 59872 8.40631e+07 284765 3.37491e+06 81307 31200.3 2470.34 2.48047e+07 
29893 29983 52440 52536 3.26374e+07 115263 1.45519e+06 30864.3 11242.6 1499 9.62766e+06 
26910 26913 53155 53167 4.256e+07 169339 1.61096e+06 38288.4 15203.4 2182.35 1.25685e+07 
21520 21532 54928 54975 6.9615e+07 162153 2.70856e+06 64688 23977.8 2359.44 2.05432e+07 
25698 25783 52454 52531 4.50414e+07 136257 1.87603e+06 43212.6 15453.8 1793.92 1.32887e+07 
20214 20219 51344 51386 5.75239e+07 303537 2.2761e+06 54585.6 21765.6 1415.05 1.69843e+07 
28280 28308 50750 50780 3.15449e+07 195577 1.28689e+06 30619 10897.1 1532 9.30846e+06 
23038 23050 55579 55652 6.56352e+07 228673 2.44881e+06 60472.8 23373.6 2199 1.93639e+07 
20358 20417 59636 59644 9.33964e+07 223988 3.59934e+06 88890.8 34287 3035.66 2.75662e+07 
20696 20739 56155 56228 7.55722e+07 198661 2.9854e+06 70357.1 26110.7 2759.65 2.2304e+07 
22689 22735 58530 58550 7.86785e+07 247202 2.5087e+06 70275.4 26465.8 2474.43 2.32193e+07 
22596 22610 52567 52582 3.82357e+07 157832 1.83494e+06 57917.1 17296.1 2554.01 1.12843e+07 
27440 27480 54583 54588 4.4188e+07 274528 1.77043e+06 43423 20179.2 2565 1.30423e+07 
20889 20895 52430 52481 6.12116e+07 317987 2.4555e+06 56955.3 22159.6 2245.28 1.8068e+07 
24366 24405 50425 50447 4.20025e+07 156483 1.618e+06 36520.5 14634 2151.97 1.24029e+07 
28453 28502 55906 55979 4.62242e+07 122359 2.01072e+06 45144.8 17539.3 1766.56 1.36414e+07 
20128 20194 55449 55499 7.62209e+07 174225 2.93968e+06 69434.3 26820 2606.52 2.24958e+07 
29534 29626 57330 57337 4.83633e+07 147181 1.93261e+06 45428.7 17697.3 1932.03 1.42704e+07 
24900 24991 50625 50704 4.07707e+07 198109 1.34048e+06 40155.2 14015.2 2343.38 1.20367e+07 
21313 21387 58438 58495 8.39451e+07 259196 3.22306e+06 76582.4 30536.5 2686.74 2.47696e+07 
21155 21168 56233 56326 7.36797e+07 330098 2.94987e+06 71251.7 26000.9 2572.26 2.17383e+07 
24130 24176 56070 56149 6.0351e+07 193568 2.4814e+06 57298.9 22533.2 2120 1.78065e+07 
23881 23961 59530 59594 7.47872e+07 327820 2.95021e+06 67744.7 28404.4 2868.78 2.20757e+07 
21181 21236 52449 52546 5.73462e+07 193226 2.47744e+06 56137.9 21328.6 2341 1.69245e+07 
27500 27532 59581 59607 6.28311e+07 218296 2.44546e+06 59226.9 23039.7 1701.8 1.85492e+07 
28548 28574 53953 54000 3.9342e+07 125668 1.56797e+06 36445.6 14027 2193.52 1.16147e+07 
25478 25515 59444 59529 7.06746e+07 294659 2.32279e+06 65758.2 24109.9 2622.91 2.08567e+07 
24458 24475 56786 56791 6.20357e+07 195891 2.52012e+06 59237.5 22469.7 2094.43 1.83062e+07 
27277 27285 55749 55803 5.09495e+07 192392 2.1147e+06 47446.1 17503.9 2058.8 1.50357e+07 
22917 22948 49968 50039 4.43053e+07 164819 1.80363e+06 42522.5 17252.7 1754 1.30724e+07 
24776 24829 56412 56492 5.93443e+07 216621 2.34634e+06 57754 21557.9 1539.72 1.75077e+07 
21972 22011 51257 51277 5.25344e+07 186782 1.71375e+06 49718.8 18080.1 2226.1 1.55064e+07 
21229 21249 57012 57025 7.66697e+07 235899 3.01811e+06 71670 26865.4 2013.86 2.26235e+07 
21819 21882 57466 57523 7.68658e+07 287388 2.94784e+06 66900.5 27148.5 2750.98 2.26809e+07 
23495 23527 56237 56328 6.66728e+07 185548 2.58463e+06 61563.9 23335.6 2221.23 1.96702e+07 
22528 22610 50575 50603 4.76856e+07 194339 1.85085e+06 44508 16377.6 1167.7 1.40764e+07 
23660 23719 57397 57487 6.8863e+07 192698 2.63287e+06 60381 23582.1 2620.81 2.03254e+07 
24045 24118 55197 55229 5.8103e+07 130729 1.95756e+06 55952.2 20680.9 2536.7 1.71464e+07 
22057 22121 51892 51953 5.29141e+07 126049 2.2209e+06 51027.7 19524.4 1774.31 1.56133e+07 
27652 27681 59059 59064 6.13998e+07 188694 2.34481e+06 53442.5 21137.4 2466.52 1.8122e+07 
29230 29323 51958 51959 3.05105e+07 123624 1.2762e+06 30386 10896 836.704 9.0087e+06 
22418 22501 56405 56477 6.69356e+07 195702 2.29412e+06 63322.6 23800.5 2439.01 1.97547e+07 
24915 24989 54363 54401 5.34327e+07 135445 2.15759e+06 49450.6 18451.5 2074.68 1.5767e+07 
25705 25741 50674 50752 3.91934e+07 181596 1.51582e+06 36516 13569.2 1140.08 1.15712e+07 
23883 23938 55625 55681 6.05774e+07 179453 2.40554e+06 56876 21485.8 1510.27 1.78794e+07 
27180 27249 51564 51651 3.48833e+07 104028 1.5188e+06 34278.6 13164.3 1494 1.02934e+07 
29904 29962 51529 51593 2.9484e+07 106355 1.1367e+06 25260.5 9920 1920.59 8.70231e+06 
23430 23447 56678 56710 6.54503e+07 155368 2.65996e+06 65571.2 22876.2 2348.25 1.93119e+07 
21752 21818 52290 52368 5.48018e+07 161198 2.30037e+06 52967.3 19149.1 2275.84 1.61741e+07 
23993 24032 51778 51835 4.66618e+07 133051 1.57777e+06 45045.1 16369.5 2051.41 1.37798e+07 
27831 27888 55203 55261 4.69527e+07 131394 1.52217e+06 44049.6 15788.6 2167.69 1.38547e+07 
21568 21594 51624 51678 5.40109e+07 246114 2.24979e+06 54714.8 22530.1 2532.96 1.59366e+07 
24287 24323 57743 57747 6.96097e+07 204181 2.68166e+06 63197.7 26882.1 2434.2 2.05439e+07 
29151 29235 55049 55091 3.9293e+07 228423 1.62058e+06 38972 14448.7 1262.92 1.16005e+07 
22825 22852 52653 52687 5.44954e+07 187699 2.20003e+06 51317 19156.1 2176.32 1.60787e+07 
28267 28334 52881 52949 3.54718e+07 137303 1.64882e+06 35812.9 13187.6 1794 1.04668e+07 
27073 27156 57520 57566 5.55041e+07 231849 2.14429e+06 49925.6 19510 2357.57 1.63813e+07 
25517 25565 54240 54323 4.95861e+07 215784 1.9689e+06 44828.5 17462.5 2366.74 1.46372e+07 
20002 20036 50306 50403 5.51634e+07 235436 2.12861e+06 49546.6 19512.2 2246.98 1.62807e+07 
28233 28266 51654 51668 3.25721e+07 122373 1.57456e+06 33540.7 11829.1 1531 9.60792e+06 
26239 26292 50936 51009 3.87289e+07 149667 1.47684e+06 36549 13200.2 1647 1.14288e+07 
27129 27149 55806 55906 5.04758e+07 226855 1.97076e+06 44875.9 17790.4 2224.34 1.48997e+07 
22757 22830 55367 55441 6.36139e+07 156851 2.55966e+06 60378.8 22974.9 2268.39 1.87717e+07 
25325 25336 52115 52201 4.46682e+07 310532 1.73439e+06 42052 16655.9 1751 1.31767e+07 
26169 26243 58667 58765 6.3448e+07 235615 2.12823e+06 61182 21563 2541.74 1.87306e+07 
20440 20477 55141 55186 7.06492e+07 176883 2.82168e+06 66545.7 25053.5 2724.76 2.08485e+07 
21368 21383 56386 56407 7.45903e+07 138493 2.93799e+06 69796 26416.8 2680.12 2.20153e+07 
22619 22650 54833 54931 5.98748e+07 148358 2.05686e+06 58620.7 21634.7 2581.42 1.76693e+07 
24002 24020 56728 56779 6.54194e+07 203631 2.60165e+06 61889.1 23163.3 2531.49 1.93111e+07 
24419 24499 55890 55983 6.01871e+07 154366 2.45724e+06 58697.4 21675.1 2357.88 1.77633e+07 
20759 20770 53566 53630 6.52308e+07 251280 2.56609e+06 61316.2 23356.7 2222.84 1.92495e+07 
21677 21767 52768 52854 5.80193e+07 245061 2.38571e+06 55818.3 21017.3 2078.71 1.71197e+07 
26703 26764 50477 50541 3.67912e+07 119638 1.49091e+06 33053 13427.8 1632 1.08568e+07 
20472 20475 52638 52654 6.21331e+07 235712 2.3873e+06 54924.8 21761.2 2693.29 1.83402e+07 
24057 24113 50707 50754 4.26038e+07 157348 1.83945e+06 42968 14763.3 1750.63 1.25704e+07 
27573 27639 53961 54000 4.12312e+07 195879 1.68212e+06 40088 14582.9 1247.12 1.21715e+07 
20583 20655 56968 57008 7.94861e+07 196059 3.05737e+06 73678 27198.8 3003.16 2.34584e+07 
29950 29979 52555 52571 3.22676e+07 134698 1.28173e+06 30754 11459 1023.26 9.52594e+06 
26286 26361 51553 51646 3.78347e+07 138245 1.7068e+06 37045.6 14258.5 1562 1.11637e+07 
23850 23903 55527 55565 5.93374e+07 217980 2.31536e+06 53047.1 21188.6 2419.66 1.75105e+07 
27081 27083 51643 51659 3.70007e+07 131169 1.56264e+06 35073.2 14417 1544 1.09179e+07 
26928 27014 51257 51302 3.57103e+07 146883 1.20845e+06 34682.9 12235.6 1861.93 1.05361e+07 
23880 23975 50375 50394 4.39415e+07 141907 1.65987e+06 37539.3 15299 2014.07 1.29696e+07 
27468 27547 52266 52354 3.61301e+07 100112 1.4751e+06 34474.2 13054 2286.18 1.06631e+07 
23015 23064 58403 58416 7.25394e+07 189398 2.87901e+06 70421 26305.1 2342.88 2.14026e+07 
29250 29328 51460 51510 2.93382e+07 135370 1.21009e+06 29783 10404.3 1320 8.65445e+06 
22748 22790 50435 50437 4.47067e+07 189586 1.77107e+06 43495 16138.1 1123.24 1.31947e+07 
23793 23843 52333 52404 4.74405e+07 117743 1.66328e+06 48271.5 16716.5 2147.36 1.4005e+07 
29908 29977 56320 56337 3.7336e+07 114765 1.65608e+06 38174 14723 2180.84 1.10161e+07 
20056 20154 51032 51096 4.96428e+07 135160 2.31447e+06 55303.2 21569 1936.16 1.46496e+07 
23010 23036 51581 51677 4.63527e+07 169425 1.9998e+06 46964.6 18894.5 1724 1.36769e+07 
20079 20082 59954 59974 8.90618e+07 213291 3.59631e+06 87928.3 33514.5 1660.96 2.62805e+07 
28836 28858 53185 53271 3.1488e+07 115971 1.23754e+06 37146 12437.3 1795.57 9.2902e+06 
20057 20093 53298 53348 6.18212e+07 178762 2.54201e+06 62729.2 24464.5 2174.87 1.82434e+07 
27623 27686 58434 58445 4.86016e+07 133080 1.92446e+06 55493.8 19362.9 2265.89 1.4341e+07 
27409 27436 53462 53525 4.06034e+07 147757 1.58132e+06 39246 14719 1121.5 1.19859e+07 
22090 22124 56265 56274 6.99023e+07 202390 2.64765e+06 62667.9 25708.6 2507.12 2.06279e+07 
26597 26652 57822 57859 5.0602e+07 140337 2.22722e+06 52468.4 20311 2435.03 1.49323e+07 
28873 28960 51383 51432 3.08568e+07 187769 1.23764e+06 30569 10980.9 1510 9.11067e+06 
23281 23338 56901 56959 6.487e+07 278749 2.68897e+06 66936.6 23271.7 2645.75 1.91668e+07 
21430 21514 50613 50700 4.88935e+07 176532 2.3685e+06 53588.9 27426.5 2733 1.44316e+07 
24977 25072 53776 53809 4.91705e+07 1.2365e+06 2.09148e+06 46274.9 21573.6 2907.95 1.45437e+07 
21316 21412 59251 59341 8.12342e+07 1.54512e+06 3.61477e+06 86422.4 29697.1 3779.71 2.39957e+07 
28532 28617 54652 54665 3.85692e+07 112856 1.82299e+06 41717.4 14277.3 2003.65 1.13808e+07 
26859 26940 52490 52555 3.61085e+07 124368 1.69529e+06 38105.4 13257.1 1583 1.06512e+07 
26338 26438 54990 55076 4.76761e+07 170938 1.89978e+06 46780 17843.2 1390.35 1.40745e+07 
27235 27242 51195 51275 3.21111e+07 110292 1.15046e+06 34499.4 11588.7 1709.95 9.4726e+06 
26908 26989 59748 59836 5.92794e+07 197580 2.50802e+06 60707.7 23061.8 1652.77 1.74979e+07 
23396 23456 55820 55890 5.93901e+07 149196 2.56487e+06 62835.2 21676.4 2346.23 1.75309e+07 
25534 25545 50238 50246 3.64822e+07 128601 1.58464e+06 35911.4 13859.5 1666 1.07656e+07 
29564 29654 56724 56786 4.41625e+07 196423 1.7473e+06 41209.9 15568.3 2126.4 1.30398e+07 
24896 24968 57361 57441 6.37867e+07 168161 2.44923e+06 59529.6 23501 2211 1.88184e+07 
20557 20656 59409 59499 8.83785e+07 168826 3.42238e+06 85638.7 33186 2991.96 2.60823e+07 
28261 28311 50349 50419 2.92236e+07 96399.3 1.31678e+06 30363 10437.9 1574 8.62069e+06 
21151 21230 59140 59153 4.66824e+07 126699 2.93085e+06 91024 24247.8 3199.6 1.37836e+07 
22344 22395 52619 52670 5.73617e+07 194075 2.09906e+06 50539.3 20463.9 2360.71 1.69291e+07 
29051 29147 53279 53377 3.79104e+07 116744 1.40432e+06 32834.8 12418 2164.95 1.11865e+07 
20635 20679 55516 55551 7.45473e+07 232161 2.39604e+06 69901.9 24797.1 2729.01 2.20016e+07 
21743 21799 58245 58318 8.03298e+07 226856 2.82821e+06 74386.3 26854.1 2545.54 2.37063e+07 
29862 29873 52642 52673 3.35246e+07 105969 1.15626e+06 32674.3 11615 1485.16 9.88933e+06 
24866 24915 59799 59803 6.28645e+07 198043 2.44383e+06 69052.8 24285.1 2672.21 1.85553e+07 
24784 24786 52260 52291 3.82074e+07 155864 1.79232e+06 44106 16581.8 1807 1.12762e+07 
28175 28242 52754 52852 3.29083e+07 100979 1.3177e+06 37849.9 12455.4 1740.8 9.70801e+06 
20526 20541 53727 53807 6.7411e+07 185969 2.52997e+06 63501.9 23909.7 1544.61 1.98936e+07 
20381 20410 55274 55305 7.54511e+07 338096 2.8072e+06 63835.2 26453.1 2763.17 2.2276e+07 
25325 25404 55507 55528 5.23069e+07 169197 2.20819e+06 47777.2 21050 1836 1.5433e+07 
20436 20462 58478 58481 8.11594e+07 191931 3.25504e+06 79675.6 32211.6 3004.92 2.39503e+07 
23545 23600 51095 51102 4.22526e+07 160473 1.86705e+06 43818 17014.9 1834 1.24649e+07 
22707 22738 57194 57221 7.12868e+07 231537 2.52621e+06 65672.9 25206.7 2618.83 2.10414e+07 
27900 27995 56186 56222 4.70765e+07 148001 2.0339e+06 48047.7 18138 1893.45 1.3893e+07 
22950 22969 56022 56099 6.59197e+07 199711 2.5456e+06 61479.6 23240.8 1525.8 1.94544e+07 
25056 25150 53986 54030 4.7911e+07 148963 1.89476e+06 48483.3 17760.3 2276.06 1.41476e+07 
25686 25723 59867 59933 6.60615e+07 186149 2.70216e+06 66015.6 24852.8 2378.99 1.94937e+07 
25439 25444 58789 58868 6.59016e+07 178285 2.60023e+06 63147.8 23933.4 2259.76 1.94459e+07 
21161 21175 57212 57275 7.6857e+07 227478 3.05433e+06 73628.6 28637.6 2684.3 2.26726e+07 
21704 21779 51711 51723 5.18865e+07 179669 2.0735e+06 47847 18991.2 2221.16 1.5317e+07 
20093 20093 59724 59789 9.5749e+07 244258 3.58929e+06 88724.9 34333.3 1814.19 2.82551e+07 
20554 20563 52655 52701 6.49238e+07 174669 2.4369e+06 60498.4 21946.9 2151.02 1.91579e+07 
28760 28823 54486 54520 4.04787e+07 139939 1.60403e+06 36715 14229 2045.98 1.1949e+07 
21089 21136 54409 54492 6.75685e+07 188409 2.64451e+06 60685.9 23988.8 2625.85 1.994e+07 
26521 26573 52479 52509 4.12288e+07 116811 1.40784e+06 40741.5 14213.4 2065.89 1.21685e+07 
29956 29980 51573 51643 2.7151e+07 148382 1.12767e+06 27418 9985.82 1255 8.00781e+06 
25801 25887 56668 56752 6.08783e+07 185584 2.28582e+06 56144.1 21285.3 2050.17 1.79649e+07 
24411 24499 55816 55895 6.1978e+07 157567 2.34817e+06 57761 20478 2142 1.82867e+07 
23843 23917 54670 54749 5.98363e+07 200494 2.19275e+06 50905.2 20170.8 2427.97 1.76618e+07 
29648 29705 56702 56751 4.48372e+07 166097 1.73369e+06 43088 15423.5 1278.99 1.32337e+07 
26619 26646 53747 53796 4.39876e+07 206572 1.88216e+06 45809.8 15720.3 1956.91 1.29804e+07 
26937 26970 51098 51161 3.63114e+07 118764 1.36951e+06 33887 13046 1501 1.07146e+07 
24860 24877 58139 58221 6.89661e+07 162225 2.53935e+06 61717.2 23227.2 2469.17 2.03538e+07 
24613 24653 58933 59009 7.22422e+07 190293 2.79605e+06 68975.3 23934.5 2624.2 2.13224e+07 
27168 27265 50879 50886 3.53192e+07 113774 1.11226e+06 35065.7 11680.2 1688.66 1.04185e+07 
20874 20951 50751 50776 5.55561e+07 183934 2.12698e+06 50663 18869.1 1408.61 1.63949e+07 
21197 21227 52228 52288 5.83071e+07 191555 2.16723e+06 54890.1 20242.2 2421.86 1.72116e+07 
25949 25978 54619 54709 4.98236e+07 166216 2.116e+06 48021 18833.9 2041.72 1.46983e+07 
26821 26915 58055 58145 5.50968e+07 164171 2.25424e+06 55050.4 21079 1852.54 1.62585e+07 
24202 24283 54807 54828 4.96271e+07 301586 2.19596e+06 55334 20207 1544.32 1.46803e+07 
21956 21989 58523 58609 7.98211e+07 302346 2.59087e+06 76873 32274.5 2846.76 2.35445e+07 
21570 21628 58641 58731 7.99283e+07 234133 3.1769e+06 77421.9 29618.7 1687.41 2.35951e+07 
29206 29291 51545 51645 3.0792e+07 96926.7 1.19585e+06 29631 10478 939.009 9.0922e+06 
20608 20663 59037 59107 8.85685e+07 273960 3.41214e+06 85050.5 32402.6 1755.28 2.61376e+07 
23937 24035 59345 59376 7.33452e+07 219991 2.53757e+06 73247.7 25645.9 2737.75 2.16433e+07 
25176 25182 56655 56701 5.8561e+07 152014 2.37618e+06 57505.4 20397.2 2183.34 1.72802e+07 
29232 29315 52173 52179 3.20232e+07 134479 1.12038e+06 33304.9 13246 1581.21 9.44764e+06 
29036 29080 58347 58364 5.21315e+07 189880 2.03737e+06 49546 18947.7 1230.83 1.5392e+07 
20158 20174 55582 55627 7.5783e+07 234832 2.51248e+06 73476.5 25791.5 2950.75 2.2366e+07 
25391 25428 57922 57959 6.54909e+07 377893 2.56343e+06 67243.3 29287.8 3235.17 1.93335e+07 
22990 23054 51563 51594 4.96954e+07 246965 1.92993e+06 48253 17687.6 1145.98 1.46848e+07 
24548 24646 58394 58427 6.49984e+07 197163 2.26363e+06 68122.9 23364.9 2533.09 1.91839e+07 
23310 23318 56030 56122 6.62462e+07 133918 2.58192e+06 62966.3 21922.8 2230.53 1.95522e+07 
22233 22331 59620 59633 8.11157e+07 291227 3.24846e+06 80296.7 28384 2880.91 2.39449e+07 
28289 28320 50904 50983 2.89083e+07 182901 1.27563e+06 31890 15731.2 2018 8.53176e+06 
29475 29475 52552 52574 3.36871e+07 119658 1.47472e+06 32363.9 12641 1614.39 9.94419e+06 
22122 22148 52384 52465 5.57504e+07 175793 2.18553e+06 53728.6 19492.1 2471.58 1.64576e+07 
23092 23188 57395 57456 7.24794e+07 235501 2.75092e+06 67639.9 24996.9 2510.27 2.13925e+07 
21166 21188 54698 54712 6.81908e+07 217797 2.67251e+06 61540 24693.9 2737.95 2.01279e+07 
29074 29110 59819 59888 5.6954e+07 137648 2.29649e+06 56286.7 20778.8 2191.85 1.68119e+07 
26428 26500 51212 51283 3.50246e+07 139361 1.59956e+06 36277.6 17574 1786 1.03399e+07 
24102 24137 51773 51870 4.58664e+07 185664 1.79918e+06 44953 16707.2 1056.12 1.35363e+07 
22583 22642 50287 50341 4.56315e+07 140387 1.9168e+06 45425.6 15986.9 1983.91 1.3463e+07 
27562 27623 51859 51891 3.72466e+07 310384 1.46346e+06 35679 13148.5 1096.01 1.10069e+07 
28411 28511 51203 51294 3.05932e+07 216298 1.3104e+06 31402 11612.6 1691 9.02136e+06 
29565 29616 55676 55749 3.81275e+07 226882 1.66233e+06 40767 26284.7 1343.81 1.12584e+07 
26975 27028 59725 59788 6.27597e+07 201564 2.60954e+06 62419.2 24497.4 2877.26 1.85291e+07 
24728 24791 56476 56505 5.72856e+07 148906 2.42876e+06 57596.3 20922.6 2231.13 1.69027e+07 
26276 26366 58050 58113 6.04526e+07 154563 2.40596e+06 59840.4 21462.2 2110.95 1.78442e+07 
24399 24473 59174 59174 6.84531e+07 238711 2.44785e+06 71769.7 24215.6 2850.17 2.02056e+07 
20966 21055 50000 50052 5.00568e+07 132600 2.06982e+06 48739 19109.9 1919.77 1.47707e+07 
29292 29388 54795 54841 3.90316e+07 147847 1.65901e+06 37636.4 15224.7 1677 1.15227e+07 
20152 20158 59860 59890 9.55101e+07 278792 3.58443e+06 89149.3 34271.3 2101.95 2.81911e+07 
23775 23842 54404 54428 5.79855e+07 169619 2.34875e+06 56505.3 19817.2 2646.01 1.71151e+07 
23463 23519 51885 51893 4.81924e+07 188871 1.91788e+06 43214.5 16897.3 2321.99 1.4227e+07 
23316 23369 57257 57329 6.69618e+07 190988 2.77408e+06 66776.1 25183.3 2741.65 1.97654e+07 
20322 20366 51678 51704 6.06174e+07 163876 2.36762e+06 55749.6 21581.3 2078.62 1.78851e+07 
26424 26470 58618 58695 6.13668e+07 224988 2.52371e+06 57769.5 22991.6 2175 1.81034e+07 
20831 20909 58382 58387 8.49252e+07 243789 3.26953e+06 74081.8 30208.7 3086.45 2.50639e+07 
25439 25537 54264 54311 4.97548e+07 174799 1.97284e+06 46955 17409.9 1406.15 1.46857e+07 
21832 21916 54377 54431 6.41003e+07 306131 2.1958e+06 62223 22556.8 2776.65 1.89307e+07 
29720 29749 57750 57803 4.74742e+07 131781 1.98749e+06 47158.1 17212.6 1943.11 1.40096e+07 
27172 27230 55888 55921 5.06114e+07 157149 1.95315e+06 46795 16978 1323.35 1.49341e+07 
29155 29228 58019 58082 5.10739e+07 140300 2.03959e+06 46463 18042.6 1906 1.50668e+07 
20964 21035 54050 54134 6.51799e+07 209561 2.63207e+06 61991.1 24031.9 1621.12 1.92358e+07 
23655 23736 50528 50530 4.19654e+07 123766 1.72331e+06 38465.1 15481 2131.83 1.23914e+07 
27360 27404 56183 56214 5.07852e+07 159973 1.9542e+06 46999 17478.8 1340.52 1.49895e+07 
26964 27002 59030 59063 6.19113e+07 200497 2.50119e+06 57583 21728.1 1524.26 1.82685e+07 
19982 20058 58734 58793 9.11804e+07 803610 3.55694e+06 77742.3 35174.7 3099.65 2.69249e+07 
29208 29271 52589 52627 3.4334e+07 114441 1.46071e+06 32983.2 12620.7 1552 1.01314e+07 
26864 26925 59979 60048 6.72752e+07 206322 2.55349e+06 58052.8 23046.4 2565.88 1.98541e+07 
26166 26168 53356 53427 4.4126e+07 160243 1.49961e+06 45856.8 15421.9 2241.54 1.30202e+07 
27642 27663 56657 56702 5.14606e+07 195876 2.0793e+06 48821.2 19464.1 2127 1.51872e+07 
26849 26871 51281 51302 3.58762e+07 135846 1.20335e+06 35444.6 12299.9 1997.77 1.0589e+07 
29255 29328 55271 55352 4.06353e+07 124885 1.74804e+06 39385.4 15781.7 1753 1.1989e+07 
20522 20596 55804 55899 5.95891e+07 228610 2.80755e+06 63063 24495.3 2176.78 1.75939e+07 
29991 30034 56101 56198 3.85057e+07 159625 1.63738e+06 39111.3 18203 2184.56 1.13689e+07 
28893 28901 54209 54230 3.95532e+07 169812 1.59024e+06 39285 14108 1072.28 1.16772e+07 
25597 25685 59893 59988 6.96775e+07 227011 2.72676e+06 64546.8 24588.9 1699.89 2.05621e+07 
27872 27920 50618 50637 3.10043e+07 110953 1.31701e+06 29107.7 11400 2384.42 9.15e+06 
26928 26977 59053 59079 6.08226e+07 153526 2.47365e+06 61060 21128.9 2244.18 1.79522e+07 
27084 27173 51682 51763 3.47777e+07 100905 1.50798e+06 34847 13565 1458 1.02581e+07 
26029 26087 51254 51268 3.78859e+07 158683 1.54794e+06 37500 13475.4 1657 1.11789e+07 
28314 28372 52569 52588 3.59994e+07 120490 1.46295e+06 32935 12353 2346.14 1.06355e+07 
28321 28370 56054 56055 4.65834e+07 156989 1.94463e+06 44954.5 17552.7 1841 1.37425e+07 
25133 25203 56062 56062 5.8704e+07 171893 2.19573e+06 51531.6 19852.2 2348.01 1.73253e+07 
23999 24067 50613 50642 4.33406e+07 111956 1.66738e+06 39716.4 14250 2039.55 1.27933e+07 
20283 20336 55375 55474 7.17827e+07 308673 2.85712e+06 69807.4 26407.5 1752.99 2.11997e+07 
20568 20659 56621 56667 7.9462e+07 237619 3.02771e+06 72591.3 28149.9 2155.78 2.3457e+07 
29332 29405 59274 59328 5.26683e+07 152717 2.13888e+06 50866.3 20765.5 1951 1.55433e+07 
25786 25814 53736 53751 4.75021e+07 112055 1.83185e+06 43297.7 16577 2221.82 1.40181e+07 
28273 28343 58952 59009 5.53764e+07 127068 2.28597e+06 55003.6 20490.8 2044.68 1.63393e+07 
29777 29861 59111 59176 4.99962e+07 145959 2.15835e+06 49324.2 19220.5 1916.72 1.47482e+07 
22342 22375 52133 52228 5.36863e+07 121303 1.80076e+06 52255 18443.5 2270.17 1.58464e+07 
26683 26764 51212 51231 3.73721e+07 150446 1.45279e+06 34735 13437 1521 1.10234e+07 
20762 20858 55299 55332 7.2259e+07 171338 2.8104e+06 69160.8 24960.3 2555.09 2.13266e+07 
21644 21714 56912 56928 7.31086e+07 174068 2.92419e+06 70720.5 26493.1 2495.59 2.15782e+07 
24575 24652 58599 58640 6.70947e+07 175456 2.72778e+06 66152.1 23746.8 2385.83 1.98045e+07 
21363 21393 54751 54790 6.56908e+07 180985 2.60471e+06 63936.5 23858.4 2337.36 1.93843e+07 
28719 28745 52029 52071 3.2562e+07 103296 1.3479e+06 32431 11826 840.437 9.61252e+06 
22643 22654 58409 58464 7.54552e+07 156715 2.93019e+06 69591.9 27492.4 2327.94 2.22698e+07 
23097 23130 58423 58476 7.31202e+07 143580 2.90014e+06 68909.6 26077.5 2267.22 2.15765e+07 
26032 26101 55568 55574 5.12694e+07 185570 2.03453e+06 46829.5 17652.6 2134.06 1.51337e+07 
29210 29247 55507 55588 3.9915e+07 123899 1.77962e+06 41187.8 14915.1 1564.74 1.17772e+07 
22174 22218 50070 50114 4.60855e+07 188219 1.51843e+06 46063.9 20133.3 2708.87 1.36082e+07 
23181 23215 53870 53931 5.51589e+07 133641 2.26598e+06 53226.6 19769.5 1986.68 1.62759e+07 
20108 20178 55116 55186 7.37324e+07 172619 2.8348e+06 68721 26160.1 2380.32 2.17549e+07 
25802 25831 51464 51499 4.11238e+07 145380 1.54765e+06 37929 13936.6 1144.54 1.21395e+07 
26047 26136 58357 58392 6.39755e+07 212342 2.43062e+06 59751.7 22129.1 2184 1.88754e+07 
28235 28260 51889 51985 3.46998e+07 121459 1.44399e+06 33636 11881.3 1580 1.02378e+07 
29087 29144 53457 53505 3.66454e+07 125146 1.22226e+06 35725.6 12865.2 1906.25 1.08116e+07 
23611 23668 58566 58593 7.15809e+07 140231 2.88439e+06 68456.5 25759 2328.82 2.11199e+07 
26661 26705 59440 59483 6.51685e+07 188093 2.56107e+06 62453.8 23223 2046.28 1.92277e+07 
25094 25122 59268 59368 7.1165e+07 235250 2.75236e+06 65505.4 24899.2 1520.07 2.10084e+07 
28329 28335 57980 58073 5.1945e+07 137121 2.14775e+06 50498.8 20138.4 1997 1.53239e+07 
26365 26385 52277 52334 4.16206e+07 173464 1.65911e+06 39250 14741.4 1838 1.22827e+07 
22652 22679 50624 50646 4.88939e+07 171062 1.81214e+06 45372 16420.5 1287.97 1.44369e+07 
27588 27611 55098 55099 4.5627e+07 154995 1.83886e+06 43810 17844.9 2091 1.34593e+07 
20892 20987 55900 55959 7.46936e+07 252458 2.94762e+06 68768.8 27301.8 1677.82 2.20451e+07 
29746 29843 53615 53672 3.4098e+07 172989 1.41038e+06 34092 12722 1104.67 1.00748e+07 
22286 22373 52159 52213 5.4162e+07 204229 2.22187e+06 52318.3 19804.6 2332.16 1.59865e+07 
26094 26180 50577 50648 3.63207e+07 117200 1.66996e+06 36296.7 12903.7 1708 1.07135e+07 
27455 27548 55069 55133 4.54893e+07 149850 1.81677e+06 44058 17252.5 1971 1.34219e+07 
22640 22663 56319 56383 6.8985e+07 178344 2.25357e+06 64649.9 23151.8 2416.6 2.03587e+07 
26727 26793 56749 56840 3.887e+07 150438 2.07188e+06 49738 17217 1595.87 1.14753e+07 
29323 29327 59648 59716 5.27096e+07 191312 2.30289e+06 56094.8 35046 2423.91 1.55538e+07 
20026 20110 57540 57632 8.57104e+07 165432 3.2139e+06 79043.2 29339.4 2664.41 2.52921e+07 
26735 26834 51389 51449 3.60308e+07 97524 1.55997e+06 34879.6 12595.7 1408 1.06283e+07 
29707 29796 51996 52043 3.03425e+07 99874.2 1.23357e+06 28405 10472 1659.57 8.9658e+06 
26862 26901 53617 53635 4.2014e+07 135222 1.7029e+06 40626.9 16254.7 1547 1.23957e+07 
24814 24900 53377 53383 4.69901e+07 129792 1.87159e+06 44117.9 16389 2196.57 1.38672e+07 
22129 22173 50821 50880 4.83076e+07 137780 1.88782e+06 42693.2 17179 2003.25 1.42555e+07 
26219 26305 54086 54173 4.58771e+07 124821 1.63654e+06 47264.2 16460.5 2090.62 1.35444e+07 
25444 25458 50623 50631 3.9251e+07 125705 1.28658e+06 38170.6 13632.9 2352.72 1.15855e+07 
26578 26678 59367 59402 6.68743e+07 215543 2.5489e+06 63929.4 23146.3 2380.04 1.97405e+07 
28106 28134 56369 56386 5.0454e+07 129592 2.0477e+06 47458.6 18220.4 2017.25 1.48885e+07 
24458 24537 59709 59761 7.14035e+07 187936 2.91042e+06 70059.8 27188.1 1714.04 2.10707e+07 
26072 26115 57291 57309 6.15559e+07 173254 1.99064e+06 58516.7 20907.9 2455.68 1.8168e+07 
29518 29534 56445 56517 4.53846e+07 125508 1.83853e+06 43001.2 17293.7 1751.33 1.33964e+07 
20061 20087 52818 52871 6.52775e+07 167898 2.57856e+06 60450.9 22303.9 2855.87 1.92656e+07 
25711 25757 54617 54707 5.24227e+07 145794 2.11102e+06 49274.5 17913.9 2252.57 1.5468e+07 
23446 23499 56916 56986 6.48316e+07 238788 2.69323e+06 61936.2 24830.1 2496.13 1.91299e+07 
24586 24666 59977 60000 7.51642e+07 265694 2.94108e+06 67175.4 26661.9 3104.32 2.21949e+07 
29576 29588 50703 50800 2.8665e+07 103630 933318 29733.5 9555.04 1669.2 8.4569e+06 
23499 23566 50514 50568 4.37347e+07 121065 1.85336e+06 41046.8 15599.1 1752 1.29033e+07 
24913 24933 50744 50750 3.93364e+07 126282 1.76449e+06 38191.2 15896 1794 1.16111e+07 
27289 27376 54077 54119 4.25089e+07 249537 1.89853e+06 42883.2 29890.3 2429 1.25385e+07 
21525 21587 57587 57687 7.89635e+07 235911 3.12172e+06 74052 28340.3 2906.98 2.32949e+07 
22727 22817 55290 55302 6.60665e+07 182538 2.50112e+06 59762.5 23159.2 2318.5 1.9493e+07 
20331 20341 55333 55334 6.9563e+07 231681 2.87324e+06 66028.2 26428.8 1720.24 2.05318e+07 
27851 27919 55184 55267 4.37244e+07 195059 1.79972e+06 40634.3 16075.2 2301.3 1.29108e+07 
24919 25010 51353 51384 4.22267e+07 138312 1.73099e+06 40741.8 14928.3 1706.17 1.24587e+07 
25866 25953 50184 50196 3.66611e+07 158737 1.46995e+06 35172 12741.5 1034.41 1.08251e+07 
22631 22701 49996 50043 4.54024e+07 110133 1.50261e+06 43245 15458.8 2276.21 1.34048e+07 
28925 28950 58762 58794 5.18949e+07 157733 2.23694e+06 51667.7 18627.3 1947.14 1.5313e+07 
21236 21299 51771 51829 5.63499e+07 328582 2.27235e+06 54437 20633.4 1387.82 1.66404e+07 
23191 23272 51436 51474 4.64469e+07 154604 1.86064e+06 44831 16505.8 1198.62 1.3707e+07 
26313 26400 57164 57205 5.78418e+07 175886 2.31918e+06 53510.1 21140 1524.99 1.70738e+07 
27823 27909 59909 59926 6.25224e+07 159157 2.54283e+06 58463.9 22148.3 2628.79 1.84518e+07 
26357 26452 52981 53037 4.33243e+07 170588 1.79405e+06 40677 15287.7 1831 1.27815e+07 
22305 22351 59790 59845 8.48484e+07 164878 3.27127e+06 78887.6 28897.1 2948.75 2.5047e+07 
21516 21525 56814 56867 7.56409e+07 149601 3.15749e+06 77407 29885.4 3528.38 2.23902e+07 
29899 29930 56038 56084 4.30318e+07 135124 1.73524e+06 41343.9 16861.4 1824 1.2696e+07 
20267 20303 54254 54273 6.78714e+07 166989 2.81061e+06 64613.2 24278.4 2517.64 2.00254e+07 
24394 24458 58907 58964 7.14902e+07 197649 2.84974e+06 66646.3 25079.4 1529.8 2.11004e+07 
22144 22184 56130 56161 6.90048e+07 172980 2.74211e+06 64126.2 24680.2 2524.75 2.03647e+07 
23875 23887 56142 56146 6.32229e+07 138668 2.50182e+06 57110 22193.9 2128 1.8653e+07 
26451 26523 59488 59550 6.61706e+07 191296 2.56399e+06 57489.5 22800.5 2600.85 1.95229e+07 
29086 29161 51931 51977 3.3269e+07 112117 1.42425e+06 32744.5 11298.7 1567.38 9.81737e+06 
22787 22817 55759 55768 6.38458e+07 181115 2.52425e+06 57560.3 22295.5 2453.92 1.88427e+07 
23485 23570 55212 55291 5.51372e+07 151963 1.97739e+06 58008.8 20128.8 2609.07 1.62769e+07 
22429 22491 57013 57088 7.16522e+07 193830 2.72212e+06 63675.9 24312.8 2606.81 2.11467e+07 
25762 25850 52650 52738 4.34983e+07 112595 1.4928e+06 42549.3 15013 2205.52 1.28332e+07 
28834 28917 52737 52797 3.57182e+07 135485 1.43737e+06 34113 12215.4 1001.75 1.05471e+07 
27863 27877 51173 51228 3.12663e+07 150265 1.59517e+06 33422.5 11410.7 2033 9.2232e+06 
22090 22153 57942 58027 7.77651e+07 174668 2.99886e+06 71888.4 26438.6 2609.57 2.2958e+07 
21288 21378 56531 56597 7.20644e+07 158220 2.49777e+06 69937.2 25274.6 2639.34 2.12665e+07 
29935 29987 58151 58189 4.81083e+07 119247 1.84766e+06 41681.4 16419 2116.53 1.41966e+07 
29654 29681 51952 51964 2.85926e+07 80168.8 1.32213e+06 29332 11857.5 1405 8.43428e+06 
24582 24655 53240 53277 4.98648e+07 115976 2.05408e+06 47423.4 17206.8 1973.89 1.47144e+07 
29678 29680 53394 53484 3.43213e+07 159615 1.39328e+06 33289 12022.3 1105.36 1.01363e+07 
23068 23074 56497 56514 6.72199e+07 143954 2.67346e+06 62786.9 22496.9 2353.3 1.98419e+07 
24406 24408 58535 58609 5.34603e+07 318695 2.4081e+06 63461 20003 1503.53 1.57776e+07 
29732 29816 54439 54460 3.85327e+07 157085 1.50308e+06 34002.5 13868 2245.48 1.1377e+07 
28552 28645 50837 50907 3.06449e+07 131229 1.04228e+06 31701.5 10254.5 2284.59 9.04294e+06 
24332 24378 56298 56385 6.21353e+07 186247 2.06569e+06 57874.6 21238.8 2469.74 1.83352e+07 
22521 22583 52060 52067 5.16093e+07 153069 2.137e+06 49624.2 19207.8 1828.46 1.52285e+07 
23190 23208 50046 50054 4.23859e+07 127889 1.69828e+06 38041.6 15127 2209.74 1.25107e+07 
22376 22405 58748 58754 7.91503e+07 169407 3.05835e+06 73099.1 27285.8 2512.16 2.33584e+07 
29476 29512 57619 57625 4.77064e+07 138585 2.02605e+06 44291.8 17909.8 1858 1.40738e+07 
20192 20238 52230 52321 6.24469e+07 216007 2.38569e+06 58088 21797.7 1575.69 1.84204e+07 
25480 25556 58597 58687 6.56187e+07 176958 2.54055e+06 61371.8 23104 2127.3 1.93593e+07 
20473 20530 56972 57023 8.13915e+07 225323 3.10613e+06 74359.9 27550.7 2826.76 2.40226e+07 
26569 26651 50869 50923 3.55654e+07 125866 1.41678e+06 32111.6 12664 2025.49 1.05024e+07 
25334 25427 59476 59517 7.11825e+07 169662 2.78388e+06 65017.2 24713.4 2507.38 2.10039e+07 
20213 20239 57371 57386 7.89134e+07 237132 3.23594e+06 76481.3 28687 2836.46 2.3284e+07 
28015 28097 53875 53884 3.93075e+07 177871 1.73708e+06 39634 15078.1 1879 1.15973e+07 
27495 27523 55572 55642 4.77775e+07 146106 1.62875e+06 47575.8 16588.7 2157.09 1.40975e+07 
29301 29330 54764 54795 3.85188e+07 174616 1.35482e+06 39660.4 13592.6 2075.05 1.13713e+07 
29183 29260 51791 51808 3.30665e+07 193776 1.25676e+06 28719.8 20365 2336.89 9.76406e+06 
27370 27431 56586 56592 5.28041e+07 225809 2.063e+06 49475.8 21516.9 2268 1.55804e+07 
28326 28380 54432 54520 4.36429e+07 210448 1.79143e+06 41572 18630.6 2390 1.28743e+07 
26687 26720 54384 54478 4.89761e+07 171525 1.57971e+06 46429.1 16254.8 2244.14 1.44583e+07 
26094 26126 51260 51343 3.96699e+07 176521 1.59286e+06 38338 13639.9 1672 1.17025e+07 
28607 28685 52106 52152 3.39523e+07 120275 1.1629e+06 35729.4 11493.3 1973.67 1.00193e+07 
25804 25824 57765 57831 6.1348e+07 198419 2.35723e+06 55020.4 21409.8 2356.74 1.81069e+07 
29376 29455 57400 57475 4.74449e+07 215135 1.94406e+06 47826 16780 2804.96 1.40067e+07 
27407 27453 55799 55866 5.02315e+07 171360 1.93447e+06 46915 16352.8 1925 1.48219e+07 
25670 25710 52183 52189 4.44674e+07 124126 1.46249e+06 42532.5 15018.7 2482.36 1.31303e+07 
26764 26801 50228 50261 3.34474e+07 135861 1.37529e+06 32105 11723.7 1634 9.86595e+06 
27709 27747 51505 51593 3.44984e+07 151025 1.16334e+06 34398.3 12011.3 2077.64 1.01798e+07 
26633 26674 55044 55139 4.91453e+07 124326 1.89528e+06 44604.2 17403 2191.68 1.45023e+07 
27032 27079 55590 55594 4.89551e+07 156515 2.01457e+06 47778.9 17967.2 1873.33 1.44487e+07 
29354 29407 59347 59440 5.2872e+07 211212 2.12569e+06 48841 18799.7 2251.92 1.56132e+07 
28953 29019 57174 57265 4.64417e+07 206163 1.90735e+06 45677 16451.2 1313.82 1.37099e+07 
21453 21460 50609 50671 5.21631e+07 211628 2.07972e+06 49634 17481.3 1962 1.53904e+07 
21908 21953 50003 50080 4.68869e+07 228706 1.97157e+06 44535.7 17717.7 1857 1.38341e+07 
27649 27705 58374 58374 5.69881e+07 156539 2.32879e+06 54105.6 29889.9 2087.15 1.68152e+07 
25448 25484 59756 59788 7.39966e+07 237111 2.83661e+06 66555.3 26739.5 2855 2.18386e+07 
21768 21803 53605 53643 5.94151e+07 167555 2.47254e+06 57388.6 22814.8 2338.09 1.75357e+07 
28775 28775 59562 59626 5.63119e+07 177754 2.3209e+06 54301.1 21027.6 2272 1.66165e+07 
28402 28454 55087 55137 4.45583e+07 151054 1.91554e+06 41652.9 16019.5 1981.87 1.31459e+07 
25523 25556 54745 54764 5.14705e+07 149865 2.05794e+06 49591.2 20210.7 2242.78 1.51873e+07 
21033 21055 51551 51577 5.66655e+07 145905 2.25208e+06 53796.6 20197 1970.88 1.67194e+07 
20191 20260 58072 58159 8.692e+07 267343 3.35245e+06 79512.8 32022.2 1483.88 2.56481e+07 
22703 22717 55314 55327 5.81448e+07 168881 2.46875e+06 56890.6 22755.2 2156 1.71577e+07 
26445 26464 55512 55580 4.49928e+07 152788 1.9728e+06 46696 17516.7 1941 1.3277e+07 
23635 23715 53209 53220 4.74172e+07 119508 2.01316e+06 47339.9 18626 2325.93 1.39931e+07 
21520 21555 58852 58861 7.37061e+07 174717 3.21491e+06 78321.1 28724 2649.16 2.17544e+07 
28408 28429 55361 55461 3.98196e+07 122183 1.73666e+06 40156.5 15409 2094.52 1.1755e+07 
21620 21682 51086 51171 3.54997e+07 121290 1.81129e+06 57813.9 16456.7 2479.92 1.04762e+07 
22656 22663 57289 57319 6.65323e+07 143127 2.7462e+06 68230.2 26465.4 2546.94 1.96364e+07 
29578 29647 53009 53086 3.47649e+07 296587 1.2212e+06 35395.3 12054.4 1933.27 1.02625e+07 
21728 21825 59655 59729 8.46817e+07 192200 3.29033e+06 81750.5 32432.5 3028.57 2.49938e+07 
23588 23604 56722 56766 6.63996e+07 168758 2.61467e+06 62740.8 24079.1 2278.89 1.95904e+07 
23520 23570 59734 59751 8.13979e+07 156616 3.06133e+06 75668.7 28629.5 2618.91 2.40221e+07 
29891 29916 56146 56238 3.60887e+07 118246 1.47407e+06 41733 14573.3 2073.41 1.06523e+07 
26035 26106 51101 51135 3.2957e+07 147809 1.50666e+06 36882 13150.5 1063.08 9.7349e+06 
29891 29982 58457 58486 4.26251e+07 146882 1.87345e+06 47215 18514 1511.26 1.25827e+07 
28552 28635 50909 50941 2.7301e+07 117757 1.46986e+06 30634.6 11676.7 1851 8.05445e+06 
29912 29958 57920 57930 4.8341e+07 160475 1.96294e+06 45749.7 17248.1 1950.48 1.42618e+07 
28630 28703 59698 59716 5.51539e+07 196607 2.31288e+06 55461.2 20841.3 2200.89 1.62827e+07 
25933 25962 59151 59167 5.54782e+07 205650 2.55207e+06 60163.6 22901.8 2642.23 1.63777e+07 
23244 23318 58017 58067 5.81721e+07 141025 2.77264e+06 68406.2 24713.3 2391.95 1.71727e+07 
22577 22581 56629 56685 5.96252e+07 194888 2.70894e+06 63520.4 25485 2087.8 1.7592e+07 
29042 29065 55003 55077 3.50601e+07 253484 1.62448e+06 39796 13698.1 1173.83 1.03591e+07 
21918 21973 50813 50829 4.02951e+07 117926 2.09001e+06 48238.1 16926 1622.02 1.18893e+07 
29843 29918 52335 52397 2.63728e+07 86292.2 1.25044e+06 30556 10447 964.481 7.79234e+06 
26512 26594 51562 51648 3.21078e+07 137242 1.50799e+06 35765 12862.4 1378 9.47118e+06 
29107 29172 50697 50792 2.41098e+07 98821 962712 32950.5 9144.83 1442.56 7.11363e+06 
28270 28291 57917 57992 5.31908e+07 203058 2.06499e+06 47820.5 18639.3 2445.83 1.57034e+07 
21086 21089 56123 56223 6.94551e+07 149215 2.93894e+06 69110 25718.1 2467.65 2.04966e+07 
27214 27239 59473 59484 5.42495e+07 148508 2.49791e+06 58507.2 22195 2129.12 1.60067e+07 
24706 24776 50439 50477 3.80057e+07 171804 1.59844e+06 39147 14676 1751 1.12125e+07 
27914 27922 50761 50786 2.96566e+07 116695 1.09834e+06 34387.2 10957.9 1866.6 8.74946e+06 
29069 29096 54038 54079 3.49716e+07 134002 1.63688e+06 39490.3 12582 1680.48 1.03197e+07 
29891 29948 53936 53974 3.27468e+07 180758 1.40949e+06 34060 12593.6 1600 9.66221e+06 
20607 20612 56602 56608 6.58921e+07 210954 3.02946e+06 72794.2 31486.4 3210.42 1.94491e+07 
26683 26759 57584 57625 4.82003e+07 152232 2.34995e+06 54060 20822.1 1936.58 1.42247e+07 
26827 26850 52963 52980 3.55419e+07 139056 1.59453e+06 38959 14226.5 1127.75 1.04959e+07 
25129 25170 50723 50780 3.42171e+07 98277 1.72664e+06 38360.1 13927.9 1752 1.00939e+07 
27612 27622 55186 55205 3.95442e+07 116872 1.91521e+06 44279.8 16320.5 1886.91 1.16686e+07 
24325 24333 58290 58377 6.15506e+07 161902 2.69377e+06 63442 24585.7 1478.85 1.81614e+07 
23875 23933 50817 50829 4.44636e+07 96446.6 1.67954e+06 39530.7 15204 2022.41 1.31231e+07 
26950 27049 53741 53824 3.68733e+07 112312 1.85198e+06 41337.5 14633.1 1755.06 1.08807e+07 
26235 26316 55204 55234 4.4128e+07 146138 1.94778e+06 47638 17297 1376.11 1.30241e+07 
26187 26243 58906 58997 5.7896e+07 156173 2.54896e+06 60841 21869.3 2445.6 1.70828e+07 
22522 22606 53403 53442 5.57235e+07 158397 1.87163e+06 55586.6 19804.5 2310.04 1.64455e+07 
