28746 28837 60578 60631 6.38705e+07 194079 2.4427e+06 54788.2 24544.9 2679.39 1.88513e+07 
23796 23895 62371 62402 9.06916e+07 281113 2.92039e+06 83502.6 34409.1 3203.65 2.67687e+07 
24000 24073 66392 66455 1.07975e+08 304342 4.17023e+06 99257.8 37661.8 3153.61 3.18656e+07 
20507 20559 67808 67808 1.34488e+08 311397 5.01279e+06 118418 49058.6 3542.61 3.96918e+07 
24027 24057 68981 69021 1.22809e+08 267819 3.92877e+06 111958 42913.5 3384.74 3.6241e+07 
22994 23055 63041 63138 9.81866e+07 299484 3.72362e+06 88191.6 33406.5 1725.53 2.89738e+07 
26117 26186 67803 67891 1.08043e+08 327546 4.03465e+06 94704.7 37361 2819.69 3.18819e+07 
25001 25091 68028 68074 1.11678e+08 499918 4.28761e+06 103696 39412.1 3187.95 3.29531e+07 
23785 23836 66954 67039 1.15774e+08 356499 4.34266e+06 104944 52228.1 3597.09 3.41671e+07 
26739 26815 67496 67591 1.00877e+08 319936 3.69945e+06 86865.9 35437.2 3092.37 2.97673e+07 
25078 25097 67065 67101 1.05395e+08 225021 3.45802e+06 96487.6 37995.3 3641.21 3.11092e+07 
21106 21127 64526 64574 1.10302e+08 257050 3.70248e+06 103995 40295.9 3908.17 3.25564e+07 
27279 27328 63216 63293 7.64241e+07 224005 3.03768e+06 71501.5 26786.9 2978.19 2.25548e+07 
20673 20751 61550 61627 1.0088e+08 270092 3.84475e+06 93158.5 34489.6 3506.68 2.97738e+07 
27933 27965 66322 66397 9.04351e+07 211113 3.44897e+06 82173.1 32632 2892.59 2.6685e+07 
28372 28398 66287 66300 8.60768e+07 189148 3.06678e+06 81340.9 31427 3030.08 2.54072e+07 
29610 29692 68113 68212 9.0308e+07 213337 3.4042e+06 81204.5 30879.3 2801.41 2.66519e+07 
26765 26772 67428 67443 9.62228e+07 241765 3.69649e+06 91172.8 34931.3 1957.47 2.83972e+07 
25832 25835 64658 64747 8.77441e+07 185969 3.43719e+06 85627.9 32139.4 2551.06 2.58909e+07 
21398 21427 64922 64942 3.96085e+07 93041.9 4.17274e+06 97176 32948.5 3494.09 1.16953e+07 
21644 21744 60808 60905 8.78962e+07 262473 3.57408e+06 87445.3 41241 3676.86 2.5946e+07 
28897 28909 64341 64342 7.5333e+07 261482 2.93734e+06 72746 25944.6 1791.4 2.22363e+07 
22487 22553 62875 62971 9.71005e+07 172483 3.70797e+06 91134.5 34923 2761.36 2.86567e+07 
21331 21335 68063 68117 1.29983e+08 251892 4.28569e+06 124490 47195.4 3784.85 3.83666e+07 
22993 23010 65464 65497 1.10177e+08 304602 4.07146e+06 94878.3 39152.2 3087.68 3.25236e+07 
20897 20915 67950 68025 1.35518e+08 286039 4.27993e+06 121514 46922.7 3787.17 4.00044e+07 
26447 26505 63448 63491 8.45147e+07 212839 3.19162e+06 76114.1 29036.8 2650.96 2.4947e+07 
26345 26368 65682 65691 9.22685e+07 195476 3.58095e+06 86039.6 32935.4 2673.85 2.72287e+07 
22738 22824 61807 61831 9.3551e+07 267629 3.51161e+06 78162.8 32298.2 2958.67 2.76034e+07 
27081 27102 69669 69747 1.01045e+08 316675 4.19501e+06 102020 39198.8 1982.04 2.98175e+07 
24806 24875 63291 63360 8.66073e+07 228888 3.3197e+06 82565.2 31726.1 2649.88 2.55565e+07 
24953 25004 61947 61997 4.88407e+07 212625 3.52618e+06 69738 23243.7 2487 1.44111e+07 
22567 22611 65615 65712 1.14155e+08 308836 4.11711e+06 97573 39373.3 3339.42 3.36917e+07 
25533 25561 61941 62012 7.75393e+07 250605 3.04654e+06 75460.3 27783.9 1762.2 2.28838e+07 
25798 25813 64460 64463 9.04454e+07 252870 2.93248e+06 83628.6 32625.9 2980.74 2.66934e+07 
28346 28439 68603 68637 9.595e+07 234891 3.69934e+06 90513.7 34920.6 2069.17 2.83124e+07 
20517 20566 66765 66858 1.30162e+08 343773 4.74881e+06 117506 46962.8 3557.57 3.84059e+07 
20934 21003 64526 64574 1.12959e+08 297094 4.269e+06 99744 42425.2 3694.84 3.33367e+07 
24008 24102 66238 66277 1.03829e+08 257973 4.03094e+06 100850 37936.6 2175.81 3.06486e+07 
21695 21750 67674 67726 1.25617e+08 259360 4.7323e+06 118891 44914.4 3445.33 3.70957e+07 
25974 26019 60412 60469 7.15424e+07 339229 2.8286e+06 69879.6 24676.3 2618.45 2.11338e+07 
25626 25666 61448 61532 7.74858e+07 240591 2.99568e+06 72629.3 27636.5 1545.18 2.2872e+07 
23190 23219 68931 68994 1.23394e+08 530294 4.77352e+06 119160 46464.2 2365.08 3.64327e+07 
24933 25007 63799 63832 9.26977e+07 252593 3.55822e+06 84630 32064.4 1665.55 2.7356e+07 
25491 25532 61380 61447 8.18007e+07 207462 2.98469e+06 71283.4 27050.6 2560.39 2.41394e+07 
26801 26869 60925 60960 6.87181e+07 230933 2.82805e+06 64685.1 23917.2 2472.64 2.02786e+07 
27735 27771 63436 63467 7.68713e+07 313832 3.03523e+06 71966.5 27141.8 1690.99 2.26941e+07 
23679 23693 63369 63446 9.47368e+07 243180 2.98971e+06 85829.1 33269.6 2748.31 2.79575e+07 
21135 21135 66890 66972 1.25332e+08 336630 4.79307e+06 108882 44166.8 3652.87 3.69904e+07 
28581 28614 64160 64163 7.68912e+07 171840 2.51235e+06 72454.5 27768.8 2617.38 2.26937e+07 
25758 25849 61657 61665 8.01704e+07 160690 2.56448e+06 72510.9 27078.5 2562.23 2.36592e+07 
25654 25699 62612 62673 8.18602e+07 253925 3.1598e+06 75574.3 29619 1796.48 2.41607e+07 
29090 29105 64023 64028 7.63051e+07 216882 2.92839e+06 70231.9 28809.3 1456.01 2.25207e+07 
23246 23262 60146 60148 7.95544e+07 300283 3.18838e+06 74478.5 27966.9 2769.86 2.34779e+07 
26950 27030 62419 62504 7.49292e+07 190729 3.00493e+06 71945.5 27626.3 2724.62 2.21186e+07 
21402 21441 65932 65962 1.19568e+08 321301 4.57405e+06 110116 42613.7 3545.48 3.52952e+07 
23562 23610 66438 66528 1.10709e+08 300161 4.26418e+06 102135 38497.9 3118.77 3.26682e+07 
26669 26735 65525 65620 9.23502e+07 254969 3.40886e+06 83510 31709.2 1781.88 2.72546e+07 
27484 27553 64446 64496 8.57983e+07 180649 2.69162e+06 77479.6 31245.3 2898.78 2.5322e+07 
24894 24983 65429 65446 1.00685e+08 295136 3.90108e+06 93041.1 36616.4 3114.13 2.97147e+07 
24062 24157 66887 66960 1.06286e+08 258457 4.18753e+06 101558 40454.8 3146.22 3.13632e+07 
23712 23723 68079 68167 1.13909e+08 356956 4.57785e+06 110930 43346.7 3178.18 3.36142e+07 
27085 27103 67428 67516 9.65155e+07 244270 3.65661e+06 93435.7 35452.8 3178.3 2.84936e+07 
22359 22371 64512 64594 9.7096e+07 223769 4.09304e+06 99340.8 39416.7 3086.96 2.86542e+07 
22632 22689 66082 66129 1.12199e+08 240405 3.65547e+06 105311 42025 3087.7 3.31186e+07 
21914 21921 64793 64845 1.02655e+08 268936 4.11833e+06 103064 39362 2153.08 3.03035e+07 
27567 27620 68017 68117 7.30411e+07 161210 3.83938e+06 93474.7 33474.7 3034.96 2.15555e+07 
25154 25207 62574 62672 8.72954e+07 171904 3.18597e+06 79580.4 41657.8 2859.78 2.57704e+07 
24557 24581 66450 66453 1.02122e+08 219646 3.50992e+06 101763 39377.4 3333.02 3.01436e+07 
23311 23347 67803 67807 1.20487e+08 293967 4.39152e+06 108853 43195.4 2180.11 3.55654e+07 
26712 26800 63443 63520 8.50658e+07 206684 3.1067e+06 76357.1 29293.2 2266.18 2.50985e+07 
28105 28168 64711 64788 8.31606e+07 155532 3.08719e+06 77404.7 30758.5 2847.01 2.4545e+07 
23307 23344 67382 67383 1.18286e+08 262552 4.33603e+06 108861 41092.5 3269.7 3.49079e+07 
23248 23302 60938 60980 8.00944e+07 279616 3.24444e+06 79705 28846.5 2752.81 2.36368e+07 
20600 20664 62928 62997 1.06176e+08 464852 4.07194e+06 102352 38800.4 2385.26 3.13592e+07 
23405 23417 65544 65596 1.02204e+08 214896 4.21796e+06 98999.1 38553.6 3309.96 3.01588e+07 
24925 24966 67052 67148 7.21619e+07 185976 3.60905e+06 96806 34879.2 3173.02 2.1296e+07 
27117 27148 65466 65480 9.13225e+07 336885 3.42224e+06 83741.6 33190.4 2013.67 2.69558e+07 
23386 23414 62953 63033 9.49359e+07 270694 3.64294e+06 88274.5 32948.3 3036.45 2.8019e+07 
20855 20907 66155 66247 1.25977e+08 274920 4.07542e+06 115138 44162.4 3756.46 3.71773e+07 
29274 29316 60973 61042 6.08407e+07 190021 2.32707e+06 59748.8 21852.8 2115.19 1.79533e+07 
20499 20522 60003 60006 9.47326e+07 271655 3.46356e+06 87150 33406.2 1766.82 2.79543e+07 
25973 26034 65888 65913 9.51694e+07 276843 3.62049e+06 89053.6 34589.3 2968.89 2.80826e+07 
29139 29234 60728 60760 5.9879e+07 184440 2.3441e+06 58746 20976.3 2452.2 1.76732e+07 
29991 30011 62950 62955 6.51902e+07 238300 2.5245e+06 63057.6 23616 1597.87 1.92373e+07 
27788 27848 67048 67102 8.85845e+07 275218 3.52241e+06 81383.2 33262.6 3123.95 2.61474e+07 
24335 24352 61473 61500 8.2384e+07 260704 3.21891e+06 80786.9 30198.6 2689.53 2.43058e+07 
20301 20342 61551 61588 1.03722e+08 277164 3.8345e+06 96657.7 35652.2 3009.7 3.06102e+07 
27043 27135 69710 69776 1.10971e+08 313089 4.11586e+06 95132.7 39975.3 3225.44 3.27519e+07 
28631 28635 68784 68828 9.79843e+07 264141 3.67556e+06 90299.8 34699.5 2918.63 2.8912e+07 
27457 27461 67611 67662 9.72517e+07 237785 3.61606e+06 89178.1 34460.7 3002.34 2.8698e+07 
28127 28127 63359 63416 7.37691e+07 245016 2.89537e+06 70661.9 26290.4 1575.7 2.17709e+07 
28761 28831 60711 60769 6.05677e+07 153644 2.06523e+06 59164.9 22686.4 2564.65 1.78791e+07 
23446 23479 68904 68942 1.19963e+08 305087 4.72661e+06 114810 45123.1 2367.94 3.54026e+07 
21665 21731 65952 65974 1.14288e+08 272220 4.48738e+06 106545 41989.4 3071.11 3.37284e+07 
22661 22744 64714 64731 1.07769e+08 331915 3.36912e+06 99696.9 57105.6 3686.31 3.18115e+07 
22301 22320 66800 66896 1.20399e+08 442261 4.55427e+06 107338 43265.7 3379.45 3.55256e+07 
20381 20463 62992 62993 1.06951e+08 338986 4.14725e+06 99705.6 39436.4 3062.05 3.15622e+07 
27136 27199 64972 65059 8.68026e+07 187369 3.33946e+06 79979 29938.5 2783.62 2.56187e+07 
24821 24899 66343 66424 1.05378e+08 269926 4.02322e+06 95827.8 36302.2 3138.28 3.10993e+07 
21174 21223 62806 62846 1.00878e+08 210688 4.11936e+06 96215.3 37414.8 2979.35 2.97673e+07 
29787 29821 67317 67389 8.81384e+07 349001 3.22366e+06 79724.8 29780.1 2915.62 2.6012e+07 
24139 24206 69299 69337 1.22493e+08 257671 4.58012e+06 111329 43666.3 3609.42 3.61489e+07 
24398 24405 68203 68285 1.18781e+08 389964 4.50744e+06 109143 41722.7 2458.84 3.50638e+07 
26191 26213 69484 69575 1.13177e+08 333498 4.25934e+06 103341 39081.3 2075.45 3.33989e+07 
21900 21954 60959 61030 8.97076e+07 180976 3.55051e+06 84811.5 32106.8 2776.42 2.64743e+07 
28466 28494 60541 60626 6.40092e+07 161170 2.13339e+06 63291.6 23981.4 2750.12 1.88963e+07 
21563 21592 60040 60131 9.04282e+07 197606 3.47046e+06 83021.1 31408.7 2783.09 2.66834e+07 
29635 29714 64826 64830 7.40825e+07 140872 2.89296e+06 69982.7 25954.3 2599.71 2.18652e+07 
23190 23259 63829 63909 9.88586e+07 355322 3.79355e+06 84397.2 34870.2 2852.24 2.91731e+07 
29378 29408 64744 64835 7.61421e+07 168644 2.47748e+06 71496.2 27681.9 2515.67 2.24728e+07 
21387 21420 62229 62252 9.91611e+07 237672 3.95103e+06 92741.2 34531.9 3106.51 2.92644e+07 
22638 22685 66033 66112 1.14504e+08 244229 3.67815e+06 103267 41920.6 3030.03 3.37963e+07 
26287 26364 66850 66895 9.91894e+07 360719 3.81432e+06 91580.8 37304.3 2016.05 2.92783e+07 
28038 28128 60276 60277 6.36771e+07 162721 2.60995e+06 60305.4 21941.4 2372.89 1.87881e+07 
23846 23862 60284 60357 8.07244e+07 382720 3.17701e+06 74254.5 28873.1 1635.55 2.38229e+07 
29727 29777 69256 69309 9.45431e+07 328737 3.63006e+06 86727.5 33479 1821.01 2.79033e+07 
26072 26154 62755 62849 8.30141e+07 269533 3.14771e+06 77269.5 29222.2 1787.45 2.45006e+07 
21527 21582 62423 62502 9.70349e+07 272657 3.90984e+06 93791.3 34082 2933.77 2.86417e+07 
22488 22554 68410 68438 1.27082e+08 322638 4.08919e+06 114056 42899.9 3487.7 3.75073e+07 
22911 22925 65576 65670 1.06767e+08 261932 4.16936e+06 98988.9 39242.9 2909.35 3.15053e+07 
28030 28078 61140 61153 4.32566e+07 156597 2.57719e+06 57573.5 20009 2902.03 1.27687e+07 
22623 22709 63417 63480 9.93221e+07 261475 3.80754e+06 92417.4 38285.7 3353.54 2.93131e+07 
23979 24056 66016 66056 1.07614e+08 290380 3.54905e+06 97546.4 37182.5 3529.45 3.17647e+07 
20518 20534 69121 69168 1.42387e+08 390814 5.41108e+06 127500 49746.7 3786 4.20156e+07 
28161 28195 65399 65453 8.73399e+07 183642 3.36031e+06 80655.8 33789.7 3194.51 2.57857e+07 
25888 25893 65500 65545 9.23588e+07 264847 3.68331e+06 86793.7 33281.9 2881.93 2.72557e+07 
29221 29318 64048 64142 7.34185e+07 215345 2.92666e+06 69332.5 25890.7 2535.09 2.16645e+07 
27612 27654 65580 65589 8.75086e+07 255391 3.35041e+06 80141.2 30120.6 2752.27 2.58267e+07 
21894 21940 63009 63095 9.58392e+07 248120 3.8534e+06 92698.5 33505.2 2861.88 2.82816e+07 
25352 25402 66747 66792 9.71117e+07 518217 4.00643e+06 95930.4 35489.5 3426.46 2.86841e+07 
24700 24714 63355 63438 4.01684e+07 139871 3.1627e+06 91220.6 26312.9 2962.21 1.18556e+07 
27765 27787 65799 65810 7.44082e+07 173303 3.35415e+06 82019.6 31721.3 2954.83 2.19697e+07 
23412 23450 66360 66370 1.02817e+08 246182 4.19539e+06 102778 39203.4 3133.13 3.03395e+07 
29754 29851 60738 60787 5.61169e+07 155098 2.32753e+06 55897.1 20336.7 2042.35 1.65587e+07 
25141 25201 59922 60013 6.87743e+07 178823 2.80003e+06 69780.1 25517.3 2277.31 2.02923e+07 
29584 29632 60344 60382 5.56448e+07 188017 2.20502e+06 54817 20214.4 1463.19 1.64214e+07 
25557 25559 63135 63175 7.98071e+07 164148 3.15024e+06 79160 31364.3 2383.84 2.35482e+07 
29780 29871 67128 67158 7.67362e+07 196831 3.13678e+06 77663 28385.3 1899.61 2.26423e+07 
27895 27921 69452 69479 9.62285e+07 242124 3.44466e+06 96562.3 37268.4 3248.39 2.83968e+07 
26363 26432 67106 67111 8.77026e+07 219714 3.72127e+06 86997.2 35794.6 2867.64 2.58835e+07 
24329 24389 61993 62052 8.45125e+07 186187 3.32644e+06 81853.6 31829.7 2794.16 2.49397e+07 
24798 24836 64455 64544 6.35349e+07 148947 3.60923e+06 75623.6 32857 2674 1.87473e+07 
25635 25643 65717 65799 1.01587e+08 277853 3.51633e+06 86010.1 36774.4 3091.27 2.99855e+07 
21258 21315 69655 69732 1.32351e+08 388688 4.93088e+06 130935 50856.1 4051.3 3.90709e+07 
20415 20454 64324 64356 1.13876e+08 225528 4.38937e+06 105151 39614.6 3243.57 3.36072e+07 
28709 28804 68786 68823 9.17331e+07 214527 3.64456e+06 89354 33447.9 1995 2.70671e+07 
24146 24212 65791 65889 9.55499e+07 239925 3.92018e+06 90359.5 36402.5 3035.59 2.81973e+07 
24779 24807 60233 60283 7.10359e+07 169777 2.51982e+06 72221.8 25596.7 2759.28 2.09634e+07 
20203 20270 61081 61123 9.71624e+07 249351 3.2614e+06 95525 34095.7 3081.89 2.8672e+07 
28393 28430 61389 61409 6.24582e+07 211448 2.52437e+06 59737.2 23845.1 2578.69 1.84341e+07 
21475 21516 68018 68046 1.28063e+08 397218 4.85635e+06 120648 46679.3 2563.48 3.78087e+07 
25265 25284 64679 64767 6.48404e+07 191123 3.03819e+06 90595.7 30470.6 2900.06 1.91384e+07 
25571 25622 69418 69460 1.17427e+08 232511 4.19301e+06 104005 40193.5 2102.43 3.46519e+07 
23965 23996 64454 64547 9.90896e+07 227913 3.23194e+06 91785.8 34872.3 2924.16 2.92481e+07 
24197 24243 64313 64409 9.70156e+07 325692 3.70069e+06 92896.8 34858.7 3097.87 2.86255e+07 
21962 22018 63158 63254 9.85842e+07 242671 3.3427e+06 93450.8 35296.1 2924.92 2.90971e+07 
22590 22649 60845 60913 8.85845e+07 235350 3.30972e+06 82019.5 31045.9 1596.06 2.61449e+07 
27556 27616 65317 65322 8.50962e+07 178949 3.26029e+06 80719.1 30544 2747.68 2.51115e+07 
20605 20654 66745 66797 1.2836e+08 335009 4.09823e+06 118532 44249.7 3634.66 3.78839e+07 
21313 21354 61704 61734 9.71293e+07 317288 3.85671e+06 90461.9 33358.3 3102.9 2.86615e+07 
21296 21364 69502 69513 1.3921e+08 449041 4.55495e+06 127170 49116.6 3772.54 4.10859e+07 
27379 27380 63255 63277 7.19056e+07 273858 2.94288e+06 68233.2 26435.3 2659.21 2.1223e+07 
28486 28574 67358 67402 9.38581e+07 253961 3.55035e+06 85740.6 35067 3099.79 2.76984e+07 
26746 26778 62182 62257 7.93857e+07 236318 2.5121e+06 73521.4 26059.8 2558.81 2.34307e+07 
23781 23877 64922 64934 1.00114e+08 219270 3.80773e+06 94362.2 36727.1 2891.39 2.95445e+07 
23882 23966 69562 69653 1.23494e+08 354962 4.05533e+06 119632 43846.4 3373.66 3.64471e+07 
22516 22531 61424 61477 9.15441e+07 227232 3.42719e+06 86068.6 33526.6 2737.38 2.70153e+07 
25239 25284 66276 66355 1.03835e+08 212675 3.79893e+06 95541.2 37217.1 2907.53 3.06392e+07 
28027 28051 62610 62689 6.94611e+07 194666 2.8475e+06 69500.7 24993.9 2505.81 2.04985e+07 
26160 26176 65058 65149 9.13845e+07 260939 3.52978e+06 86074.9 33115.2 2939.91 2.69725e+07 
22734 22752 60537 60587 8.6652e+07 274365 3.2932e+06 83890.9 29225.4 2855.62 2.55763e+07 
24374 24416 69692 69751 1.27922e+08 362172 4.75308e+06 119640 54221.6 4332.07 3.77553e+07 
29643 29690 63097 63153 6.4453e+07 201363 2.51728e+06 58364.3 23623.8 2718.59 1.90198e+07 
24283 24379 64939 65001 9.96113e+07 262473 3.79429e+06 95534.7 33602.2 3193.37 2.9397e+07 
26365 26393 67264 67348 1.04639e+08 2.36895e+06 4.30974e+06 107777 48949.4 2014.24 3.10813e+07 
28477 28548 67278 67287 8.64009e+07 201548 3.39929e+06 80339 32087.1 2923.47 2.54951e+07 
23293 23302 68060 68076 1.17142e+08 274439 4.55946e+06 112202 42130.6 3184.31 3.45632e+07 
23309 23388 61146 61239 8.53841e+07 215546 2.78537e+06 81994.7 28792.6 2744.79 2.51966e+07 
21939 21956 64738 64774 1.07259e+08 219526 4.06038e+06 100514 39834.1 2803.21 3.16546e+07 
22036 22038 66432 66528 1.16616e+08 263440 4.46388e+06 109021 44374.5 3171.43 3.44181e+07 
22373 22458 61491 61574 9.21268e+07 245153 3.52234e+06 80341.7 32022.3 2858.66 2.71877e+07 
21158 21243 61680 61713 9.6907e+07 1.89735e+06 4.09309e+06 99314.8 45790.2 2270.15 2.8665e+07 
25158 25239 61974 62012 8.06173e+07 200952 3.07622e+06 72582.2 28277.4 2642.17 2.37904e+07 
23989 23992 63835 63877 9.55684e+07 360105 3.73901e+06 83995.3 33789.8 2839.54 2.8202e+07 
24540 24614 67013 67092 3.47856e+07 1.53228e+06 5.36955e+06 76145.3 34673.1 3924.66 1.03158e+07 
25833 25889 65206 65237 9.52669e+07 260457 3.55106e+06 88528.5 43833.3 2718.33 2.81226e+07 
23446 23486 63045 63059 9.51961e+07 220241 3.569e+06 88265.5 34249.9 2771.36 2.80957e+07 
24043 24143 63691 63749 9.55695e+07 235211 3.62821e+06 89765.6 32934.2 2879.22 2.82063e+07 
26610 26708 62885 62915 7.77349e+07 216386 3.0772e+06 69575 27831.6 2628.45 2.29366e+07 
24940 25028 60007 60011 7.17957e+07 241819 2.86824e+06 68643 26955 1762.38 2.11901e+07 
22234 22308 60020 60110 8.52234e+07 311782 3.30209e+06 71840.8 31698.1 2709.98 2.51486e+07 
25245 25283 66347 66426 1.0221e+08 322366 3.93105e+06 94021.5 37104.6 2969.84 3.01636e+07 
27521 27563 64980 64998 8.47878e+07 340686 3.2818e+06 80700.8 29063.4 2896.87 2.50237e+07 
28790 28847 67368 67441 8.80711e+07 332376 3.5135e+06 77780.1 32001.3 2821.02 2.59956e+07 
24397 24480 68612 68707 5.24668e+07 264001 4.178e+06 100676 24697.2 2534.25 1.54877e+07 
20105 20130 61796 61862 1.05691e+08 454499 3.29597e+06 99399.8 42869.5 4026.21 3.11982e+07 
21140 21236 65798 65821 1.21693e+08 309789 4.45227e+06 104481 42485.9 3359.26 3.59125e+07 
25637 25730 60907 60965 7.55201e+07 597552 2.97413e+06 71935.6 25687 2990.34 2.22989e+07 
28039 28093 68625 68655 1.00951e+08 342846 3.82724e+06 92341.2 35566.6 3318.37 2.97907e+07 
23955 23976 60811 60873 7.99347e+07 224609 2.69333e+06 75879.5 27424.6 2775.95 2.35896e+07 
25607 25672 61242 61270 7.64848e+07 268712 2.48466e+06 72267.4 25863.3 2628.33 2.25799e+07 
28831 28845 69186 69233 9.55158e+07 294968 3.79351e+06 83943.6 34802.5 3113.34 2.81875e+07 
27800 27900 62254 62315 6.85772e+07 473235 2.88875e+06 70351.2 27348 2701.03 2.02176e+07 
27111 27153 69025 69040 1.05245e+08 293560 4.09369e+06 96539.6 37022.6 3353.79 3.10548e+07 
29657 29695 64724 64728 7.40561e+07 219993 2.41708e+06 70386.4 26980.7 2956 2.1855e+07 
23580 23633 67222 67319 1.14072e+08 301908 4.30359e+06 104683 41868.5 2338.69 3.36625e+07 
29726 29801 68243 68265 8.80634e+07 291333 3.40336e+06 78076.5 32973.9 2754.85 2.59934e+07 
24403 24491 65883 65918 1.02678e+08 267236 3.99451e+06 96958.7 37943.3 3151.79 3.03117e+07 
27809 27867 66697 66786 9.27813e+07 277618 3.57312e+06 80386.4 33333.8 2849.25 2.73805e+07 
28576 28625 64309 64349 7.74984e+07 279615 3.05766e+06 74494.8 27399.7 2787.24 2.28749e+07 
22099 22194 68666 68762 1.29189e+08 378977 4.84266e+06 111630 45665.1 3299.25 3.81207e+07 
29153 29221 69104 69139 4.60702e+07 139495 3.75729e+06 70719 32100.2 2590.6 1.35985e+07 
24711 24746 64985 65034 9.29357e+07 476085 3.83246e+06 91971.4 46397 2109.08 2.74339e+07 
28931 28983 66178 66188 8.5182e+07 215499 3.2911e+06 79227.7 30799.6 2868.41 2.51441e+07 
24073 24143 61468 61488 8.18568e+07 266047 3.32332e+06 78463.6 28857.4 2770.58 2.41566e+07 
21775 21791 69679 69706 1.35491e+08 469835 5.27136e+06 126087 47787.2 2563.99 3.99883e+07 
24064 24113 63978 64069 9.63949e+07 295885 3.87881e+06 89594.1 32111.6 2828.76 2.84451e+07 
26343 26404 65985 66023 9.3793e+07 263796 3.62502e+06 83961.4 33891.4 2779.02 2.76793e+07 
22535 22555 69964 70020 1.33054e+08 279714 5.0748e+06 122897 46595.4 3587 3.92684e+07 
28346 28375 63338 63393 7.46862e+07 223852 2.87293e+06 68691 25808.7 1552.35 2.20379e+07 
27315 27350 60174 60214 6.65187e+07 300537 2.62178e+06 61146.2 27026.2 1658.51 1.96372e+07 
21693 21707 66947 67009 1.24925e+08 587224 4.65359e+06 113396 45929.1 2458.16 3.68643e+07 
22542 22619 60348 60446 8.74204e+07 240784 2.79432e+06 78964.2 29583.2 2815.59 2.57957e+07 
20358 20412 63178 63231 1.08618e+08 290973 3.84046e+06 99276.6 38926.4 3384.81 3.20532e+07 
26867 26933 69700 69755 1.10134e+08 260697 3.58545e+06 104512 39113.1 3159.93 3.25033e+07 
21304 21357 64508 64516 1.10515e+08 230844 4.40815e+06 103574 41139.8 3386.01 3.2624e+07 
22949 23029 65504 65524 6.51621e+07 327393 3.80506e+06 94543 26224.5 2047.49 1.92313e+07 
25908 25961 66691 66722 1.04779e+08 325403 3.81087e+06 92747.1 44051.6 1992.23 3.09201e+07 
21588 21679 66587 66601 1.22051e+08 394798 3.95225e+06 111878 42653.8 3174.02 3.60192e+07 
24135 24191 68324 68391 1.19164e+08 273362 4.54268e+06 110891 42133.9 3649.52 3.51668e+07 
24322 24413 64039 64085 9.79943e+07 246119 3.71022e+06 87285.8 33715.2 1804.04 2.89233e+07 
26215 26309 63105 63187 8.53873e+07 215179 3.21479e+06 75275.4 30451.4 2412.04 2.51934e+07 
21359 21391 66514 66573 1.18919e+08 337379 4.71015e+06 112705 43004.1 2492.68 3.51096e+07 
27694 27763 66915 66981 9.54837e+07 280308 3.61347e+06 86393.6 33709 3075.56 2.81787e+07 
23418 23476 63144 63162 9.38264e+07 226075 3.65397e+06 86361.1 33260.8 2807.67 2.76877e+07 
24260 24357 68085 68183 1.18929e+08 358288 4.41951e+06 107564 40002.4 3063.12 3.50969e+07 
20124 20215 64726 64741 1.18801e+08 321971 3.87219e+06 108714 42098.9 3539.55 3.50551e+07 
27361 27407 60127 60133 6.60858e+07 260623 2.58069e+06 60728.7 23290.1 1772.5 1.95035e+07 
23250 23268 65640 65684 1.09709e+08 301425 4.14636e+06 93649.9 38845.2 2827.51 3.23812e+07 
24365 24365 66539 66619 1.09212e+08 345617 4.22574e+06 100254 37419 3246.94 3.22311e+07 
20418 20478 61070 61144 9.91643e+07 316033 3.88312e+06 90003.1 34938.2 3083.29 2.92533e+07 
26050 26086 65489 65580 9.49654e+07 321382 3.03274e+06 87555.5 33627.4 2987.26 2.80244e+07 
22526 22600 64229 64313 1.05969e+08 362475 3.93132e+06 96060.5 36990.1 2906.92 3.12728e+07 
28302 28347 64352 64449 8.15348e+07 252783 3.09049e+06 69056.5 28923.7 2854.59 2.40643e+07 
20329 20372 68679 68741 1.47298e+08 403512 5.22316e+06 129171 76902.6 3448.88 4.34748e+07 
22373 22453 61424 61508 9.39272e+07 220376 3.01935e+06 84926.2 32035.1 2915.91 2.77204e+07 
26316 26402 60369 60459 6.92998e+07 157166 2.70989e+06 66826.9 24600.1 2153.23 2.04475e+07 
21604 21664 63454 63536 1.02675e+08 297882 3.40268e+06 94628.8 36283.9 3042.59 3.03014e+07 
27412 27470 64097 64176 8.12251e+07 275986 3.21909e+06 76753.6 27480.4 2825.53 2.39737e+07 
24697 24797 68416 68463 1.13382e+08 329648 3.75139e+06 106650 40191.8 3989.64 3.34621e+07 
22407 22505 63595 63685 1.00814e+08 293422 3.83113e+06 93331.9 35935.9 1678.68 2.9748e+07 
24366 24401 63722 63774 5.11586e+07 245189 3.86448e+06 57786.7 28249.1 2476 1.50967e+07 
20922 20957 65017 65077 1.18843e+08 570680 4.44456e+06 100337 50177.3 4119.09 3.50821e+07 
27763 27810 62223 62279 7.24457e+07 257765 2.67304e+06 67478.8 25295 2630.92 2.13832e+07 
25359 25400 62857 62894 8.09761e+07 166481 3.19501e+06 77725.7 28881.7 2782.66 2.38981e+07 
24031 24110 69854 69932 1.20335e+08 231294 4.89567e+06 117013 47741 3647.97 3.55114e+07 
22464 22538 66847 66882 1.16947e+08 268682 4.36542e+06 101442 41639.3 3292.05 3.45175e+07 
22507 22559 60948 60984 8.8284e+07 168921 3.3237e+06 81546 31382.5 2736.24 2.60515e+07 
24337 24385 63942 64014 9.33443e+07 216146 3.62027e+06 90487.7 34269.6 2848.29 2.75501e+07 
20519 20540 65848 65887 1.23257e+08 346849 4.68355e+06 111935 44434.9 3509.23 3.63726e+07 
26009 26057 65248 65345 9.38671e+07 190550 3.58645e+06 87064 34187.9 2881.94 2.77014e+07 
21072 21157 69840 69863 6.20254e+07 281406 5.2995e+06 127364 28895.3 4248.85 1.83083e+07 
26632 26684 62435 62455 7.45537e+07 383758 3.10789e+06 75811.3 32175.4 3253.29 2.20094e+07 
24637 24716 61850 61926 8.72047e+07 285200 3.3064e+06 78752 30102.3 2876.06 2.57352e+07 
26522 26543 68058 68098 1.04069e+08 314592 4.07561e+06 96994 36534.5 3121.69 3.07157e+07 
24436 24446 68896 68976 1.15205e+08 260856 4.71948e+06 110042 42827.1 3651.67 3.40028e+07 
25785 25881 66691 66760 9.60273e+07 414638 3.27876e+06 95313.8 36726 3354.91 2.83659e+07 
29771 29802 68588 68612 7.75505e+07 224016 3.45692e+06 85283 31350 2951.73 2.28894e+07 
28189 28190 67285 67321 8.48288e+07 223847 3.44985e+06 84957.2 31758.4 2999.04 2.50329e+07 
26860 26942 60186 60213 6.89229e+07 173090 2.63877e+06 64497.1 23689.4 2297.91 2.03431e+07 
20016 20058 63544 63624 1.07421e+08 239173 3.68572e+06 105052 41715.3 3070.62 3.1703e+07 
27253 27302 60433 60496 6.46456e+07 195724 2.56111e+06 62546.9 25265.7 1557.16 1.90797e+07 
29337 29422 64328 64396 6.40233e+07 595688 2.81257e+06 67141.7 25987.2 3093.43 1.89422e+07 
24041 24073 61626 61690 7.2479e+07 674171 3.44112e+06 86164.5 28424 3299.13 2.14561e+07 
24881 24968 64174 64204 8.34241e+07 185844 3.49548e+06 87209.8 32548.6 2809.37 2.46202e+07 
27865 27963 61987 62086 6.75656e+07 147644 2.78721e+06 68653.7 26831.7 2485.82 1.99339e+07 
22101 22163 64101 64165 9.97459e+07 229383 3.91134e+06 90566.5 37352.5 2801.08 2.94338e+07 
25655 25681 63684 63738 8.26872e+07 193012 3.31118e+06 82223.4 29580.3 2570.28 2.44013e+07 
23407 23501 66938 67036 1.08177e+08 759270 3.67216e+06 111568 38808.1 3956.73 3.19585e+07 
21365 21383 69801 69892 1.21635e+08 2.13494e+06 5.73912e+06 134618 49805.7 5260.57 3.59397e+07 
26483 26568 60291 60382 5.04833e+07 184018 2.33475e+06 63209 19084.2 1625.51 1.49008e+07 
22425 22431 62032 62066 8.21763e+07 263506 3.07469e+06 85466.1 37940.2 3106.45 2.42538e+07 
26391 26405 62940 63015 6.85695e+07 168224 3.11953e+06 75957.1 29699.4 2612.04 2.02398e+07 
28715 28811 67255 67315 8.08248e+07 200721 3.42581e+06 84578.6 32505.3 2902.83 2.38488e+07 
28856 28956 69693 69777 8.63162e+07 190496 3.86233e+06 92908.3 34773 2803.45 2.54728e+07 
29831 29883 61777 61778 5.85113e+07 181837 2.35657e+06 55773.3 21636 2304.86 1.72715e+07 
28079 28118 65855 65924 8.63304e+07 211367 3.2722e+06 75689 31504.1 2837.3 2.54746e+07 
26906 26989 62475 62541 7.62831e+07 182796 2.95239e+06 72447.5 26993.5 2384.69 2.25126e+07 
23625 23672 60691 60746 8.41966e+07 240524 2.96167e+06 78706.5 29014.8 2878.23 2.48526e+07 
26623 26717 67904 67962 9.73363e+07 226842 3.73465e+06 92128.8 35792.3 1891.23 2.87253e+07 
21180 21196 60931 60990 8.11288e+07 194637 3.68169e+06 88445.1 31828.7 2873.13 2.39421e+07 
24657 24678 64280 64283 7.40757e+07 208134 3.64992e+06 87839.9 37606 3548.16 2.18574e+07 
26229 26322 67158 67239 1.00726e+08 226290 3.77159e+06 86541.6 36874.9 3143.32 2.9723e+07 
27434 27507 68061 68072 9.16147e+07 269262 3.76733e+06 93007.1 35251.7 1994 2.70365e+07 
26401 26455 69927 69967 1.08273e+08 2.12328e+06 3.73843e+06 115753 39922.5 4739.78 3.19954e+07 
25424 25499 63076 63099 7.9264e+07 229158 3.18942e+06 77406.2 30119.8 1730.06 2.33909e+07 
26752 26828 63620 63674 8.27702e+07 235385 3.13821e+06 77339.9 30439.6 1495.28 2.44292e+07 
27564 27644 62910 62996 7.43549e+07 167658 2.89789e+06 70834.8 26743.2 2288.06 2.19391e+07 
20739 20753 61139 61214 9.7401e+07 272623 3.78152e+06 92691.6 33855.1 3156.05 2.87447e+07 
24023 24037 66421 66449 9.87274e+07 209257 4.06721e+06 101385 36966 3036.87 2.91344e+07 
22709 22744 68468 68539 1.20478e+08 253018 4.64816e+06 114774 44805.6 2543.31 3.55557e+07 
21717 21794 67064 67076 1.21293e+08 294736 4.58822e+06 106545 43985 3356.08 3.57996e+07 
29838 29858 62797 62889 6.07751e+07 139710 2.5754e+06 60783.8 22212.2 2150.79 1.79312e+07 
21121 21122 64749 64764 1.11742e+08 335162 4.3762e+06 107216 42555.8 3984.1 3.2977e+07 
27130 27173 69852 69923 1.09361e+08 325201 4.30321e+06 100675 38439.2 3408.31 3.22796e+07 
20099 20110 60594 60603 9.95284e+07 264404 3.7143e+06 92191.3 35762.1 1750.08 2.93726e+07 
27891 27938 65123 65156 8.35078e+07 249917 3.25372e+06 79388.7 29413.5 2623.85 2.46389e+07 
27948 28023 61543 61574 6.78581e+07 194375 2.68462e+06 65891.7 23987.9 2252.41 2.00218e+07 
28026 28102 62592 62683 7.1265e+07 228752 2.77887e+06 69034 27759.5 1577.96 2.10299e+07 
24618 24638 61377 61409 8.15614e+07 254213 3.17099e+06 72231.4 29295.5 2785.96 2.40727e+07 
22264 22278 68199 68298 1.25673e+08 292587 4.70898e+06 118677 46247.1 3186.62 3.70923e+07 
21924 22006 62601 62692 9.61622e+07 215465 3.68638e+06 90808.8 35546.6 2728.65 2.83774e+07 
20408 20418 66058 66145 1.25501e+08 271621 4.65344e+06 116839 45558.8 3415.94 3.70365e+07 
29934 29978 64517 64534 4.81617e+07 163795 2.94813e+06 72837.6 26239.9 2481.39 1.42147e+07 
29594 29606 68373 68394 9.27609e+07 259919 2.97131e+06 86101.4 32599.9 3075.32 2.73806e+07 
20956 21050 62896 62909 1.09127e+08 264435 3.93838e+06 93962.6 37874.6 3040.34 3.22033e+07 
21081 21142 60790 60849 9.44103e+07 231858 3.56789e+06 88006.9 33409.4 3025.32 2.78621e+07 
20840 20900 66925 67012 1.2846e+08 292594 4.80405e+06 115344 45438.8 3674.19 3.79094e+07 
20355 20439 68725 68779 1.38359e+08 357705 5.17246e+06 126854 49970.5 2659.76 4.08336e+07 
28554 28648 64629 64678 8.03983e+07 231541 3.01169e+06 75586.9 29230.7 1658.84 2.37242e+07 
23503 23558 63976 64045 9.6432e+07 301180 3.75962e+06 92746.1 36377.4 2224.37 2.84681e+07 
25045 25098 67167 67206 1.06722e+08 269402 3.44626e+06 100456 37986.4 3227.77 3.14992e+07 
25820 25829 69494 69575 1.13166e+08 242513 4.21483e+06 101362 41446 2904.27 3.34021e+07 
29010 29044 65321 65355 8.02758e+07 230463 3.07073e+06 70151 30106.3 2804.22 2.36945e+07 
27470 27517 66685 66711 9.16501e+07 244019 3.45615e+06 82186.6 32541.7 2910.14 2.70489e+07 
25971 25975 66276 66308 9.6832e+07 221451 3.69781e+06 91527.1 36144.7 2869.59 2.85783e+07 
20419 20427 68915 68962 1.40192e+08 301694 4.5541e+06 131592 51742.7 3572.93 4.13704e+07 
25711 25741 65968 66033 9.39353e+07 234100 3.65972e+06 89817.9 33233.5 2788.22 2.77206e+07 
24641 24690 62059 62105 8.05471e+07 203185 3.2946e+06 80232.3 28974.5 2635.45 2.37705e+07 
24837 24892 63016 63038 8.56182e+07 201287 3.31366e+06 82081.7 30936.8 2553.21 2.5265e+07 
26973 27062 63682 63723 7.32844e+07 162373 3.20306e+06 77766.5 27859 2510.23 2.16258e+07 
22443 22476 61647 61656 8.54181e+07 189825 3.48184e+06 86867.2 33053 2711.19 2.52059e+07 
25997 26091 69485 69512 9.33739e+07 250980 3.38189e+06 98423.3 34825.2 3369.06 2.75607e+07 
22448 22465 64647 64704 1.11804e+08 293700 3.96171e+06 98829.1 44445.9 2458.37 3.29984e+07 
28621 28684 62655 62746 6.95211e+07 196394 2.75288e+06 69316.8 24382.4 2547.63 2.05162e+07 
22355 22396 64524 64549 1.12357e+08 1.93518e+06 4.53929e+06 114275 42871.4 5464.82 3.3267e+07 
22148 22179 61163 61249 9.03478e+07 231648 3.4573e+06 86595.8 32187.6 2773.79 2.66766e+07 
28387 28456 65937 66002 8.54749e+07 345254 3.25842e+06 84953.1 29854.6 2873.23 2.52322e+07 
26791 26885 66106 66193 9.30348e+07 208285 3.00388e+06 88574.7 31786.2 2648.8 2.7455e+07 
24927 24980 63458 63526 8.90616e+07 285832 3.34405e+06 77452.3 32471.3 2818.74 2.62935e+07 
24562 24626 69958 69994 1.0911e+08 274275 4.79365e+06 111074 44624.1 3318.26 3.21984e+07 
21181 21247 67266 67319 1.31877e+08 445491 4.71369e+06 119961 48433.4 2679.36 3.8944e+07 
23590 23631 65211 65265 1.03072e+08 210445 3.37021e+06 97258.9 36325.2 3043.13 3.04152e+07 
21155 21204 62244 62254 1.05196e+08 247822 3.84706e+06 95567.4 37365.2 2244.49 3.10516e+07 
29300 29369 68736 68778 9.5929e+07 410014 3.63578e+06 92374 38538.6 1798.67 2.83121e+07 
29754 29802 67360 67436 8.49483e+07 244662 3.15376e+06 74584.5 30882.7 2998.41 2.50741e+07 
23744 23821 62529 62569 8.61088e+07 235800 3.46225e+06 79803.9 32375.3 2846.58 2.54176e+07 
24231 24302 60388 60465 7.93364e+07 201517 3.04018e+06 74544.2 28825.5 1829.5 2.3417e+07 
27145 27182 68562 68584 1.02598e+08 302658 3.32148e+06 99029.5 36718.4 3751.46 3.02825e+07 
24185 24239 63551 63609 9.10419e+07 198468 3.63327e+06 88691.6 33458.3 3420.88 2.6885e+07 
29859 29957 63275 63332 4.25878e+07 145322 3.12151e+06 55366.5 27650.9 2189.06 1.25678e+07 
29542 29566 66113 66163 8.01128e+07 233068 3.09014e+06 74922.7 30900.7 2546.74 2.36424e+07 
22912 22929 65126 65130 1.05704e+08 217538 4.03197e+06 98275.8 36941.2 2982.56 3.11898e+07 
26954 27012 64581 64656 8.53792e+07 198541 3.24247e+06 78134 30061.5 1729.68 2.51944e+07 
27429 27496 69378 69439 1.06752e+08 259055 3.94227e+06 98870.1 37506.7 3229.02 3.15006e+07 
20966 21013 63351 63372 1.07295e+08 247503 4.10764e+06 98684.6 37973.1 3737.07 3.16638e+07 
27944 28017 69814 69905 1.04532e+08 320631 3.94982e+06 101218 36307.6 3914.49 3.08523e+07 
25422 25443 62217 62267 7.94002e+07 183242 3.2031e+06 76688.2 31130.2 3194.99 2.34398e+07 
23221 23319 66303 66356 6.09755e+07 223853 3.65446e+06 94650.8 26197.8 2176.41 1.80036e+07 
24016 24068 65526 65578 1.03831e+08 266019 3.9686e+06 90098 36941.1 3338.53 3.06452e+07 
23894 23970 68258 68292 1.17919e+08 245926 4.64823e+06 107330 42434.4 3464.18 3.47986e+07 
28896 28898 64281 64350 7.70616e+07 192035 2.99569e+06 70494.4 27052.3 1495.41 2.27428e+07 
29603 29656 65810 65824 7.58872e+07 198503 3.11446e+06 74015.3 27819.7 2737.85 2.23961e+07 
29134 29203 64174 64211 7.33862e+07 148438 2.97472e+06 69299.6 26967.4 2677.35 2.16604e+07 
23762 23824 60733 60769 8.1024e+07 238593 3.25402e+06 72106.8 29599.5 2635.42 2.39177e+07 
29911 29942 68767 68828 9.12515e+07 290859 3.45271e+06 78720.3 32504.3 3108.51 2.69316e+07 
24999 25055 64620 64701 9.14093e+07 229047 3.65648e+06 80668.9 33821.5 2790.25 2.69758e+07 
22503 22588 68488 68538 1.25633e+08 325932 4.08489e+06 115769 43939.7 3517.48 3.70908e+07 
27985 28019 64770 64810 8.37697e+07 278646 3.23072e+06 71532 32883.8 3470.33 2.47276e+07 
28213 28294 69664 69743 1.03541e+08 287140 3.40329e+06 99626.1 35579.5 3556.38 3.05639e+07 
26864 26925 59979 60048 6.72752e+07 206322 2.55349e+06 58052.8 23046.4 2565.88 1.98541e+07 
24735 24804 61841 61915 7.96972e+07 180710 3.33038e+06 77460.3 30768.2 2836.25 2.35162e+07 
27978 28044 61973 62032 7.01888e+07 193093 2.82366e+06 66537.6 24541.6 2271.4 2.07092e+07 
27338 27406 63176 63225 7.73025e+07 151869 2.98687e+06 70770.3 27360.6 2516.15 2.28146e+07 
27176 27201 62574 62638 7.42927e+07 1.65444e+06 3.12598e+06 68057 36777.3 3573.34 2.19538e+07 
21441 21463 69031 69075 1.33917e+08 276355 5.04126e+06 118937 49398.3 3849.03 3.95219e+07 
28788 28808 60388 60440 6.12341e+07 155637 2.46414e+06 58086.1 21421.7 2467.21 1.80679e+07 
25205 25298 60868 60917 7.5216e+07 244568 2.97266e+06 71584.7 28224.6 1616.66 2.22027e+07 
21684 21731 63348 63448 1.03687e+08 262664 3.9533e+06 96697.9 35378.8 2980.68 3.05994e+07 
23098 23139 65828 65842 1.10157e+08 236166 4.0991e+06 100984 41391 1990.72 3.25088e+07 
22111 22194 60410 60449 8.74371e+07 213113 3.29652e+06 81933.8 31507.3 2610.72 2.58015e+07 
29541 29546 63949 63978 7.01609e+07 133536 2.75902e+06 67358.1 24854.8 2391.95 2.07092e+07 
20413 20451 62379 62466 1.01984e+08 308386 4.04478e+06 97883.2 36203.6 3162.15 3.00963e+07 
28634 28643 60954 61026 6.05466e+07 161918 2.10775e+06 60527.2 21785.6 2552.29 1.78672e+07 
22232 22239 67793 67842 1.22388e+08 293596 4.52458e+06 112318 44107.9 2122.74 3.61184e+07 
29583 29604 69349 69355 9.55121e+07 198199 3.59226e+06 86041.7 34490.9 2707.28 2.81862e+07 
26939 27002 62275 62304 7.43975e+07 275586 2.38994e+06 73693.9 34261 3174 2.19621e+07 
24899 24957 65735 65765 1.03343e+08 314566 3.82013e+06 96344.1 36641.8 3057.87 3.05064e+07 
21243 21253 65178 65217 1.14624e+08 291822 4.41532e+06 107373 40400.8 3326.71 3.38318e+07 
25154 25192 66653 66697 1.03053e+08 209675 3.87781e+06 94802.8 37615.5 1757.95 3.04091e+07 
26416 26454 66263 66282 9.28874e+07 235076 3.58209e+06 83561.9 34182.4 2791.73 2.74182e+07 
20143 20223 60874 60915 9.94044e+07 274886 3.77329e+06 89375.7 35167.6 2734.68 2.9342e+07 
24671 24740 62360 62365 8.63075e+07 253092 3.28747e+06 80259.9 31012.1 1701.33 2.54739e+07 
23272 23326 67794 67795 1.18791e+08 254845 4.36747e+06 107569 42682.3 2790.34 3.50522e+07 
23365 23447 63838 63905 9.81446e+07 232462 3.80353e+06 91079.4 33371 2895.94 2.89605e+07 
27642 27734 68856 68917 8.22816e+07 216987 2.97513e+06 94955.6 28853.8 3267.41 2.42811e+07 
24999 25026 60506 60507 7.54796e+07 252272 2.47265e+06 71020.8 36120.4 3167.98 2.22774e+07 
29074 29131 69281 69359 9.63052e+07 249874 3.63027e+06 89275.6 35511.3 2182.93 2.84211e+07 
23023 23064 69557 69597 1.20834e+08 246927 4.91282e+06 117961 46239.1 3305.85 3.56586e+07 
23641 23653 65886 65897 1.05282e+08 446958 4.01736e+06 102130 38998.3 2979.73 3.1058e+07 
20982 21019 62034 62064 1.00477e+08 248391 3.79647e+06 94231.7 35792.6 3012.21 2.96533e+07 
27823 27898 63626 63664 7.40839e+07 215149 3.01879e+06 74671.3 26522 2694.94 2.1869e+07 
20776 20805 67702 67792 1.30981e+08 255846 4.86631e+06 119704 47419 3396.55 3.86517e+07 
24655 24689 65713 65721 5.32623e+07 156793 3.40304e+06 87613 23213.6 1979.25 1.57214e+07 
21808 21865 60992 61090 9.2869e+07 242478 3.4555e+06 86414.5 34851.2 3050.17 2.74046e+07 
25119 25144 62789 62795 8.81733e+07 244021 3.22714e+06 78607.3 30552 1710.33 2.60258e+07 
22205 22237 64086 64177 1.05439e+08 253369 3.42931e+06 93458.2 37775.8 2958.16 3.11191e+07 
21714 21757 68894 68930 1.31251e+08 282634 4.96232e+06 120449 46816.3 2422.44 3.87414e+07 
27800 27857 60469 60554 6.42126e+07 154980 2.53779e+06 59894.1 23448.7 2133 1.89454e+07 
21753 21766 61321 61331 9.45709e+07 250217 3.53949e+06 86712.5 32666.9 2772.41 2.79085e+07 
26086 26150 65444 65518 9.37134e+07 242285 3.02752e+06 89404 32277.3 2847.75 2.7658e+07 
26453 26497 69031 69110 1.06805e+08 209227 4.04885e+06 100009 41351.9 1892.48 3.15246e+07 
26665 26696 68071 68169 1.07636e+08 333487 3.99749e+06 90820.5 51312.7 3964.99 3.17645e+07 
25619 25707 67947 68028 1.08155e+08 358585 3.42016e+06 99861.6 36862.9 3659.07 3.1928e+07 
22882 22902 64778 64796 1.06036e+08 225439 3.96151e+06 98496.6 38693.5 2046.68 3.12996e+07 
26113 26206 60583 60607 7.2962e+07 148464 2.92286e+06 69378.5 26321.6 2894.35 2.15327e+07 
29497 29567 66206 66284 8.21372e+07 244933 2.61947e+06 76916 28539.9 3103.94 2.42425e+07 
27910 27943 60343 60425 6.16908e+07 156232 2.55238e+06 61066 22102.9 2558.53 1.82009e+07 
26651 26723 63017 63111 8.02118e+07 170384 3.11523e+06 73800.5 29176.6 2610.16 2.36672e+07 
27325 27394 68567 68663 1.05284e+08 269067 3.93821e+06 93130.3 36511.6 3497.24 3.1066e+07 
29870 29915 67531 67600 8.45545e+07 226561 3.29116e+06 79730.2 30728.6 3063.85 2.49661e+07 
24296 24383 65579 65653 9.98686e+07 287363 3.96322e+06 89272.7 38579.1 3295.18 2.94779e+07 
21720 21739 65847 65894 1.18871e+08 267123 4.35205e+06 101864 41179.9 3089.18 3.50898e+07 
29679 29681 66863 66950 8.25197e+07 152849 3.19811e+06 78372.7 30420.8 2744.74 2.43525e+07 
28525 28613 62923 62936 7.25716e+07 178262 2.80665e+06 67048.1 25264.7 2491.1 2.142e+07 
24336 24383 67510 67544 1.10513e+08 252462 4.22417e+06 102563 39038.6 3190.39 3.26116e+07 
22359 22388 67097 67097 1.17823e+08 270772 3.85965e+06 107598 41111.3 3251.38 3.47689e+07 
25395 25450 65979 66024 9.54848e+07 180866 3.71058e+06 90087 34647.3 2645.47 2.81792e+07 
26811 26902 69762 69798 1.10055e+08 219555 4.1525e+06 103366 39174 1859.38 3.24832e+07 
20502 20596 64948 64948 1.16342e+08 222966 4.53021e+06 109092 42988.6 3266.47 3.43365e+07 
28701 28743 62328 62362 6.73999e+07 188303 2.61927e+06 61078.3 23950.7 2599.8 1.98908e+07 
21740 21744 60309 60364 9.08638e+07 205662 2.89978e+06 83350.9 29812 2792.57 2.68111e+07 
21423 21471 63476 63519 1.09636e+08 279626 4.0146e+06 97828 45714.8 3453.02 3.2354e+07 
20742 20799 65064 65143 1.1795e+08 273466 4.39834e+06 106703 41830.9 3468.46 3.48098e+07 
28924 28969 68768 68772 9.26808e+07 433191 2.92234e+06 93875.2 33398 3800.56 2.73641e+07 
24714 24792 68759 68854 1.18256e+08 232468 4.34107e+06 102565 42574.7 3395.2 3.49019e+07 
20440 20529 69933 69961 1.38961e+08 311960 5.4354e+06 128836 52121.6 4003.94 4.10119e+07 
20975 21062 64195 64251 1.1331e+08 271728 4.10189e+06 100634 40217.9 3409.65 3.34431e+07 
22614 22679 67963 68018 1.21298e+08 282566 4.54825e+06 113496 44393.2 2332.45 3.5801e+07 
23664 23754 67098 67128 1.13893e+08 330745 4.31291e+06 105262 49992.3 2493.76 3.3627e+07 
24512 24515 61489 61584 8.1453e+07 208817 3.24953e+06 77411.3 28686.1 2828.55 2.40339e+07 
29007 29027 65360 65400 7.73892e+07 188607 3.11784e+06 78134.9 27040.1 2750.59 2.28414e+07 
24586 24666 59977 60000 7.51642e+07 265694 2.94108e+06 67175.4 26661.9 3104.32 2.21949e+07 
21152 21232 61268 61298 9.84335e+07 204198 3.73918e+06 90084.4 34362.5 2243.26 2.90577e+07 
24860 24903 63643 63725 8.92442e+07 202477 2.96697e+06 84894.9 30179.6 2795.51 2.63331e+07 
26175 26265 62139 62141 7.74462e+07 198150 2.59191e+06 72930.2 26942.2 2815.7 2.28594e+07 
27701 27728 68576 68585 9.77189e+07 253725 3.8975e+06 87096 36071.6 3496.99 2.88402e+07 
24707 24756 66099 66167 1.03036e+08 261665 3.99213e+06 96595.2 36922.1 3161.9 3.04037e+07 
22111 22188 63176 63258 1.0154e+08 265697 3.90779e+06 91242.3 35342.9 2928.98 2.9951e+07 
21937 21961 69930 69934 1.35014e+08 280922 4.48784e+06 124101 47609.2 3528.13 3.98437e+07 
25593 25647 61391 61465 7.99457e+07 257575 2.98072e+06 66352 30476.6 2989.66 2.3599e+07 
20809 20909 64738 64783 1.18225e+08 257799 4.38445e+06 100997 41959.3 3265.66 3.48906e+07 
29977 30018 60771 60771 5.8504e+07 154131 2.30096e+06 54684.7 21532.2 2153.73 1.72617e+07 
24046 24116 62866 62954 8.98725e+07 267656 3.57543e+06 83639.5 31977.3 2986.19 2.65292e+07 
23437 23485 63065 63077 9.26172e+07 312970 3.01081e+06 87210.4 33273.5 3327.47 2.73466e+07 
26064 26070 60984 60998 7.27771e+07 187702 2.97322e+06 67984.3 25750.7 1662.6 2.14799e+07 
20599 20641 69431 69509 1.40917e+08 264537 5.3825e+06 127771 47069.1 3965.93 4.15862e+07 
20062 20110 61565 61640 1.03879e+08 238230 3.9624e+06 87895.2 35957.2 3416.2 3.06545e+07 
23497 23510 61049 61110 6.41211e+07 344066 3.10493e+06 70954 26506.5 1764.37 1.89353e+07 
24635 24700 66609 66650 1.07681e+08 291276 4.13538e+06 98234.4 37715 2993.7 3.1776e+07 
27373 27373 67479 67572 9.63499e+07 262561 3.63464e+06 87729.3 33273.6 1780.63 2.84348e+07 
25134 25206 61013 61052 7.78195e+07 232658 3.04991e+06 71761 27616.7 2440.1 2.29598e+07 
27501 27512 62742 62812 7.33457e+07 165830 2.89639e+06 71544.1 26696.8 2649.49 2.16516e+07 
21847 21858 64814 64855 1.0974e+08 305764 4.25314e+06 101742 38745.4 2120.09 3.24044e+07 
28304 28364 62456 62486 6.90916e+07 203972 2.79194e+06 65835.4 24810.7 1589.4 2.0389e+07 
29857 29924 67578 67609 4.2005e+07 168688 3.01756e+06 81746.5 26265.1 2789.56 1.24014e+07 
26636 26671 64399 64419 8.40524e+07 210597 3.37247e+06 80770.7 30969.5 3261.87 2.4808e+07 
27605 27687 68185 68238 1.00776e+08 274083 3.87406e+06 93005.6 36307.8 3686.77 2.97443e+07 
25831 25847 61519 61581 7.64418e+07 160607 3.00061e+06 71485 26396.7 2395.23 2.25546e+07 
27534 27538 69940 69941 1.09257e+08 307064 4.18665e+06 100050 37324.9 2900.74 3.22488e+07 
27867 27923 62685 62782 7.07205e+07 165398 2.90412e+06 67522 25930.6 1705.7 2.08691e+07 
22611 22612 66433 66527 1.18202e+08 326667 4.52669e+06 105914 41691.6 3533.82 3.48995e+07 
25142 25144 61000 61078 7.71571e+07 224858 2.54918e+06 72191.2 26296.3 2720.6 2.27768e+07 
24524 24602 66104 66110 1.03405e+08 333602 3.41082e+06 97188.8 35556.7 3264.55 3.05272e+07 
25824 25878 64044 64054 8.64414e+07 216644 3.37924e+06 76265.2 29460.3 2763.06 2.55134e+07 
28728 28795 68871 68894 9.83875e+07 261778 3.77545e+06 82965.1 33670.6 3114.87 2.9038e+07 
22562 22596 68551 68613 1.05878e+08 172528 4.81375e+06 113778 42624.9 3284.36 3.12452e+07 
25066 25135 63910 63942 9.15196e+07 244319 3.48905e+06 77737.5 31606.3 2830.59 2.70134e+07 
24144 24161 63041 63072 9.10355e+07 209159 3.58473e+06 85930 32173 3009.5 2.68851e+07 
23376 23406 63824 63862 9.83308e+07 293129 3.90736e+06 91312.9 33047.3 2932.16 2.90217e+07 
24502 24600 67064 67135 1.09668e+08 226679 4.26626e+06 100735 36253.1 3362.59 3.23738e+07 
21120 21148 61122 61178 9.67844e+07 247471 3.16362e+06 89932.2 32658.5 3125.79 2.85628e+07 
21939 22002 66803 66847 1.21252e+08 292486 4.5257e+06 103275 41868 3204.02 3.57972e+07 
27542 27592 66665 66714 9.12563e+07 225051 3.03366e+06 84964.6 31992.2 2975 2.69308e+07 
24016 24071 69544 69574 1.25797e+08 243660 4.71014e+06 108078 42701.2 3247.56 3.7126e+07 
22199 22214 69676 69690 1.35519e+08 239876 5.14911e+06 122096 46848.1 3448.95 3.99995e+07 
28674 28770 64026 64072 7.79467e+07 157830 3.00736e+06 73046.4 26383.9 2966.76 2.30052e+07 
22307 22364 65577 65624 1.13787e+08 223618 4.34332e+06 99960.8 38073.2 3122 3.35766e+07 
29251 29260 61101 61107 6.23796e+07 199870 2.46425e+06 57859.2 21910.2 2041 1.84054e+07 
20119 20201 62032 62119 1.03094e+08 322022 4.0871e+06 97303.3 37788.3 2435.49 3.04313e+07 
21584 21642 63622 63650 1.04883e+08 232775 4.1129e+06 98862 36480.1 3019.01 3.09514e+07 
22857 22927 68436 68470 1.25041e+08 375141 4.06397e+06 113439 42653.3 3673.52 3.68973e+07 
28129 28139 68260 68297 9.71056e+07 233504 3.79414e+06 90758.3 33457.1 2951.05 2.86549e+07 
21145 21201 66636 66675 1.23698e+08 266536 4.86184e+06 111447 44013.7 3442.19 3.65012e+07 
24617 24686 63813 63814 4.94783e+07 286247 3.20175e+06 81317 19767.5 1795.53 1.46056e+07 
20024 20077 60301 60387 9.54792e+07 354245 3.25699e+06 87688.2 34243.3 3583.84 2.81827e+07 
26132 26171 61139 61189 7.32795e+07 275456 2.94738e+06 70574.9 26326.4 1814.55 2.16279e+07 
24507 24536 67081 67124 1.10883e+08 304694 4.15604e+06 100128 38044.8 2319.23 3.27227e+07 
22469 22505 60364 60391 8.55104e+07 185468 3.36902e+06 80238.9 29527.6 2768.82 2.52379e+07 
28805 28865 64461 64517 7.70436e+07 228077 2.5251e+06 74154.4 26054.8 2742.48 2.2737e+07 
25360 25397 65998 66073 9.75616e+07 287623 3.76301e+06 90680.9 33588.1 2945.25 2.87916e+07 
20206 20236 66018 66103 1.24303e+08 346808 4.85329e+06 114020 42602.9 3333.82 3.66803e+07 
21162 21200 67553 67638 1.28592e+08 402425 4.92555e+06 117443 45217 3631.87 3.79475e+07 
20715 20784 64566 64657 5.80531e+07 286897 3.89015e+06 89289.5 27616.8 3087 1.71297e+07 
22781 22846 68089 68111 1.03578e+08 325275 4.78665e+06 105661 42842.3 3085.4 3.05675e+07 
28113 28162 68912 68915 1.0083e+08 342270 3.20147e+06 93838.9 34843.6 3416.63 2.97592e+07 
25501 25568 66526 66602 1.04297e+08 250939 3.87038e+06 93428.4 35808.8 1905.99 3.0783e+07 
20956 21055 61608 61683 9.65918e+07 298224 3.88444e+06 92221.7 32643.7 3095.28 2.85031e+07 
27310 27341 69637 69679 1.08816e+08 328641 4.15676e+06 101367 36296.8 3167.34 3.2114e+07 
28139 28234 69736 69813 1.05196e+08 309405 4.19327e+06 98056.6 35920.3 3152.15 3.10469e+07 
20649 20699 62585 62641 1.02794e+08 299732 4.01791e+06 89681.7 36399.9 3062.95 3.03347e+07 
25486 25494 62800 62816 8.54408e+07 210680 3.17052e+06 77509.9 29875.2 2416.24 2.52136e+07 
21594 21680 65335 65340 1.14532e+08 272550 4.28688e+06 107570 38844.8 3049.88 3.37987e+07 
21676 21676 64858 64942 1.10737e+08 267401 3.67999e+06 100745 38522.2 3185.2 3.26802e+07 
25574 25672 69368 69418 1.1715e+08 294431 4.19009e+06 105695 38548.1 2296.86 3.45779e+07 
22115 22172 61642 61653 9.28582e+07 194034 3.0224e+06 85820 31242.7 3028.88 2.74083e+07 
27847 27897 62803 62834 7.4861e+07 235681 2.89936e+06 69078.4 25387.1 1632.12 2.20958e+07 
20616 20683 62264 62354 1.04319e+08 330112 4.01624e+06 96733.9 35562.3 3276.74 3.07888e+07 
20448 20492 65483 65495 1.21333e+08 346498 3.92392e+06 111751 40592.4 3561.87 3.58051e+07 
26176 26197 64614 64664 8.89814e+07 249767 3.51435e+06 82023.2 31607.7 2729.8 2.6256e+07 
28035 28120 69747 69819 1.0796e+08 333234 4.09093e+06 97822.9 36489.5 3261.57 3.18568e+07 
25491 25538 62839 62856 8.34633e+07 252071 3.2537e+06 71557.1 29875.4 2544.9 2.46339e+07 
24110 24192 65283 65336 1.02948e+08 340665 3.9623e+06 87812 38242.5 3294.64 3.03801e+07 
29295 29315 67038 67043 5.34127e+07 235993 2.6354e+06 74790.9 20424 2676 1.57635e+07 
27146 27225 68528 68592 1.03717e+08 353200 3.36749e+06 96375.1 38893.6 3299.22 3.06044e+07 
21617 21622 68593 68684 1.34547e+08 430716 5.04475e+06 120446 47563.6 2604.26 3.97058e+07 
20238 20325 69117 69122 1.42726e+08 424247 4.60923e+06 129350 49677.3 3893.59 4.21214e+07 
27474 27482 64401 64404 8.41697e+07 252555 3.19769e+06 75712.9 29764.9 1681.8 2.48374e+07 
20555 20613 62308 62375 1.06337e+08 323857 3.98559e+06 95562.1 36387.4 2450.16 3.13834e+07 
29674 29735 64033 64089 7.04984e+07 178996 2.86316e+06 68466.9 25981.2 2490.67 2.08091e+07 
29681 29732 65492 65524 8.01702e+07 193074 3.04857e+06 71716.9 28003.2 2612.9 2.36593e+07 
26162 26235 69663 69749 9.91918e+07 297783 4.48739e+06 98344.8 39240.1 3172.17 2.92737e+07 
29911 29979 68309 68408 8.05658e+07 184138 3.4029e+06 82798.5 41791.1 3023.66 2.37785e+07 
20547 20549 69908 69925 1.30244e+08 270879 5.50064e+06 132602 52342.3 3998.92 3.84374e+07 
24255 24335 65280 65280 8.87102e+07 202836 3.33527e+06 93547.5 34111.3 3124.31 2.61808e+07 
27375 27398 61076 61160 6.23176e+07 168598 2.66062e+06 65435.3 25388.9 2277.39 1.83858e+07 
27432 27433 64887 64963 8.38381e+07 195743 3.18178e+06 73945.3 29416.1 2830.75 2.47397e+07 
27405 27487 63862 63865 7.29968e+07 278859 3.09505e+06 70697.8 28846.3 2742.05 2.15435e+07 
24216 24259 66087 66154 9.38338e+07 262727 3.63923e+06 95779.2 36308.3 3273.64 2.76958e+07 
20805 20899 65945 65980 1.06883e+08 266150 4.61688e+06 112995 41503.5 3487.01 3.15447e+07 
25345 25415 67197 67289 1.03347e+08 267880 3.87908e+06 95948.1 38850.2 3096.22 3.05001e+07 
22460 22531 62497 62533 9.71944e+07 1.6681e+06 3.92079e+06 94883.1 43960.2 1945.53 2.87384e+07 
27627 27650 64936 65021 8.37968e+07 1.82183e+06 3.54634e+06 84252.6 47310.8 4483.24 2.47082e+07 
26357 26431 61714 61809 6.67104e+07 206845 2.89253e+06 67823.7 25773.7 2588.74 1.96921e+07 
24806 24845 65143 65227 8.23645e+07 201386 3.78277e+06 90126.6 34469.9 2811.73 2.43017e+07 
25823 25844 68173 68195 9.22346e+07 249377 4.07446e+06 99747.3 37226.4 2808.78 2.72214e+07 
29667 29726 63961 64036 6.03533e+07 162305 2.75881e+06 68054.4 24660.9 2288.01 1.78068e+07 
21683 21724 60210 60244 6.71576e+07 364612 3.13781e+06 79904.6 32390.5 4070.61 1.98685e+07 
24189 24283 68483 68508 1.23259e+08 346617 4.43095e+06 109492 51279.7 2544.28 3.63845e+07 
21418 21490 62903 62955 9.61583e+07 230612 3.87197e+06 96340.9 34001.4 3072.02 2.83774e+07 
20923 20960 63431 63454 9.84255e+07 200311 4.0179e+06 98837.5 36637.7 1841.98 2.90444e+07 
24062 24106 69326 69348 1.08828e+08 194795 4.5494e+06 112043 41918 2042.67 3.21173e+07 
28471 28528 62312 62368 6.82865e+07 231267 2.32891e+06 65934.7 23426.3 2558.79 2.01523e+07 
21049 21122 65980 66062 7.96387e+07 192230 4.7826e+06 112935 43642.4 3469.33 2.35038e+07 
22518 22611 67303 67400 1.01107e+08 268376 4.38767e+06 108304 43649.7 3205.69 2.98388e+07 
27023 27112 66556 66613 8.90983e+07 456086 3.57703e+06 89766 31992.5 4277.76 2.63158e+07 
25814 25889 64810 64832 8.84224e+07 411007 3.50374e+06 87260.1 33628.2 2067.98 2.61182e+07 
24880 24891 67646 67701 9.90908e+07 206102 4.10123e+06 99919.8 38646.8 3063 2.92432e+07 
28112 28187 66259 66298 7.6051e+07 165391 3.323e+06 76232.3 30879 2942.47 2.24415e+07 
28850 28917 66534 66600 7.03118e+07 197900 3.30094e+06 81744.8 30357.8 1889.19 2.07581e+07 
20142 20145 69023 69047 1.22408e+08 389146 5.28555e+06 131604 52480 2874.22 3.61372e+07 
28548 28640 66168 66212 6.9355e+07 186903 3.29072e+06 78837.8 29641.2 2704.44 2.04661e+07 
29727 29799 66597 66678 8.23997e+07 234136 3.12912e+06 71451.6 28800.3 2734.45 2.43195e+07 
26156 26162 62915 62929 8.13216e+07 173716 3.07572e+06 79508.5 29367.2 2720.37 2.40026e+07 
28726 28802 60731 60764 4.71399e+07 124982 2.3792e+06 55562.3 19806 2565.35 1.39115e+07 
22272 22285 67614 67681 1.05877e+08 230231 4.23352e+06 113304 47923.1 3160.59 3.12481e+07 
25243 25342 61135 61190 6.71331e+07 184872 2.92115e+06 68208.7 27929 2733.81 1.98142e+07 
25417 25461 60208 60238 6.09565e+07 193606 2.39495e+06 69316.9 24616.3 2843.07 1.79935e+07 
27879 27918 68362 68412 9.5041e+07 210959 3.77581e+06 93914.9 35255.5 3109.32 2.8046e+07 
24990 25074 63944 63977 8.52811e+07 633326 3.58307e+06 88769.7 33133.3 1648.84 2.52201e+07 
25125 25176 60175 60222 6.58208e+07 356361 2.90379e+06 68335.5 27407.3 2552.95 1.94118e+07 
28182 28258 61400 61472 5.62035e+07 497277 2.68874e+06 65064 24080.5 1688.35 1.66315e+07 
