23739 23739 73388 73453 1.43679e+08 506494 5.64807e+06 138992 56986.3 2972.48 4.24128e+07 
29734 29762 79384 79400 1.50892e+08 410310 5.53742e+06 145319 59453.8 4582.31 4.45354e+07 
22482 22558 76071 76115 1.70362e+08 483633 6.50826e+06 157032 62188.7 4155.22 5.02826e+07 
29890 29952 72618 72624 1.06712e+08 453835 4.22904e+06 102977 40953.7 1895.89 3.15083e+07 
21091 21093 79706 79751 2.04587e+08 682213 7.69464e+06 190125 82761.6 5120.49 6.03841e+07 
24951 24980 70722 70780 1.21581e+08 254068 4.77992e+06 118124 44426.7 4188.69 3.58878e+07 
27867 27899 76067 76125 1.38417e+08 357939 4.73341e+06 128979 64191.7 4398.1 4.08624e+07 
23285 23305 76294 76306 1.62155e+08 282474 6.2943e+06 158742 63025.9 4158.84 4.78643e+07 
23373 23408 73821 73875 1.43579e+08 381732 5.75409e+06 142933 55422.8 3923.66 4.2376e+07 
22069 22136 79805 79811 1.94403e+08 470295 7.38343e+06 179047 71387.9 5089.46 5.73697e+07 
23465 23518 71663 71671 1.30685e+08 345914 5.32509e+06 126386 49256.2 2716.4 3.85654e+07 
26273 26307 73017 73057 1.28835e+08 330335 4.95294e+06 123419 52785.2 3799.51 3.80239e+07 
29476 29557 74504 74559 1.16986e+08 242278 3.95039e+06 113497 46202.8 3648.68 3.45295e+07 
25710 25721 71962 72059 1.23649e+08 352742 4.74118e+06 116927 47797.8 2485.96 3.64948e+07 
25622 25645 79062 79115 1.64418e+08 323689 5.43995e+06 154881 62607.3 4408.87 4.85245e+07 
27922 28013 77628 77726 1.4191e+08 248325 4.8609e+06 139088 54163.5 4000.96 4.18935e+07 
20116 20127 78365 78375 1.97943e+08 346405 7.71428e+06 188620 77577.1 5474.24 5.8435e+07 
25313 25324 79741 79760 7.89672e+07 306212 5.65826e+06 122922 58885 4391.47 2.33167e+07 
24888 24967 75494 75558 1.44482e+08 298534 5.66841e+06 135877 61366.3 3750.66 4.26423e+07 
26027 26045 73678 73773 8.53352e+07 233374 5.30091e+06 129262 44305.9 3868.12 2.51858e+07 
21985 22061 70022 70066 1.26289e+08 251198 5.04302e+06 128658 49389.9 3450.77 3.72718e+07 
22306 22363 79621 79667 1.91259e+08 397659 7.07914e+06 180488 75544.4 4704.5 5.64518e+07 
24092 24165 70562 70585 1.18807e+08 258235 4.86637e+06 123125 45747.3 3542.03 3.50676e+07 
27154 27183 79801 79823 1.61803e+08 294412 6.11963e+06 154463 63338.8 4115.34 4.77622e+07 
23575 23582 75127 75176 1.51454e+08 305648 5.20517e+06 148806 58949 4162.55 4.47138e+07 
29758 29833 76134 76163 1.26318e+08 264818 4.86707e+06 125408 51372.8 3418.54 3.72827e+07 
26102 26122 77285 77328 4.23098e+07 1.12671e+06 5.48965e+06 141059 36097.5 4966.78 1.25929e+07 
28499 28541 79687 79739 1.5466e+08 289318 5.7999e+06 146518 58814.7 4211.96 4.56522e+07 
20941 20981 78996 79048 1.95181e+08 337636 6.45607e+06 187928 77876.8 4943.48 5.76068e+07 
27576 27650 77549 77623 1.50303e+08 537027 5.80509e+06 140631 55685.6 2851.31 4.43623e+07 
24892 24966 72820 72860 1.36184e+08 519933 5.31578e+06 125776 52506.4 3596.87 4.01868e+07 
26109 26133 77804 77833 1.56591e+08 523786 6.06051e+06 153472 75401.4 2951.74 4.6222e+07 
21243 21244 70209 70284 1.39139e+08 414903 5.31786e+06 138916 55927.9 3092.59 4.10734e+07 
23475 23564 75549 75638 1.51899e+08 380947 6.27804e+06 142194 58741.4 3963.06 4.48359e+07 
27405 27476 71570 71646 1.17082e+08 417595 4.43943e+06 105318 55770.4 4305.29 3.45684e+07 
29774 29797 75350 75350 1.25125e+08 365912 4.79202e+06 115115 46187.5 3286.71 3.69389e+07 
28729 28766 75124 75193 1.22267e+08 504818 4.96493e+06 121167 45388 3428.15 3.60857e+07 
28909 28918 75024 75118 7.75694e+07 214743 5.13281e+06 121435 40099.2 3041.43 2.28909e+07 
24113 24161 77956 77967 1.16248e+08 1.44155e+06 6.39842e+06 164634 69484.9 5694.09 3.43435e+07 
22773 22861 78276 78353 1.75684e+08 359215 5.98239e+06 170065 70834.9 4688.28 5.18493e+07 
28949 29005 72592 72661 4.58243e+07 160890 5.02946e+06 105459 26509.8 2770.01 1.35291e+07 
24359 24370 76701 76798 1.63247e+08 412242 6.12414e+06 155622 61851.3 4447.44 4.81878e+07 
21724 21734 75806 75869 1.67798e+08 430551 6.51396e+06 166787 63135.9 4073.23 4.95288e+07 
22872 22969 79363 79398 1.82706e+08 465671 6.95521e+06 178862 77462.8 4592.57 5.39307e+07 
22359 22454 76803 76897 1.73857e+08 347673 6.4757e+06 165638 71447.2 4071.68 5.13132e+07 
28859 28903 73141 73175 1.12528e+08 260961 3.78749e+06 112520 43197 3468.68 3.32119e+07 
29721 29753 76434 76457 1.31789e+08 419840 4.93581e+06 126670 51656.7 2514.6 3.88966e+07 
25668 25705 72324 72325 1.31811e+08 372717 4.83595e+06 126425 68202.2 4019.14 3.89092e+07 
29940 29946 74985 74995 1.18045e+08 392067 4.65586e+06 116911 46333.1 3311.16 3.48304e+07 
27203 27300 76651 76659 1.43965e+08 368883 5.35061e+06 130470 57062.6 4002.25 4.24955e+07 
26472 26500 74041 74041 1.33748e+08 279065 4.43545e+06 128087 54450.9 4052.86 3.94881e+07 
26236 26268 78272 78276 1.57279e+08 376386 6.09301e+06 153998 61048.5 4434.74 4.641e+07 
24507 24525 72604 72680 1.33509e+08 333011 5.35373e+06 130002 51800.4 2481.33 3.94034e+07 
21422 21429 70761 70860 1.41721e+08 495345 5.5933e+06 137728 53071.9 4357.23 4.18336e+07 
22690 22696 73041 73049 1.45912e+08 322644 5.68678e+06 138258 59869.4 3753.61 4.306e+07 
26464 26544 77933 77970 1.53432e+08 686230 6.09906e+06 147897 57809.2 2860.27 4.52896e+07 
25313 25390 73373 73418 1.28945e+08 282277 4.43589e+06 128859 51869.7 3893.35 3.80601e+07 
27218 27284 74255 74346 1.30316e+08 297753 5.10368e+06 122992 47345.2 3820.05 3.84603e+07 
23808 23847 75606 75658 1.55823e+08 311149 6.14326e+06 141967 65165.4 4467.04 4.59849e+07 
25113 25115 74631 74686 1.39949e+08 465151 5.57926e+06 128387 61472.6 4413.46 4.13095e+07 
21054 21076 79111 79155 1.97534e+08 459947 6.4911e+06 188042 76696.7 5380.01 5.8297e+07 
24333 24422 79426 79427 1.75195e+08 645420 6.90089e+06 168132 73414.7 4680.28 5.16983e+07 
20274 20342 71017 71095 1.48414e+08 329450 5.90558e+06 143331 55688.5 4565.8 4.37981e+07 
20283 20284 74971 75011 1.74781e+08 402143 6.74196e+06 166211 69777.2 4177.77 5.15777e+07 
25853 25922 73988 74025 1.34343e+08 406896 5.22585e+06 129559 51532 2738.98 3.96556e+07 
22091 22134 78939 79002 1.86846e+08 439078 7.32329e+06 176816 72608.6 4933.56 5.51491e+07 
29457 29539 79940 79963 1.46808e+08 415572 5.85556e+06 141955 84031.3 4096.04 4.33253e+07 
28905 28936 74404 74487 1.2306e+08 438719 4.85961e+06 116345 48422.3 2737.03 3.63266e+07 
20636 20694 72251 72277 1.56263e+08 311726 5.1452e+06 145305 57321.4 4084.47 4.61189e+07 
20637 20653 72455 72495 1.3624e+08 305154 6.23766e+06 150086 53165 3842.9 4.02112e+07 
28270 28345 78886 78906 1.58213e+08 797960 5.9784e+06 147549 82586.1 3016.28 4.67026e+07 
23739 23779 78554 78570 1.67724e+08 652288 6.87931e+06 166769 65390.4 4592.43 4.94917e+07 
24852 24878 73689 73782 1.39704e+08 381809 5.38413e+06 134904 53439.1 4029.95 4.12378e+07 
20381 20459 71900 71976 1.54482e+08 556163 5.9978e+06 136863 58066.9 4421.59 4.55981e+07 
20779 20859 79176 79224 1.91091e+08 773379 7.67652e+06 176610 81523.9 4936.29 5.64021e+07 
22182 22201 71360 71447 1.17046e+08 244258 5.23922e+06 127371 50942.9 3897.3 3.45398e+07 
23088 23132 77658 77712 1.66978e+08 374232 6.61965e+06 167919 72160.2 3144.55 4.92786e+07 
20058 20143 79154 79242 1.94038e+08 459710 7.69856e+06 193190 78994.5 4833.26 5.72548e+07 
27706 27715 71041 71109 9.26271e+07 223277 3.6634e+06 106031 40167.2 3671.05 2.73379e+07 
24792 24872 72683 72771 8.97044e+07 223795 5.07592e+06 95468.4 45310 3560.84 2.6474e+07 
20098 20170 75076 75097 1.66175e+08 355380 6.69829e+06 166796 70325.5 3170.73 4.90415e+07 
24251 24298 70548 70617 1.25143e+08 303512 4.23102e+06 120327 48973.6 3862.61 3.69348e+07 
20286 20368 78927 78953 1.26059e+08 251526 8.08145e+06 177173 57728.2 4921.87 3.72117e+07 
26380 26433 77063 77154 1.22161e+08 309440 5.04083e+06 153939 69977.4 5875.61 3.61378e+07 
23727 23753 70474 70482 1.20201e+08 342056 4.95336e+06 127417 59243.1 4401.22 3.54785e+07 
26692 26708 70730 70792 1.13825e+08 280904 4.34876e+06 115288 45294 3795.01 3.35961e+07 
21701 21782 78507 78520 1.76683e+08 477182 7.18445e+06 171127 75575 4644.61 5.21473e+07 
20848 20860 71593 71597 1.45985e+08 429175 5.70861e+06 143068 53912.9 4340.56 4.30945e+07 
27404 27504 72124 72158 1.16773e+08 386121 4.45364e+06 112472 57638.5 3632.59 3.44633e+07 
20373 20414 71199 71211 1.46492e+08 444012 5.72018e+06 147500 56503.3 3603.48 4.32444e+07 
23464 23528 79199 79244 1.86182e+08 427458 6.90419e+06 175881 70394 4620.79 5.49422e+07 
26570 26632 78814 78851 1.61131e+08 416366 6.17017e+06 145511 58697.7 4359.12 4.75638e+07 
25823 25830 73574 73581 1.25702e+08 387794 5.12981e+06 129820 52425.6 3686.96 3.70941e+07 
23781 23797 73776 73863 1.41596e+08 449469 5.63943e+06 140808 53667.9 2814.69 4.17946e+07 
24493 24539 78684 78733 1.62944e+08 441226 6.57249e+06 167929 74899.2 3050.24 4.8091e+07 
20358 20403 77228 77287 1.8983e+08 362528 7.2158e+06 176593 72649.2 4578.67 5.60202e+07 
24776 24876 76530 76544 1.33861e+08 266477 6.30488e+06 152668 53000.8 4576.2 3.95101e+07 
26801 26832 72654 72696 1.22761e+08 284950 4.14066e+06 116028 45970.3 3981.32 3.62352e+07 
28762 28843 70614 70627 1.01777e+08 363534 4.05379e+06 99172.7 39456.6 1911.48 3.00347e+07 
23584 23619 70802 70822 1.3145e+08 407269 5.08817e+06 117230 48876.3 3871.38 3.87967e+07 
23365 23377 79495 79509 1.84547e+08 753160 7.14502e+06 174574 69190.3 3537.01 5.44779e+07 
20604 20665 75026 75058 1.7575e+08 288751 6.70336e+06 164377 66549.5 4709.23 5.18734e+07 
27013 27018 72537 72604 1.18497e+08 357769 4.65804e+06 115454 44787.2 3471.15 3.49691e+07 
22916 23004 75535 75618 1.61176e+08 456645 6.16573e+06 156798 74375.2 4571.01 4.75609e+07 
28289 28330 75094 75160 1.24174e+08 250119 4.41655e+06 133074 59200.5 5210.45 3.66825e+07 
22762 22813 70152 70218 1.37035e+08 348848 5.04668e+06 127911 59778.7 4424.95 4.04447e+07 
24569 24608 73444 73522 1.40523e+08 345379 5.40604e+06 137051 55601.3 2891.83 4.14757e+07 
26940 27020 78260 78270 7.94746e+07 440657 4.8723e+06 135975 50119.7 4287.16 2.3465e+07 
25127 25177 79531 79593 1.78306e+08 808163 6.6715e+06 155319 85786.7 5209.02 5.26232e+07 
26758 26814 75594 75610 1.37311e+08 440374 5.39606e+06 134262 50448.8 3991.67 4.05363e+07 
20968 21023 70588 70627 1.42971e+08 327823 5.55516e+06 138779 53798.6 4213.63 4.21952e+07 
22223 22236 71424 71469 8.56749e+07 303341 5.72939e+06 130405 38928.8 2057.59 2.5291e+07 
21347 21351 78188 78255 1.89853e+08 410573 7.20304e+06 183651 70268.4 5084.7 5.60359e+07 
29530 29611 76049 76085 1.26912e+08 279703 4.99141e+06 119540 49644.5 2430.24 3.74538e+07 
28034 28036 70856 70934 1.06482e+08 309560 4.27243e+06 104017 40111.1 3592.87 3.14299e+07 
27659 27676 73023 73120 1.16502e+08 229765 4.05062e+06 114835 44671.3 3437.85 3.4383e+07 
29460 29516 74776 74818 1.1997e+08 368067 4.66817e+06 115530 49579.8 3295.44 3.54034e+07 
26491 26521 70053 70104 1.09169e+08 295036 4.30582e+06 100230 40674.7 3204.83 3.22183e+07 
21844 21915 71046 71068 1.38126e+08 311122 4.48484e+06 136483 53396.1 4411.59 4.07661e+07 
24067 24085 70456 70477 1.19734e+08 237729 4.25431e+06 120533 50808.2 3825.25 3.5342e+07 
20341 20409 79799 79850 2.08141e+08 578629 7.75901e+06 198284 79562.1 3766.2 6.14386e+07 
23862 23959 78116 78197 1.69922e+08 403937 6.72934e+06 162947 65678 4361.64 5.01393e+07 
28237 28254 74347 74394 1.21805e+08 275739 4.84169e+06 117889 47296.5 3844.53 3.5953e+07 
22131 22190 76907 76933 1.1319e+08 316760 6.28884e+06 161255 63962.6 4205.58 3.34044e+07 
28802 28819 78956 79050 1.48985e+08 299815 5.71296e+06 145327 60325.7 4452.89 4.39701e+07 
27287 27367 74371 74387 1.26007e+08 272911 5.01861e+06 124794 50153.9 4231.09 3.71895e+07 
26749 26808 73371 73449 1.27035e+08 271398 5.09771e+06 123057 47884.7 4409.88 3.75149e+07 
20249 20331 70246 70320 1.44603e+08 395686 5.64812e+06 138630 51490.5 3084.29 4.26776e+07 
23065 23110 79877 79971 1.87296e+08 500926 7.14066e+06 167337 67579.8 4580.83 5.52781e+07 
22957 23018 70856 70904 1.34277e+08 277145 5.2426e+06 127107 47997.3 3811.76 3.96246e+07 
25933 25999 71093 71131 1.16306e+08 265141 4.64816e+06 111219 42627.2 3785.37 3.43278e+07 
20580 20592 79496 79590 1.13162e+08 299307 7.87655e+06 169801 54997.7 4112.01 3.33986e+07 
27238 27327 78900 78919 1.57903e+08 475110 6.13178e+06 147722 59908.6 3274.75 4.66076e+07 
22048 22049 72483 72580 1.49021e+08 400034 5.76083e+06 140132 52271.6 2823.98 4.39782e+07 
21684 21722 75632 75680 1.66394e+08 450121 6.59515e+06 163027 58910.1 3994.77 4.91117e+07 
26152 26166 71314 71372 1.18327e+08 347916 4.62831e+06 107534 42739.9 4175.62 3.49183e+07 
26016 26026 77923 78023 1.28493e+08 252052 5.39177e+06 150796 51749.4 3665.24 3.7928e+07 
25125 25206 74081 74094 1.3719e+08 330864 5.41681e+06 131532 49304.2 3668.63 4.04879e+07 
26262 26343 76870 76923 1.53551e+08 337529 5.89452e+06 146053 85287.3 5124.5 4.53177e+07 
24343 24380 77851 77865 6.93644e+07 441459 6.93629e+06 147751 41131.6 3548.77 2.04709e+07 
21138 21178 73732 73748 1.63726e+08 573277 6.25441e+06 154433 56714 4269.24 4.83264e+07 
29056 29104 78974 78998 1.45933e+08 722364 5.74956e+06 140450 52462.2 2934.05 4.30714e+07 
28435 28458 73323 73339 1.19112e+08 302228 4.58068e+06 113872 42839.1 3351.23 3.51573e+07 
20725 20786 72291 72308 1.54811e+08 521792 6.04244e+06 137341 58532.7 4275.64 4.56867e+07 
26233 26275 75808 75845 1.43419e+08 739580 5.77531e+06 137229 57686.8 3810.57 4.23233e+07 
21361 21435 71348 71354 1.33853e+08 309019 6.16643e+06 151141 69539.2 5939.56 3.95724e+07 
25857 25886 71220 71289 1.14349e+08 328730 4.7132e+06 115181 49730.6 4501.64 3.37467e+07 
24758 24789 76165 76186 1.31836e+08 277923 6.02134e+06 148537 58305.5 4162.15 3.89188e+07 
27498 27566 71729 71808 1.02884e+08 289278 4.28068e+06 108957 41646 2043.1 3.03756e+07 
26076 26139 77019 77078 1.27541e+08 456775 5.78017e+06 136246 65950.8 4767.51 3.76546e+07 
27416 27484 71661 71706 9.84713e+07 184886 4.42208e+06 108061 42363.6 3471.95 2.90599e+07 
25173 25214 75252 75273 1.38423e+08 338266 4.84585e+06 139904 55355.9 3962.49 4.08681e+07 
25699 25745 73438 73477 1.11863e+08 220531 5.05372e+06 127019 47784.8 2607.46 3.30134e+07 
26850 26894 76198 76246 1.27733e+08 268921 5.35831e+06 127278 54163.8 3737.11 3.77012e+07 
