22282 22290 86241 86320 2.35922e+08 7.89512e+06 215439 6747.83 27297.9 3782.14 20745.9 69.841 20918.5 126321 4.73773e+06 133221 13318.3 4.72907e+06 28487.8 430.5 12058.6 7540.72 6.98084e+07 
29819 29827 81008 81015 1.60147e+08 5.13376e+06 139772 5773.77 22074.6 3850.72 15622.9 -nan -nan 116133 4.04493e+06 91372.1 9253.63 2.08643e+06 18394.3 19.7328 7491.44 4125.16 4.73458e+07 
20867 20959 83755 83763 2.36875e+08 7.85458e+06 212549 4980.71 30143.4 10701.5 21443.6 519.004 25427.2 112173 3.15137e+06 117517 1492.3 3.13202e+06 26505.9 11.6674 11206.9 6746.27 6.99985e+07 
29884 29919 81609 81696 9.76382e+07 3.71761e+07 360876 28674.1 17799.3 7395.59 13667.2 52.1723 13588.4 82987.5 2.06137e+06 76635.6 11971.1 2.1701e+06 19342 493.811 -nan -nan 4.63333e+07 
26517 26550 83989 84042 1.97557e+08 6.40342e+06 174185 6889.24 25072 3194.35 16871.6 62.1524 17255.9 113853 2.724e+06 97672.9 13577.6 2.91827e+06 48562.5 85.4817 10138.5 5615.06 5.84665e+07 
23744 23835 85338 85430 2.25157e+08 7.34572e+06 201923 9370.86 23519.8 4367.78 19626.7 66.6814 18632 106988 2.95393e+06 107751 18285.9 2.92871e+06 26449.7 90.1846 11197.9 6498.57 6.66418e+07 
24288 24314 88824 88867 2.50897e+08 8.06136e+06 216470 6930.82 36118.2 4311.37 21764.8 74.3273 20131.9 132273 3.32453e+06 120692 11268.3 4.73192e+06 30067.2 103.903 11869.3 6890.42 7.42846e+07 
22418 22439 89625 89641 2.70793e+08 8.7941e+06 238737 9199.67 32924.1 4298.26 23993.3 90.2978 21580.3 156158 3.59887e+06 131538 32484.7 4.07018e+06 33654.7 7.97291 13159.6 7649.11 8.02091e+07 
26651 26717 86697 86702 2.08011e+08 7.23206e+06 196391 6913.86 31137.6 3644.83 17719.8 61.6135 19042.2 116292 2.90442e+06 105235 12868.3 5.52038e+06 30578.6 307.91 11476.3 6912.54 6.15662e+07 
25255 25347 83493 83494 2.01853e+08 6.53554e+06 179839 5498.53 36328.6 3611.13 17634.6 141.299 18858.6 139896 6.15237e+06 125645 10962.8 2.96763e+06 24113.9 915.427 9172.51 5574.89 5.96992e+07 
26818 26875 86250 86260 2.06507e+08 6.53441e+06 183190 4732.21 32579.3 4033.46 24494.4 650.73 28945.9 113467 2.95557e+06 104595 4479.72 2.83756e+06 24110.7 676.496 10201.3 5783.42 6.10369e+07 
20219 20231 88572 88625 2.80536e+08 1.52474e+07 300452 20950.8 41834.7 8393.37 23961.9 548.746 35431.9 149107 3.67482e+06 134708 19862.1 3.65822e+06 34222.6 800.352 14551.2 8828.32 8.27732e+07 
26881 26900 85954 85979 2.14546e+08 6.49592e+06 179575 6213.37 36462.8 11540.9 21397.3 250.741 18156.5 96755.9 2.81453e+06 103207 11067.6 2.81157e+06 24582.8 306.171 10895.5 6143.81 6.33345e+07 
22232 22262 84630 84704 2.31762e+08 7.48135e+06 205705 7155.64 27070.1 4616.34 20248.3 68.4192 18811.5 126690 3.00642e+06 109547 12158.4 4.83717e+06 30038.2 6.78294 10583.7 6402.57 6.83808e+07 
20362 20458 83742 83825 2.35326e+08 7.72436e+06 211444 6517.32 33474.6 4261.3 20996.9 507.697 26350.5 133456 3.26971e+06 119135 10078.9 3.18996e+06 27231.7 23.2348 11855.3 7083.79 6.96957e+07 
29608 29616 84976 85024 1.85765e+08 6.22932e+06 163523 7294.67 20683.9 3785.29 15845.6 58.2608 15003 101268 2.43884e+06 88054.6 17855 2.5082e+06 -nan 172.198 10428.2 5233.53 5.47999e+07 
20601 20628 84697 84790 2.43638e+08 7.83147e+06 215167 7277.24 36467.8 4936.48 21311.6 71.9152 19825 146409 3.23765e+06 117855 11109.3 4.96626e+06 29507.2 11.9799 11347.2 6831.47 7.18838e+07 
20805 20835 80229 80244 2.13273e+08 6.88295e+06 186468 7514.03 20919.9 4328.69 17967.8 62.9735 17866.9 114319 2.86353e+06 102707 10723 5.92962e+06 25917.1 15.7348 10627.8 6161.21 6.29241e+07 
21435 21511 82788 82807 2.26344e+08 7.48072e+06 202453 8062.05 21722.1 4161.07 19375.7 66.827 18639.8 128442 2.97795e+06 107579 17917.2 2.98594e+06 27896.2 422.442 10384.3 6461.38 6.67903e+07 
27529 27554 82295 82333 1.82794e+08 6.10597e+06 163238 6860.04 19518.1 3245.38 15175.4 53.9646 15155.4 98253.8 2.5619e+06 92661.1 54666.5 1.14065e+07 48267.8 210.584 9492.81 5069.71 5.39114e+07 
20232 20276 89294 89345 2.67296e+08 8.64464e+06 238612 8720.06 30799.7 4959.22 24384.9 98.6379 28821.1 164184 3.90226e+06 143461 24734.4 4.99939e+06 38159.6 602.304 12590.6 7662.09 7.8873e+07 
22811 22852 81864 81866 2.02478e+08 6.99207e+06 189224 7479.61 35928.2 15079.4 23215.4 317.65 20613.9 100127 2.85142e+06 102463 11412.3 2.6886e+06 24108.1 901.719 10579.6 6299.85 5.97761e+07 
23312 23406 85748 85756 2.17068e+08 8.33632e+06 289877 31219.2 32794.5 8922.87 18469.8 252.293 19169.9 103881 3.03359e+06 110454 2069.95 3.04965e+06 27376.9 902.026 13169.6 7662.9 6.40316e+07 
29045 29119 88081 88088 2.10232e+08 1.24348e+07 231825 14063.4 24575.7 4017.23 18699.5 566.429 30436.7 107120 2.80812e+06 101025 14041.7 2.70293e+06 23362.8 626.47 39617.6 8640.32 6.20292e+07 
22665 22713 84025 84029 2.20726e+08 8.01721e+06 211410 8319.37 28323.6 4006.21 18845 260.646 23650.1 123178 3.09005e+06 111482 17192.7 3.0144e+06 74479 122.775 10321 6903.84 6.51024e+07 
26448 26524 88161 88170 2.28409e+08 7.49963e+06 205394 7495.5 22175.7 3992.46 19130.4 71.6533 20067.4 134254 2.9873e+06 107213 24685.7 4.8577e+06 32264.5 488.703 10944.8 6749.85 6.74034e+07 
26913 27007 86421 86424 2.13243e+08 6.96172e+06 188649 6905.15 24342.7 3857.8 18018.6 62.9618 17517.7 105654 2.89643e+06 128381 12853.2 4.25155e+06 23988 487.737 10856.3 6182.08 6.29271e+07 
29344 29395 83238 83259 1.75998e+08 5.62775e+06 149373 6672.52 26056 3120.89 14519.2 51.9722 15127.9 103240 2.51024e+06 88393.3 -nan 7.97595e+06 21978.5 20.0685 8750.25 4817.32 5.19315e+07 
26575 26581 82197 82231 1.82107e+08 6.58766e+06 154760 4772.74 21812.1 3871.8 16178.5 260.819 37198.6 98498.1 3.92032e+06 100451 3311.25 2.4475e+06 21479.7 13.4723 8479.86 5044.82 5.3877e+07 
26593 26611 82410 82476 1.84922e+08 9.3265e+06 163667 8495.05 22583.2 199168 18504.3 400.123 20877.8 102683 2.61524e+06 95295 18272.6 2.37506e+06 20500.6 4.56826 8531.33 5142.63 5.48084e+07 
21764 21844 89177 89262 2.7484e+08 8.40731e+06 244653 10808.4 30376.1 4862.08 23329.1 86.2509 21813 148338 3.64776e+06 143355 21592.9 4.71177e+06 31660 253.138 13427 7800.61 8.11407e+07 
25448 25505 83526 83594 2.00914e+08 6.50818e+06 182677 7563.57 25545.7 3557.73 16804.7 59.3281 16877.3 112340 2.74899e+06 98688.5 14349.6 2.7735e+06 23489 68.7837 10266.2 6129.85 5.92998e+07 
25093 25189 82411 82489 1.98297e+08 6.24665e+06 182794 16236.5 40219.3 19303.1 17879.4 363.017 16280.2 99741.3 2.64524e+06 95615.2 8834.61 2.62897e+06 23253 121.98 9323.53 5321.19 5.85393e+07 
22493 22520 87943 87972 2.58528e+08 1.19624e+07 227661 5675.21 39814.8 10341.7 23097.5 476.804 23966.4 138131 3.34483e+06 123475 12034.7 3.40284e+06 29187.7 25.5053 12293.1 7306.28 7.65049e+07 
29590 29633 85656 85727 1.81316e+08 6.22852e+06 160196 4759.22 26728.2 4135.8 16418.4 324.898 41426.6 99514 3.66409e+06 105698 689.193 2.60348e+06 23266.2 784.377 8920.18 4751.7 5.37712e+07 
21558 21580 89693 89781 2.54281e+08 1.29194e+07 240180 6045.1 24088.2 11601.6 25039.1 405.395 23938.2 122377 3.77235e+06 134546 1153.08 3.74254e+06 31286.2 25.0982 12996.7 7433.15 7.52726e+07 
26069 26132 81623 81701 1.7078e+08 8.83845e+06 165459 14163.7 0 -nan 16635.7 341.031 18061.8 80471 2.44268e+06 87010.7 493.509 2.47346e+06 22301.4 8.43461 8593.69 5016.09 5.05924e+07 
20340 20384 80459 80508 2.00047e+08 6.8157e+06 241284 25007.3 18493.2 4253.25 18201.2 62.7506 17389.4 96422.9 2.82902e+06 103953 1911.57 3.02238e+06 25952.7 46.3692 32143.2 5418.41 5.9023e+07 
23589 23628 85807 85829 2.19303e+08 7.32894e+06 202311 7547.76 20090.3 4501.22 18965.1 64.7387 19250.9 103035 3.1455e+06 111552 1369.92 5.66458e+06 29871.9 291.671 11170.6 6420.69 6.46966e+07 
28288 28354 84981 85027 1.83088e+08 6.38926e+06 162814 6107 16882.3 3477.73 16153.1 54.0503 16754.3 88277.7 2.68328e+06 161700 771.918 4.47272e+06 22454.8 9.00336 8554.2 4692.41 5.40134e+07 
23771 23832 80081 80181 1.77227e+08 6.21322e+06 207429 21930.3 16232.5 3712.93 15739.3 55.5896 15763.2 84487.6 2.55238e+06 93088.7 601.558 2.7109e+06 -nan -nan 16110.7 5732.11 5.2287e+07 
25411 25440 82034 82039 1.80449e+08 6.2017e+06 262699 48687.8 18159.2 4365.71 16295.6 53.2666 15504.8 85153.5 2.55726e+06 92892.3 865.213 2.63909e+06 22832.9 0 -nan 13242.8 5.32262e+07 
25924 26004 80230 80255 1.66351e+08 5.84833e+06 151065 5557.47 15642 3408.26 14843.8 52.1717 15492.8 79933.4 2.45718e+06 91917.6 -nan 6.63739e+06 21519 111.665 8239.96 4833.41 4.90655e+07 
26955 26988 81343 81408 8.70433e+07 2.91672e+07 156452 6457.09 15907 3716.15 15663 -nan 22767.2 82912.8 3.23955e+06 92835 586.604 2.28835e+06 20176.1 8.1456 8349.28 4905.11 4.88629e+07 
29076 29093 89972 90033 2.0626e+08 7.14947e+06 188093 6917.5 20119.5 3567.76 18787.2 60.8935 18352.1 96180.2 2.89158e+06 129086 1777.92 4.81122e+06 26263.2 5.0712 10180.2 5987.08 6.08521e+07 
21967 22027 86527 86593 2.2898e+08 1.31081e+07 210819 7668.44 23282.4 4604.68 20745.3 252.047 26332.3 114470 4.5028e+06 119714 1039.38 3.40779e+06 30165.6 11.3112 11152.7 6805 6.78577e+07 
28060 28124 83257 83279 1.63676e+08 9.45163e+06 169434 12929.1 17818.1 -nan -nan 1012.04 18113.5 80426.3 2.37461e+06 87784.6 521.735 2.43272e+06 20743.6 12.127 7875.57 5265.34 4.85063e+07 
27269 27293 80182 80278 1.61985e+08 7.86247e+06 172279 23947.5 0 -nan 15826.2 417.402 20250.4 79414.6 2.28122e+06 83610.4 10998.6 2.24252e+06 19351.1 527.797 7376.07 5145.93 4.79784e+07 
25103 25186 89432 89470 2.40972e+08 7.74955e+06 216194 7625.52 32860.8 4436.84 21813.4 71.1437 20198.3 128496 3.21577e+06 117404 6384.06 4.7197e+06 32019.1 1470.68 11449.5 7129.24 7.11129e+07 
26824 26863 81772 81838 1.78767e+08 5.8173e+06 165408 7635.65 22561.6 3568.32 15837.9 131.964 17029.4 96605.3 2.44942e+06 88251.3 -nan 6.81819e+06 24229.4 367.871 8823.02 4885.91 5.27506e+07 
24596 24693 86252 86252 2.18726e+08 7.16883e+06 204143 44482.8 59813.4 22890.5 34180 371.424 30414.4 123465 3.1214e+06 116648 13691.5 3.18083e+06 27978.9 1054.68 11559.4 6555.73 6.45472e+07 
27536 27538 86853 86864 2.0891e+08 6.76393e+06 192727 35958 41408.1 14544.2 17935.1 65.5589 18240.4 104752 2.8306e+06 102297 9048.02 2.88404e+06 24937.6 1110.25 10730.8 6635.32 6.16709e+07 
24984 25016 80805 80871 1.84469e+08 6.07642e+06 172944 5863.89 17852.6 3530.29 15200.5 54.4733 16538.9 109094 2.5044e+06 89496.8 18738.9 4.16224e+06 25913.5 508.12 9194.29 5165.86 5.44328e+07 
27967 27982 81469 81548 1.72571e+08 5.60727e+06 152786 6505.95 21092.4 3404.9 14097.5 50.9573 14817.3 83686.4 2.39366e+06 85372.8 1326.76 -nan 95787.7 142.827 9216.12 4889.45 5.09302e+07 
26848 26879 87378 87473 2.20422e+08 7.26619e+06 195915 6324.05 40917.8 3828.34 18992.3 65.0943 19254.7 133010 4.50553e+06 121334 16347.5 2.92602e+06 25785.9 48.795 11140.6 6198.13 6.5054e+07 
22118 22166 89924 89961 2.68194e+08 9.34644e+06 239093 5126.99 54579.1 10725.2 23522 235.428 25355.7 134385 3.83781e+06 136925 21591.1 3.34124e+06 30427.5 1128.53 13551 7243.11 7.91857e+07 
27094 27130 89570 89659 2.35106e+08 7.23243e+06 205064 10955.6 23092.2 4593.33 19488.7 69.4371 19266.2 129177 3.10771e+06 113563 21534.3 4.63509e+06 37320.9 156.069 11550.8 6927.91 6.93916e+07 
21989 22018 83951 84010 2.27143e+08 7.18105e+06 208270 9167.76 28421.8 4076.03 18693.4 71.2794 19318.8 129699 3.00466e+06 110830 19726.2 4.89468e+06 30177 324.111 11800.8 6896.59 6.70497e+07 
26623 26675 84074 84104 2.00405e+08 6.59867e+06 175251 7329.4 20974.6 4129.29 17407.2 59.1827 16703.4 97685.3 2.62002e+06 91749.7 6216.46 8.22784e+06 24599.4 123.583 8998.35 5753.13 5.91455e+07 
20901 20922 84661 84691 2.38737e+08 7.87651e+06 213829 10125.5 23120.8 4579.31 19835.8 70.5111 28223.7 121142 4.50348e+06 139677 2361.19 3.2852e+06 28982 1115.78 12304.5 6843.61 7.04517e+07 
21580 21584 81200 81264 2.09459e+08 6.72835e+06 188488 9418.48 29492.2 4736.9 18828.8 61.8635 16891.5 114227 2.76791e+06 102134 10072.3 2.95843e+06 25076.9 269.682 11834.8 5820.03 6.18166e+07 
29534 29629 81741 81804 1.62886e+08 5.21232e+06 247655 14523 22432.7 3221.63 13654.7 48.0935 13265.6 76749.9 2.15895e+06 79009.5 688.229 2.27883e+06 -nan -nan 9396.52 5115.02 4.80558e+07 
27804 27891 82376 82454 1.79894e+08 1.15541e+07 154852 6491.12 32162.5 3432.86 18079.9 9939.73 19171.8 87319.5 2.47612e+06 89856.7 694.952 2.46861e+06 21284.6 8.95124 8293.58 4878.05 5.36993e+07 
25942 25952 87690 87788 2.31274e+08 7.46878e+06 198610 7125 30242.6 4194 19638.1 68.2907 19307.4 131115 4.48348e+06 123446 13587.4 4.89925e+06 26645 11.3758 11075.1 6574.86 6.82462e+07 
27428 27471 83835 83916 1.93148e+08 6.37481e+06 180487 9860.71 30080.4 4068.08 15937.4 57.0632 16510.2 115407 4.60989e+06 108322 9594.33 2.55731e+06 21383.1 4.75343 9179.37 5289.81 5.7031e+07 
27749 27799 89726 89796 2.29251e+08 7.41819e+06 237340 7253.3 37386.8 4475.8 19908.6 67.7104 19547.3 133494 4.54346e+06 126729 7754.31 2.98289e+06 27174.4 16.921 11309 7316.7 6.76616e+07 
23774 23793 83005 83047 2.08482e+08 6.66234e+06 231524 7893.56 25674.9 4151.46 17763.2 133.941 23873.7 114823 3.93728e+06 99820.1 7728.67 2.7334e+06 24933.1 15.3947 10374.3 6171.4 6.15628e+07 
24415 24479 87949 87986 2.44911e+08 1.20204e+07 248064 7403.63 45758.2 5576.96 20979 367.338 24685.9 121348 3.26009e+06 115104 4395.88 3.22253e+06 28005.1 12.0959 11167.7 6540.27 7.25545e+07 
26974 27051 80028 80041 1.69187e+08 5.42294e+06 146181 9443.54 19574.1 3049.52 14516.1 49.9606 14093.6 88850.8 2.24959e+06 80747.2 13445.8 -nan -nan 459.455 9412.95 5085.48 4.9925e+07 
28120 28155 83415 83446 1.83483e+08 6.24951e+06 168892 8638.32 27313.6 3669.52 16197.4 54.2005 15961.4 96514.1 6.0775e+06 109380 11517.3 3.36933e+06 21004.9 22.5674 8340.45 4806.63 5.41635e+07 
23474 23490 84905 84966 2.26112e+08 1.13182e+07 235248 7166.08 31468.9 3934.03 18977.4 423.294 29673.7 105032 3.02292e+06 111693 4176.08 2.94806e+06 26250.5 849.512 11694.1 6287.61 6.70557e+07 
22393 22462 87638 87732 2.50506e+08 1.22782e+07 251880 8390.53 30945.2 4226.79 21466.4 73.9613 25733.1 131820 4.60444e+06 122872 3767.1 3.31655e+06 29724.4 18.4836 12069.6 7448.7 7.3923e+07 
28434 28533 84896 84986 1.91302e+08 6.04745e+06 165430 8166.55 27556.5 3636.83 16022.2 60.0297 15847.5 109227 2.60567e+06 147610 5673.53 4.10695e+06 22435.1 75.2849 9540.78 5731.18 5.64634e+07 
27958 27965 89789 89833 2.30259e+08 1.19831e+07 235813 6679.48 49413.9 3855.95 19591 496.651 24522.6 124222 3.07477e+06 112471 17508.8 3.09461e+06 26412.6 11.3663 10941.8 6785.55 6.81912e+07 
21874 21905 83640 83665 2.24672e+08 7.26059e+06 195468 9606.05 25221 4153.92 19726.2 66.3517 18466.2 112661 2.99941e+06 108787 14722.3 5.17563e+06 28282 11.0522 10659.2 6408.2 6.63082e+07 
23657 23657 82861 82897 2.06061e+08 6.75673e+06 191991 7332.82 25791.5 3929.99 17033.9 60.858 18566.2 101100 4.70506e+06 157023 22565.8 4.21415e+06 24082.9 719.797 10749.2 5801.35 6.08235e+07 
20715 20772 82411 82450 2.26578e+08 1.24662e+07 244623 7126.02 31059.2 4555.74 19145.7 165.424 24749.9 112922 3.10244e+06 112780 3479.66 2.97279e+06 25660.2 0 11211.9 6377.85 6.71327e+07 
26952 26991 84871 84959 2.01631e+08 6.5918e+06 175477 53810.7 21104 8689.43 17109.9 59.544 16926 108985 2.62988e+06 93359.1 15545 2.60984e+06 23411.1 99.2537 -nan 7678.45 5.95115e+07 
20528 20602 88860 88915 2.81092e+08 8.75637e+06 244660 13918.2 35960.3 5881.62 23441 88.228 22754.8 132016 3.72568e+06 136194 8737.97 3.75918e+06 33540.7 72.2856 14404.3 8052.16 8.2997e+07 
23718 23729 84558 84626 2.22496e+08 1.22485e+07 235311 10779.6 29495 4261.97 19418.5 228.663 23879.8 117992 2.93662e+06 108804 5976.09 3.09067e+06 26030.5 21.9869 10562.1 5854.31 6.59647e+07 
20887 20961 88601 88611 2.691e+08 8.70088e+06 245940 32034.3 37783.1 5445.73 22884.3 278.21 23051.4 139257 3.79938e+06 136058 30873.3 3.60728e+06 30779.6 6.62152 12881 7631.92 7.94569e+07 
24868 24916 84321 84411 2.10979e+08 6.60758e+06 189612 29129 37450.1 11163.2 17773.4 74.0026 18181.2 100219 2.8643e+06 102948 5450.35 2.79383e+06 25084.1 958.46 12302.9 -nan 6.2276e+07 
20354 20369 80165 80238 1.87809e+08 7.18184e+06 291134 5876.01 37006.9 4228.63 18433.8 263.219 37254.3 139919 4.11973e+06 109000 5437.69 2.9399e+06 25112.7 92.5155 10478.3 6570.59 5.54817e+07 
29395 29421 89681 89758 2.10449e+08 1.06017e+07 193216 7246.08 34507.8 3423.7 29333.4 460.663 27028 100554 2.78038e+06 102823 4581.22 2.8519e+06 25614 1007.63 11483.2 6754.36 6.23171e+07 
29800 29837 88409 88435 1.84571e+08 6.89995e+06 186306 558076 61909.1 20566.8 28708 560.37 17921.3 112170 2.89334e+06 104463 12534 2.80583e+06 22677 200.171 -nan -nan 5.44197e+07 
24357 24429 86287 86334 2.26083e+08 1.36686e+07 228790 6856 36826.9 4402.86 43775.4 4706.45 25564.7 120962 3.18001e+06 115689 8707.59 3.15454e+06 28180 315.878 11690.7 7864.36 6.73474e+07 
22085 22142 83553 83643 2.05054e+08 1.02586e+07 201081 4703.86 0 49555.1 29749.4 324.32 22518.4 110067 2.95442e+06 105217 4556.98 2.83252e+06 25439.1 656.858 13170.8 8281.31 6.07346e+07 
28808 28812 85938 85977 1.79911e+08 5.7952e+06 163789 9663.41 21615 5057.85 14871.1 145.749 17421.4 90800 2.68531e+06 106615 4064.2 3.27331e+06 27673.3 3446.13 103482 10678.9 5.30989e+07 
26586 26661 79973 80062 1.64974e+08 9.70689e+06 184395 4597.57 0 -nan -nan 3233.13 28742.5 82689.2 2.31539e+06 84718 2561.15 2.26221e+06 20606.3 794.907 8480.13 6107.45 4.92851e+07 
25369 25402 82350 82371 1.81103e+08 6.236e+06 174685 168210 16021.8 3581.3 15657.1 123.698 18967.3 87259.6 2.58423e+06 95467 1236.11 2.76127e+06 -nan 1053.43 12345.3 5692.31 5.34569e+07 
25713 25810 84014 84108 1.97979e+08 6.24302e+06 181496 10438.8 29415 3649.5 16346.1 58.4722 19651.8 99162.4 2.84203e+06 176028 5278.92 4.25593e+06 25163.4 840.182 11001.3 5566.54 5.84389e+07 
26455 26523 89843 89855 2.0934e+08 7.28275e+06 262631 5669.46 40415.7 4740.3 18162.5 61.8235 23436.4 145503 4.71442e+06 127999 11642.9 3.13054e+06 29119 1131.65 12506.6 6540.87 6.17897e+07 
20854 20929 81700 81703 2.12695e+08 1.24438e+07 235909 5556.66 32868.9 3898.47 19717.9 484.097 30949.6 109326 3.03397e+06 105450 4630.27 2.93563e+06 26434.1 1018.29 10671.8 5643.34 6.31447e+07 
27127 27132 81854 81899 1.7468e+08 7.61732e+06 157136 5404.04 0 56183.4 16336 257.02 15086.5 84500.2 2.50984e+06 91303.7 4644.52 2.45085e+06 21368.6 919.727 9970.79 -nan 5.1727e+07 
23437 23508 82670 82735 1.91221e+08 6.59487e+06 180759 7101.09 20588.4 3493.22 16537.8 52.9458 17863.9 97933.9 6.74623e+06 139929 8336.99 3.90192e+06 24085.3 906.779 10320.1 5820.15 5.64391e+07 
23230 23327 84023 84032 2.10078e+08 1.26401e+07 250942 6241.72 23405.8 4113.88 17842.1 183.829 33835.6 118666 3.92469e+06 109835 8363.04 2.99121e+06 26098 853.151 11959.8 5995.6 6.20395e+07 
20166 20197 85684 85778 2.60079e+08 1.16691e+07 242363 6941.08 60497.8 5198.17 24608.5 290.52 29793.8 121710 3.34439e+06 123498 13110.2 3.30436e+06 29452.9 1188.22 12987.4 7475.31 7.69536e+07 
28813 28819 88760 88813 2.09303e+08 7.24332e+06 201231 7122.31 44835.4 19042.3 18964.1 181.089 19085.7 106282 2.9828e+06 106539 8654.68 2.78761e+06 24359.7 635.112 10631.5 31933.1 6.17658e+07 
24639 24733 83502 83600 2.07329e+08 6.74882e+06 183159 42417 22965.4 4281.73 17177.1 72.7205 17840.2 108098 2.79942e+06 102696 14407.1 2.89506e+06 25392.7 305.361 13107.3 5782.58 6.12027e+07 
28176 28259 83803 83898 1.88116e+08 5.98633e+06 167208 6528.57 39540.7 13251.8 15328.7 180.019 16236.6 91507.9 2.4636e+06 91381.8 11845.7 2.52394e+06 22229 1025.99 -nan 6782.14 5.55235e+07 
24827 24867 86136 86174 2.28226e+08 1.21822e+07 198180 6304.76 32667.9 4580.65 22774.2 720.149 24588.7 113084 3.00341e+06 110701 10084.6 3.12327e+06 27062.5 495.293 11079.8 6112.48 6.77151e+07 
29805 29843 80869 80961 1.57983e+08 4.97292e+06 137941 42709.4 15059 3657.16 13427.8 49.5715 13137.2 85688.9 2.19897e+06 78650.9 20299.8 -nan -nan 873.713 9199.49 4288.64 4.66219e+07 
20199 20224 85717 85792 2.62694e+08 8.33005e+06 247103 7663.4 40330.4 4275.42 22763.6 77.5603 24925.3 147855 4.4455e+06 128497 18610.5 3.48842e+06 30554.1 140.544 12196.4 7152.13 7.75293e+07 
27066 27072 88982 89044 2.28158e+08 7.48516e+06 206946 8451.01 26979.7 3077.35 19528.1 63.1809 19500.9 130399 4.52799e+06 134881 13024 3.07044e+06 25892.6 58.9408 11163.2 6364.55 6.73572e+07 
29558 29626 88696 88723 4.53172e+07 1.63993e+07 363659 3649.67 0 113346 -nan -nan -nan 52047.1 2.00113e+06 50522.1 2322.22 1.20847e+06 25033.4 1942.24 12720.4 -nan 2.58323e+07 
20064 20140 85493 85534 2.57743e+08 8.40476e+06 261511 7514.46 37396.8 3915.42 20924.4 80.8555 30032 142544 4.47558e+06 128183 11727.5 3.35368e+06 31045.1 1141.11 12895.7 7330.77 7.60664e+07 
23207 23220 80156 80251 1.94467e+08 9.24307e+06 167447 3923.69 0 34298.4 17893.9 301.761 16050.4 96422.1 2.63262e+06 94152.3 10561.9 2.56367e+06 22178.2 51.3917 9480.61 -nan 5.75857e+07 
24486 24513 79968 80053 1.08133e+08 2.16167e+07 201492 6831.54 23125.5 3905.84 16138.5 613.025 31331.8 95983.4 3.2486e+06 94888.4 4903.18 2.551e+06 21946.4 735.698 9060.75 5168.64 5.20749e+07 
22079 22094 88846 88876 2.67902e+08 8.52633e+06 236886 25044 28285.7 5369.09 22316.3 98.9236 23010.2 124289 3.6292e+06 132580 2180.54 3.69029e+06 31685.5 2172.06 15614.7 7529.33 7.90833e+07 
22173 22251 85579 85622 2.40366e+08 7.75527e+06 215896 26290.2 21610.6 4575.89 20690.3 70.9983 20125.7 129521 3.19492e+06 115697 22834.3 4.72738e+06 29238.3 31.0517 11946.9 6668.69 7.09508e+07 
28256 28273 83578 83594 1.7643e+08 6.04685e+06 161565 7955.86 22223.4 3199.9 15794.9 55.3593 15886.6 86167.8 2.46833e+06 439805 14782.1 4.15425e+06 20138.3 13.0189 8517.51 5018.51 5.20719e+07 
24564 24579 88451 88521 2.46777e+08 1.11929e+07 248920 6857.49 46300.3 6562.9 21099.7 81.9643 28724.2 132169 4.4432e+06 117814 9142.27 3.23518e+06 28886.8 1147.21 12763.3 7583.37 7.28285e+07 
25416 25492 88274 88363 2.34638e+08 1.1244e+07 241023 7830.82 31677.9 6344.46 20068 64.9625 28278.7 129266 4.26305e+06 116220 6822.18 3.17567e+06 27669.3 1116.96 12524.8 6768.63 6.92469e+07 
27363 27448 82951 82981 1.83441e+08 1.4541e+07 192551 5483.94 31515.7 4057.61 17379 504.275 22425.3 90474.6 2.51433e+06 90334.7 476.491 2.44602e+06 21236 24.3418 8859.34 5625.79 5.56303e+07 
20945 20988 88886 88893 2.7494e+08 8.75758e+06 242797 4875.78 44614.6 11656.6 24565.9 299.678 22751.2 146843 3.65131e+06 132222 10775.4 3.67187e+06 32137.3 35.5184 13608.4 7619.3 8.11534e+07 
27710 27761 88342 88381 2.17923e+08 7.43702e+06 248260 7439.63 38544.1 5238.78 18987.2 64.3399 25467.9 119446 4.48471e+06 116196 8109.58 2.95997e+06 26403.6 1055.73 11371.6 6269.69 6.43004e+07 
23357 23362 89677 89765 2.6294e+08 8.29656e+06 229763 4634.56 30542.5 5330.8 21984.7 266.497 25001.2 145411 3.56873e+06 132255 31145.7 4.78321e+06 33592.4 1065.29 12779.7 7811.9 7.76237e+07 
27504 27581 89335 89355 2.30025e+08 7.41438e+06 204836 6007.79 23602.2 4341.29 19318.2 161.028 19500.3 114866 3.09223e+06 111759 9666.64 3.05158e+06 29987 2093.88 10964.9 6713.39 6.79067e+07 
27466 27471 85187 85220 2.01548e+08 6.43228e+06 176866 3946.01 33921.2 18967.2 17669.6 274.551 16707.6 104156 2.68136e+06 97563.7 9736.5 2.69317e+06 23077.9 49.249 10178.5 -nan 5.94768e+07 
21750 21779 84012 84071 2.32944e+08 7.63794e+06 203883 6148.17 20352.7 4525.81 19458.5 171.594 19578 108189 3.07583e+06 112477 16354.2 3.05714e+06 26811.9 86.1649 13088.3 6585.29 6.87677e+07 
28137 28152 82361 82439 1.83407e+08 5.85236e+06 334684 6084.64 39551.3 3841.08 15752.5 122.645 15690.6 96085.1 3.92648e+06 101743 5490.74 2.38764e+06 20337.3 13.5378 8582.5 4940.59 5.41372e+07 
20423 20427 87484 87572 2.73117e+08 8.61294e+06 243063 14294.4 40645.2 4620.78 23021.4 90.7302 23332.8 173275 4.88069e+06 153326 17176.8 3.62007e+06 31970.4 631.498 13168.9 7911.06 8.06193e+07 
22209 22293 81854 81909 2.14648e+08 6.83767e+06 186615 4452.59 39908.1 19459.4 19664.2 389.511 17528.4 106690 2.814e+06 103096 12476.8 2.86218e+06 24745.6 21.1242 10483.7 8262.88 6.33595e+07 
26008 26032 87083 87138 2.23032e+08 1.21535e+07 233760 6595.67 39132 5379.25 18876.6 126.952 23843.2 127366 4.14865e+06 111488 6477.35 2.98578e+06 25310.8 5.48748 10764.5 6574.17 6.58234e+07 
29455 29468 85777 85853 1.92639e+08 6.40171e+06 179808 12300.4 32949.7 4251.52 16025.8 60.4811 17491.1 131262 4.43352e+06 116168 9503.01 2.43801e+06 21884.5 625.924 9337.37 5424.44 5.68882e+07 
26322 26383 86642 86655 2.21132e+08 1.20956e+07 193848 4733.26 33466.1 4219.62 21582.9 481.217 22062.4 109531 2.98086e+06 107630 15457.4 2.8863e+06 25671.1 5.47224 9981.23 5974.36 6.56501e+07 
23403 23410 82275 82335 2.08707e+08 6.79293e+06 238754 7881 44637.5 4267.37 18340.5 61.6341 17336.2 124484 4.7363e+06 117221 10415.9 2.75823e+06 24007.5 20.5322 10014.6 6189.24 6.1587e+07 
20573 20617 81903 81956 2.23477e+08 1.23161e+07 235507 5564.4 40431.6 4586.68 19219.8 140.142 23759 119783 3.86013e+06 109900 8982.71 3.04628e+06 26602.3 11.0472 11135.1 6328.98 6.62561e+07 
29800 29849 86205 86242 1.89877e+08 6.16972e+06 165761 11225.5 24355.3 4007.5 16341 125.943 15439.3 102463 2.4705e+06 91990.8 7197.98 3.02872e+06 23917.6 59.5051 9143.32 5437.29 5.60522e+07 
21363 21453 88434 88472 2.65514e+08 8.55218e+06 232242 16549.3 28714.3 5466.55 22742.2 78.4079 21748.4 126698 3.62443e+06 147000 2041.1 4.98266e+06 31201.3 6.53134 12901.8 7053.59 7.83744e+07 
23609 23701 89389 89459 2.62071e+08 8.35519e+06 256491 8201.27 43908 3427.4 22418.8 77.3729 26133.1 144158 4.55643e+06 127081 13579.4 3.45348e+06 29839.6 25.7812 12376.5 7562.31 7.73405e+07 
26830 26897 85609 85642 2.06274e+08 6.64906e+06 182147 8239.73 27321.8 4228.57 16984.6 114.102 17055.5 120030 2.78761e+06 99625.5 20475.3 5.85174e+06 25356 10.1515 10187.6 5907.77 6.08936e+07 
28725 28807 85745 85842 1.98972e+08 6.32187e+06 171240 3834.02 19279.1 5072.47 17053.9 186.823 15957.3 111566 2.53818e+06 94192 15908.6 2.67161e+06 22949.8 298.772 16281.9 5444.66 5.87376e+07 
25594 25664 88712 88724 2.41739e+08 7.59751e+06 211657 5121.74 25583.1 6476.51 20510.2 186.928 19235.7 134963 3.17377e+06 115075 32619.4 3.21847e+06 27911.3 0 12835.2 6805.96 7.13626e+07 
26850 26909 86442 86504 2.1246e+08 6.95473e+06 222723 8531.19 35506.4 4212.7 18186.9 66.6472 17919.1 115520 4.6131e+06 115635 4264.5 2.793e+06 24736.4 5.22471 10234.4 6370.53 6.26885e+07 
22152 22211 82873 82962 2.1658e+08 1.24436e+07 232653 6713.85 26971.4 4870.06 18384.7 232.742 23855.9 108974 3.98524e+06 107742 3050.73 2.94594e+06 25438.8 21.3213 10599.2 6179.48 6.3949e+07 
28882 28901 82874 82922 1.74544e+08 7.0563e+06 205232 4794.95 29283 4513.03 16144.2 326.523 30235.7 90643.9 3.29614e+06 86299.9 10800.8 2.26059e+06 19775.4 26.18 8743.94 5299.78 5.23492e+07 
26118 26154 85492 85589 2.09959e+08 1.00851e+07 187410 4968.36 0 27838.2 19315.7 344.143 17530.8 104753 2.81193e+06 102851 7129.61 2.81796e+06 24165.8 15.5402 10486.4 6259.95 6.21462e+07 
24914 24967 86306 86377 2.25291e+08 7.23866e+06 199146 12968.1 29480 4034.21 19644.3 66.5447 18994.6 130499 4.49397e+06 126465 3708.68 3.08189e+06 27010.9 33.2573 11059.2 6591.79 6.65082e+07 
27028 27097 86093 86095 2.09583e+08 6.66951e+06 185076 4212.23 36011.7 4620.97 17530 150.522 17174.4 124855 2.74244e+06 98961.7 18650.5 2.90565e+06 25870.2 61.9073 11676.2 6604.41 6.18613e+07 
26280 26356 85048 85107 2.06636e+08 6.35864e+06 179347 36630.3 32238.4 4772.57 17748.3 61.0244 16867.5 117073 2.67076e+06 148210 16845.1 4.21135e+06 23687.5 10.1603 10106.5 6116.39 6.09762e+07 
23087 23174 84364 84390 2.28665e+08 7.27394e+06 203350 5275.57 35188.1 4253.93 19252.3 151.662 18804.8 127347 3.04604e+06 108923 17184.3 2.99927e+06 27508.1 215.644 10978.3 6352.57 6.74978e+07 
29767 29799 84298 84316 1.78615e+08 5.80652e+06 158547 5293.27 23823.3 4350.77 15291.8 141.381 14776.1 99721.1 2.35995e+06 85781.4 7020.59 2.52138e+06 21723.2 -nan 13116.4 5183.65 5.27141e+07 
28902 28942 88673 88727 2.13095e+08 1.27607e+07 221487 5431.99 25205.3 3611.43 18267.7 182.688 24492.3 113679 2.87777e+06 104988 11869.9 2.7564e+06 24658 5.28485 10671.3 6166.74 6.34038e+07 
28767 28842 86536 86609 2.00236e+08 6.22022e+06 172132 25106.9 28411.1 3333.18 16789.5 59.128 16823.9 115237 4.90782e+06 142137 12457.2 2.74051e+06 23820.4 714.195 9870.26 5960.84 5.90905e+07 
20111 20192 82500 82509 2.3221e+08 7.70569e+06 246195 7193.05 24923.2 3726.91 19117.7 68.552 30741.6 126132 4.50149e+06 115997 4691.34 3.02708e+06 27522.7 965.251 11418.3 6732.08 6.8522e+07 
29618 29670 84428 84446 1.80497e+08 5.99172e+06 166830 159996 27773.5 4232.59 15310 56.6318 15736.7 94877 2.44869e+06 113093 7547.49 3.93777e+06 21065.6 4.43902 8570.31 4880.19 5.32589e+07 
28514 28546 85392 85464 1.95492e+08 6.41442e+06 249094 7195.86 35701.1 4215.57 16727.3 117.008 16031.9 100539 4.10795e+06 108237 9036.7 2.61945e+06 22712.3 43.3034 9251.74 5569.57 5.77268e+07 
20406 20408 85578 85654 2.4881e+08 8.02954e+06 217423 4739.04 38251.4 5190.21 21087 151.319 20779.1 134899 3.40495e+06 122965 15942.8 4.61284e+06 31879.8 305.578 12760.2 7261.8 7.34561e+07 
22140 22152 83466 83501 2.19136e+08 7.25683e+06 197861 4432.63 22609 4172.8 18044.4 145.326 19542.1 104688 3.05002e+06 113092 5609.8 3.15958e+06 29547.7 701.461 10715.3 6168.82 6.46782e+07 
22021 22043 88095 88098 2.60438e+08 8.41723e+06 227980 6585.49 35177.7 4872.75 21476.8 144.048 22234.2 151699 3.46368e+06 128212 27553.8 4.75328e+06 36593.3 264.033 11841.1 7507.2 7.69042e+07 
21937 22002 86466 86534 2.51205e+08 7.86966e+06 219132 15825.2 22398.7 4449.17 20145.3 74.1836 21236.2 120973 3.38246e+06 122302 11515.3 4.48213e+06 30470.1 704.355 12382.1 7498.2 7.41445e+07 
25692 25765 89855 89870 2.47064e+08 7.61098e+06 213997 4990.6 26785.4 4781.43 21543.1 159.826 19450.2 133308 3.36006e+06 124752 8274.9 4.75992e+06 29936.1 717.699 11348.5 7077.99 7.29703e+07 
26954 26977 84911 84966 2.01192e+08 1.04838e+07 175375 6026.14 47944.4 5855.13 22245.2 970.408 19695.3 96312.3 2.69683e+06 100285 917.523 2.68663e+06 23585.8 0 10148.6 5617.5 5.96535e+07 
22328 22398 85939 85950 2.38196e+08 7.8932e+06 216914 6044.96 21797.4 5044.75 19869.4 184.185 20953.8 129177 3.21102e+06 114956 21744.9 3.2424e+06 28296.3 1270.66 35044.9 12290.3 7.03045e+07 
22261 22344 87043 87111 2.5379e+08 8.03488e+06 219870 5338.96 25741.8 5306.78 20721.7 168.315 21270.5 140044 3.34419e+06 124016 26787 3.48484e+06 31785.7 2558.77 11592.2 7455.19 7.49218e+07 
29244 29331 85076 85105 1.87124e+08 8.79507e+06 165374 5143.97 0 36428.6 17572.6 557.199 15652.1 88097.7 2.47214e+06 88918.7 9822.93 2.43878e+06 21492.2 52.5289 10703.7 -nan 5.53833e+07 
27561 27582 83311 83355 8.5617e+07 4.54751e+06 88209.8 6916.87 0 -nan 11280.9 385.612 8859.18 64704.1 3.22839e+06 165064 4539.49 -nan -nan -nan -nan -nan 2.53624e+07 
29625 29665 86462 86512 2.02953e+08 6.22455e+06 173800 79419.6 37924.9 3452.96 17331.2 59.9437 16472.8 125186 4.69364e+06 140911 14260.3 2.60062e+06 22717 4.99318 9479.94 5614.85 5.98959e+07 
28555 28576 84427 84475 1.87477e+08 6.03711e+06 249455 5773.42 22096.6 4290.87 16666.9 206.163 30693.3 104695 3.67452e+06 93008.3 7478.91 2.50778e+06 21864.4 13.8502 9307.16 5489.38 5.53864e+07 
24838 24850 85703 85752 2.19944e+08 1.24088e+07 198359 5583.2 36147.7 4544.62 21840.4 749.556 22816.7 104404 2.90236e+06 103790 7784.25 2.91678e+06 25783.5 5.4324 10610 6690.68 6.51855e+07 
22062 22155 87390 87421 2.57248e+08 1.12441e+07 230223 10677 60647.3 5491.22 21749 339.733 29606 137506 3.38923e+06 123559 23322.6 3.42829e+06 30857 1218.18 13210.3 7804.82 7.6124e+07 
20201 20278 89877 89938 2.93961e+08 9.46021e+06 250857 6217.12 44915.1 5223.43 25452.4 280.263 23786.8 164674 3.78963e+06 136596 38320.1 3.86164e+06 33733.4 129.875 13584.4 9287.71 8.68045e+07 
21432 21437 80844 80857 2.1298e+08 6.81102e+06 184947 103525 25920.6 4082.53 17695.1 62.8948 17696.8 112350 2.89475e+06 125913 13705.7 4.4376e+06 24299.6 5.23934 10568.4 6671.38 6.28482e+07 
24470 24541 82389 82392 1.99071e+08 6.69354e+06 260807 6415.91 32035.1 4210.81 16432.7 198.619 27178 111919 4.0945e+06 98798.5 9595 2.76386e+06 23641 14.6955 9127.44 5819.79 5.87732e+07 
23191 23285 82917 82931 2.14527e+08 6.63472e+06 189694 15299 34443.7 3625.66 17822.7 63.361 18045.7 132339 4.4837e+06 141348 5273.21 2.83852e+06 25678.2 733.643 10703.3 5738.97 6.33287e+07 
20992 21036 80394 80492 2.11974e+08 6.79468e+06 186927 38192.1 31664.1 4212.27 17965.1 66.5222 17742.2 104019 4.86008e+06 133576 4254.14 2.85829e+06 24451 52.1543 10114.5 6554.01 6.25728e+07 
25818 25836 80130 80183 1.75456e+08 6.5091e+06 214575 5384.21 16919.5 4409.71 15637.9 180.12 48229.4 92067.5 3.32313e+06 88214.1 5564.23 2.42968e+06 20228.4 0 8463.76 5451.72 5.19297e+07 
22706 22770 82845 82941 2.13366e+08 1.08649e+07 191295 8465.93 49314.2 30858.7 19565.1 686.866 18259.8 104932 2.81095e+06 103701 20858.9 2.77393e+06 24722 15.7857 10507 7346.26 6.31423e+07 
23338 23429 86717 86736 2.45609e+08 7.82643e+06 213029 38695.4 35794.9 5458.85 20783.9 72.5362 20295.7 132667 3.17473e+06 113585 22048.6 4.71433e+06 28518.4 6.04209 11543.3 7839.27 7.24967e+07 
29328 29359 83628 83655 1.18151e+08 4.02643e+06 289878 42584.6 15031.6 3001.98 10086.2 118.895 -nan -nan -nan -nan 2805.65 2.51452e+06 19202.5 26.2373 13235.5 4525.11 3.49802e+07 
26147 26185 82276 82372 1.89198e+08 8.98581e+06 165997 5629.39 0 39046.6 18489.5 680.005 15566.7 92257.8 2.54806e+06 91277.7 4273.62 2.53824e+06 22161.4 72.8967 9096.95 -nan 5.59831e+07 
23000 23086 84581 84619 2.24475e+08 1.15628e+07 193979 6372.63 30737.2 17555.7 21956.1 851.066 19067.2 101003 3.00902e+06 109069 2324.91 2.96915e+06 25954.5 11.089 10993.4 7449.91 6.65195e+07 
22693 22790 87967 88019 2.38553e+08 7.88244e+06 217608 6935 39777.6 6401.78 19680.4 184.465 21136.6 130442 3.24331e+06 117124 39517.7 3.88373e+06 33843.7 399.064 15596.7 7665.36 7.04301e+07 
22402 22451 84286 84353 1.97605e+08 7.1037e+06 256186 6748.13 36927.7 5070.82 17374.9 112.56 19060.5 121670 4.47779e+06 124181 5178.81 3.09807e+06 27355.5 500.706 10674.2 6751.76 5.83325e+07 
25920 25978 88946 88986 2.02751e+08 1.4154e+07 234663 5156.23 25527.6 3205.88 19826.1 899.928 29618.2 103871 3.13923e+06 111853 4727.45 3.15634e+06 28585 941.361 12651.2 8198.65 6.03978e+07 
24034 24038 87755 87792 2.32656e+08 1.13236e+07 228578 4702.13 43147.3 16361.8 30556.2 581.104 22782.3 127454 3.34395e+06 115648 19913 2.90757e+06 26771.5 1249.11 12117.8 6616.84 6.87396e+07 
21587 21684 88863 88871 2.32215e+08 8.81077e+06 235347 20858.1 29417.8 4378.91 21910.7 68.5814 24299.5 124507 4.89594e+06 152467 14840.2 3.69842e+06 33049.7 959.704 13915 8164.37 6.85432e+07 
20368 20448 80010 80035 1.92233e+08 7.4272e+06 209297 14929.2 22228 3894.01 17163.2 67.4159 19947 110909 5.55696e+06 150184 11087 3.0833e+06 23085.5 770.712 10097.5 5920.27 5.67349e+07 
25364 25459 86012 86104 2.05583e+08 1.27048e+07 234554 6085.69 19611.8 3952.78 18080.3 173.09 30673.9 116602 3.6794e+06 104794 8476.01 2.91608e+06 25425.3 1118.09 11402.3 6616.16 6.12602e+07 
22533 22534 83010 83021 1.98518e+08 1.19561e+07 227108 6429.67 19762 4743.98 -nan 656.141 25970.8 109765 3.05145e+06 111142 4005.78 2.81648e+06 23692.3 908.083 10427.2 6105.76 5.88957e+07 
22293 22302 85495 85553 2.34885e+08 7.86753e+06 215599 4908.56 40273.9 14743.5 21517.8 238.823 23248.8 113589 3.09227e+06 112049 11236.2 3.22788e+06 27916 1168.47 11496.2 10314.2 6.94129e+07 
23797 23884 89941 89990 2.35808e+08 8.20126e+06 220602 4848.56 29139.3 4364.09 19443.9 256.371 21565.6 114423 3.51473e+06 136372 15131.3 3.68648e+06 34594 737.018 18780.7 7337.22 6.96321e+07 
26004 26095 82503 82524 1.78164e+08 5.88935e+06 170177 8052.55 18967.2 3397.2 15515.4 118.154 16318.9 110348 2.59627e+06 94847.6 19325.7 -nan 29718.4 1491.02 8561.16 5804.02 5.25931e+07 
28159 28227 88466 88554 2.11659e+08 7.0557e+06 197926 16885.8 34325.7 3185.72 18624.7 234.378 21375.9 130305 4.68367e+06 147022 10652.1 2.96958e+06 26107.6 963.221 11885.2 7098.17 6.24725e+07 
23732 23765 82539 82579 1.92804e+08 6.43038e+06 179957 6099.68 16881.5 3918.64 16197 131.455 17188.2 106220 2.7e+06 103593 13287 3.51102e+06 34159.3 951.408 10026.7 5778.54 5.69318e+07 
27987 28031 79981 80037 1.48274e+08 5.65419e+06 160808 15933.1 15970 3488.68 13366.2 87.7079 14457.4 -nan -nan 159948 7614.76 2.90044e+06 18362.7 536.457 7652.42 4488.1 4.37865e+07 
20602 20686 82273 82351 2.08481e+08 1.38161e+07 263993 5534.8 33228 4805.53 19836.2 2092.35 30581.6 114180 3.07614e+06 109614 9435.25 2.96841e+06 26550.2 1023.58 11721.3 7739.04 6.29244e+07 
21754 21780 87982 88056 2.47635e+08 1.2045e+07 269799 9074.95 35988.1 5644.1 22733.1 73.1337 34003.7 141884 4.65846e+06 129482 4414.37 3.49149e+06 30671.4 1206.13 13687.4 7822.1 7.30964e+07 
22513 22569 88655 88741 2.48543e+08 8.28997e+06 232294 13615.3 35710 6075.52 21794.6 78.0007 22421.1 156567 3.51739e+06 142256 15613.2 4.81868e+06 30593.9 1015.14 13520.5 8055.24 7.33789e+07 
27915 27925 87523 87597 2.11315e+08 1.07743e+07 187479 5028.75 36106.7 3122.33 25072.7 643.865 24694.6 98770 2.91657e+06 106704 12267 2.81716e+06 25169.2 1170.16 10516 6254.72 6.26814e+07 
23634 23707 85501 85551 2.28846e+08 7.40842e+06 212185 16174.9 33514.5 5021.04 18554 71.817 22598.9 135068 3.28599e+06 136764 22924.6 4.29616e+06 26832.5 900.659 11391.3 6349.71 6.75553e+07 
21959 21965 83849 83871 2.15456e+08 7.18125e+06 201470 6718.74 25266 4491.25 19050.2 119.179 19632.9 109385 3.08953e+06 112187 4210.43 5.66647e+06 28409.4 736.879 11069.3 7960.95 6.36189e+07 
25417 25483 89644 89669 2.45789e+08 7.80578e+06 216202 5262.47 23112.3 4440.02 19508 167.559 20301.1 133014 3.20751e+06 118058 17675.6 3.44816e+06 30889.9 1009.62 11639.3 7065.3 7.25683e+07 
23202 23211 88811 88836 2.54947e+08 8.15656e+06 258297 7386.47 40059.8 3791.29 21379.9 75.2757 28403.2 141101 4.55646e+06 128021 13387.2 3.27672e+06 29758 1210.24 14275.2 7702.3 7.52343e+07 
21013 21060 89610 89688 2.84873e+08 9.11506e+06 285128 10248.9 39179.2 5489.3 23580.8 78.8729 24341.8 164595 4.67101e+06 150441 15370.8 3.78965e+06 33393.2 1303.49 12824.1 8536.58 8.40896e+07 
20329 20340 89050 89111 2.86058e+08 8.99232e+06 245648 18147.3 28328.9 4943.31 22887.7 84.4918 23842.6 132569 3.78478e+06 161835 27134.3 4.83164e+06 33871.2 1182.23 13649.6 7917.69 8.44506e+07 
28284 28290 89914 89943 2.26401e+08 7.10624e+06 202236 5649.46 26707.9 4434.95 18867.1 137.704 18987.2 135311 3.12283e+06 114161 19353.7 4.82587e+06 27991.7 427.266 11330.4 6801.65 6.68438e+07 
21414 21460 88989 89007 2.71465e+08 8.46368e+06 244959 20313.8 42155.4 5189.42 22613.5 80.193 23421.7 158396 4.83823e+06 155362 9434.4 3.81479e+06 33026.6 1228.95 13345.7 7264.61 8.01492e+07 
27405 27479 88892 88960 2.14467e+08 7.35844e+06 199227 22185.9 40198.1 4015.92 17930.9 59.3855 19916.2 123831 2.98542e+06 157289 36016.2 4.28212e+06 26670.9 928.486 11284.1 6607.29 6.33056e+07 
28495 28507 82680 82750 1.61878e+08 5.55255e+06 151875 5677.86 50386.5 9621.97 13592.5 148.955 14544.2 80044.5 2.38129e+06 86267.3 4673.35 2.53948e+06 20821.8 -nan -nan 4828.17 4.77836e+07 
24794 24845 84031 84096 1.97628e+08 6.73212e+06 186980 52026.8 28839.9 4401.92 16801 58.3606 18172.9 112486 2.81218e+06 107159 21549.4 4.41137e+06 25929.2 607.587 10339.7 6175.46 5.83292e+07 
26146 26211 80295 80367 1.74918e+08 5.58327e+06 154909 5217.28 0 14894.8 18473.2 212.621 15215.6 85919.5 2.39675e+06 89427.4 4675.43 2.43118e+06 20444.1 1195.84 -nan 10701.6 5.17081e+07 
25706 25706 84120 84211 1.82361e+08 6.65345e+06 180040 13470.9 25819.3 4112.07 17405.9 134.427 17229.1 114662 2.76179e+06 97182.5 -nan 7.62357e+06 25119.5 664.741 10504.6 6842.83 5.38161e+07 
25502 25514 89618 89621 2.21695e+08 8.15396e+06 224467 119325 24835.3 3855.76 22334.1 65.479 21987.6 147214 5.40251e+06 162625 12160.2 3.23752e+06 29049.6 769.029 13565.2 7608.31 6.5341e+07 
27581 27665 88802 88880 1.92591e+08 7.42899e+06 200695 4570.71 43980.1 5701.2 17185.6 148.913 19695.6 119373 3.05862e+06 107486 2992 2.93071e+06 25893.2 -nan 36229.6 6395.74 5.68512e+07 
