20836 20930 94844 94846 3.3251e+08 1.69919e+07 338802 47567 53336.4 6715.11 31411.9 197.336 26561.1 175611 4.151e+06 153905 20139.4 4.26159e+06 39017 57.5492 16462.5 9418.56 9.86239e+07 
20508 20573 93047 93119 3.13653e+08 1.00121e+07 275858 5663.21 50721.4 12324.8 28492.9 325.141 30778.6 167451 4.0479e+06 148977 10544.9 4.13137e+06 36399.9 0 14723.3 9001.88 9.2684e+07 
28338 28369 90268 90306 2.32157e+08 7.29544e+06 199934 7069.85 47154 3941.83 19912.5 73.0193 19480.4 135212 4.8867e+06 136670 7686.42 4.68999e+06 28580.6 80.1541 11057.1 6363.66 6.8691e+07 
24882 24903 92161 92165 2.69927e+08 8.82023e+06 238015 29197.8 37017.4 9254.9 24629.4 152.093 22324.9 140885 3.65955e+06 134635 12097.5 3.61337e+06 30525.9 53.1532 13006.1 7685.4 7.97339e+07 
23357 23393 92418 92508 2.79762e+08 1.37603e+07 281739 23175.3 42275 3990.97 24058.8 82.9921 23111.7 134329 3.79392e+06 137717 3023.69 3.81072e+06 33658.3 41.4843 13451.5 8823.16 8.29433e+07 
26864 26929 95180 95255 2.73768e+08 9.11791e+06 248596 8075.66 38868.3 3443.79 23181.1 81.0251 24007.9 138399 3.74065e+06 154122 10123.4 4.72599e+06 31967.2 928.562 15074.3 8069.78 8.09882e+07 
27937 27939 92587 92676 2.55783e+08 1.18704e+07 258036 21754.2 49439.2 4750.42 22645.2 80.6079 21445.3 152401 3.31768e+06 119601 29880.8 3.23893e+06 29658 606.609 12642 7857.04 7.58082e+07 
29094 29156 99025 99125 3.01973e+08 9.3414e+06 257027 10489.9 48182.6 4199.26 26405.6 89.3371 23511.8 184345 3.79155e+06 137856 40619.1 5.85272e+06 35266.6 30.5851 13868.4 7953.5 8.9292e+07 
22403 22419 92703 92738 2.80738e+08 1.35497e+07 279931 13091.3 33259.2 3972.86 24490.8 93.5001 23495.9 130579 3.81471e+06 140549 6039.52 3.98783e+06 33034.1 55.381 15733.9 8861.94 8.3054e+07 
20703 20719 91801 91804 3.0846e+08 9.13428e+06 259732 8489.75 70341.6 11300.8 26927.1 317.638 26292.4 175260 4.00937e+06 147950 12042.2 4.02696e+06 36186.9 956.931 15182.8 8954.71 9.11201e+07 
20849 20886 96157 96174 3.40709e+08 1.08397e+07 297635 11437.3 43607.5 5934.77 29416.5 100.612 28110.2 179772 4.2929e+06 158300 32292.3 6.72045e+06 42514.8 16.7611 15875.6 9583.53 1.0056e+08 
22648 22692 93287 93357 2.96909e+08 9.71568e+06 322072 22359.8 57407.8 10707.5 26144.2 261.181 26129.9 147439 4.04373e+06 144296 11502.6 3.999e+06 35204.5 1270.6 15346.9 8552.4 8.76078e+07 
26338 26343 98600 98678 3.12103e+08 1.02348e+07 285492 7218.32 43823.8 5752.42 31936.7 267.336 33306.7 160524 4.18087e+06 154042 8122.15 4.32846e+06 37044 1221.79 15796.1 9294 9.2223e+07 
26255 26353 96872 96953 3.02576e+08 9.56438e+06 265839 8419.32 30054.1 5215.48 25395.8 94.9058 24571 156611 5.98672e+06 163004 26129.6 5.16421e+06 34475 436.657 15161.3 8529.78 8.92963e+07 
22701 22750 98362 98401 3.43045e+08 1.09044e+07 296528 9339.18 40701 5896.7 30559.8 331.385 32902.8 173025 4.62007e+06 166752 8183.33 4.57141e+06 39593.1 8.45445 15864.6 9968.28 1.01433e+08 
25024 25064 91722 91765 2.5575e+08 8.35887e+06 224334 8265.87 32259.9 4156.51 21209.7 80.2212 24815.6 163922 5.21739e+06 147874 21156 3.3812e+06 29192.6 25.1607 12318 7188.5 7.54641e+07 
24300 24329 97567 97580 3.09555e+08 1.0102e+07 273322 11871.7 39216 5376.74 25304.3 451.334 32960.1 166041 4.51444e+06 188986 25259.5 5.71648e+06 37349.3 1375.98 16668.7 9162.82 9.13659e+07 
22005 22071 98121 98137 3.3397e+08 1.73416e+07 348123 11085 59183.7 6002.48 28547.5 376.675 27526.7 178521 4.42846e+06 167287 22375.9 4.79489e+06 44222 1305.99 19467.1 10325.9 9.85562e+07 
26266 26364 96724 96763 2.90403e+08 9.45786e+06 272413 12954.8 34232.3 5135.33 24646 85.7679 24804.7 145242 3.86334e+06 142169 14175.8 3.92714e+06 33086.8 713.4 16856.4 8688.81 8.57341e+07 
26998 27070 91281 91304 2.54373e+08 7.99702e+06 223990 9150.64 51348.7 10065 23326.6 236.148 21530.6 132137 3.29224e+06 122447 21193 3.22989e+06 29123.9 994.96 11949.6 6719.81 7.50826e+07 
29587 29639 92088 92161 2.39318e+08 7.42113e+06 208803 6240.71 39426.8 10576.9 20442.6 379.684 19057.5 121830 3.07943e+06 112947 18024.4 3.03364e+06 27728 294.572 11590.6 6766.76 7.06775e+07 
28734 28817 99650 99650 2.97782e+08 9.45478e+06 306484 18427.4 41564.3 5164.66 25440.4 339.876 27484 162966 3.88242e+06 142166 14139.1 3.84193e+06 34542.2 87.9188 19432.3 8913.29 8.79059e+07 
28783 28860 93250 93346 2.55051e+08 8.13616e+06 219804 5878.48 52251.7 12111.3 23079.2 522.227 23573.2 133326 3.315e+06 123303 23945.2 3.26727e+06 28953.8 37.6525 11794.2 6683.18 7.52888e+07 
28792 28855 98330 98364 2.93482e+08 1.47669e+07 247874 9122.64 50469.5 4492.38 25037.5 92.0816 29242.5 173663 4.91948e+06 152259 19424.5 3.92275e+06 32561.5 21.6577 13736.9 8271.89 8.66152e+07 
22568 22624 90154 90194 2.73185e+08 8.41507e+06 250139 10371.2 38392.6 4385.27 24056.4 80.689 22338.4 166264 3.64358e+06 145461 19140 4.91599e+06 31471.3 73.5882 13622.9 7833.62 8.06442e+07 
26016 26047 92102 92156 2.58317e+08 8.04758e+06 228999 9794.15 36746.9 4809.54 22247.4 76.2916 21083.4 146628 3.49967e+06 129492 25049.4 5.08172e+06 32895.5 356.411 11881.2 7080.64 7.62467e+07 
29316 29375 91402 91465 2.39123e+08 7.46345e+06 210191 9815.62 30387.2 4516.45 19783.9 70.6161 19768.8 154343 3.09437e+06 113936 29338.9 3.04128e+06 32338.5 466.011 10966.8 7049.81 7.05779e+07 
22799 22844 94275 94358 2.86708e+08 1.4732e+07 260535 7485.73 28197.8 4614.83 26801.7 89.9366 32031.7 139024 5.12379e+06 158257 2204.72 3.99095e+06 34770.6 493.56 13539.2 8026.51 8.46027e+07 
24879 24933 96604 96652 2.90211e+08 9.93314e+06 268100 18189.1 30973.7 10094 26263.5 139.7 25055.4 134558 3.98938e+06 145154 2372.26 4.0475e+06 34610 0 14175.2 8500.25 8.56579e+07 
26911 26933 91077 91117 2.30027e+08 1.27748e+07 213691 5928.72 22835.5 4334.16 20443.9 514.947 26227.4 113995 3.3531e+06 121454 1120.42 3.13955e+06 27944.3 5.67912 11744.8 6797.04 6.8138e+07 
21500 21598 90337 90364 2.62891e+08 8.79341e+06 263050 6147.45 27892.6 9899.67 23530.8 541.393 23292.9 123619 3.77609e+06 137970 1120.99 3.90227e+06 33273.6 12.9373 12768.3 7830.57 7.76251e+07 
29076 29093 89972 90033 2.0626e+08 7.14947e+06 188093 6917.5 20119.5 3567.76 18787.2 60.8935 18352.1 96180.2 2.89158e+06 129086 1777.92 4.81122e+06 26263.2 5.0712 10180.2 5987.08 6.08521e+07 
24164 24244 92384 92422 2.5371e+08 8.96078e+06 234308 8048.57 25843.8 3844.94 22401.2 74.9082 23821.3 125180 5.1879e+06 148857 2513.07 3.79082e+06 30851.5 0 13476.1 7299.79 7.48751e+07 
22928 23022 97943 98014 3.14299e+08 1.0891e+07 294721 9805.06 31297.1 5537.57 28003.4 92.8141 28400.6 154374 6.5166e+06 177972 3847.22 5.86778e+06 38359.3 20.4147 15449.9 9103.9 9.27659e+07 
24222 24293 96940 97000 2.70272e+08 1.03249e+07 313478 24441.9 40939.1 5289.59 24098.5 204.492 28280.5 151761 4.38966e+06 160733 6134.4 4.31306e+06 36549.4 6.64737 15547.3 9499.58 7.97689e+07 
20796 20816 90735 90788 2.8285e+08 9.43115e+06 307111 11596.1 38756.5 5128.49 24506.3 83.5355 24370.3 151193 3.87951e+06 143794 18206.2 3.80712e+06 34640.5 1022.83 15383 8714.23 8.34975e+07 
25169 25181 90634 90688 2.53779e+08 8.3339e+06 233165 9412.43 32253.8 4429.72 22571.5 79.6232 22448.1 138153 3.55958e+06 126402 14676.8 4.92993e+06 37783.9 2481.23 13527.9 8061.83 7.48141e+07 
24611 24657 94153 94235 2.84768e+08 9.38618e+06 260639 9974.82 35451.1 5180.89 24141.1 84.1006 25340.2 140620 5.15386e+06 157192 17663.1 4.92405e+06 33835.1 1208.89 14562.9 8817.39 8.40649e+07 
23795 23866 99306 99378 3.01985e+08 1.01126e+07 363129 12259.8 46191 7217.62 28163.5 283.47 35942.4 145446 4.11683e+06 154205 4814.7 4.49695e+06 41050.9 1114.3 17804.2 11057.2 8.91404e+07 
23429 23451 97575 97585 3.26314e+08 1.45041e+07 290435 10410.9 50747.8 4020.91 27386 522.312 37346.6 194928 4.513e+06 162986 18845.6 4.48996e+06 38358.6 1504.82 16066.5 8943.45 9.65464e+07 
22750 22807 93465 93468 2.89604e+08 9.25929e+06 270808 9596.61 28621.1 4953.68 24039.7 80.555 25560.9 162970 3.9098e+06 160975 35181.2 5.13661e+06 34900.4 1033.91 15461.2 9029.64 8.54765e+07 
29468 29507 91214 91262 2.31185e+08 7.3174e+06 205204 10376.6 30654.8 4694.09 19275 68.2745 19229 139759 3.01705e+06 113083 19392.7 3.07788e+06 27323.5 2805.24 13418.5 6329.05 6.82392e+07 
22757 22783 94259 94306 3.04713e+08 1.40984e+07 267984 7441.27 63125.4 4686.37 25646.8 434.635 30866.3 179845 4.18095e+06 149940 17188.6 4.04471e+06 35148.6 22.5207 14492.5 8457.67 9.0083e+07 
20916 21010 96135 96161 3.40992e+08 1.68072e+07 299271 10125.2 61210 5737.15 29327.6 107.021 35111.5 219312 5.72813e+06 177320 33943.9 4.54414e+06 40470.3 1020.18 17052.1 9866.67 1.00671e+08 
26136 26176 97595 97599 3.03094e+08 1.30341e+07 271260 7534.15 44078.5 5139.37 26195.7 343.146 32389.7 160987 4.14525e+06 149943 16837.3 4.10729e+06 35799.7 1366.86 15037.5 9096.72 8.96281e+07 
28372 28462 98845 98874 2.97275e+08 9.69039e+06 265379 8701.86 53924.6 4308.03 24629.3 208.492 27670.9 190406 5.42214e+06 158046 28126.4 4.01207e+06 35334.2 448.445 13609 8662.84 8.77201e+07 
26231 26318 96804 96899 3.01352e+08 9.47141e+06 262873 8331.57 37203.6 4686.38 25384.8 94.5691 26511.7 190818 5.33454e+06 157229 17025.8 4.03825e+06 35454 124.766 14279.7 8184.4 8.89608e+07 
23907 23949 94636 94681 3.01098e+08 9.60933e+06 261464 11034.9 32292.2 5656.27 25296.8 88.9322 24878.5 171691 5.61427e+06 155335 13143.3 5.10077e+06 34386.3 82.7097 14534.2 8621.57 8.88817e+07 
28401 28421 99669 99693 2.99616e+08 9.73018e+06 257694 11025.8 42329.1 5398.07 25921.1 88.4893 25162.1 175448 4.11992e+06 149186 37955.6 3.92791e+06 35049.8 80.8542 14537.5 8558.12 8.84457e+07 
23661 23736 91386 91407 2.78503e+08 1.31458e+07 244421 9919.61 45138 4001.76 23592.3 82.2517 29042.9 163928 4.65659e+06 146815 17259.6 3.79354e+06 32806.5 904.373 13885.2 7954.47 8.22071e+07 
25551 25589 94419 94473 2.84481e+08 8.85938e+06 243762 12938.4 44096.2 5002.57 24298.1 89.2699 23315.2 164404 5.38136e+06 152489 16534.4 4.95882e+06 33775.1 81.3314 14139.2 7596.33 8.39673e+07 
20822 20890 99421 99499 3.76308e+08 1.14051e+07 320542 10322.5 69678.9 6549.29 31987.9 240.433 33351.5 206425 4.90251e+06 182303 19654.5 7.64315e+06 45435.2 426.016 17573.9 10241.1 1.11092e+08 
21668 21710 98553 98648 3.58477e+08 1.63518e+07 304892 8475.11 69007.8 4787.45 31324.3 425.163 37011.9 223883 4.71405e+06 174174 35498.4 4.80324e+06 41872.2 156.38 16503.2 9569.67 1.06036e+08 
22834 22906 90743 90824 2.75723e+08 8.8906e+06 237262 11611.2 40581.3 5093.95 23605.7 81.4183 22788.4 133507 3.70701e+06 133193 2040.3 3.76359e+06 31801.1 35.3088 14817.2 7794.79 8.13676e+07 
23330 23419 90641 90720 2.71803e+08 8.77868e+06 289395 20076 43789.5 6585.86 22908.4 80.2555 22669 136298 3.62999e+06 130285 13175.9 3.59598e+06 32312.2 0 13079.6 8428.95 8.02238e+07 
28458 28539 92854 92868 2.4856e+08 7.92585e+06 224871 4234.18 39149.9 11174.7 22745.7 446.748 20008 125511 3.30728e+06 122292 13514.7 3.27308e+06 28124.8 12.2324 12245.5 6962.87 7.33815e+07 
22266 22340 92347 92378 2.96027e+08 9.31415e+06 250494 12485.9 30800.3 5348.41 25265.1 92.9038 23620.2 140116 3.84841e+06 142710 3228.82 5.81056e+06 35015.2 18.5946 14554.8 8536.13 8.73913e+07 
23062 23092 90916 90943 2.81052e+08 1.26009e+07 270865 9458.29 56799.2 4506.74 24308.2 83.1644 28612.2 153729 3.65237e+06 134657 10501.2 3.80869e+06 34815.1 1163.68 13527.1 8322.83 8.31204e+07 
24188 24239 95998 96057 3.15062e+08 1.32603e+07 270705 10236.2 74142.8 12535.2 27648.2 284.236 25617.8 180092 4.13663e+06 154820 29246.4 4.05253e+06 35983.1 38.8075 14388.8 8788.69 9.313e+07 
28148 28213 99177 99201 3.04991e+08 1.43066e+07 285422 9721.9 48562 4986.72 26736.7 90.3649 28159.6 171228 3.94695e+06 146534 12429.9 4.19938e+06 36561.9 7.52773 15108.8 8987.71 9.03152e+07 
26322 26405 96339 96372 2.99241e+08 9.31308e+06 263153 13427 52696.1 5713.03 24630.1 93.9147 24914.3 186476 5.3655e+06 167039 33163.7 4.92048e+06 34540.6 1362.26 16265.9 8392.04 8.83384e+07 
26789 26795 90623 90713 2.50004e+08 1.19775e+07 243508 7875.44 41826.2 5228.24 21626.8 78.4254 25005.6 140584 4.51159e+06 121957 6747.83 3.38459e+06 28744.4 36.9001 11483.3 7256.68 7.37801e+07 
20451 20535 97084 97166 3.56165e+08 1.12111e+07 300930 12267.8 53972.5 6298.61 30042.7 163.824 28120.3 171341 4.50481e+06 166569 5594.09 4.42256e+06 41910.1 138.598 16377.1 10095.7 1.05153e+08 
22176 22241 92427 92433 2.99455e+08 1.28007e+07 261663 7809.14 68268.4 5413.01 26885 299.241 27715.3 171616 4.07758e+06 148140 14115.5 3.97406e+06 35100.3 36.8833 13982 8241.76 8.85101e+07 
22398 22464 92326 92402 2.92923e+08 9.21797e+06 299855 11688 49013.2 3695.87 24309.6 91.9234 34272.3 179966 4.92094e+06 145422 20592.7 3.94863e+06 36159.1 1124.43 14680.7 7717.7 8.64735e+07 
24839 24914 98132 98183 3.31627e+08 1.01393e+07 280833 11740.2 55132.1 5561.34 27024.7 116.331 26289 195688 4.15099e+06 172872 42475.3 5.80379e+06 38295.3 1334.34 16136.1 9178.81 9.79176e+07 
25045 25050 99072 99125 3.31422e+08 1.02168e+07 284965 25947.5 77092.6 10432.8 27470.8 97.8525 27086.4 178831 4.43999e+06 164707 23432.4 4.35849e+06 40063.5 1638.47 15957 9728.73 9.78152e+07 
24328 24338 96579 96654 3.17327e+08 1.41405e+07 315280 10192.1 52915.9 4740.07 26592.5 93.6967 37074.9 186886 5.09998e+06 150616 25208.2 4.10536e+06 36775.5 1334.87 16227.7 9519.97 9.36566e+07 
29645 29645 99100 99151 2.93401e+08 9.15511e+06 258411 14676.8 30273.3 5305.67 23901.1 86.6649 24161.8 171164 3.92073e+06 141337 38757.1 5.32496e+06 33569.4 50.6281 13373.3 8282.4 8.66167e+07 
22225 22322 96324 96338 3.01716e+08 9.68347e+06 265512 33420.4 50932.3 10664.6 26918.6 144.12 24697.4 143653 4.03552e+06 146102 2449.6 5.63973e+06 51972 14.8431 14460.7 8448.88 8.90396e+07 
28978 29070 93612 93626 2.54132e+08 1.13196e+07 230811 6391.84 43128.7 4849.19 22145 312.104 29392.2 132078 3.30531e+06 120715 15709.9 3.31534e+06 30183.4 1198.36 12428.8 7004.05 7.52004e+07 
20146 20213 92238 92311 3.12864e+08 1.38679e+07 296760 8104.81 54190 3742.13 26349.7 356.069 30427.8 162900 4.18638e+06 150616 7529.04 4.25942e+06 37426.6 262.095 15879.2 9366.78 9.25013e+07 
23847 23860 92183 92241 2.79171e+08 8.87027e+06 250295 10355.6 44089.7 4724.77 23315.4 77.3167 23568.5 180620 5.02627e+06 147607 20218.7 3.71906e+06 33066.2 206.066 13113.4 7716.59 8.2424e+07 
29707 29784 92738 92756 2.36042e+08 1.21427e+07 205241 8836.51 31916 4787.05 23870.2 709.865 24216.4 118808 3.106e+06 114483 10595.2 3.10595e+06 27619.6 151.61 11169.3 6681.45 6.99553e+07 
23154 23194 90709 90728 2.67833e+08 8.88032e+06 275279 8973.39 34371.8 4064.35 23253.9 84.0341 24123.4 143206 4.94581e+06 147249 16036 3.74579e+06 32103.1 6.58865 12707 7649.14 7.9053e+07 
27780 27780 97408 97492 2.94866e+08 9.32588e+06 259603 10707.8 44746.5 4696.61 26195.5 92.5416 24699.4 192781 5.31803e+06 153869 25063 4.13959e+06 34413.3 47.344 13756.6 7769.87 8.70566e+07 
21580 21606 91891 91948 3.00028e+08 9.53926e+06 262156 9609.82 47817.7 5324.39 25166.9 187.548 24333 170035 3.85024e+06 143425 27820.5 4.04563e+06 34800.7 254.271 16350.9 8380.21 8.85699e+07 
25124 25162 91861 91869 2.65883e+08 8.41915e+06 229181 7012.74 37309.7 10196.2 23720.4 574.712 21378.5 135023 3.42575e+06 123674 11935 3.44185e+06 31281.4 32.7213 13073.3 7370.03 7.85145e+07 
27920 27984 94192 94270 2.65999e+08 1.22385e+07 233996 6700.96 42710.1 12030.8 23292 495.93 22842.3 123703 3.60497e+06 129008 10403.4 3.51354e+06 30603.2 13.1115 12713 7472.04 7.86567e+07 
20427 20508 94234 94324 3.33846e+08 1.55172e+07 322024 9609.98 57594.6 4252.32 27898.4 740.518 32153.6 177006 4.46266e+06 158291 16647 4.47388e+06 38491.2 8.2263 15066.8 8822.05 9.87103e+07 
24896 24926 99292 99312 3.31112e+08 1.46429e+07 288106 8726.71 37863.3 5575.91 29080.5 605.915 30711.3 171729 4.42963e+06 163250 9098.66 4.52001e+06 37913.3 8.15586 16553.9 9911.21 9.7878e+07 
22777 22835 98590 98606 3.40585e+08 1.06984e+07 302470 15294.4 42157.7 6655.74 28415.2 100.608 28735.5 185443 6.60931e+06 187908 23577.1 6.10454e+06 40156 259.805 16124.3 9261.93 1.00557e+08 
21181 21239 92003 92023 3.05959e+08 9.2278e+06 256186 12139.6 44102.4 6095.01 25856 96.0331 23586.7 185333 4.33816e+06 164284 29490.8 5.52164e+06 35672.1 52.9121 14785.1 8560.6 9.03349e+07 
28121 28205 91384 91433 2.02607e+08 7.49169e+06 204657 8048.76 24146.9 3644.26 18620.4 59.8444 19674.6 113558 5.47482e+06 172670 18346.1 4.7547e+06 28973.1 538.353 11355.5 7049.03 5.98018e+07 
28746 28782 93155 93189 2.34089e+08 8.64261e+06 287323 8444.48 31488.7 4351.14 21939.3 69.1114 31403.8 141681 4.84062e+06 125930 8516.54 3.07538e+06 26688.9 926.897 11656.8 7124.68 6.90792e+07 
22131 22193 99138 99157 3.33447e+08 1.14213e+07 351812 11435.4 52970.9 6012.9 31191.1 104.638 30456.3 209984 5.7812e+06 180059 27713.1 4.41636e+06 40793.5 1070.57 19504.2 10938.6 9.84427e+07 
29417 29446 98859 98952 2.80662e+08 9.36341e+06 259591 9867.44 44129.4 5831.02 23868.9 377.659 24877.4 149557 3.9024e+06 141619 34128.9 3.8885e+06 35038.3 1205.08 18963.5 8293.09 8.2864e+07 
28407 28411 99549 99617 2.91283e+08 1.00693e+07 292378 9957.17 73434.1 10480.9 24763.9 270.93 27379.3 184911 4.13023e+06 144588 37138.3 3.85068e+06 33967.8 1319.56 14850 11066.6 8.5998e+07 
27367 27392 94998 95004 2.66198e+08 1.00355e+07 243879 6336.64 43075.2 12366.1 25230.8 374.834 26143.4 137287 3.70888e+06 133637 8573.6 3.61964e+06 32001 1272.97 14731.1 8569.6 7.86295e+07 
20664 20732 92627 92652 2.64598e+08 1.29772e+07 270861 6595.4 30235.1 6733.19 25265.9 407.369 34322.9 145981 4.14265e+06 144525 3625.41 4.03665e+06 37776.3 1433.18 17296.6 9098.1 7.8252e+07 
21398 21462 96493 96509 3.37018e+08 1.08666e+07 300020 7759.16 79368.3 12878 29327.6 208.036 30787.4 179764 4.40355e+06 158170 28849.9 4.40511e+06 39014.5 1591.91 16888.9 14961.8 9.94808e+07 
22640 22712 93756 93783 3.12668e+08 9.3221e+06 307517 10396.3 46173.3 4304.24 25674.6 98.1038 36213.8 192668 4.99605e+06 149513 22868.3 4.16421e+06 36352.2 1275.02 15783.5 9644.58 9.22881e+07 
26984 27028 95713 95732 2.90895e+08 8.85116e+06 244935 14287.1 49459.5 5153.52 23947.9 85.9315 23488.7 184204 3.62795e+06 136727 42928.8 5.17209e+06 36288.6 1167.4 14654.5 8437.58 8.58871e+07 
27793 27819 92656 92704 2.40264e+08 8.38429e+06 230285 7776.7 42649.2 4433.8 20379 269.96 24473.7 146641 3.39158e+06 123052 28688.3 3.52432e+06 30308.7 1371.17 15575 7432.24 7.09453e+07 
21654 21722 94507 94532 2.94246e+08 1.42129e+07 311656 8294.97 49226.2 3940.64 25334.7 212.244 35755.5 163761 4.42594e+06 162462 9606.74 4.55547e+06 38310.1 1169.57 14621.4 8452.35 8.70324e+07 
24196 24204 90675 90761 2.66069e+08 8.4383e+06 234221 9985.73 23559.9 4444.88 22500.9 93.331 22487.2 153870 4.6906e+06 149560 14515.6 3.67324e+06 30390 1168.62 12982.3 7453.04 7.85461e+07 
27546 27560 92538 92596 2.57371e+08 1.12862e+07 255677 7433 54886.7 5354.3 21189.5 76.2143 28948.1 147884 3.48152e+06 126626 14658.6 3.45671e+06 31208.2 1238.15 12735.6 6569.07 7.61695e+07 
26867 26935 90826 90907 2.44172e+08 1.1609e+07 250388 9534.98 50004.9 6783.95 21348.2 175.789 30676.5 135457 4.36752e+06 120793 2473.98 3.36327e+06 28219.1 1189.53 12686.3 7144.94 7.20736e+07 
26307 26374 92560 92591 2.66204e+08 8.55809e+06 233231 5871.31 33966.1 5002.13 22458.4 191.239 22340.5 150614 3.43688e+06 126949 30544.3 3.55015e+06 30255.7 1292.6 20747.8 9352.88 7.86076e+07 
21373 21390 96117 96202 3.41061e+08 1.67588e+07 333425 12872.8 66096.5 4573.32 28005.8 107.386 36329.9 203974 4.49172e+06 163480 15529.7 4.52785e+06 40653 1028.15 16081.3 9093.09 1.01021e+08 
22151 22246 93002 93075 2.98017e+08 9.30958e+06 256323 6696.69 67444.9 17109.7 25306.2 232.244 23858.4 161719 4.01959e+06 152203 38309.3 4.24603e+06 34346.9 285.922 15306.3 10156.6 8.79573e+07 
23608 23626 91311 91390 2.73388e+08 1.26183e+07 266416 7022.42 54879 6010.61 23278.8 378.533 27367.4 147056 3.61508e+06 129333 9599.22 3.64444e+06 32353.2 182.056 13336.4 7867.65 8.08933e+07 
20385 20446 94565 94655 3.10692e+08 1.09769e+07 345317 10227.4 43351.9 5902.32 27117 217.922 32320.3 177374 5.92506e+06 171316 6392.64 4.37604e+06 38236.1 121.911 14544.5 8941.78 9.1709e+07 
24841 24921 96920 96922 2.99322e+08 1.34754e+07 300646 7398.01 57698.6 5614.42 26095.6 299.419 33899.1 166520 4.26318e+06 155170 16354.5 4.18322e+06 35323.7 1432.48 15735.3 8483.98 8.84935e+07 
29694 29696 91924 91982 2.43283e+08 7.28413e+06 204408 16594.3 30577.6 4757.67 19225.7 71.8659 19301.2 138538 3.10302e+06 114543 31403.5 3.08911e+06 26871.7 1215.96 15526.2 6293.11 7.18159e+07 
24841 24940 93453 93509 2.90121e+08 9.07792e+06 244051 18190.1 47143.3 4813.88 23958 85.6944 22823.7 180539 3.72189e+06 144924 33625.4 4.90649e+06 33053.1 77.3809 13662.8 7913.94 8.56594e+07 
22603 22605 99544 99565 3.55638e+08 1.11568e+07 308896 7407.37 91060.6 14894.8 31643.2 312.469 30232.4 194549 4.61231e+06 169522 23032.7 4.62891e+06 40966.7 1686.56 18780.3 10553.3 1.04993e+08 
23290 23354 93293 93327 2.944e+08 9.20456e+06 256527 9692.29 32347 5503.07 24637 97.8385 24947.1 178357 5.16334e+06 160626 20571.5 3.86583e+06 34799.7 1383.25 15351.8 8692.57 8.69174e+07 
24813 24877 92128 92208 2.71789e+08 8.56348e+06 242178 17366.6 30410.7 5712.08 22046.7 80.2811 22773.5 156746 3.73587e+06 137237 32745.2 5.19803e+06 31993.8 622.219 12888.6 7411.82 8.02302e+07 
23627 23631 92418 92488 2.83479e+08 1.27803e+07 260580 6644.73 64942.5 5578.39 24347.4 366.876 27541.4 134923 3.79193e+06 136892 12790.1 3.70304e+06 32807.4 10.4807 13784.7 7870.5 8.38368e+07 
22744 22770 96525 96555 3.25848e+08 1.40072e+07 320576 9730.15 40804.5 5189.91 27523.6 96.2083 31845.8 187550 5.47643e+06 156743 17694.1 4.22544e+06 37206.3 24.0465 15758.5 8980.06 9.61606e+07 
24861 24952 98518 98551 3.10665e+08 1.48602e+07 315776 8350.5 43927.6 5574.75 28841.4 91.7324 36683.9 185950 5.0948e+06 157054 13594.5 4.55479e+06 39332.4 1619.84 17205.1 9776.18 9.1685e+07 
20504 20541 96115 96173 3.40766e+08 1.07752e+07 298177 7211.62 39682.8 5984.1 28747.5 232.579 28768.6 163078 4.49417e+06 164622 6836.96 6.73677e+06 41931.7 3273.16 17362.6 9964.54 1.00612e+08 
23382 23470 91264 91317 2.76061e+08 8.77962e+06 243782 5496.9 32125.3 5093.81 23222.2 271.415 22630.2 143515 3.65426e+06 130834 23253.4 3.5218e+06 31563.2 54.3514 15214.6 8484.25 8.15053e+07 
21993 22036 91829 91829 2.93757e+08 1.24351e+07 255829 8987.53 57373.3 5176.31 25478.9 290.322 27169.6 156796 3.91155e+06 146588 19925.1 3.85945e+06 34041.1 36.1844 13787 7945.73 8.68351e+07 
20723 20805 99499 99585 3.69579e+08 1.99695e+07 359705 10674.5 33347.9 6114.64 31484.7 109.119 36135.6 219118 6.23509e+06 177548 16840.1 4.78549e+06 42753.2 118.594 17536.9 10391.4 1.09085e+08 
28758 28818 94231 94287 2.60382e+08 8.13483e+06 223495 4945.36 47051.4 5442.21 21813.8 187.026 20819.1 146335 3.3523e+06 121705 32211.6 3.45927e+06 31026.1 9.8811 13253 7474.75 7.68746e+07 
20928 21019 97174 97189 3.44626e+08 1.55564e+07 313645 9096.78 49633.9 19988.6 31290.2 391.088 30736.7 183596 4.68881e+06 163551 9662.79 4.50676e+06 39521.7 67.9819 16085.8 9993.08 1.01955e+08 
20683 20730 97139 97187 3.49526e+08 1.11783e+07 305598 9582.04 62880.9 7321.6 29936.5 193.234 28728.3 176121 4.63106e+06 171517 1412.25 4.60882e+06 40425.9 17.1956 20395.4 10172.5 1.03157e+08 
25931 25952 99179 99255 3.30652e+08 1.18129e+07 308152 8198.57 55117.4 4478.17 27888.9 103.73 30918.2 195944 5.37754e+06 158166 21274.7 4.2354e+06 37734.5 8.13354 15307.7 8746.15 9.75826e+07 
28100 28131 99183 99279 3.00707e+08 1.39439e+07 289093 10719.5 71168.4 5149.57 25039.8 397.465 28073.5 148830 4.17096e+06 154073 773.377 3.92639e+06 33628.2 7.41724 14241.8 8420.33 8.89935e+07 
24493 24539 94798 94866 2.97142e+08 9.52247e+06 257048 6701.68 49792.4 5875.61 26057.2 295.352 24445.3 158929 3.85973e+06 141773 31931.6 3.92673e+06 34934.7 212.284 14839.1 8571.05 8.77338e+07 
27143 27149 91632 91697 2.44274e+08 7.818e+06 215893 6027.62 36721.7 13485.1 22131.3 482.358 20368.3 116472 3.31563e+06 121049 3702.21 3.22717e+06 28469.7 6.01001 11640.1 7383.52 7.21131e+07 
28737 28761 96905 96969 2.74676e+08 9.01866e+06 240654 5652.11 32231.4 11718.2 24516.4 351.963 22679.4 136099 3.6081e+06 130554 7197.95 3.60175e+06 31281.9 27.031 13764.1 8250.08 8.10865e+07 
27079 27158 98820 98830 3.10541e+08 1.36669e+07 270437 7512.74 60959.1 6353.33 28098.3 313.973 28667.1 170385 4.09576e+06 150534 28478.3 4.06164e+06 35705.1 30.6076 14935.9 8951.15 9.18161e+07 
20025 20103 98657 98684 3.75835e+08 1.19335e+07 327363 7843.38 62696.6 7968.11 31538.2 166.381 29860.9 212186 4.87585e+06 178008 45545.9 7.18312e+06 43582.8 27.7418 17067.2 10048.2 1.10946e+08 
29621 29657 96248 96310 2.68884e+08 8.17555e+06 231104 5345.31 43806.8 5498.9 22818.1 143.755 20883.2 173786 3.54606e+06 130594 32970.8 4.87991e+06 31927.7 50.5736 12683.1 7611.81 7.93894e+07 
23458 23460 98532 98559 3.44366e+08 1.0909e+07 298793 21373.1 52568.6 6905.62 29048.2 101.704 27610.2 197067 6.65716e+06 183164 37920.5 4.54879e+06 39934.3 12.7097 16741.3 9389.85 1.01659e+08 
29096 29165 97085 97111 2.80588e+08 8.70767e+06 240851 7093.54 47500.7 9768.68 23986.7 233.22 22421.4 131458 3.57106e+06 133558 14967.2 3.68395e+06 32171.2 20.7129 13826 7855.64 8.28304e+07 
28367 28466 95628 95710 2.73031e+08 1.24665e+07 248627 6723.86 52825.3 5494.43 25877.1 591.474 27566 153227 3.75158e+06 133555 18513.5 3.54195e+06 31523.8 67.3081 13317.8 7671.78 8.07547e+07 
28673 28740 95535 95536 2.65549e+08 8.49934e+06 232051 5013.89 25213.1 5987.44 22744.1 176.15 21290.9 139321 3.53666e+06 127599 31918.2 3.54144e+06 31149.5 137.341 14030.6 7876.28 7.841e+07 
28341 28428 94832 94866 2.67488e+08 8.61041e+06 232649 5791.56 26028.2 5623.87 22199.3 192.126 21863.6 132018 3.40829e+06 125331 27956.2 3.56397e+06 30293.2 242.415 15275.3 7575.76 7.89722e+07 
23476 23551 97700 97725 3.35393e+08 1.04205e+07 291560 8990.24 68342.8 11351.5 28274.6 188.475 27409.3 181469 4.43832e+06 157724 30789 4.31056e+06 38457.2 8.24947 15736.1 9845.93 9.89777e+07 
25613 25636 92442 92449 2.67684e+08 8.87115e+06 267981 8967.57 34340.9 3697.93 22621.2 83.9811 27593.8 154266 4.62412e+06 130502 11927.2 3.56028e+06 31251.1 26.3384 12728.3 7543.99 7.90001e+07 
29031 29123 93582 93637 2.13546e+08 6.69309e+06 186385 7538.45 23739.4 4299.23 18636.2 114.164 17191.8 103825 3.38584e+06 161066 22654.3 8.45171e+06 25407 0 10517.5 6226.04 6.30412e+07 
22503 22549 97021 97118 3.31234e+08 1.05102e+07 333847 10474.3 44451.2 6275.18 29107.4 97.8936 27585.7 191128 5.90972e+06 172832 20158.6 4.4367e+06 38953.2 79.2938 15193.3 9034.51 9.77819e+07 
22102 22124 90772 90838 2.86436e+08 9.00532e+06 249683 8791.33 41328.7 5660.27 23314.8 174.241 23947.4 157329 3.69291e+06 138576 31213.1 5.82091e+06 33348.6 118.323 13490.9 8483.93 8.4583e+07 
20344 20384 97387 97480 3.48627e+08 1.6279e+07 313249 8748.02 29699.4 4925.91 31260.6 542.838 33625.6 166412 4.75773e+06 169759 1620.31 4.5003e+06 39719 8.59528 16953.3 9705.71 1.03115e+08 
28714 28763 98747 98803 2.92309e+08 9.1182e+06 250612 15938 50782.9 5560.37 25208.4 86.3158 23255.1 182412 3.8504e+06 161882 12511.4 5.18808e+06 34883.2 63.998 14119.1 8230.29 8.62924e+07 
27875 27952 93711 93748 2.61793e+08 8.15287e+06 226851 5237.51 38028.9 5466 21900 159.194 20592.1 155069 3.3618e+06 124909 29204.7 5.08966e+06 31607.2 142.991 13003.9 7613.46 7.72872e+07 
28520 28541 90250 90309 2.29933e+08 7.30574e+06 197583 5305.1 21789.1 5098.61 19598.3 165.166 18350.6 132979 3.08981e+06 113354 21092.9 3.01048e+06 26506.9 283.787 16787.4 7009.23 6.78786e+07 
26224 26251 95609 95701 2.81462e+08 8.95607e+06 249764 7256.33 41023.1 5960.46 23735.7 186.672 23280.5 140167 3.94304e+06 142224 3813.59 3.91889e+06 35005 264.454 13916.7 7592.06 8.31039e+07 
20570 20664 92120 92191 3.00248e+08 9.49002e+06 262542 28344.3 36425.9 5999.97 26039.3 94.2102 24455.4 157531 5.93409e+06 167627 10433.9 4.13613e+06 34844.8 71.046 13759.8 8961.85 8.86358e+07 
27081 27166 94776 94851 2.75219e+08 8.93946e+06 242028 5780.21 38197.1 6011.43 24988.9 172.472 23404.3 143424 3.5066e+06 131100 25518 5.32334e+06 34269 2234.83 12919.7 7853.78 8.12631e+07 
25293 25347 93261 93325 2.74103e+08 8.6528e+06 240171 25955.8 26756.6 5002.42 23462.1 86.0118 22167.5 130520 3.71573e+06 133496 10092.4 4.78059e+06 32393.9 168.486 14470.5 8555.3 8.09144e+07 
27184 27194 92517 92535 2.58688e+08 1.13625e+07 256458 6901.79 53767.7 5617.11 21948.3 81.3911 30061.8 149008 3.86132e+06 126215 2508.04 3.48456e+06 30528.5 1250.52 12784.3 6804.09 7.65578e+07 
21053 21066 90975 90994 2.86874e+08 9.66558e+06 296615 9068.17 39370.6 4865.98 25283.5 84.7081 30426.2 157399 5.00292e+06 142405 12978.2 3.8159e+06 32930.6 28.2266 13130.9 8275.83 8.46639e+07 
26410 26461 95727 95771 2.91874e+08 9.36301e+06 256600 18230 47135 6027.86 24343.3 86.1962 24820.6 179499 5.15077e+06 160814 19214.1 3.88026e+06 34196.7 1184.77 14358.6 7723.36 8.61572e+07 
24317 24336 97652 97678 3.20996e+08 1.01226e+07 287478 6439.83 46279.7 5986.99 27074.8 338.366 27797 168357 4.31079e+06 157255 41575.2 6.15337e+06 40639.9 1399.28 16505 9193.41 9.47822e+07 
27377 27425 91876 91949 2.50132e+08 7.9449e+06 209971 6395.49 40136.9 12969.9 22769.8 466.369 20079 125073 3.18838e+06 116193 18428.9 3.21133e+06 28956.5 0 12780.5 7618.14 7.38799e+07 
28601 28609 97013 97101 2.83316e+08 1.24099e+07 248076 6185.03 53262.7 13405.9 24871.2 360.849 22790.1 156011 3.73513e+06 135621 15960 3.69067e+06 33475.3 6.9767 13656.6 7923.91 8.37295e+07 
26108 26178 98970 98991 3.15411e+08 9.85131e+06 279622 5946.88 66350.3 12585.5 26880.3 217.913 25613.8 169171 4.22621e+06 154907 15181.3 4.33179e+06 38613.1 15.5163 15415.4 11343.9 9.30886e+07 
29088 29112 91119 91207 2.32833e+08 7.3623e+06 205398 4852.13 36394.6 4882.78 19461.3 167.23 19167.6 137044 3.13927e+06 116075 26232.5 3.04407e+06 26712.1 2749.36 16931.2 6411.3 6.87415e+07 
26965 27030 95518 95531 2.7871e+08 8.75065e+06 248060 5734.39 67208.5 12178.1 25070.4 378.474 22636.7 145714 3.81417e+06 137725 1964.96 3.64046e+06 32165 34.2834 13062.9 8712.66 8.22848e+07 
25347 25390 92456 92506 2.70242e+08 1.27089e+07 265389 7952.16 60315.1 5587.37 23148.8 85.0087 26090.7 157995 3.59071e+06 132157 15704.2 3.56294e+06 31513.7 39.982 12657.3 8147.82 7.99671e+07 
20722 20771 90841 90913 2.94321e+08 9.69939e+06 260473 6328.97 41959.3 5622.23 25269.7 195.223 24480.3 176600 3.88408e+06 138245 40711.7 3.8524e+06 34638.9 201.866 15155.9 10112.3 8.69043e+07 
24503 24601 90354 90405 2.67173e+08 1.18129e+07 263737 6884.15 58298.2 6260.23 22446.1 312.651 28366.7 146479 3.54632e+06 129915 17065 3.54783e+06 30849.5 599.4 11349.2 7667.24 7.90312e+07 
20897 20909 92243 92310 3.04057e+08 1.57857e+07 303458 10224.4 42839.1 4739.1 26116.7 213.213 31393.7 156371 5.16003e+06 147356 14950.7 4.1057e+06 35333.9 22.4363 13617 9804.91 8.97351e+07 
29292 29344 91119 91150 2.30867e+08 7.44853e+06 205418 45873.8 28616.6 3418.08 18783 63.9247 19338.8 110076 4.25554e+06 130604 11882.3 3.34524e+06 26417.2 22.7169 11405.7 7086.84 6.81439e+07 
28444 28459 97609 97644 2.98589e+08 9.13081e+06 297979 9549.5 59027.4 3778.05 24425.3 88.1666 24492.8 189370 5.1853e+06 152249 25708 3.81302e+06 33726.7 22.0325 13692.7 9219.32 8.81273e+07 
29638 29735 91204 91295 2.28719e+08 1.18931e+07 197847 5056.19 29659.9 13729.1 21335.1 729.985 20271.5 117509 3.02372e+06 107868 17309.6 2.92386e+06 26156.5 11.2946 11206.6 7631.47 6.77566e+07 
26992 27048 98275 98352 3.08019e+08 9.60419e+06 263256 36819 37289.6 6225.43 25706.4 96.6584 24539.1 173190 5.78896e+06 161510 18141.3 3.98308e+06 35252.7 58.3844 15727.3 9751.81 9.09272e+07 
23604 23609 95636 95674 3.13368e+08 9.83767e+06 265433 6206.52 34904.2 5745.16 26113.3 241.283 24976.6 169859 4.04071e+06 147262 20410.9 4.14137e+06 37204.6 287.138 14627.3 9872.52 9.25428e+07 
22122 22158 99833 99900 3.57645e+08 1.12495e+07 307167 56537.6 40379 5807.34 30436.5 276.672 28536.7 186108 4.60984e+06 186755 27649.6 6.32482e+06 41289 52.8115 16726.3 11334.7 1.05609e+08 
23608 23673 96641 96706 3.20108e+08 1.01352e+07 273563 6795.23 51277.2 6017.35 27828.2 327.612 25951 171403 4.06742e+06 151447 31631.3 4.37779e+06 39940 253.733 15238.1 10516.2 9.45114e+07 
24687 24770 93612 93699 2.90598e+08 8.83653e+06 248337 37307.3 55721.3 4398.57 24953.9 85.8046 23485.1 177191 5.06833e+06 149470 22072.1 3.80358e+06 33466.5 28.595 13614.9 9015.9 8.57588e+07 
27149 27157 96196 96234 2.9172e+08 9.0158e+06 245138 34293.5 53240.7 5810.95 24614.8 86.1617 22625.2 180277 3.66805e+06 134248 38042.6 5.09937e+06 34093.7 42.8497 13634 9256.44 8.61212e+07 
26140 26207 94364 94420 2.67555e+08 8.77397e+06 239580 5516.99 43432.2 5147.24 22369 231.646 22236 148728 3.67548e+06 133561 13916.2 3.87411e+06 31675.8 210.476 12986.6 8693.29 7.90188e+07 
27826 27896 95284 95377 2.44778e+08 8.29961e+06 238693 5597.25 58822.6 14214.7 22470.3 319.386 22671.9 141219 3.63668e+06 134268 27115.9 3.70038e+06 32333.9 1373.24 14733.7 9032.82 7.22679e+07 
20616 20697 97329 97381 3.31118e+08 1.45801e+07 313406 7007.41 75458.8 15256.4 30362.5 260.512 31063.7 186868 4.64778e+06 166790 19736.9 4.34819e+06 39621.1 1680.23 16663 10678.3 9.78617e+07 
26735 26773 94905 94908 2.43301e+08 8.92364e+06 276279 8927.36 45044.9 3712.35 22020.1 71.8396 24557.1 160437 4.94182e+06 153191 13919.9 3.70125e+06 32785.3 969.559 13453.4 8858.12 7.18073e+07 
23813 23862 93932 93970 2.75561e+08 8.81234e+06 288054 10197.8 55428 4364.43 23986.8 341.42 29579.2 174325 4.93517e+06 160222 19133.4 4.11841e+06 36989.6 1362.8 16179.5 8541.39 8.13588e+07 
27842 27869 90244 90309 2.03057e+08 7.70417e+06 210472 4145.8 26853.9 6945.66 20073.9 157.01 20732.1 125323 3.19284e+06 115017 19821.5 3.1643e+06 27763.5 1253.14 162708 25855.1 5.9934e+07 
25591 25600 97582 97678 2.78986e+08 1.00564e+07 273457 5665.02 41276.4 5751.12 25106.7 308.527 26871.3 172133 4.19155e+06 151926 37529 5.73959e+06 42419.4 1155 15342.2 8628.02 8.23794e+07 
21364 21388 92004 92056 2.67821e+08 1.31416e+07 328354 7679.28 61653.1 6103.85 23020.7 354.228 34528.2 163127 4.58534e+06 156441 11685.3 3.7473e+06 32008.9 1221.75 12875.2 7705.35 7.9226e+07 
21373 21417 90766 90830 2.81547e+08 9.92775e+06 260183 6054.64 41197.3 6791.03 24710.4 280.318 25911.7 172602 3.80212e+06 141135 36616.3 5.16811e+06 37861.4 1030.17 14502.1 8062.91 8.31108e+07 
28940 28948 92842 92845 2.50766e+08 7.65768e+06 216546 87991.9 41329.1 4324.97 20974.2 78.6986 20710.5 157100 3.29376e+06 134794 29103.7 4.94603e+06 36628.8 789.732 13846.4 7198.98 7.39469e+07 
27190 27204 97141 97223 2.81818e+08 9.13133e+06 259219 23975.1 28085.7 4950.8 24868.7 88.4574 27446.4 161145 3.95168e+06 143883 18742.9 5.07068e+06 40450.8 851 14591.5 8435.25 8.31963e+07 
21394 21473 94389 94482 2.93189e+08 1.26373e+07 278832 8327.38 53077.7 24695.7 41653.8 353.045 29006 163448 4.64978e+06 176640 4350.61 4.69458e+06 39494.5 1489.74 15619.1 8961.21 8.67515e+07 
26670 26713 99137 99219 3.14022e+08 1.54468e+07 347480 13591 47291.7 5868.3 28789.1 220.268 40908.5 204489 5.23464e+06 158045 14521.2 4.18689e+06 36369.3 1321.02 16270.4 8888.44 9.26166e+07 
27217 27289 99237 99317 2.70104e+08 9.40744e+06 269672 11720.1 30331.2 4499.48 24466.4 74.8058 26094.6 171013 5.30462e+06 168034 5400.03 4.08437e+06 35943.7 1056.91 15104.1 9033.28 7.97552e+07 
28481 28566 93706 93744 2.38158e+08 8.38933e+06 219637 15143.3 51728 3811.78 20039.8 70.3449 21985.3 146438 3.05993e+06 132586 21136.6 5.22353e+06 30911.5 779.288 10966.9 7322.32 7.03076e+07 
24019 24095 96106 96131 2.95009e+08 9.84005e+06 270828 13492.3 49260.5 6230.12 24371.7 87.1372 25693.6 178620 5.47771e+06 168715 18150.2 4.1361e+06 36549.7 1168.71 15612.2 8797.07 8.7099e+07 
23096 23187 90758 90780 2.60363e+08 8.33196e+06 237771 11309 29153.4 5291.83 21486.1 76.9043 22476 132005 3.75191e+06 146004 11318.9 5.17536e+06 34996 679.109 13450.3 7888.99 7.68703e+07 
28094 28115 98884 98922 2.76472e+08 9.65272e+06 240913 7695.3 35359.4 5966.37 25554 152.939 24334.8 155917 3.61602e+06 129791 35566.4 5.16126e+06 36522.1 1301.16 16714.3 10053 8.1642e+07 
22856 22914 95063 95064 3.01335e+08 1.02499e+07 316553 9397.83 29061.2 4318.71 24957.3 83.4047 33392.2 171058 5.2318e+06 150502 5285.93 4.0595e+06 35027.4 481.73 14139.1 8694.05 8.89401e+07 
20320 20416 93648 93688 3.15888e+08 1.38893e+07 297466 11162.4 62735.3 5028.27 32474.5 244.596 35093.8 178842 4.19451e+06 152486 16270.7 4.07686e+06 37644.1 1602.92 16079.2 8916.95 9.33627e+07 
28087 28179 93143 93215 2.44666e+08 7.88541e+06 218478 5238.18 28883.9 4944.12 20467.6 139.84 21327.9 116296 3.2992e+06 118334 14765.4 4.78858e+06 36879.1 222.187 13492.8 7295.86 7.22428e+07 
29906 29910 93359 93417 2.44285e+08 7.41046e+06 206224 6059.53 31334.9 4826.32 21043.8 148.584 19614.5 139581 3.22867e+06 116570 19747.1 4.66249e+06 29330.1 867.655 12551 6942.87 7.21185e+07 
28215 28256 98763 98855 2.85758e+08 8.98484e+06 257969 8006.34 40708.4 5792.47 22904.8 173.778 24533 144638 3.97739e+06 150197 47154.4 5.93569e+06 37353 1423.45 14523.9 7972.94 8.43633e+07 
27491 27501 98308 98344 3.01179e+08 1.29875e+07 297453 8325.8 66115.7 5477.79 25498.4 297.363 32380 169350 4.10347e+06 153349 26357.3 3.94181e+06 34632.7 1179.53 14908.8 8123.49 8.90125e+07 
