2175 2226 32991 33078 3.40899e+07 218866 2.18422e+06 53565 55722 1563.46 1.00643e+07 
7332 7342 32534 32597 3.79445e+07 158442 1.66428e+06 37557.5 39176.9 1897 1.11994e+07 
5601 5701 36105 36122 5.4221e+07 430126 2.26074e+06 54735.9 57590.3 2118 1.5994e+07 
2055 2146 36795 36852 7.02508e+07 174474 2.42324e+06 70627.4 72174.3 2277.32 2.07329e+07 
9248 9317 35713 35797 4.18044e+07 219249 1.68729e+06 39099.7 43529.8 1797.2 1.23446e+07 
2352 2404 31773 31834 4.90958e+07 181265 2.01567e+06 51203.1 51108.1 1801.44 1.44889e+07 
2526 2605 32016 32084 4.76956e+07 170179 1.96436e+06 49214.8 52676.5 1947 1.40794e+07 
2293 2347 35700 35784 6.19519e+07 282142 2.61787e+06 64164.2 64332.1 2326.49 1.82925e+07 
9882 9888 33302 33323 2.98835e+07 110936 1.29548e+06 32201.1 30968.4 1509.92 8.81599e+06 
8632 8658 34280 34282 3.75772e+07 303548 1.69237e+06 38824 40722 1253.35 1.10864e+07 
4812 4840 37283 37375 6.14823e+07 520953 2.54009e+06 63159.9 67157.5 3307.26 1.81179e+07 
2509 2569 32983 33059 5.31593e+07 163196 2.17275e+06 50508 55394.5 2244.71 1.56853e+07 
5028 5128 32225 32322 4.40731e+07 215148 1.86513e+06 43001.4 44979 1995 1.30046e+07 
319 339 38223 38306 8.44594e+07 242333 3.16277e+06 75195.6 84876.9 2332.08 2.49233e+07 
9872 9941 30149 30149 2.34305e+07 143186 1.029e+06 23670.6 27336.3 1464.64 6.91584e+06 
4394 4462 35612 35709 5.64842e+07 203211 2.30681e+06 56176.7 57849 1440.53 1.66691e+07 
731 734 33641 33677 6.02053e+07 150848 2.15593e+06 61735.6 61616.5 2151.56 1.77665e+07 
8453 8487 38088 38110 4.88094e+07 144074 2.16826e+06 51672.3 53558.9 1921 1.44125e+07 
9766 9789 33445 33518 3.32819e+07 100190 1.16394e+06 34301.6 34515 1749 9.82944e+06 
5619 5690 38630 38677 5.94981e+07 243978 2.57421e+06 62335 61747.3 2292.07 1.7558e+07 
5358 5417 36869 36889 5.86602e+07 214095 2.34282e+06 60132.5 61059.2 2106.27 1.73096e+07 
1887 1927 38458 38503 7.77024e+07 183112 2.68744e+06 78094.7 80847.2 2615.23 2.29314e+07 
1658 1666 36159 36206 6.8994e+07 166935 2.36754e+06 68180.4 71667.9 2586.11 2.03591e+07 
305 352 35921 35966 6.97108e+07 174951 2.78178e+06 69770.6 74239.2 1875.63 2.05754e+07 
1226 1268 36778 36778 7.60868e+07 243631 2.94665e+06 74300.2 77523.3 1683.47 2.246e+07 
3833 3882 33689 33789 5.37811e+07 232691 2.12125e+06 51736 52179.2 2268.79 1.587e+07 
2366 2400 38205 38210 7.50156e+07 241755 2.44634e+06 73093.6 79960.2 2606.87 2.21401e+07 
5036 5092 33069 33078 4.61679e+07 152630 1.55479e+06 45694.4 46593.1 1778 1.36244e+07 
316 359 34054 34055 6.38518e+07 260452 2.46158e+06 61278.2 63733.7 2449.56 1.88534e+07 
9970 9974 39714 39783 5.07864e+07 154984 2.19701e+06 52613.2 53381.9 2251 1.49975e+07 
2221 2266 35314 35369 6.26735e+07 213016 2.64068e+06 62409.1 62910.8 2189.24 1.84977e+07 
2674 2697 32688 32734 5.38358e+07 157916 1.78927e+06 53295.7 54235 1599.03 1.58936e+07 
5872 5881 35626 35668 5.12378e+07 294413 2.23125e+06 51463.4 53415 1412.6 1.51276e+07 
6769 6846 38686 38701 3.94201e+07 151892 2.36423e+06 62989.1 45016.8 1978 1.16348e+07 
6422 6461 39416 39490 5.78781e+07 198638 2.53439e+06 61804.6 64337 1616.45 1.70809e+07 
4135 4190 36942 36995 5.83687e+07 249163 2.48122e+06 55777.4 68943.7 2847.3 1.72221e+07 
4955 5019 35335 35359 5.40424e+07 145764 1.86934e+06 55513.8 57397.6 2035.27 1.59505e+07 
5230 5281 36554 36613 5.59473e+07 150255 2.28083e+06 58584.1 60105.6 2355.87 1.65128e+07 
8522 8615 39641 39667 5.58957e+07 162830 2.33648e+06 53090.6 57860.3 2472.83 1.64945e+07 
2754 2757 33836 33855 5.47943e+07 178099 2.32407e+06 56720.4 57387.1 1943 1.61751e+07 
5046 5056 30523 30553 3.54159e+07 145777 1.51916e+06 37334 36366.9 1916.4 1.04504e+07 
25 81 35181 35278 7.17692e+07 302205 2.64461e+06 66545 69634.1 1941.68 2.11787e+07 
2917 3012 39724 39818 8.03349e+07 264378 3.06196e+06 72830.3 80827.7 2557.37 2.37149e+07 
764 792 37510 37526 7.7282e+07 242004 2.98893e+06 77238.5 79280.3 2609.81 2.28023e+07 
7271 7368 33745 33808 3.87431e+07 141690 1.62013e+06 42141.9 41689.1 1604.07 1.14351e+07 
8782 8816 30127 30177 2.55044e+07 138191 1.16381e+06 28434 27096 1148.1 7.52403e+06 
1464 1477 32399 32440 5.83945e+07 159236 1.93792e+06 56991.1 58004.6 1919.91 1.72335e+07 
1356 1392 35969 36033 6.97961e+07 190605 2.7744e+06 68565.3 70414 1530.79 2.05974e+07 
8984 9003 35162 35186 4.08393e+07 175899 1.71744e+06 40593 39517.7 1941.61 1.20499e+07 
1923 2018 35857 35893 6.54858e+07 263658 2.64514e+06 62781.6 68773 2165.2 1.93251e+07 
1516 1554 33908 34005 5.94678e+07 133603 2.06539e+06 61607.9 63593.6 2146.77 1.75527e+07 
9968 10003 36720 36776 3.80924e+07 339648 1.81748e+06 43593 43497 1350.84 1.1247e+07 
4556 4563 38081 38122 6.59626e+07 178863 2.538e+06 63942.1 67544.1 2169.82 1.94622e+07 
1014 1025 31552 31566 5.60315e+07 141344 1.8674e+06 55022.1 56230.5 1989.82 1.65399e+07 
3818 3826 32249 32275 4.62645e+07 243799 1.90168e+06 46198.2 47002 1239.37 1.36572e+07 
4392 4453 31804 31853 4.14259e+07 151812 1.72155e+06 45460.9 44614 1644.94 1.22275e+07 
361 460 35603 35627 7.4221e+07 326020 2.83257e+06 68983.3 73452.6 1629.15 2.19076e+07 
1657 1683 33477 33513 6.02191e+07 290289 2.44899e+06 57892 58425.5 2373.15 1.77699e+07 
5151 5214 31295 31341 3.87213e+07 176925 1.65612e+06 43040.3 40918.7 1590.67 1.14272e+07 
2486 2566 39083 39101 7.71652e+07 347029 3.14761e+06 76545.5 79058.4 1509.89 2.27737e+07 
7625 7671 38485 38537 5.52446e+07 304589 2.34808e+06 55597.7 57376 1519.1 1.63041e+07 
1255 1355 32837 32854 5.93345e+07 247019 2.34154e+06 53473.7 61006 2147.53 1.75065e+07 
2689 2691 36648 36661 6.56321e+07 164609 2.76232e+06 66345.9 70180.4 2013 1.93651e+07 
9761 9771 34521 34590 3.62015e+07 269714 1.45481e+06 36201 36560.7 2348.42 1.06813e+07 
3588 3637 35505 35538 5.92494e+07 120937 2.30134e+06 59658.9 61666.5 2232.71 1.74845e+07 
4110 4169 38453 38540 6.94641e+07 171267 2.80631e+06 66772.3 70621.1 2296.38 2.04994e+07 
6490 6540 35855 35939 4.84742e+07 210416 2.01465e+06 49080.9 50448 1294.38 1.43098e+07 
1882 1932 38454 38474 7.8114e+07 212292 3.16755e+06 71871.9 80788.9 2325.46 2.30527e+07 
1736 1817 37112 37196 6.57852e+07 375045 2.77221e+06 67517.7 75371.3 2755.54 1.94088e+07 
2006 2091 30530 30602 4.49511e+07 157811 1.57628e+06 50263.6 52808.4 2115.58 1.32746e+07 
5012 5034 37290 37359 6.04975e+07 341369 2.49602e+06 61650.1 62620.4 1598.22 1.78565e+07 
5951 6008 39735 39835 6.69411e+07 196134 2.63431e+06 60293.8 67010.8 2188.13 1.97507e+07 
3897 3974 37935 37986 6.70005e+07 162897 2.27089e+06 65740.3 69758.9 2638.76 1.97737e+07 
172 183 35339 35393 6.91055e+07 198078 2.82806e+06 68562.8 75240.7 2489.78 2.03954e+07 
5340 5390 32938 33021 4.40146e+07 134481 1.89613e+06 47030.6 45748.6 1698 1.29953e+07 
2034 2067 32603 32687 5.46874e+07 219351 2.28381e+06 52762 53961.5 2084.87 1.61377e+07 
425 469 36574 36660 7.78965e+07 258398 2.97506e+06 72208.2 77038.9 2300.08 2.29837e+07 
5688 5757 37893 37934 5.55623e+07 166908 2.24409e+06 64387.1 68399.9 3125.36 1.64022e+07 
4390 4425 31752 31819 4.387e+07 238244 1.83707e+06 43816 43258.5 2198.24 1.29446e+07 
3079 3079 31467 31532 4.34929e+07 148647 1.82771e+06 46644 47530.2 1570.34 1.2837e+07 
4413 4460 31234 31318 3.87666e+07 246477 1.84533e+06 42079 42045 1190.55 1.14374e+07 
5217 5299 37309 37394 5.61835e+07 193300 2.47571e+06 58904.2 60806 1530.74 1.6581e+07 
5182 5281 39687 39778 6.4421e+07 187348 2.72363e+06 64846.6 71308 2531.84 1.90079e+07 
5949 6024 32586 32596 3.74746e+07 98502 1.6179e+06 41312.9 41397.2 1505 1.10592e+07 
8048 8061 32949 33010 3.19266e+07 482561 1.59883e+06 36875 37155 1169.16 9.42093e+06 
4299 4353 32668 32728 4.40635e+07 128226 1.81559e+06 46928.1 49535 1813.9 1.30032e+07 
9723 9783 30368 30436 2.14487e+07 106080 956686 25691 26092 1245 6.33672e+06 
4274 4303 38412 38413 6.83916e+07 558345 2.80773e+06 70832.2 72616.2 1899.55 2.02071e+07 
4860 4906 35026 35060 5.2673e+07 183475 2.0985e+06 49282.4 55799.1 2157.17 1.55449e+07 
9422 9480 36900 36916 4.44385e+07 206551 1.89804e+06 45027 44202.1 2048.66 1.31129e+07 
5803 5806 34939 35018 4.52889e+07 149863 1.70123e+06 50541.3 51723.1 1613.25 1.33709e+07 
9338 9411 32148 32154 2.85259e+07 1.27367e+06 1.33325e+06 32110 33443 1026.73 8.41661e+06 
2243 2276 37130 37172 3.42078e+07 124073 2.74731e+06 67560.1 57223.1 2127 1.01017e+07 
4241 4300 30026 30047 3.84395e+07 182544 1.5845e+06 39429 39404.7 2222.44 1.13458e+07 
4893 4919 30428 30474 3.77062e+07 182269 1.60616e+06 37924 39175 1549 1.11173e+07 
2309 2402 33155 33245 5.30407e+07 227807 2.21561e+06 54707 56848 1260.18 1.56529e+07 
5455 5510 37809 37895 5.88131e+07 185955 2.38266e+06 60998.3 62276.6 2186.92 1.73525e+07 
4617 4626 39463 39558 6.9855e+07 194473 2.76571e+06 69997.2 72040.5 2408.95 2.06148e+07 
6876 6928 37957 37986 5.41931e+07 256639 2.24344e+06 48969.4 61176.4 2579.02 1.59934e+07 
9162 9219 39127 39176 5.16377e+07 110148 2.1159e+06 55070 56039.7 2173.41 1.52406e+07 
3075 3156 37045 37136 6.79727e+07 180705 2.31859e+06 74008.3 73823 3033.83 2.00817e+07 
2639 2694 39248 39343 7.93102e+07 280361 3.06969e+06 80342 82560.2 2444.9 2.34025e+07 
8605 8674 31625 31665 3.19903e+07 131175 1.29522e+06 33011.3 31578.1 1486 9.44392e+06 
3066 3148 35521 35599 5.94603e+07 194573 2.43901e+06 60129.3 61658.9 1902.58 1.75525e+07 
5332 5385 36491 36558 5.2698e+07 185188 2.33131e+06 56037 58187.1 1350.1 1.55478e+07 
757 801 33038 33060 5.98008e+07 183194 2.28505e+06 61201.1 60036.7 1975.58 1.76513e+07 
6112 6135 34263 34277 4.67713e+07 158656 1.57467e+06 46705.3 48048.9 1793 1.38e+07 
5787 5820 30588 30596 3.42464e+07 141439 1.46664e+06 33616.8 35585 1926.79 1.01056e+07 
5732 5814 35330 35398 5.12505e+07 179059 2.12049e+06 52671 53620.2 1814 1.51269e+07 
9230 9289 32442 32492 3.10647e+07 104223 1.29177e+06 31843.9 31750 1396.32 9.16464e+06 
4510 4597 39692 39787 7.11921e+07 265247 2.84846e+06 72624.8 73667 2618.52 2.10055e+07 
4933 5006 35982 36055 5.60817e+07 409974 2.30923e+06 57174 62712.3 1598.74 1.65574e+07 
6225 6315 30359 30408 3.23619e+07 125587 1.34133e+06 36144.2 34576 1675.99 9.54982e+06 
7350 7402 30836 30904 3.15528e+07 236656 1.40375e+06 32851 31637.7 1376 9.30863e+06 
9015 9081 30654 30670 2.78544e+07 93645 1.14091e+06 29073.7 23070.7 1291 8.22802e+06 
7643 7719 34596 34678 4.25591e+07 132877 1.68413e+06 44111.7 43347.7 2257.79 1.25657e+07 
5060 5086 35752 35834 5.31185e+07 179791 2.21422e+06 55643.4 56579 2292.92 1.56748e+07 
2313 2329 39719 39811 8.38e+07 171731 2.76031e+06 80192.1 83301.2 2936.61 2.47351e+07 
4275 4330 37654 37704 6.62792e+07 219571 2.57225e+06 64373.7 66437.3 1528.62 1.95645e+07 
3551 3617 34091 34186 5.59294e+07 183621 2.09707e+06 55558.6 53371.9 2757.24 1.65087e+07 
5851 5895 39052 39064 6.57359e+07 200125 2.60544e+06 64333.6 67188.6 2190.82 1.9402e+07 
6123 6178 30819 30843 3.48046e+07 168196 1.485e+06 35488 35654 1054.86 1.02665e+07 
5967 5978 36207 36247 5.20789e+07 153963 2.07864e+06 53381 51688.6 2105.9 1.53759e+07 
4205 4231 37605 37639 6.45088e+07 261717 2.623e+06 59461.4 67320.2 2753.44 1.9033e+07 
8956 8962 37304 37337 4.79594e+07 120074 1.94454e+06 47327.4 48430.2 2339.52 1.41529e+07 
1717 1747 32113 32130 5.10622e+07 166737 2.33463e+06 51742.9 55067.7 2077 1.50761e+07 
2392 2488 39837 39909 7.96116e+07 187470 2.74706e+06 77677.7 80491.2 2431.94 2.34947e+07 
6877 6945 37150 37238 5.32086e+07 158932 1.91436e+06 54182.1 56696.1 1965.2 1.57085e+07 
741 760 34549 34555 6.72436e+07 182838 2.59239e+06 65173.7 68822.9 1800.92 1.98483e+07 
8620 8680 37834 37845 4.80877e+07 142837 2.00989e+06 50791.8 49510.3 2112.35 1.41907e+07 
2580 2650 33559 33594 5.70424e+07 188610 2.31474e+06 54176.8 56691.9 1870 1.68342e+07 
3772 3785 35844 35852 5.7821e+07 174695 2.05017e+06 60198.2 59843.8 2199.55 1.70675e+07 
5296 5336 32152 32242 4.043e+07 421029 1.87754e+06 42167 43122.9 1148.71 1.19294e+07 
1798 1840 39721 39793 8.35253e+07 347862 3.35032e+06 82494.5 81610.8 2635.52 2.46483e+07 
8267 8336 31867 31958 3.28264e+07 180634 1.36503e+06 35560.5 32736.7 1456.85 9.70192e+06 
9184 9201 34816 34894 3.73233e+07 513460 1.6583e+06 43470.4 42771 2485.41 1.10146e+07 
9669 9691 38740 38749 4.79664e+07 159152 2.08678e+06 50925 51468 2104 1.41569e+07 
9690 9751 33018 33093 3.3753e+07 235266 1.34582e+06 32939 33411 1217.78 9.95865e+06 
4933 4955 33801 33865 4.86877e+07 150047 1.67367e+06 49530 51166.7 1750.01 1.4376e+07 
246 333 38749 38832 8.42399e+07 283522 3.32812e+06 82967.2 86335.8 2692.16 2.48548e+07 
6249 6257 34931 34959 4.63275e+07 135803 1.88236e+06 47477.1 48002 1801.17 1.36698e+07 
455 524 38437 38472 8.38175e+07 268329 3.24725e+06 75481.6 84105.3 2606.06 2.47442e+07 
5525 5623 31089 31109 3.65816e+07 162287 1.71644e+06 38133 39480.4 1563 1.07904e+07 
1589 1607 34534 34567 6.14593e+07 417349 2.49838e+06 64418.8 59616.8 3204.26 1.81461e+07 
7451 7523 36888 36980 5.07484e+07 131390 1.79033e+06 50536.2 53600.9 2021 1.49778e+07 
8271 8286 31185 31221 3.20597e+07 400255 1.46895e+06 31582 32499.1 1039.09 9.46104e+06 
7146 7168 32818 32879 3.79326e+07 93587 1.55931e+06 38847.7 37101.7 1521 1.1194e+07 
3346 3428 36385 36427 6.23348e+07 450099 2.64986e+06 64602.6 67101 2820.18 1.83888e+07 
4027 4090 33802 33896 5.39343e+07 148074 1.77115e+06 51386.8 54391.9 2237.86 1.59198e+07 
9899 9928 34158 34215 3.54061e+07 526182 1.47875e+06 34771 35721 1179.17 1.04486e+07 
7964 8059 30059 30133 2.92322e+07 129992 1.22044e+06 29711.4 29684.5 1434 8.63309e+06 
4448 4462 37279 37341 6.20136e+07 267005 2.53613e+06 58493.9 64110.7 2565.86 1.82974e+07 
4891 4939 30515 30582 3.70599e+07 163411 1.5526e+06 39933.5 37507.6 1507.12 1.09482e+07 
1166 1202 37288 37290 7.53635e+07 372691 3.04746e+06 74832.3 78425.8 2833.89 2.22383e+07 
4334 4341 37832 37846 6.58149e+07 263234 2.61231e+06 64437.3 64707 2414.1 1.94239e+07 
7358 7364 36050 36116 4.66887e+07 132629 1.64451e+06 49130 49620.3 1945.34 1.37881e+07 
4319 4319 38176 38253 6.56974e+07 160966 2.72486e+06 65706.3 69095.3 2156.77 1.939e+07 
2395 2468 32662 32711 5.24876e+07 256127 2.17903e+06 51688 54615.8 1159.39 1.54889e+07 
4815 4875 30237 30296 3.83547e+07 168116 1.54008e+06 39931.9 39266 1682.33 1.13157e+07 
5095 5128 33432 33432 4.68638e+07 165918 1.88896e+06 47344.7 46417.5 2162.91 1.38399e+07 
7444 7525 39445 39478 6.07426e+07 164278 2.44463e+06 59454.9 62001.6 2281 1.79241e+07 
2836 2865 32833 32875 5.3191e+07 257400 2.10073e+06 51624 54266.6 1269.86 1.56975e+07 
557 644 38163 38249 8.12446e+07 247278 3.16456e+06 78016.4 82556 2794.38 2.39736e+07 
9961 9995 36026 36122 4.05e+07 109375 1.63922e+06 41121.4 41047 2150.54 1.19505e+07 
7110 7178 32217 32292 3.54062e+07 102020 1.47325e+06 37251.9 36082.9 1614 1.04504e+07 
2489 2538 32456 32469 5.05284e+07 192369 2.15524e+06 50536 53308.9 1280.17 1.49066e+07 
6379 6409 36423 36513 5.26889e+07 251267 2.10864e+06 54145.9 51711 2925.16 1.5553e+07 
1231 1318 31722 31757 5.57031e+07 192129 2.2535e+06 53641.7 55669.2 2115 1.64402e+07 
7765 7795 32996 33017 3.67008e+07 110726 1.36731e+06 41159 46588.9 2214 1.08499e+07 
2774 2858 31414 31452 4.65028e+07 279357 2.02054e+06 44398.3 48229 2035.03 1.37242e+07 
8672 8673 38459 38532 5.30127e+07 288475 2.27686e+06 50050.8 54667.4 2274.54 1.56431e+07 
4584 4644 31833 31885 4.36247e+07 175077 1.73008e+06 43345.1 42084.6 1883.44 1.28763e+07 
5027 5119 30869 30955 3.95594e+07 156051 1.58249e+06 36443.2 41618 1758.66 1.16723e+07 
37 66 38342 38419 8.62569e+07 361908 3.20953e+06 80593.9 85812.4 2148.47 2.54567e+07 
9130 9174 33111 33155 3.44001e+07 161006 1.40963e+06 32849.5 34596 1703.03 1.01483e+07 
3150 3171 39701 39721 6.76661e+07 138926 2.64525e+06 78593.2 83411.1 3173.61 1.99855e+07 
6540 6566 36121 36194 4.35066e+07 119728 1.97658e+06 50003.3 50409.9 1702.12 1.2841e+07 
9129 9213 33134 33225 2.73429e+07 157102 1.42241e+06 34183 34243 1369.93 8.06612e+06 
297 316 33897 33927 5.85396e+07 178690 2.18397e+06 61858.8 65491.9 1821.83 1.72788e+07 
2030 2085 39315 39319 7.62203e+07 302061 3.21241e+06 82500.3 87570.3 2080.07 2.25029e+07 
5932 5937 31686 31782 3.73161e+07 189624 1.66567e+06 38661 41472.4 1609 1.10062e+07 
7581 7617 38533 38536 5.27975e+07 135212 2.22176e+06 56796.7 55652 2035.26 1.55841e+07 
8736 8814 32572 32639 3.29639e+07 663706 1.51822e+06 35885 35884.2 1384.09 9.74229e+06 
8641 8729 36683 36729 3.95508e+07 133777 1.96474e+06 44408.6 47556 2146.95 1.16696e+07 
2212 2239 36054 36072 5.59413e+07 160946 2.3142e+06 66172.2 66261.3 2043.22 1.65097e+07 
2121 2170 31533 31599 4.33836e+07 142776 2.00073e+06 48282.5 52044 2280.89 1.27997e+07 
3024 3090 33600 33690 4.93056e+07 134534 2.23426e+06 51904 52898.6 1753 1.45541e+07 
4082 4134 34833 34911 5.01778e+07 159350 2.12806e+06 52991 56663.1 1936 1.48055e+07 
5238 5329 38290 38297 5.89999e+07 274334 2.57254e+06 61543.2 65428.1 2352.32 1.74119e+07 
8763 8840 31959 31977 2.93345e+07 523058 1.3954e+06 31970 32529 994.117 8.65353e+06 
5620 5652 33735 33771 4.58022e+07 183656 1.86868e+06 46048 47349 1186.3 1.3515e+07 
2725 2738 39432 39466 7.71631e+07 216885 3.06609e+06 75924.7 78730.9 1653.96 2.27684e+07 
422 494 31153 31227 5.6733e+07 681763 2.21662e+06 52309.6 59975.8 2618.16 1.67906e+07 
8167 8177 38090 38093 5.34946e+07 149853 2.05836e+06 55409.2 54438 2110.73 1.57829e+07 
1913 1982 37392 37443 7.50005e+07 150898 2.86763e+06 73865.9 76938.4 2535.08 2.21361e+07 
7379 7386 30522 30545 2.76546e+07 89919.3 1.25251e+06 30250.5 31817 1561.16 8.15912e+06 
768 867 31127 31127 5.04399e+07 157799 1.88019e+06 54429.3 54657.5 1672.93 1.48893e+07 
14 35 37514 37594 7.15269e+07 180291 2.73148e+06 78562.1 80559.4 1996.5 2.11045e+07 
4716 4749 36035 36071 5.68807e+07 194492 2.26475e+06 55732 59888.3 1301.97 1.67875e+07 
6098 6178 34820 34914 4.78653e+07 226402 1.86763e+06 49564.7 46862.4 1817.53 1.41271e+07 
7327 7350 34922 34957 4.36889e+07 135372 1.56294e+06 44359 46453.7 1651 1.28938e+07 
1563 1621 39981 40021 4.15411e+07 128018 3.23654e+06 95267.4 79302.4 2747.29 1.22604e+07 
3492 3497 30885 30957 4.41868e+07 268532 1.88356e+06 41101.4 45203 2160.25 1.30409e+07 
2975 3048 30063 30116 4.12626e+07 158872 1.6839e+06 44805.8 43351.6 1406.77 1.21806e+07 
5676 5762 38349 38441 6.26581e+07 310364 2.57505e+06 58705.5 65001.6 2198.32 1.84967e+07 
3184 3228 33945 33994 5.3531e+07 278187 2.18288e+06 50793.9 55309 2126.36 1.57958e+07 
9075 9151 34907 34937 3.95909e+07 263095 1.72825e+06 39551 40516 1311.94 1.16773e+07 
5216 5226 35612 35693 5.28757e+07 167199 1.86824e+06 56300.7 55520 1876.98 1.56059e+07 
3231 3305 34298 34356 5.57922e+07 300002 2.29198e+06 49693.3 58591 2473.71 1.64644e+07 
5785 5821 37185 37218 5.71624e+07 278028 2.42714e+06 58810.9 57337.9 2489.69 1.68771e+07 
1596 1664 39078 39125 7.96313e+07 268118 3.22427e+06 77739.2 84157.8 2730.51 2.35034e+07 
8772 8822 33314 33350 3.18008e+07 96455.5 1.44206e+06 35008.4 36214 1509.43 9.3821e+06 
2832 2928 39728 39813 7.83793e+07 492176 3.15841e+06 77598.6 84502.5 2285.68 2.3163e+07 
2854 2876 35282 35305 6.0679e+07 326948 2.40285e+06 62954.8 65018.2 2095.12 1.79039e+07 
1539 1605 29972 30027 4.50008e+07 152046 1.86221e+06 49162 49897 1919 1.32787e+07 
5327 5413 38701 38801 6.30052e+07 155884 2.57624e+06 65572.2 66488.9 2067 1.85944e+07 
8497 8547 37896 37949 4.93799e+07 153691 1.77774e+06 51343.8 53060.2 1964 1.45708e+07 
7973 8027 31383 31422 3.25117e+07 138797 1.19056e+06 33155 33967.8 1540 9.59609e+06 
3883 3932 37685 37701 3.08324e+07 100074 2.51348e+06 51904.3 60900.6 2125 9.09941e+06 
4721 4725 31706 31799 3.92025e+07 301795 1.79655e+06 38645 45790 2606.22 1.15675e+07 
7425 7429 36079 36172 4.95559e+07 145659 1.70308e+06 48538 49726 1855 1.46268e+07 
4290 4336 33050 33131 3.3029e+07 169344 1.81784e+06 44966.5 45490 2511.28 9.74748e+06 
493 547 32544 32635 5.86217e+07 196250 1.96025e+06 60133.3 63007.9 2296.11 1.73215e+07 
9960 9968 32024 32042 3.02292e+07 223609 1.28818e+06 29166 28460 1218.93 8.91745e+06 
8032 8062 35487 35551 4.56658e+07 140775 1.57443e+06 46675.4 45114.7 1860.79 1.34861e+07 
1776 1874 38793 38807 8.17498e+07 193163 3.16305e+06 79146.4 83003.4 1814.28 2.41252e+07 
8020 8022 39272 39371 5.65164e+07 184329 2.28746e+06 54880.6 58630 2561.19 1.66769e+07 
5469 5473 32384 32415 4.47099e+07 145298 1.6704e+06 43353.4 44911.7 1720.15 1.31996e+07 
484 570 35039 35081 6.88285e+07 198736 2.70662e+06 66838.3 70984.4 1541.67 2.03133e+07 
4913 4926 32309 32405 4.40282e+07 251334 1.8506e+06 41488.4 45261 2132.6 1.29901e+07 
7217 7291 32531 32544 3.8994e+07 169501 1.56498e+06 36131.7 38776 1965.29 1.15052e+07 
5683 5739 32714 32811 4.2186e+07 208782 1.78126e+06 40002 44290 2134.81 1.24507e+07 
5321 5406 31500 31590 3.93122e+07 135605 1.61404e+06 43005.2 42514.9 1495.45 1.16003e+07 
3789 3847 33578 33638 4.97502e+07 156658 2.05687e+06 51976.7 53407 2481.88 1.46829e+07 
5973 6002 32324 32388 3.98344e+07 131645 1.64752e+06 38718.6 41747 2024.71 1.17507e+07 
1613 1694 31455 31456 5.31499e+07 178021 2.14331e+06 50918 51426.2 2156 1.56827e+07 
193 215 37309 37354 7.8877e+07 328519 3.08738e+06 76403.7 76163.6 2275.94 2.32782e+07 
7734 7759 30863 30936 3.10061e+07 170723 1.35343e+06 33692.9 33121.8 1544.56 9.14774e+06 
9464 9533 32553 32635 3.12168e+07 199055 1.32635e+06 30530 28951 1080.83 9.20823e+06 
1755 1804 33073 33137 5.62819e+07 142348 1.98127e+06 54053.4 59154.6 2148.06 1.66099e+07 
6095 6114 39385 39399 6.46546e+07 343258 2.63051e+06 61994.4 65456.9 1529.85 1.90813e+07 
816 827 31377 31408 5.16378e+07 309185 2.14816e+06 55439.7 60973 2736.63 1.52353e+07 
5438 5526 37640 37739 6.1852e+07 156875 2.48726e+06 59609.6 62722.3 2126 1.82517e+07 
2102 2107 32720 32761 5.50399e+07 217589 2.15155e+06 55108.7 54995.4 1816.33 1.62414e+07 
2056 2136 36461 36554 6.83274e+07 277156 2.78336e+06 64124.9 70622.1 2061.76 2.01678e+07 
6384 6397 36637 36708 5.10416e+07 130328 2.08933e+06 53151.7 56043.1 2103.68 1.50624e+07 
1133 1164 30709 30714 5.13342e+07 201104 2.01656e+06 52340.9 50520.8 1975.38 1.51472e+07 
7718 7722 32921 32928 3.79983e+07 140197 1.32597e+06 37947.9 38687 1702 1.12178e+07 
1854 1894 39828 39865 8.26096e+07 180324 3.23975e+06 82405.9 86956.1 2766.82 2.43822e+07 
661 752 35010 35045 6.62947e+07 223031 2.72707e+06 66437.8 67095.3 1869.92 1.95705e+07 
8080 8178 30001 30060 2.81734e+07 96981 1.17742e+06 32453.2 27716.1 1414.45 8.31179e+06 
9572 9625 34983 35034 3.90063e+07 117556 1.3152e+06 37092.2 42528.5 1653 1.15146e+07 
4710 4713 33527 33569 4.76133e+07 281007 2.07364e+06 47289 50132 1247.02 1.40481e+07 
5132 5230 33908 33987 4.84598e+07 159283 1.67485e+06 51144.9 49972.5 1845.25 1.43096e+07 
9681 9761 35969 35997 3.98524e+07 126565 1.69946e+06 40264 42903 1581 1.17637e+07 
9748 9776 39307 39361 5.16823e+07 168943 2.08069e+06 50211 52473.4 1688.95 1.5254e+07 
5285 5316 35918 35984 5.31606e+07 148189 1.89099e+06 55430.4 58139.5 1902.41 1.56938e+07 
3244 3264 32178 32228 4.71303e+07 196634 2.0006e+06 47086 50168.2 1740 1.39084e+07 
2131 2202 34717 34738 6.04467e+07 295668 2.5015e+06 56927.8 62715 2094.77 1.78355e+07 
8957 9032 34451 34504 3.81744e+07 201694 1.61522e+06 37457.3 39665 1667.1 1.12648e+07 
4406 4502 38313 38367 6.7468e+07 120653 2.3046e+06 65418.1 69893.6 2505.17 1.99147e+07 
1515 1535 32595 32680 5.66624e+07 243921 2.23425e+06 53782.1 57771.7 1841.39 1.67296e+07 
6731 6746 35905 35921 4.81235e+07 140416 1.93671e+06 50458.2 49275.8 1827.76 1.42005e+07 
1533 1570 31443 31500 5.16799e+07 133208 1.79561e+06 51395.2 55499.6 1909.25 1.52538e+07 
935 964 32289 32353 5.90683e+07 130899 1.94297e+06 55766.3 60865 2023.26 1.74309e+07 
7818 7877 39978 40017 6.03518e+07 339541 2.49995e+06 60362.2 60613.6 2567.94 1.78092e+07 
9842 9928 37418 37469 4.2116e+07 115397 1.76734e+06 45282.3 46038 2367.55 1.24267e+07 
6201 6233 32968 33016 3.92296e+07 235438 1.72332e+06 41149 41626 1146.59 1.15769e+07 
5157 5191 30914 30984 3.78873e+07 132546 1.59313e+06 41035.2 40730.1 1636.28 1.11796e+07 
8990 9069 39160 39226 5.26459e+07 226681 2.18466e+06 55097.8 53463.2 2561.13 1.55392e+07 
9947 9962 39320 39338 5.0495e+07 182929 2.00456e+06 51595.4 50779.7 2231.79 1.49036e+07 
9095 9163 37782 37871 4.81446e+07 119180 1.95654e+06 48716.1 51630.1 2161.54 1.42081e+07 
1845 1901 38732 38823 7.76465e+07 165664 3.18417e+06 76825.3 80520.4 2471.28 2.29162e+07 
3417 3426 38617 38618 6.74491e+07 177174 3.02028e+06 71328.7 77499 2743.86 1.99073e+07 
5560 5561 37148 37166 5.94776e+07 320374 2.45339e+06 57419 60718.4 1521.67 1.75525e+07 
4108 4164 35833 35910 5.70609e+07 1.62042e+06 2.51125e+06 59901.6 60497.1 3065.09 1.68515e+07 
6854 6862 38825 38836 6.06177e+07 220900 2.36468e+06 61550.4 62862.5 2184.59 1.78849e+07 
2303 2314 32886 32903 5.27713e+07 153470 1.90753e+06 55806.7 54950 1608.77 1.55759e+07 
8078 8122 30277 30328 2.93851e+07 92503.7 1.04534e+06 29252 30748.4 1351 8.67667e+06 
9187 9208 38506 38599 5.02481e+07 219299 2.20437e+06 48428 52160 2275.99 1.48268e+07 
7449 7524 37918 38017 5.51312e+07 164334 2.15151e+06 53888.8 56411.5 2170.88 1.62658e+07 
5052 5093 32015 32108 4.34105e+07 132536 1.81214e+06 41740 43366 2960.48 1.28122e+07 
2982 3059 32892 32965 5.0326e+07 162658 2.03254e+06 51722.1 51438.3 2008.75 1.48473e+07 
6550 6614 34896 34900 4.56823e+07 128302 1.93392e+06 43931.7 47239 1813.07 1.34772e+07 
6626 6659 38072 38158 5.34936e+07 192185 2.26454e+06 55860.1 58474.8 1978.21 1.57846e+07 
946 952 32483 32533 5.71632e+07 141079 2.37201e+06 55739.5 58578.1 1584.13 1.68698e+07 
4432 4463 34484 34553 5.24943e+07 140789 2.20393e+06 48067.7 52410 2707.59 1.5489e+07 
6987 7068 31884 31936 3.66421e+07 148704 1.48322e+06 34547.4 36660 1875 1.08118e+07 
6389 6475 30317 30365 2.91148e+07 347119 1.38302e+06 40206.8 40370.9 1949 8.58138e+06 
2532 2559 38487 38577 7.65928e+07 166915 3.07257e+06 74075.6 77382.2 2675.53 2.26005e+07 
2755 2833 36396 36431 6.44762e+07 195643 2.2163e+06 63333.9 67596.4 1266.72 1.90294e+07 
2554 2563 38545 38632 7.17304e+07 235367 3.05329e+06 73255.2 76230.9 1519.07 2.1167e+07 
4114 4193 32172 32241 4.34497e+07 225604 1.91327e+06 45563 49243.2 1694.33 1.28331e+07 
2220 2277 36155 36223 6.6487e+07 267151 2.70129e+06 65327.5 65804.3 2407.09 1.96167e+07 
5854 5896 35722 35817 5.14837e+07 308928 2.14741e+06 51312.9 52190.3 2338.77 1.51941e+07 
388 464 31375 31471 5.71384e+07 170921 1.85023e+06 52315.6 57421.6 1255.66 1.68622e+07 
5986 6035 33960 34038 4.45531e+07 282027 1.8228e+06 46096.8 44844.7 1691.92 1.31492e+07 
5688 5693 39230 39313 6.26551e+07 368343 2.17212e+06 66921.1 71390.4 1859.42 1.84926e+07 
6538 6545 39282 39288 6.35713e+07 154345 2.48802e+06 60924 64038.2 2701.68 1.87631e+07 
2938 2994 31429 31526 4.77752e+07 157954 1.5744e+06 47509.3 50126.4 1210.4 1.40982e+07 
4299 4329 33293 33313 4.83144e+07 134727 1.99768e+06 48328 50098.2 2610.54 1.42668e+07 
9264 9305 38695 38764 4.87813e+07 182575 2.05417e+06 49744.6 51318.8 1921.17 1.43915e+07 
2703 2787 36225 36269 6.63794e+07 159425 2.6144e+06 63481.2 66926.9 2207.87 1.95903e+07 
5146 5184 32626 32717 4.43658e+07 158518 1.51079e+06 45707.1 45168.5 1091.48 1.30941e+07 
9025 9124 32493 32554 3.31221e+07 109654 1.34199e+06 31991.1 33709.5 1521 9.77103e+06 
6105 6128 32674 32687 3.98655e+07 182091 1.68091e+06 37746.5 41728 1556.94 1.17622e+07 
7717 7797 33927 33985 3.95451e+07 214907 1.38457e+06 40756 46841.8 1689.07 1.16702e+07 
8401 8482 37961 38042 4.90639e+07 159957 2.04865e+06 50674.8 54597.2 2015 1.44786e+07 
7164 7205 39552 39601 6.04655e+07 168274 2.45075e+06 59051 61648.9 1964.67 1.78421e+07 
3769 3785 35117 35128 5.73557e+07 194811 2.38632e+06 52035.3 58099 2376.32 1.6924e+07 
4878 4920 36996 37046 6.0518e+07 276381 2.53428e+06 55065.8 64750.4 3674.29 1.78647e+07 
9262 9278 37354 37372 4.65845e+07 252700 1.89107e+06 48711.8 49241.6 2128.87 1.37439e+07 
2229 2329 35408 35436 6.31898e+07 173544 2.65743e+06 63841.7 65585.6 1565.71 1.86496e+07 
6249 6298 37469 37506 5.51639e+07 231532 2.22604e+06 56679.4 57834.1 2201.59 1.62771e+07 
7591 7652 39464 39489 5.79365e+07 186608 2.40683e+06 60127.3 59495.6 1791.57 1.71058e+07 
