1999 2066 45158 45224 1.09144e+08 314963 4.15409e+06 101699 105019 2808.29 3.22098e+07 
8761 8763 43169 43183 7.10357e+07 156411 2.83219e+06 69577.7 72249.2 2671.62 2.0966e+07 
3959 4002 48071 48111 1.13366e+08 355144 4.4011e+06 106706 113139 3434.61 3.34601e+07 
5354 5432 49820 49830 1.16719e+08 325731 4.50903e+06 110271 116899 3651.04 3.44457e+07 
3249 3283 47239 47336 1.14712e+08 286264 4.41356e+06 109206 114567 2289.53 3.38592e+07 
9432 9472 48972 48997 9.10531e+07 218713 3.57064e+06 90917.1 96238.1 3620.05 2.68957e+07 
2243 2301 42322 42344 9.22647e+07 208643 3.16309e+06 89589.4 94361.3 2723.95 2.72262e+07 
3765 3814 44984 45076 9.69664e+07 294191 3.76192e+06 95871.5 100284 2045.5 2.86278e+07 
4615 4630 42023 42039 7.99732e+07 248849 3.18594e+06 77130.4 80992.4 1788.07 2.36071e+07 
7410 7471 44760 44852 8.33907e+07 200969 2.66926e+06 78183.7 81457.6 2472.74 2.46085e+07 
9621 9715 46422 46438 8.01e+07 208935 3.12151e+06 79281 82646.1 2574.67 2.36411e+07 
1337 1345 40498 40504 9.44709e+07 270550 3.511e+06 86803.6 89712.9 2590.92 2.78807e+07 
5977 6063 46924 46939 9.5124e+07 274580 3.94708e+06 94393 97992.3 2194.44 2.80761e+07 
8514 8521 44002 44048 6.81607e+07 345822 2.91378e+06 68655.8 76311.3 2898.97 2.01241e+07 
77 138 45840 45934 1.22792e+08 321694 4.5163e+06 116099 118177 2757.67 3.62397e+07 
9371 9418 45312 45342 7.32788e+07 207309 2.9006e+06 73458.1 74570.8 1539.6 2.16273e+07 
6923 6976 49864 49964 1.05544e+08 225427 3.60972e+06 103732 109069 3195.38 3.11555e+07 
3548 3634 44977 45059 9.73288e+07 241628 3.77534e+06 90606.1 99153.5 2649.92 2.87248e+07 
235 285 45766 45809 1.1998e+08 283021 4.04591e+06 116535 118335 3202.74 3.5413e+07 
8948 9045 49697 49777 9.97363e+07 331661 3.9173e+06 95369.1 97978.1 3366.37 2.94303e+07 
3716 3816 41148 41233 8.0209e+07 248496 3.15634e+06 80292.6 81113.9 2558.61 2.3667e+07 
6430 6488 40762 40768 6.7218e+07 247279 2.76205e+06 62455.3 69119.2 2492.62 1.98328e+07 
3817 3869 44948 45004 9.62213e+07 520169 3.84811e+06 94447 95045.6 3366.21 2.84001e+07 
4072 4134 47168 47211 1.04317e+08 220592 4.18775e+06 104962 110296 3213.65 3.07804e+07 
3737 3807 42248 42254 8.21123e+07 216373 2.87215e+06 85292.2 88801.8 2765.32 2.42382e+07 
4794 4815 47902 47994 1.08723e+08 312365 4.15306e+06 105702 108927 3391.75 3.2088e+07 
8737 8738 49417 49507 9.60628e+07 246587 3.32344e+06 95934.5 99017.2 2979.43 2.83461e+07 
5358 5431 46368 46399 4.6504e+07 156827 3.71524e+06 102008 85467.6 2383.86 1.37213e+07 
6334 6362 43079 43178 7.8594e+07 414438 3.11132e+06 78416.9 84683.8 1956.56 2.32126e+07 
9785 9789 46390 46431 7.97946e+07 308767 3.15901e+06 77173.8 80027.8 1939.13 2.35454e+07 
6642 6663 40705 40738 6.82742e+07 188221 2.59294e+06 69785.8 71072.7 2186.13 2.01462e+07 
2071 2148 49209 49305 1.27119e+08 264401 4.94266e+06 124628 128696 3377.01 3.75123e+07 
4435 4528 43949 44019 8.89859e+07 300272 3.51382e+06 84880.8 91145.1 2883.77 2.62689e+07 
6038 6069 44014 44058 8.06893e+07 244161 3.27656e+06 82146.9 85398.6 2615.45 2.38097e+07 
3005 3099 43950 44007 9.85825e+07 297583 3.75698e+06 96009.2 101286 2601.3 2.9098e+07 
536 612 42459 42541 1.03872e+08 244768 3.42037e+06 98327.5 101708 2732.64 3.06599e+07 
3358 3440 41673 41727 8.51853e+07 181136 3.27495e+06 82487.5 85935.6 2635.31 2.51369e+07 
1113 1125 46964 47001 1.19002e+08 244540 4.40868e+06 116426 122990 3614.68 3.51193e+07 
6312 6365 40602 40669 6.6932e+07 203531 2.58956e+06 62769.9 68973.1 2276.21 1.97483e+07 
4970 4990 45842 45916 9.61071e+07 182974 3.81524e+06 97041.3 99364.5 1897.93 2.83611e+07 
8017 8062 46030 46040 8.49474e+07 512801 3.44533e+06 84675.2 92154 1902.05 2.50711e+07 
3345 3435 44307 44372 9.77123e+07 419420 3.76717e+06 88004.5 98115.7 2892.32 2.88381e+07 
4543 4549 49206 49258 1.14898e+08 238380 3.81189e+06 110923 116252 3429.61 3.39093e+07 
3531 3591 40860 40937 7.98231e+07 184880 2.76354e+06 79796.9 83092 2535.46 2.35596e+07 
4302 4368 45140 45236 9.83618e+07 238782 3.84044e+06 91718.1 97404.2 2693.16 2.90277e+07 
6031 6077 45324 45336 8.85305e+07 366284 3.49248e+06 84849.7 88423.5 1676.42 2.6128e+07 
8714 8732 42179 42268 6.6106e+07 213980 2.61765e+06 65046.7 69343.3 2275.61 1.95083e+07 
5572 5657 40418 40471 7.10715e+07 155266 2.33549e+06 69093.8 72575 2256.27 2.09767e+07 
2506 2521 40301 40352 8.50956e+07 256713 3.27946e+06 79360.8 81473.8 2525.2 2.51123e+07 
344 348 47903 47971 1.27807e+08 477904 4.93748e+06 116541 129794 3599.47 3.77186e+07 
9547 9609 48586 48629 8.6837e+07 169356 2.93579e+06 84887.4 89936.6 2933.93 2.56234e+07 
4098 4127 48230 48272 1.1042e+08 212818 3.8247e+06 111842 115391 3733.99 3.26032e+07 
8850 8900 47498 47560 7.63472e+07 213776 3.61124e+06 83067.8 88251.9 2942.62 2.25291e+07 
9909 9914 41264 41343 5.49797e+07 159216 2.25129e+06 59000.7 60127.1 2288.41 1.62211e+07 
1384 1434 48266 48272 9.72203e+07 200233 4.36324e+06 123844 125841 3514.02 2.8689e+07 
9575 9614 44198 44230 6.78128e+07 263064 2.69631e+06 68526.5 69074.2 2706.72 2.00136e+07 
938 969 46138 46207 1.13119e+08 296346 4.54856e+06 109972 119170 3020.11 3.33816e+07 
9399 9472 48704 48740 8.06218e+07 185733 3.5319e+06 79724.9 89420.8 2895.65 2.37931e+07 
3054 3087 45552 45564 9.23936e+07 223020 4.01141e+06 101350 106095 1608.67 2.72628e+07 
9962 9981 48761 48829 8.39347e+07 196358 2.91591e+06 87880.6 89608.9 3082.98 2.47715e+07 
7926 7940 47819 47825 9.04944e+07 210806 3.63154e+06 92643 96398.4 1694.71 2.67061e+07 
8480 8484 41908 41966 6.03568e+07 268867 2.65979e+06 61922.6 67552 2585.45 1.78109e+07 
1055 1133 45908 46001 1.07519e+08 246609 4.64176e+06 114966 117446 3318.17 3.17314e+07 
9120 9142 44083 44179 6.9537e+07 189811 2.90486e+06 68959.6 72446.4 1754.77 2.05216e+07 
138 176 46707 46770 1.25054e+08 220471 4.15037e+06 120273 126839 2707.37 3.69146e+07 
6282 6351 48496 48596 1.04332e+08 252554 3.53521e+06 100606 104655 3099.51 3.07928e+07 
2869 2908 48057 48153 1.19687e+08 236635 4.4977e+06 109014 121444 3124.64 3.53241e+07 
308 362 44416 44425 1.10076e+08 290633 4.11454e+06 104545 109582 2712.7 3.24862e+07 
2799 2857 47182 47251 1.12326e+08 300355 4.42309e+06 107208 114594 2898.64 3.31485e+07 
3787 3814 44947 45015 9.72347e+07 216280 3.70663e+06 94473 99460.1 1903.62 2.86934e+07 
5200 5242 49025 49045 1.1325e+08 269693 4.35211e+06 108176 113679 3330.55 3.34225e+07 
3879 3938 46817 46838 1.06901e+08 217742 3.61696e+06 104148 108887 3141.97 3.15495e+07 
3754 3792 40529 40602 8.00943e+07 179981 2.67048e+06 76434 80151.7 2616.6 2.364e+07 
3450 3509 43138 43216 8.74758e+07 173367 3.50075e+06 88353.4 93261.8 2712.26 2.58132e+07 
2046 2080 43136 43222 9.82615e+07 255589 3.76828e+06 96876.2 98052.3 2541.68 2.89997e+07 
6107 6144 49571 49583 1.06053e+08 316719 4.31749e+06 107376 111209 2304.61 3.13021e+07 
5256 5321 48440 48441 1.08658e+08 249903 4.26551e+06 107049 112022 3171.62 3.20682e+07 
2168 2260 43310 43340 9.67016e+07 224393 3.776e+06 95456.6 100132 1865.76 2.85392e+07 
3624 3699 45505 45584 1.03412e+08 261158 4.50806e+06 112974 111855 4619.97 3.05985e+07 
1178 1246 46721 46756 4.41392e+07 202480 2.74515e+06 115182 100984 3926.37 1.30287e+07 
7980 8008 41484 41579 7.04228e+07 222283 2.28378e+06 67085.6 70354.4 3203.68 2.07863e+07 
6272 6337 42043 42112 7.32859e+07 206878 2.86303e+06 71835.9 73815.1 2472.3 2.1626e+07 
9409 9428 42974 42999 6.85581e+07 221708 2.58158e+06 65846.4 65289.6 2329.38 2.02398e+07 
6322 6352 44828 44897 8.29632e+07 200979 2.82607e+06 84265.7 87061.4 2399.98 2.44851e+07 
6049 6075 43187 43249 8.07467e+07 175175 2.73614e+06 79621.1 81435.5 2356.62 2.38281e+07 
3227 3236 43615 43692 9.27627e+07 216648 3.13561e+06 94475.4 94623.5 2733.24 2.73792e+07 
7349 7404 41589 41672 6.8749e+07 140254 2.33245e+06 67779.1 69872.6 2556.99 2.02921e+07 
5161 5162 43678 43703 6.75334e+07 185538 3.56644e+06 72963.4 88577.7 2456.29 1.99307e+07 
5883 5900 41938 41974 7.42761e+07 178989 3.00913e+06 75804.1 78168.3 2369.21 2.1922e+07 
1306 1359 44409 44465 1.04319e+08 222155 4.18834e+06 101964 108161 3565.37 3.07844e+07 
5907 5980 43423 43463 8.19114e+07 281358 3.2247e+06 80627.5 84601.5 1649.56 2.41824e+07 
1915 2007 42545 42595 9.48684e+07 255177 3.70408e+06 91479.7 97229.3 2427 2.79968e+07 
4108 4167 42689 42730 8.67612e+07 224720 2.96321e+06 85491 86490.2 2782.46 2.56223e+07 
9763 9845 45990 46067 7.67063e+07 227888 3.06545e+06 76679.3 79581.7 2512.74 2.26287e+07 
315 358 41792 41827 9.9682e+07 262217 3.73792e+06 91445.7 100385 2750.81 2.94254e+07 
3264 3301 47433 47476 1.12523e+08 244861 3.8119e+06 108562 116037 3522.26 3.32152e+07 
2035 2112 49515 49543 1.30613e+08 332406 5.10906e+06 125647 131519 3918.2 3.85385e+07 
2197 2230 47052 47076 1.1413e+08 483142 4.64527e+06 112736 117865 2376.73 3.36841e+07 
6796 6867 44845 44934 8.47636e+07 251234 3.31709e+06 79667.6 83879.1 1920.78 2.50176e+07 
4149 4200 40112 40127 7.54183e+07 239450 2.97969e+06 69211.8 75023.9 2673.44 2.22534e+07 
7923 8004 49431 49455 9.51739e+07 264595 3.91977e+06 99823.5 102923 2093.87 2.80925e+07 
6902 6931 47995 48072 9.75611e+07 473769 3.89816e+06 96256.2 101546 2366.98 2.87842e+07 
3124 3174 48487 48490 1.20529e+08 515773 4.64082e+06 110168 121327 3685.84 3.55666e+07 
8988 9039 41646 41690 6.1815e+07 337862 2.60635e+06 59361.5 64952.8 2589.95 1.82387e+07 
2208 2240 41218 41219 8.78741e+07 393228 3.51518e+06 85572 86083.5 2641.26 2.59364e+07 
5291 5391 43878 43915 8.50141e+07 292891 3.4371e+06 84326 85846.9 2781.44 2.50898e+07 
3075 3120 46426 46459 1.07227e+08 232389 4.39394e+06 104744 108164 3008.41 3.1643e+07 
535 626 43585 43588 6.41741e+07 373411 4.23464e+06 95288 91005.6 2133.06 1.894e+07 
4238 4280 41308 41338 7.86842e+07 938385 3.24833e+06 81864.3 87356.1 3617.1 2.32106e+07 
826 921 41692 41743 9.70002e+07 247811 3.70888e+06 94539.1 98189.2 2936.39 2.86276e+07 
9436 9459 44935 44981 7.15171e+07 136588 2.94778e+06 70296.6 70212.2 2298.33 2.11098e+07 
1051 1129 40433 40443 9.20148e+07 276027 3.59297e+06 81401.3 91559.8 2757.69 2.71552e+07 
2698 2776 40893 40956 8.42688e+07 225974 3.28357e+06 82026.6 86448.7 1633.87 2.48675e+07 
3304 3357 41313 41398 8.43926e+07 254355 3.37545e+06 80953.2 84994.5 1789.23 2.49037e+07 
225 324 47579 47608 1.2993e+08 291570 4.93021e+06 120914 130163 3356.05 3.83538e+07 
6943 7021 45063 45100 8.1338e+07 226905 3.3015e+06 77028.5 84254.4 2637.25 2.40049e+07 
8965 8968 44212 44240 7.25745e+07 203801 2.91033e+06 68293.5 74534.3 2930.17 2.14179e+07 
7148 7222 40571 40641 6.3207e+07 174808 2.53321e+06 63676.2 63285.2 2240.39 1.86542e+07 
2822 2896 47746 47747 1.1578e+08 294066 4.51755e+06 107677 118262 3308.99 3.41647e+07 
3124 3171 48411 48481 1.16925e+08 434454 4.65649e+06 107412 119694 3410.84 3.45052e+07 
4036 4062 43191 43258 8.82442e+07 367372 3.48932e+06 85170.7 86639 2751.73 2.60414e+07 
8604 8701 49807 49847 9.90959e+07 368533 3.92565e+06 97188.8 101195 3209.83 2.92443e+07 
5661 5708 48045 48097 1.0509e+08 281490 4.12805e+06 102909 105724 3098.76 3.10138e+07 
4530 4551 43376 43437 8.86336e+07 379191 3.43767e+06 85189.5 88309 2716.3 2.61519e+07 
3031 3070 42664 42762 9.11633e+07 343221 3.578e+06 87821 89586.9 2618.21 2.69032e+07 
3261 3275 45538 45606 1.04671e+08 430854 4.13413e+06 97269.9 104819 2658.2 3.08967e+07 
948 1046 43103 43198 6.92473e+07 365317 4.2345e+06 95348.2 83647.2 3224.35 2.04325e+07 
5872 5940 46784 46816 9.50958e+07 326813 3.91607e+06 95456.1 103765 3798.24 2.80577e+07 
6741 6754 44901 44933 8.36385e+07 215303 3.24254e+06 81645.8 84764 1808.14 2.46836e+07 
8416 8499 46862 46959 8.27664e+07 213553 3.52488e+06 86769.8 90353.2 3356.95 2.44233e+07 
4564 4654 46832 46838 1.0052e+08 248887 4.29041e+06 101339 103928 4017.69 2.96697e+07 
6198 6288 42076 42113 7.44593e+07 230742 2.94907e+06 72002.2 72671.1 2600.22 2.19763e+07 
2779 2789 40585 40600 8.35024e+07 224632 3.29787e+06 76974.5 83061.4 2398.67 2.4646e+07 
2101 2170 44244 44277 9.95151e+07 231885 4.01201e+06 97947.9 103117 2199.18 2.93667e+07 
4728 4828 48581 48657 1.06331e+08 297809 4.5811e+06 109183 108869 3770.39 3.13917e+07 
4544 4565 43191 43260 8.50166e+07 242360 3.30241e+06 83821.4 86123.5 2785.23 2.50893e+07 
3929 3937 48498 48578 1.1307e+08 244304 4.3993e+06 111478 111300 3298.2 3.33681e+07 
6484 6486 41799 41824 7.20634e+07 1.41164e+06 3.0272e+06 66216.9 82415.7 3808.71 2.12757e+07 
9556 9577 48382 48388 8.8344e+07 205412 3.49957e+06 85467.5 87926.3 3079.53 2.60765e+07 
3306 3342 44477 44552 9.76868e+07 222099 3.27235e+06 95069.7 98899.9 2830.55 2.88301e+07 
6479 6567 48650 48681 8.70475e+07 161759 3.48427e+06 107362 110450 4219.94 2.57158e+07 
9047 9080 48156 48162 7.87503e+07 182491 2.98353e+06 88477.7 89218.4 2974.97 2.32408e+07 
7101 7191 40691 40747 5.39671e+07 192517 2.52554e+06 63100.2 67962.4 2169 1.59279e+07 
3711 3732 43082 43116 8.68469e+07 212351 3.45861e+06 81360.2 91569.1 2605.65 2.56273e+07 
8741 8776 47767 47796 7.78167e+07 224756 3.52714e+06 89194.7 87236.8 2798.51 2.29664e+07 
1118 1156 46989 47065 1.14768e+08 237316 4.72654e+06 117229 122190 2873.52 3.38685e+07 
3865 3931 46909 46914 9.82072e+07 246162 3.61423e+06 104260 108568 3271.32 2.89836e+07 
7108 7184 44054 44142 7.15025e+07 224869 3.09093e+06 76205.3 77790.3 2662.52 2.1108e+07 
59 59 47060 47081 1.24113e+08 285187 4.68918e+06 120629 122630 2415.5 3.66282e+07 
4256 4268 42613 42682 8.0582e+07 255461 3.31383e+06 83716.1 84953.8 2710.71 2.3779e+07 
9906 9934 45976 46071 7.20745e+07 143758 3.02807e+06 76154.2 77178.9 2737.87 2.12729e+07 
594 657 44685 44763 1.0966e+08 445196 4.20633e+06 108050 114568 3018.26 3.2355e+07 
1842 1917 46098 46100 8.13282e+07 225729 4.54064e+06 107170 113918 1833.72 2.40051e+07 
5472 5480 46026 46098 8.55762e+07 198111 3.18796e+06 94178.6 97211.6 3196.31 2.52528e+07 
2829 2838 44703 44794 9.4756e+07 237084 3.76619e+06 96168.3 100526 2003.14 2.7963e+07 
1113 1170 49321 49323 1.26321e+08 293171 5.09057e+06 130196 130258 3460.58 3.72789e+07 
313 357 44770 44777 1.13443e+08 301203 4.21243e+06 107054 111791 2522.65 3.34764e+07 
8566 8568 45888 45907 8.00675e+07 179757 2.78682e+06 82920.8 85235.8 2707.26 2.36319e+07 
6701 6771 40378 40452 5.63816e+07 184456 2.63129e+06 60635.1 65707 2343.33 1.66359e+07 
5160 5258 48826 48880 8.56761e+07 204122 4.18972e+06 109708 108511 3449.96 2.52823e+07 
2309 2351 44125 44185 9.81423e+07 244061 3.86849e+06 99380.4 103631 2651.27 2.89617e+07 
5360 5383 49466 49475 1.09225e+08 278991 4.33834e+06 103551 115358 3378.62 3.22325e+07 
4971 4974 46971 47006 8.92955e+07 227557 4.06012e+06 103442 103722 3638.06 2.63868e+07 
8585 8598 48180 48229 8.61667e+07 254503 3.60944e+06 92857.5 94274.6 2874.09 2.54247e+07 
3809 3909 42065 42161 7.71543e+07 139243 3.25322e+06 82805 86031.9 2648.36 2.27706e+07 
1232 1259 47447 47534 1.13803e+08 241629 4.24403e+06 119461 124143 3421.53 3.35847e+07 
1563 1621 39981 40021 4.15411e+07 128018 3.23654e+06 95267.4 79302.4 2747.29 1.22604e+07 
6269 6305 49016 49068 1.04409e+08 275136 4.10974e+06 101740 106178 2489.58 3.08124e+07 
5155 5238 47304 47396 1.02208e+08 292513 4.08568e+06 102221 106942 3092.02 3.01619e+07 
5286 5329 45498 45585 9.37895e+07 288709 3.73602e+06 92107.5 92934.4 2743.18 2.76845e+07 
2638 2643 48079 48123 1.19779e+08 285795 4.56346e+06 115846 122036 2852.36 3.53492e+07 
4005 4021 42547 42638 8.40965e+07 177367 2.97241e+06 84084.5 88035.9 2658.23 2.48186e+07 
4599 4629 47157 47197 1.03527e+08 255338 4.22204e+06 101299 101973 2829.75 3.05527e+07 
6335 6368 42885 42899 7.62677e+07 245364 3.05925e+06 73122.1 79008.9 1664 2.25125e+07 
4509 4573 47652 47744 6.48102e+07 233974 4.60849e+06 95964.8 84490.7 2092.36 1.91329e+07 
7504 7593 41681 41707 6.83325e+07 198208 2.71158e+06 66360.1 69468.9 2743.35 2.01624e+07 
4967 5041 41060 41103 7.72834e+07 210016 2.54972e+06 73930.6 76098.8 2717.6 2.28091e+07 
8015 8070 40258 40293 5.98603e+07 143208 2.11163e+06 58932.7 63064.3 2244.34 1.7665e+07 
2133 2222 40071 40080 8.42534e+07 227082 3.242e+06 80089.9 83910.6 1792.68 2.48632e+07 
0 41 48467 48482 1.35185e+08 288110 5.19397e+06 123784 131670 2845.2 3.98943e+07 
6630 6681 40172 40215 6.47939e+07 246356 2.67239e+06 60658.7 66300 2558.41 1.91181e+07 
8604 8649 43855 43894 7.06024e+07 323374 3.01133e+06 71471.8 73787.2 2703.17 2.0832e+07 
3872 3910 41346 41430 8.3067e+07 337215 3.23142e+06 79633.4 83414.6 2568.11 2.45116e+07 
6265 6290 47923 47957 1.00978e+08 368347 4.04756e+06 97992.7 100160 3151.87 2.97982e+07 
5266 5280 49072 49119 1.10611e+08 307102 4.33068e+06 109876 113734 3472.51 3.26402e+07 
5451 5474 45010 45082 5.95102e+07 157010 3.67381e+06 70964.7 86192.4 2241 1.75622e+07 
6102 6168 44354 44452 8.40145e+07 252736 3.27926e+06 78860.4 85878 2600.14 2.48034e+07 
131 190 48254 48343 1.2862e+08 583614 5.00051e+06 129179 135329 2423.03 3.79738e+07 
5808 5894 48674 48755 1.05344e+08 258927 3.6291e+06 106087 108994 3248.9 3.1089e+07 
9000 9052 43484 43559 6.89365e+07 649208 2.81117e+06 66394.9 72040.4 2876.99 2.03608e+07 
8674 8687 41477 41547 6.34569e+07 238200 2.5023e+06 66752.4 67792 2500.07 1.87204e+07 
2126 2223 48937 48990 1.17678e+08 263066 4.29601e+06 123618 128495 3597.16 3.47407e+07 
2187 2274 48655 48695 1.19216e+08 250729 4.74139e+06 115882 126327 3450.79 3.51816e+07 
1274 1285 46002 46030 1.11145e+08 238281 4.50637e+06 109098 118347 3118.41 3.28017e+07 
9491 9520 44859 44946 7.10565e+07 176108 2.43581e+06 71308.2 72851.2 2476.2 2.09803e+07 
8901 8979 48127 48184 8.99236e+07 215050 3.57851e+06 89027.2 89974.7 1835.26 2.65377e+07 
587 614 46447 46468 1.23297e+08 253664 4.58147e+06 117110 124594 2696.2 3.63867e+07 
3543 3624 42035 42131 8.20905e+07 258155 3.38084e+06 85667.5 88367.2 2006.82 2.42326e+07 
1357 1433 47504 47565 1.23528e+08 365402 4.87724e+06 124314 126154 2782.09 3.6461e+07 
1852 1860 46611 46650 1.1624e+08 302808 4.51047e+06 115441 119611 3474.12 3.42991e+07 
8602 8622 42562 42651 6.52122e+07 452945 2.78377e+06 70615.9 65231.7 3309.65 1.92541e+07 
7044 7128 45465 45533 8.85075e+07 313146 3.35724e+06 86399.7 89257.5 2770.09 2.61199e+07 
5384 5385 49154 49196 1.09868e+08 241635 4.25454e+06 108522 112198 3330.85 3.24217e+07 
4140 4233 44580 44619 9.31179e+07 209433 3.22288e+06 92006.6 94332.3 2850.94 2.7483e+07 
8192 8228 42061 42155 6.84052e+07 206523 2.61254e+06 68316.5 70816.2 2641.32 2.01863e+07 
5837 5853 44415 44428 8.5048e+07 173563 2.89985e+06 84416.7 87701 2614.53 2.50967e+07 
6481 6560 48771 48783 1.02037e+08 234804 3.47869e+06 100904 104484 2998.19 3.01111e+07 
3210 3224 47916 47916 1.10137e+08 294382 4.42062e+06 111862 116501 3163.11 3.2501e+07 
3902 3906 46662 46700 1.0253e+08 276616 4.14918e+06 104485 103218 2829.46 3.02625e+07 
2331 2383 42072 42113 8.73634e+07 243115 3.48644e+06 87952.7 91972.8 1745.75 2.57817e+07 
7867 7950 46219 46247 8.38515e+07 219714 3.38892e+06 84972.6 87777.5 1943.84 2.47518e+07 
988 1005 48482 48509 1.30205e+08 252673 4.99762e+06 125816 132092 3664.36 3.84253e+07 
1185 1264 48355 48399 1.30472e+08 334241 4.88611e+06 125974 126784 3826.85 3.85085e+07 
8888 8906 46891 46990 8.27798e+07 207700 2.89086e+06 86196.5 89792.1 3025.39 2.44258e+07 
3713 3779 44555 44565 9.69128e+07 198241 3.20699e+06 96240.9 97790.5 2880.45 2.86154e+07 
5234 5263 41622 41684 7.62771e+07 268952 3.02122e+06 76909.4 80038 2663.46 2.25058e+07 
6013 6085 41581 41624 7.16365e+07 172581 2.99691e+06 72247.6 75233.6 2572.35 2.11433e+07 
8452 8529 45520 45535 8.04836e+07 178429 3.30573e+06 79886.4 84726 3012.98 2.37579e+07 
6314 6333 47854 47867 9.93454e+07 194518 3.98537e+06 95999.2 102003 3405.83 2.93157e+07 
3368 3420 47417 47434 1.11389e+08 245580 3.77218e+06 110202 114346 3601.96 3.28812e+07 
3952 3979 45475 45519 9.84135e+07 294177 3.99719e+06 92242.5 100490 3257.54 2.9048e+07 
4523 4561 46278 46298 1.00737e+08 278968 4.06194e+06 98876.5 102892 2265.07 2.97291e+07 
3501 3565 44761 44763 9.65964e+07 186219 3.9472e+06 96452.4 97939.3 3069.47 2.8514e+07 
791 809 40973 41040 9.45604e+07 216252 3.14823e+06 90301.9 93834.1 3060.83 2.79022e+07 
6894 6992 48792 48816 1.01131e+08 245273 3.43299e+06 99061.1 101882 3360.23 2.98488e+07 
5647 5688 44353 44354 8.60838e+07 251684 2.88884e+06 84409.3 88142.5 2727.38 2.54052e+07 
7871 7969 42551 42648 6.95525e+07 141588 2.7381e+06 71403.1 73372.8 2523.96 2.0523e+07 
5056 5075 49965 50010 1.15374e+08 294353 3.92236e+06 113050 116993 3612.28 3.40578e+07 
6422 6439 46480 46536 5.25021e+07 192990 3.39131e+06 99108.9 87380.9 3203.87 1.54966e+07 
783 788 40407 40407 8.93253e+07 278081 3.45525e+06 83303.5 93196.7 2905.62 2.63629e+07 
9357 9438 40682 40779 5.7039e+07 202723 2.27029e+06 53887.7 58168.5 2152.57 1.68374e+07 
1697 1737 47849 47875 1.2195e+08 255520 4.72013e+06 118379 125808 3055.91 3.5988e+07 
3035 3099 46810 46820 1.04715e+08 244004 4.41794e+06 107090 111221 3122.16 3.09027e+07 
3252 3276 40147 40193 7.75702e+07 161318 2.65877e+06 77144.8 79558 2386.97 2.28962e+07 
6458 6476 47497 47565 9.42384e+07 176402 3.89199e+06 94279.2 98908.9 3021.5 2.78129e+07 
505 577 48422 48450 1.36743e+08 328458 4.88929e+06 130272 130181 3805.16 4.03544e+07 
3068 3073 40707 40807 8.07715e+07 156589 3.12925e+06 80110.7 82921.1 2487.41 2.38404e+07 
6728 6765 40336 40362 6.17384e+07 228295 2.5904e+06 64020 66565.9 1562.31 1.8221e+07 
8008 8041 41584 41668 6.84694e+07 335305 2.60791e+06 68004.7 69736.9 2564.76 2.01982e+07 
4546 4633 42658 42730 8.45207e+07 325339 3.29964e+06 77410.6 85586 2737.93 2.49392e+07 
4082 4181 48373 48447 1.13507e+08 421893 4.44709e+06 108245 115016 3083.95 3.3498e+07 
5349 5373 48010 48082 1.0465e+08 284499 4.06785e+06 103894 107626 2248.37 3.08872e+07 
8080 8167 46886 46959 8.90402e+07 185968 2.9819e+06 88457 91539.7 2958.4 2.62756e+07 
1293 1380 46730 46783 1.18945e+08 277970 4.65497e+06 118070 123930 3010.36 3.51022e+07 
4728 4755 41531 41534 7.83976e+07 231329 3.11846e+06 75514.8 77298.8 2750.73 2.31313e+07 
7561 7630 41995 42089 6.41933e+07 285236 2.67291e+06 68136.3 69975.5 2634.49 1.89413e+07 
4582 4667 40826 40915 7.64869e+07 320587 3.05081e+06 74729.3 77894 1473.12 2.25746e+07 
5967 6013 41769 41777 7.57496e+07 259744 3.01154e+06 72280.9 76138.6 1725.18 2.23525e+07 
7476 7540 46733 46750 9.0319e+07 310910 3.62341e+06 82794.5 92172.4 2506.23 2.66549e+07 
2789 2871 48061 48146 1.1644e+08 223641 3.95077e+06 111638 116427 3227.74 3.43608e+07 
1208 1266 43228 43296 1.0356e+08 303219 3.96967e+06 100413 103423 3038.75 3.05632e+07 
7379 7414 46398 46401 8.69729e+07 345558 3.56409e+06 86297 87385.3 3132.04 2.56669e+07 
5097 5169 48003 48079 7.8808e+07 349525 4.37037e+06 103594 98804.3 3382.8 2.32601e+07 
9511 9541 49519 49545 9.34035e+07 190947 3.62162e+06 91219.8 94264.2 3042.31 2.75662e+07 
9831 9930 41943 41997 6.09174e+07 205852 2.40149e+06 59670.1 60129.8 2298.42 1.7973e+07 
7818 7877 39978 40017 6.03518e+07 339541 2.49995e+06 60362.2 60613.6 2567.94 1.78092e+07 
2412 2501 41375 41385 8.49429e+07 296937 3.46778e+06 84301.3 88916.7 2499.73 2.50653e+07 
3557 3595 40124 40214 7.82858e+07 190673 3.04947e+06 76565.2 77870.3 1654.37 2.31039e+07 
8716 8775 46214 46285 8.30944e+07 314130 3.29836e+06 83803.8 79434.6 3149.75 2.45253e+07 
3643 3662 49634 49646 1.22755e+08 255547 4.76383e+06 117587 123435 3467.85 3.62323e+07 
1813 1825 43891 43980 1.02041e+08 240296 3.42024e+06 102019 105462 2819.61 3.01106e+07 
6490 6569 42504 42546 7.38309e+07 215721 2.97567e+06 73415.7 76575 1694.19 2.17914e+07 
4345 4427 48969 49024 1.14187e+08 348065 4.39676e+06 111327 117759 3398.41 3.36904e+07 
7839 7886 44285 44290 7.51393e+07 200914 3.06938e+06 75857.6 75110.2 2728.21 2.21643e+07 
3843 3884 42460 42530 8.68255e+07 358997 3.43613e+06 83167.9 85241.5 2691.29 2.56261e+07 
917 930 41983 42029 9.88355e+07 370546 3.75399e+06 95944.5 101586 2575.99 2.91797e+07 
2953 3024 48922 48946 1.174e+08 243365 4.07896e+06 118021 124573 3506.93 3.46438e+07 
9217 9243 48137 48219 8.73841e+07 283305 2.82956e+06 88289.4 93756.6 3440.09 2.58026e+07 
233 296 46929 47004 1.26037e+08 325257 4.66633e+06 119284 123704 3374.53 3.72032e+07 
403 438 46151 46249 1.20762e+08 282328 4.05796e+06 117271 125909 3971.01 3.56722e+07 
473 549 40442 40539 9.1168e+07 276383 3.59168e+06 82886.3 92134.6 2511.12 2.69096e+07 
9422 9500 44149 44173 7.0035e+07 200142 2.78915e+06 66622.9 70414 1692.53 2.06685e+07 
6521 6588 43969 44033 8.4109e+07 301863 3.28422e+06 75526.6 82087.3 2791.63 2.48302e+07 
689 729 49140 49235 1.3512e+08 212638 5.15721e+06 127474 134558 3642.95 3.98751e+07 
3612 3709 48379 48409 1.12861e+08 267856 3.89207e+06 110230 114001 3471.96 3.33057e+07 
7073 7137 42187 42247 7.4755e+07 225393 2.86944e+06 69852.8 72624.7 1966.3 2.20638e+07 
546 570 44807 44870 1.09891e+08 231307 3.72343e+06 103084 110514 2209.7 3.24309e+07 
5859 5884 44128 44157 8.46494e+07 228065 3.41744e+06 82721.2 86350.4 2929.22 2.4975e+07 
1411 1469 47613 47649 1.21976e+08 235546 4.85051e+06 119238 122955 3642.59 3.59929e+07 
9204 9250 43107 43139 6.71822e+07 144539 2.7219e+06 65468.5 67929.8 2768.95 1.98308e+07 
6949 6992 49801 49802 1.06232e+08 250045 4.21495e+06 96508.4 106145 3348.31 3.13502e+07 
6320 6323 47274 47289 9.46597e+07 286619 3.73016e+06 94723.7 99434.8 2527.89 2.79364e+07 
6536 6582 48063 48105 9.65243e+07 290952 3.93659e+06 96841.2 96249.4 3176.11 2.8484e+07 
9074 9171 44842 44881 7.22769e+07 517537 2.99281e+06 69391.1 77015.3 3148.29 2.13349e+07 
4139 4228 48613 48622 1.13079e+08 432627 4.45607e+06 104116 114612 3323.99 3.33741e+07 
2374 2410 49303 49334 8.36019e+07 167794 5.21077e+06 104721 117022 3685.84 2.4672e+07 
5339 5353 49904 49950 1.12759e+08 333344 4.61464e+06 110215 114982 2527.97 3.32787e+07 
437 449 46965 47049 1.23609e+08 236929 4.94131e+06 119679 122832 3668.06 3.64777e+07 
5919 5974 44103 44103 8.50737e+07 268078 3.38274e+06 81571.6 87251.9 1770.18 2.5108e+07 
2065 2083 41036 41126 8.65987e+07 311482 3.46437e+06 84412.4 87363.5 2915.5 2.55577e+07 
392 445 46722 46760 7.06079e+07 262486 3.80571e+06 120862 118828 2314.52 2.08333e+07 
497 526 43739 43778 1.04535e+08 213311 4.1248e+06 101255 107183 2884.5 3.08488e+07 
9056 9072 47692 47777 8.77288e+07 265586 3.59995e+06 81773.4 88833 3203.68 2.5891e+07 
9159 9235 40503 40542 5.67638e+07 137429 2.37617e+06 57115 60035.7 2430.26 1.67522e+07 
4155 4208 44376 44438 9.47995e+07 265530 3.63613e+06 88773.4 91404.5 3061.43 2.79757e+07 
3184 3220 44457 44540 9.63802e+07 251306 3.77578e+06 88262 97126.1 3014.88 2.84412e+07 
4695 4733 48094 48105 1.06694e+08 375670 3.5765e+06 106612 110496 2771.57 3.14911e+07 
248 342 42369 42422 1.01436e+08 250963 3.84893e+06 96084.8 100942 1783.61 2.99356e+07 
4192 4274 42326 42376 8.26407e+07 170331 3.30265e+06 79203 83203.2 2713.07 2.4388e+07 
1909 1996 44656 44726 1.05767e+08 248354 4.21055e+06 101748 106119 2753.29 3.12119e+07 
6027 6077 44903 44908 8.42379e+07 308046 3.41346e+06 77171.5 87837.3 2773.27 2.48579e+07 
4278 4285 40891 40956 7.71324e+07 159543 3.15629e+06 74499 79666.6 2608.76 2.27641e+07 
8745 8808 49328 49356 9.56668e+07 197771 3.90414e+06 95012.3 97155.9 3180.72 2.82314e+07 
6148 6156 45160 45254 8.76908e+07 257824 3.38344e+06 83205.5 87382 1693.49 2.58789e+07 
2468 2549 42835 42913 9.3206e+07 275968 3.23572e+06 89888.3 93980.9 1711.97 2.75005e+07 
7622 7650 45703 45755 8.15266e+07 297271 3.44674e+06 75975.7 87732.5 3021.56 2.40588e+07 
3641 3691 45540 45544 1.00689e+08 280830 4.06182e+06 92808 102097 2851.88 2.97107e+07 
4218 4291 43286 43318 8.56954e+07 197837 3.45658e+06 84924.7 89437.8 2637.69 2.52957e+07 
5055 5122 40858 40903 7.45654e+07 261132 3.02528e+06 72553 72874.5 2977.19 2.2005e+07 
7110 7151 42489 42578 7.4436e+07 239691 2.92095e+06 70957.6 74082.6 2627.13 2.19618e+07 
6435 6496 46904 46925 9.45755e+07 237492 3.72646e+06 93695.5 99519.4 1818.76 2.79132e+07 
