4632 4653 51491 51528 1.30766e+08 261037 4.81439e+06 121303 123809 3925.41 3.85916e+07 
7250 7282 54880 54892 1.30128e+08 297332 4.95844e+06 121419 132738 3857.2 3.8403e+07 
3984 4009 53661 53700 1.44843e+08 439422 5.51602e+06 133445 141213 4086.54 4.2739e+07 
6504 6538 58590 58657 1.568e+08 255911 5.24435e+06 148920 155902 4458.86 4.62723e+07 
9444 9482 58971 59034 8.44987e+07 197773 5.84605e+06 144075 140735 4669.43 2.50093e+07 
2073 2129 54189 54240 1.60137e+08 322050 5.32007e+06 150344 157710 3874.77 4.7264e+07 
9338 9384 57325 57362 1.32249e+08 343680 5.10726e+06 125711 134670 4373.91 3.90233e+07 
2498 2596 57446 57495 1.74066e+08 3.07147e+06 7.17903e+06 180856 186118 2985.49 5.15267e+07 
691 765 55809 55809 1.74781e+08 366997 5.79403e+06 164435 175762 4354.43 5.15796e+07 
5673 5710 59576 59617 1.66494e+08 423986 6.48587e+06 162121 167208 3159.71 4.91354e+07 
728 772 58942 59006 1.87812e+08 405106 7.42416e+06 179648 191852 3437.62 5.5424e+07 
2579 2678 59671 59724 1.90015e+08 372459 6.39167e+06 184714 192532 6222.88 5.61114e+07 
1394 1484 50910 50942 1.39821e+08 237276 4.81388e+06 138406 144810 4120.75 4.12717e+07 
8133 8148 50885 50958 1.06548e+08 300661 4.18627e+06 98461.4 106009 3705.84 3.14484e+07 
5347 5392 53494 53542 1.34304e+08 394759 5.17178e+06 128272 135558 2620.38 3.96425e+07 
2660 2754 56394 56492 1.68134e+08 431579 6.38496e+06 159795 166537 2903.22 4.96221e+07 
9767 9853 55246 55250 1.21768e+08 319274 4.59294e+06 109388 119844 3925.64 3.59373e+07 
6386 6418 59726 59754 1.623e+08 291708 6.43982e+06 155483 162853 4332.51 4.78982e+07 
9077 9098 50876 50918 9.08126e+07 275395 4.13631e+06 98425.9 98225.7 1663.45 2.6803e+07 
6626 6674 57401 57414 1.48145e+08 437210 5.91702e+06 144200 152327 3179.73 4.37255e+07 
1251 1326 56422 56516 1.78865e+08 390353 6.94319e+06 165140 175874 4678.26 5.27946e+07 
8352 8408 58637 58733 1.47136e+08 365916 5.69942e+06 141303 147547 4306.35 4.34126e+07 
1793 1795 59838 59926 1.94842e+08 421858 7.40913e+06 184817 195136 5002.84 5.75088e+07 
5959 6001 57748 57839 1.48667e+08 404479 5.90673e+06 149687 155694 4149.76 4.38711e+07 
3963 4008 56233 56293 1.47299e+08 357567 5.92412e+06 148519 151876 4017.16 4.34702e+07 
7731 7755 54022 54034 1.20404e+08 311331 4.72088e+06 121641 126381 3642.96 3.55321e+07 
6663 6682 53573 53669 1.1861e+08 324403 4.7912e+06 123461 127170 2533.93 3.49992e+07 
6702 6753 51734 51786 1.12504e+08 346559 4.5129e+06 114945 122041 3844.17 3.32026e+07 
5717 5721 55408 55490 1.43431e+08 466748 5.45888e+06 138773 139656 4112.06 4.23361e+07 
1431 1470 50298 50363 1.3609e+08 329440 5.26482e+06 127379 140084 4132.12 4.01624e+07 
4417 4479 56028 56125 1.55594e+08 3.55241e+06 6.46015e+06 158610 151528 5870.62 4.60096e+07 
627 711 50510 50556 1.41239e+08 424344 5.38943e+06 135410 139751 3782.86 4.16862e+07 
4244 4251 57606 57644 9.23807e+07 281343 5.80153e+06 151549 155595 4318.78 2.72652e+07 
8331 8423 55139 55199 1.25504e+08 377067 4.9264e+06 119853 125790 4494.22 3.70428e+07 
768 783 51421 51517 1.4957e+08 355371 5.65188e+06 133132 146676 3846.24 4.41384e+07 
5924 6015 59531 59584 1.65139e+08 427883 6.53513e+06 158546 164835 4500.86 4.87275e+07 
2630 2677 57002 57023 1.67141e+08 448893 6.5894e+06 158757 169275 4163.25 4.93215e+07 
601 699 58691 58757 1.95749e+08 504062 7.3148e+06 174894 193424 4235.03 5.77685e+07 
5634 5634 57458 57521 1.56282e+08 423599 6.04676e+06 147773 155703 2841.92 4.61291e+07 
5317 5372 50214 50251 1.18416e+08 367337 4.52698e+06 114900 118495 2439.44 3.49496e+07 
5920 5939 58913 58916 1.58112e+08 299209 6.04019e+06 153574 161193 4161.42 4.66562e+07 
2953 2997 55323 55390 1.57833e+08 345557 6.14047e+06 141273 158537 4242.39 4.65817e+07 
5437 5514 51756 51853 1.19463e+08 369484 4.83004e+06 115864 123599 3367.29 3.52505e+07 
2540 2562 56898 56950 1.72171e+08 481839 6.55632e+06 159838 169128 3117.85 5.0822e+07 
4213 4278 56922 56961 1.6335e+08 3.34137e+06 6.53895e+06 146792 172279 5967.08 4.82385e+07 
2074 2087 56990 57047 1.72392e+08 533854 6.64541e+06 157156 173593 4266.81 5.08722e+07 
85 171 57812 57889 1.88926e+08 597204 7.20692e+06 175012 184233 3584.5 5.57573e+07 
9372 9453 50791 50853 9.67634e+07 192366 3.85094e+06 96405.3 100217 3176.16 2.85549e+07 
2006 2103 57550 57593 1.7978e+08 549865 6.8855e+06 166645 177517 3132.56 5.30556e+07 
4838 4905 56391 56482 1.46831e+08 298145 6.0266e+06 144958 150756 4060.58 4.33362e+07 
9812 9834 56833 56874 1.14943e+08 214679 4.90516e+06 114723 128187 3709.88 3.39235e+07 
4015 4104 58339 58369 1.61668e+08 377405 5.83542e+06 163134 168811 4383.57 4.77159e+07 
4894 4955 52597 52616 1.2627e+08 319041 4.42115e+06 129437 133032 3626.95 3.72783e+07 
167 175 51089 51107 1.4324e+08 314046 5.5069e+06 138684 148252 2522.13 4.22716e+07 
5584 5657 58801 58901 1.47135e+08 339181 6.24354e+06 148360 160453 4172.73 4.34211e+07 
3422 3452 53671 53768 1.43624e+08 381789 5.5055e+06 139808 146157 3658.6 4.23822e+07 
2889 2921 58127 58222 9.35677e+07 268227 5.68166e+06 167491 163721 4269.39 2.76138e+07 
8197 8262 51391 51396 1.09086e+08 278747 4.17178e+06 105975 110259 2665.59 3.21946e+07 
6385 6475 51007 51043 1.09854e+08 222221 3.88591e+06 110396 115528 3313.96 3.24204e+07 
9457 9482 55196 55292 1.15018e+08 226123 4.54382e+06 110805 120051 3653.21 3.39451e+07 
4347 4349 53736 53770 1.41763e+08 277612 5.39587e+06 134083 140514 3691.89 4.18411e+07 
3347 3387 52598 52618 1.39014e+08 339321 5.34232e+06 134580 136451 3794.94 4.10271e+07 
7455 7477 50308 50328 1.05135e+08 255325 4.22925e+06 102010 105228 3346.49 3.10235e+07 
3780 3871 58283 58285 1.58979e+08 388352 6.41955e+06 162375 165586 4325.2 4.69186e+07 
4849 4891 53874 53920 1.40685e+08 308155 5.25517e+06 134906 139169 3697.29 4.15139e+07 
778 803 51030 51082 1.43324e+08 506553 5.60336e+06 135521 146459 4099.13 4.22949e+07 
6976 7043 58095 58100 1.50073e+08 308520 5.13187e+06 155246 156941 4586.78 4.43129e+07 
7507 7534 59977 60039 1.58511e+08 325868 6.09069e+06 154108 154374 4405.06 4.67833e+07 
2771 2855 52681 52771 1.41286e+08 401692 5.59722e+06 137714 139814 4209.82 4.16933e+07 
8948 9013 57923 58002 1.36845e+08 267625 4.6676e+06 137718 140233 3612.16 4.03909e+07 
1301 1308 50721 50791 1.40857e+08 274838 5.40408e+06 137710 140982 3820.43 4.15675e+07 
9698 9783 57886 57895 1.32242e+08 288102 5.17424e+06 122741 134347 3791.06 3.90243e+07 
4878 4898 54657 54671 1.4582e+08 295816 5.53129e+06 137268 143672 3886.76 4.30399e+07 
7494 7527 54624 54642 8.13638e+07 217889 5.29306e+06 114571 103522 2555.21 2.40135e+07 
7809 7859 59262 59267 1.56996e+08 633439 6.06408e+06 147162 152820 3209.83 4.63361e+07 
8096 8105 56884 56956 1.38889e+08 245857 4.61505e+06 130981 138508 4027.02 4.09915e+07 
7014 7014 55809 55826 1.37969e+08 575423 5.43061e+06 131743 134721 3836.73 4.07262e+07 
5479 5502 51219 51283 1.1965e+08 2.21415e+06 4.93605e+06 124009 121000 4849.29 3.53415e+07 
4154 4154 56152 56231 1.57296e+08 411091 5.95456e+06 148571 152757 4107.71 4.64309e+07 
4833 4870 54340 54404 9.38335e+07 273899 5.71178e+06 112220 126200 4014.67 2.76983e+07 
6035 6081 59412 59433 1.65866e+08 318318 5.44112e+06 156629 164127 4943.62 4.89483e+07 
9761 9843 55459 55488 1.23003e+08 242953 4.03729e+06 115925 120314 3886.09 3.63079e+07 
7663 7685 52586 52642 1.18811e+08 304009 4.654e+06 111899 116246 3895.82 3.50611e+07 
4669 4721 56128 56143 1.51854e+08 268151 5.03312e+06 144807 153160 4302.77 4.48162e+07 
657 728 57763 57790 1.86874e+08 630238 7.18838e+06 169519 185160 4224.25 5.5152e+07 
96 195 55011 55046 1.73008e+08 633286 6.50746e+06 159957 170180 2736.59 5.1052e+07 
8585 8636 56978 57054 1.37842e+08 539338 5.35475e+06 130426 136396 2896.82 4.06781e+07 
6602 6681 54754 54842 1.3546e+08 460208 5.3663e+06 127847 132074 3993.37 3.99719e+07 
185 259 59966 60051 2.08288e+08 379043 6.7095e+06 190001 201449 4535.35 6.14717e+07 
6148 6232 57993 58010 1.5085e+08 579703 6.14732e+06 148750 151351 4045.78 4.45234e+07 
1482 1556 50067 50142 1.3294e+08 295873 5.16327e+06 125648 137431 3898.87 3.92343e+07 
461 510 59088 59117 1.92737e+08 365123 7.4109e+06 181668 194103 4286.73 5.68888e+07 
3520 3594 56349 56386 1.59505e+08 254398 6.08077e+06 152217 160285 4119.04 4.70709e+07 
4589 4640 56144 56161 7.71311e+07 142969 6.23729e+06 148163 142946 4286.6 2.27745e+07 
5788 5827 54650 54679 1.37016e+08 430340 5.41307e+06 132615 138367 2872.09 4.04437e+07 
2260 2267 51805 51863 1.42585e+08 288038 5.31485e+06 130340 142864 3586.84 4.2077e+07 
6673 6768 57438 57445 1.51523e+08 255498 4.99945e+06 143641 149702 4336.77 4.47198e+07 
2926 3023 59056 59123 1.81379e+08 441013 6.98309e+06 169484 181746 4570.17 5.35208e+07 
4876 4905 56841 56893 1.4793e+08 597756 6.05768e+06 147304 152340 4183.21 4.36575e+07 
2859 2935 58822 58860 1.3959e+08 291566 7.05664e+06 155811 164496 4225.09 4.11958e+07 
8923 8972 51127 51138 9.57581e+07 221292 4.061e+06 101695 104478 3278.9 2.82612e+07 
3742 3780 58541 58625 1.64684e+08 369048 6.48655e+06 157119 172462 4445.75 4.86002e+07 
1422 1470 56484 56555 1.64285e+08 370389 6.56973e+06 168106 171391 4098.65 4.84895e+07 
5878 5887 50687 50746 1.05636e+08 249567 4.50933e+06 114078 116454 2335.23 3.1174e+07 
4783 4815 53772 53803 5.05259e+07 135849 5.12948e+06 141876 116940 2714.47 1.49156e+07 
3964 4051 54129 54178 1.47691e+08 337754 5.50544e+06 139325 141159 3838.44 4.35898e+07 
7634 7666 58753 58792 1.29028e+08 252194 5.07255e+06 143643 150653 3946.82 3.80802e+07 
2794 2880 51655 51663 1.36452e+08 338257 5.28598e+06 130429 138541 2557.28 4.02742e+07 
3271 3367 53648 53699 1.34673e+08 328471 5.46627e+06 138915 145148 3708.59 3.97374e+07 
7772 7871 55529 55621 1.20576e+08 293305 5.02492e+06 128651 133813 4034.01 3.55849e+07 
4520 4560 51786 51882 1.15128e+08 225081 4.92458e+06 120916 127919 2411.43 3.39715e+07 
5185 5189 58219 58228 1.59235e+08 418597 6.1905e+06 155640 156677 4406.89 4.69967e+07 
5917 5919 52692 52779 1.22132e+08 295144 4.87939e+06 116380 130048 3874.65 3.60508e+07 
6573 6579 55495 55502 1.35021e+08 335183 5.29305e+06 133483 139407 2788.02 3.98453e+07 
776 782 57455 57516 1.6674e+08 369562 6.89273e+06 158671 185304 4261.67 4.92088e+07 
9767 9827 57668 57681 1.31591e+08 290880 4.34572e+06 130904 133560 3664.05 3.88433e+07 
9774 9844 51190 51214 1.03682e+08 240908 3.84776e+06 96399.1 102029 2347.7 3.05944e+07 
8848 8876 51615 51616 1.04858e+08 272428 4.21923e+06 104731 107871 3107.61 3.09441e+07 
2380 2390 52048 52120 1.40243e+08 294683 5.37536e+06 138100 144112 3392.91 4.13887e+07 
7322 7337 51100 51131 1.14247e+08 380671 4.2309e+06 112369 114412 3510.52 3.371e+07 
2255 2278 58447 58463 1.74665e+08 292391 6.83745e+06 173577 180459 4431.35 5.15544e+07 
7410 7479 50089 50187 1.04066e+08 236711 3.58195e+06 103134 105634 3343.13 3.07157e+07 
8678 8684 55627 55642 1.29575e+08 293720 4.85755e+06 126547 126767 3778.4 3.82453e+07 
6851 6948 59192 59200 1.59543e+08 499127 6.02143e+06 147070 162241 4520.17 4.70796e+07 
8928 9025 57600 57625 1.37829e+08 403858 5.25248e+06 127244 139832 3893.5 4.06824e+07 
6732 6774 57665 57704 1.48331e+08 460468 5.85146e+06 146037 152042 2738.83 4.37843e+07 
5079 5103 55200 55241 1.421e+08 349243 5.51486e+06 132210 145166 3956.59 4.19341e+07 
9660 9722 53900 53925 1.11623e+08 237048 3.80182e+06 108869 111266 3947.1 3.294e+07 
4475 4554 55388 55421 1.17983e+08 488076 5.45195e+06 141257 139033 2817.59 3.48274e+07 
6556 6648 57709 57775 1.47137e+08 364649 5.98172e+06 142451 149737 2893.65 4.34224e+07 
8587 8627 54609 54694 1.20289e+08 213724 4.84843e+06 118530 125557 3751.53 3.55005e+07 
5425 5463 56957 57016 1.52256e+08 605711 6.04796e+06 146045 154310 5201.7 4.49326e+07 
8595 8636 56475 56517 1.30713e+08 338701 5.19858e+06 126588 130292 4268.02 3.8573e+07 
8446 8484 50982 51069 1.05856e+08 191483 4.29773e+06 101840 106590 3792.83 3.12369e+07 
5676 5768 50237 50260 1.15023e+08 230886 4.64793e+06 114261 120768 3978.58 3.39657e+07 
1770 1823 50724 50732 6.78951e+07 280722 4.71828e+06 138869 110427 4222.84 2.00347e+07 
5938 5999 50784 50861 1.19348e+08 823474 4.69795e+06 115298 115102 4692.05 3.52554e+07 
1026 1100 54679 54713 1.71193e+08 406090 6.24176e+06 161577 168307 3506.3 5.05225e+07 
2536 2545 56132 56220 1.6599e+08 327383 6.41363e+06 157084 166059 4181.75 4.89845e+07 
6017 6058 53300 53371 1.2723e+08 307821 5.09892e+06 121432 128900 3707.99 3.7546e+07 
1522 1568 55747 55810 1.66382e+08 352767 6.41573e+06 162375 170339 3131.97 4.91062e+07 
7650 7743 52266 52277 1.18341e+08 462185 4.61249e+06 112583 116715 2652.86 3.49359e+07 
1746 1796 59129 59211 1.90977e+08 456078 7.36421e+06 172466 188817 4546.64 5.63686e+07 
7959 7978 54837 54905 1.31789e+08 262037 5.10862e+06 124701 130338 4084.04 3.88987e+07 
1840 1903 50805 50862 1.41022e+08 465790 5.41077e+06 136739 144735 2836.5 4.16338e+07 
5505 5590 50424 50428 1.17016e+08 472338 4.55488e+06 113030 113520 3279.48 3.454e+07 
4110 4201 50862 50946 1.23389e+08 362935 4.93311e+06 121493 126917 3612.73 3.64134e+07 
7937 7996 57452 57501 1.44103e+08 376875 5.46298e+06 137981 145055 3149.86 4.25281e+07 
7748 7777 58839 58929 1.50592e+08 328977 5.74201e+06 146648 153715 4353.69 4.44376e+07 
2523 2590 50926 50974 1.34923e+08 314381 5.34612e+06 128899 136309 3759.64 3.98244e+07 
3298 3333 52612 52670 1.41663e+08 386908 5.38965e+06 135200 141242 2861.9 4.18078e+07 
8231 8299 50802 50889 1.06215e+08 232647 4.16974e+06 98704.3 104892 3508.25 3.13453e+07 
4863 4884 54663 54747 1.43763e+08 353771 5.58166e+06 134656 143574 4229.67 4.24244e+07 
8062 8148 58391 58447 1.48701e+08 275164 5.7207e+06 139543 147904 3867.82 4.38858e+07 
6175 6201 53388 53442 1.2881e+08 246707 4.29837e+06 124007 126568 3508.1 3.80162e+07 
1405 1441 51953 52026 1.4888e+08 487551 5.8219e+06 139547 148950 2871.37 4.3937e+07 
3908 3978 52641 52660 1.33609e+08 545484 5.3274e+06 124164 136422 3838.82 3.94286e+07 
1059 1111 50338 50385 9.333e+07 261252 5.03639e+06 133304 117561 3891.89 2.75447e+07 
7073 7136 59113 59138 1.55877e+08 575106 6.13036e+06 139942 156406 4244.89 4.60071e+07 
3270 3357 50960 51035 1.33631e+08 476649 5.1317e+06 119320 132331 3813.44 3.94405e+07 
1497 1513 52461 52542 1.53254e+08 618338 5.91698e+06 145113 148164 4201.06 4.52303e+07 
2139 2208 58005 58030 1.76198e+08 602111 7.001e+06 170965 171868 4240.47 5.19988e+07 
5376 5447 52682 52757 1.2624e+08 384673 5.08202e+06 124387 129801 3575.87 3.72533e+07 
3590 3686 57304 57395 1.65074e+08 535788 6.47343e+06 155372 163970 2921.77 4.87136e+07 
1807 1898 53703 53706 1.44587e+08 550091 6.16943e+06 144107 152792 3017.52 4.26695e+07 
1794 1798 57652 57695 1.83538e+08 667852 6.9677e+06 164082 183121 4671.1 5.41715e+07 
8123 8137 54899 54930 1.29756e+08 567674 5.06619e+06 121483 129591 3058.69 3.82972e+07 
2906 2972 57941 57945 1.7745e+08 607158 6.79453e+06 167456 172812 2961.34 5.23699e+07 
9030 9091 50409 50465 9.9166e+07 251672 3.97539e+06 95238.8 100350 3118.17 2.92672e+07 
8735 8755 56181 56279 1.27427e+08 259473 5.2317e+06 127323 132088 3461.1 3.76128e+07 
3955 3992 56826 56871 1.63102e+08 411875 6.14267e+06 151279 161026 3679.46 4.81396e+07 
1982 1999 56993 57080 1.73743e+08 448929 6.81008e+06 165103 168291 5080.47 5.12762e+07 
749 813 53825 53854 1.58717e+08 568424 6.28837e+06 153435 158531 4781.57 4.68479e+07 
8522 8603 52978 52980 1.15495e+08 328397 4.52183e+06 112266 113843 3693 3.40951e+07 
1814 1876 59892 59937 1.9322e+08 587200 7.56022e+06 177917 192730 4877.24 5.703e+07 
1547 1608 58618 58685 1.87184e+08 323971 7.23873e+06 177815 186731 5036.12 5.52449e+07 
6835 6919 56916 57001 1.38026e+08 330558 5.59365e+06 132771 145976 4034.05 4.07319e+07 
9762 9843 51840 51864 1.01392e+08 260974 3.91538e+06 101529 103325 3203.17 2.99183e+07 
7177 7244 57705 57746 1.47447e+08 489395 5.81629e+06 139691 147977 2901.81 4.35127e+07 
4295 4369 56088 56154 1.52374e+08 562390 6.00268e+06 138857 156660 3894.74 4.49753e+07 
2834 2901 51256 51288 1.29072e+08 254114 4.5755e+06 121903 136928 3583.32 3.80893e+07 
5839 5916 58147 58230 1.50318e+08 656316 6.1258e+06 154976 155877 4162.62 4.43646e+07 
5091 5160 54236 54317 1.33044e+08 252141 4.73477e+06 135391 141404 3821.23 3.92652e+07 
6517 6543 50909 50923 1.0853e+08 2.36113e+06 4.73342e+06 118119 124989 2455.36 3.20417e+07 
9538 9629 51371 51397 9.85359e+07 290507 3.86475e+06 92914.4 101936 3055.64 2.90802e+07 
6796 6802 52563 52652 1.13565e+08 299298 4.70089e+06 116939 122238 2627.46 3.35151e+07 
8421 8485 56971 57022 1.30069e+08 244786 5.25081e+06 131421 138845 3657.06 3.83804e+07 
8016 8049 52542 52636 1.09445e+08 220273 4.48156e+06 110273 112560 3612.4 3.22998e+07 
5314 5354 59852 59903 1.45022e+08 337792 6.55573e+06 161928 174713 3567.16 4.28045e+07 
8970 9060 58627 58635 1.36658e+08 253365 4.75751e+06 138490 142219 3894.87 4.03302e+07 
4546 4601 50098 50098 1.03245e+08 217145 4.58313e+06 108268 119135 3200.51 3.04694e+07 
3194 3224 52441 52442 1.27577e+08 255532 5.26833e+06 132722 140895 3321.94 3.76492e+07 
4552 4554 50529 50563 1.19033e+08 269481 4.66681e+06 114689 122525 2648.12 3.51272e+07 
4525 4584 52274 52349 1.24794e+08 232338 4.46576e+06 124209 132617 3430.71 3.68275e+07 
8111 8129 59707 59752 1.55656e+08 418221 5.98308e+06 151736 152362 4753.91 4.59404e+07 
3801 3837 55911 55978 1.57789e+08 305290 5.89883e+06 149111 157516 3961.36 4.65624e+07 
3577 3607 55324 55359 1.40767e+08 325664 5.76737e+06 148773 153655 3569.47 4.15478e+07 
4322 4347 51187 51236 1.06129e+08 248439 4.78948e+06 120312 125026 3573.43 3.13199e+07 
8886 8968 52768 52779 1.13152e+08 295200 4.31725e+06 110050 114800 3448.15 3.33907e+07 
7737 7790 55937 55988 1.26326e+08 265575 5.21234e+06 130582 134101 2833.38 3.72766e+07 
768 796 59197 59225 1.89525e+08 448717 6.68561e+06 203737 215841 7785.62 5.60727e+07 
6192 6216 50274 50294 1.13102e+08 260911 4.28042e+06 109135 110233 3177.97 3.33789e+07 
7497 7597 52704 52762 1.2062e+08 338338 4.562e+06 109231 118839 3761.53 3.5594e+07 
1658 1680 55464 55491 1.68411e+08 326177 5.60259e+06 160065 167763 4045.2 4.96986e+07 
5637 5676 56848 56942 1.39664e+08 275991 5.73141e+06 143580 149203 4025.25 4.12134e+07 
9456 9514 52831 52906 1.03202e+08 284702 4.18946e+06 105160 110553 3414.26 3.0454e+07 
607 607 56292 56341 1.75297e+08 394233 6.61355e+06 168252 176194 4233.79 5.17327e+07 
3977 4045 52474 52482 1.33662e+08 408364 5.1571e+06 130726 131544 3733.02 3.94494e+07 
315 370 50550 50649 1.42887e+08 321595 5.49514e+06 135427 147099 3731.99 4.21679e+07 
8322 8387 50298 50328 1.03818e+08 280718 4.05118e+06 100957 104897 2971.95 3.06382e+07 
1515 1565 55518 55548 1.6647e+08 403155 6.36475e+06 153492 167555 4049.37 4.91313e+07 
2607 2624 53118 53150 1.43697e+08 365707 5.59463e+06 140010 147414 2671.62 4.24063e+07 
1627 1703 54153 54251 1.64e+08 287429 5.41558e+06 153004 159274 4040.97 4.83999e+07 
6540 6599 54657 54673 1.37268e+08 284658 4.49171e+06 127902 135617 3881.5 4.05093e+07 
1800 1874 57292 57360 1.79508e+08 321429 6.63647e+06 171784 179986 4489.86 5.2992e+07 
1091 1147 51811 51824 1.49569e+08 1.05402e+06 5.72455e+06 147504 146732 5320.87 4.41502e+07 
2615 2652 57140 57163 1.70618e+08 331144 5.80161e+06 169799 175534 4736.95 5.03775e+07 
6794 6894 59422 59422 1.4831e+08 353634 6.10419e+06 158058 156771 4313.41 4.3767e+07 
9726 9825 58532 58551 1.37848e+08 378384 5.29885e+06 134225 141017 2975.28 4.06873e+07 
6907 6951 55744 55760 1.35223e+08 360626 5.31108e+06 127885 138290 3940.97 3.99049e+07 
5300 5331 59865 59907 1.67272e+08 443434 6.64438e+06 167231 175787 3597.4 4.93745e+07 
8438 8510 56534 56538 9.12132e+07 290658 5.27799e+06 133076 115851 4038.22 2.69155e+07 
4441 4516 58335 58349 1.68931e+08 368839 6.25931e+06 159767 165767 4316.7 4.98501e+07 
3755 3774 55643 55650 1.53364e+08 388770 5.87553e+06 148049 150648 4190.79 4.52598e+07 
3714 3722 56387 56438 1.56425e+08 278685 5.25105e+06 153886 159122 4113.92 4.61646e+07 
2097 2118 54380 54393 1.5226e+08 378455 6.01967e+06 151643 153104 4003.65 4.49321e+07 
4569 4569 50490 50557 7.72759e+07 264427 4.97323e+06 105563 97974.1 3447.25 2.28157e+07 
6563 6645 59409 59503 1.56365e+08 433592 6.21241e+06 153921 164898 3626.9 4.61525e+07 
2035 2117 58948 58961 1.88174e+08 344895 6.19543e+06 178827 186033 4371.7 5.55408e+07 
5350 5441 51916 51973 1.2226e+08 331686 4.80276e+06 121424 128179 2464.42 3.60838e+07 
6767 6832 58078 58124 1.30418e+08 435319 6.05904e+06 146281 150047 2831.22 3.84904e+07 
8725 8823 53192 53278 1.14985e+08 643908 4.61116e+06 112437 115167 4901.87 3.39506e+07 
3325 3415 55987 56053 1.57915e+08 565487 6.17312e+06 150386 159907 4191.66 4.6597e+07 
834 854 55056 55105 1.70473e+08 598663 6.51326e+06 159808 168324 3266.85 5.03119e+07 
3445 3534 53778 53862 5.5733e+07 510176 5.81112e+06 130883 122539 3919.76 1.64491e+07 
2998 3090 58040 58067 1.77899e+08 319749 6.70712e+06 163980 175556 4462.12 5.25001e+07 
8892 8927 53596 53613 1.17629e+08 376119 4.56771e+06 110936 118822 3336.41 3.47114e+07 
3222 3304 59026 59076 1.80304e+08 543012 6.94409e+06 161571 179666 4320.09 5.32148e+07 
6202 6221 52936 52939 1.25676e+08 526360 4.99448e+06 115861 126493 3576.7 3.70874e+07 
9879 9890 50443 50524 9.20357e+07 384285 3.83025e+06 93102.8 96869.1 3263.86 2.71591e+07 
1895 1910 57454 57534 1.80203e+08 371799 5.88777e+06 169419 177779 4186.99 5.31786e+07 
4402 4419 58715 58747 1.6236e+08 542135 6.48602e+06 159565 168438 4284.4 4.79107e+07 
5056 5075 49965 50010 1.15374e+08 294353 3.92236e+06 113050 116993 3612.28 3.40578e+07 
976 1062 58990 59047 1.9309e+08 437367 6.93022e+06 185821 195361 5462.9 5.699e+07 
6605 6671 57676 57723 1.51852e+08 368306 5.72757e+06 147350 147563 4051.01 4.48123e+07 
2806 2844 59394 59399 1.79215e+08 680665 7.1371e+06 175699 183960 3083.72 5.28999e+07 
2897 2951 59432 59523 1.7869e+08 319956 6.97416e+06 177799 184666 4452.23 5.27376e+07 
8567 8663 51237 51286 1.04335e+08 236467 3.55328e+06 103873 107937 3116.78 3.07977e+07 
8448 8491 56763 56803 6.70584e+07 428898 5.52232e+06 120077 104566 4054.28 1.97934e+07 
1139 1230 52453 52462 1.52661e+08 318709 5.16328e+06 148400 155785 4018.61 4.50538e+07 
279 326 52799 52828 1.54016e+08 262376 5.92977e+06 151244 157629 3588.52 4.54592e+07 
6844 6863 52951 52960 1.21418e+08 265269 4.76157e+06 118212 123823 2833.24 3.58349e+07 
9603 9678 58847 58944 1.39528e+08 479899 5.55375e+06 126707 138938 4017.44 4.11733e+07 
8617 8672 55128 55141 1.22946e+08 414599 4.90389e+06 120057 125066 3743.31 3.628e+07 
278 336 54795 54848 1.39452e+08 548585 6.74826e+06 154774 147832 3189.1 4.11578e+07 
5541 5586 51296 51302 1.21662e+08 580227 4.79235e+06 109866 124652 4117.23 3.59034e+07 
4878 4878 52819 52867 1.24306e+08 255311 5.04569e+06 125919 129704 3652.67 3.6686e+07 
3063 3122 56874 56911 1.62877e+08 287466 5.46961e+06 156873 165665 4045.58 4.80662e+07 
5634 5669 52639 52711 1.24128e+08 260353 4.34905e+06 123890 129158 3668.52 3.66311e+07 
3537 3632 53366 53414 1.39645e+08 431155 5.43776e+06 130194 142387 3733.53 4.12119e+07 
7471 7488 57129 57151 1.39286e+08 439388 5.4279e+06 135642 142351 4320.84 4.11034e+07 
7843 7930 54865 54947 1.28237e+08 311605 5.0173e+06 122482 129446 3023.13 3.78438e+07 
7262 7320 56201 56298 1.36925e+08 357115 4.53502e+06 134237 144188 4607.71 4.04148e+07 
6694 6759 56348 56410 1.42208e+08 518577 5.66009e+06 134134 142989 2928.07 4.1973e+07 
3498 3589 53168 53260 1.41168e+08 521914 5.55643e+06 127660 141042 3799.85 4.16598e+07 
5310 5336 54902 54994 1.39291e+08 381917 5.48831e+06 135133 140919 3759.95 4.11032e+07 
3861 3863 51536 51621 1.30836e+08 408756 5.01304e+06 125592 127407 3652.46 3.86108e+07 
3995 4005 53884 53952 1.44242e+08 389217 5.45512e+06 139511 141103 3962.54 4.25755e+07 
2450 2500 56264 56364 1.70474e+08 1.68253e+06 6.57756e+06 162915 165079 5362.73 5.03379e+07 
359 388 55013 55055 1.72988e+08 571226 6.46192e+06 154084 170437 4083.87 5.10541e+07 
6107 6168 54387 54389 1.35019e+08 275713 5.31877e+06 132711 137388 3817.05 3.9856e+07 
6480 6536 53573 53620 1.28912e+08 454670 4.9911e+06 120836 126875 2570.38 3.80452e+07 
4820 4826 52431 52467 1.32436e+08 265738 5.22751e+06 126689 130347 3671.82 3.90829e+07 
7904 7907 51294 51335 6.16882e+07 202810 4.62848e+06 100189 78030.4 2474.15 1.82069e+07 
9041 9075 57825 57919 1.41984e+08 275442 4.698e+06 136379 141183 3798.91 4.19113e+07 
6467 6524 55749 55790 1.36147e+08 303505 5.39435e+06 134907 138362 3873.45 4.01778e+07 
8323 8335 51973 52025 1.08186e+08 231843 3.7229e+06 108209 110435 3160.9 3.19287e+07 
1083 1143 53826 53833 1.59873e+08 325398 6.06109e+06 154447 164120 4165.88 4.71794e+07 
5181 5203 51303 51320 1.22483e+08 311900 4.70915e+06 118243 124165 2475.4 3.61438e+07 
3728 3750 52970 53027 1.36236e+08 465533 5.48217e+06 127849 138670 3482.17 4.02186e+07 
2848 2887 54676 54691 5.87273e+07 240617 5.82503e+06 137595 143501 4010.16 1.73313e+07 
7296 7339 59040 59072 8.98146e+07 297834 6.26026e+06 112269 128748 4165.23 2.65124e+07 
3924 4019 51180 51264 1.31046e+08 261451 5.1028e+06 122671 129406 3919.57 3.86718e+07 
6157 6254 52552 52641 1.27351e+08 312419 4.73207e+06 122040 123052 3858.24 3.75892e+07 
5322 5388 55488 55499 1.48096e+08 454834 5.46238e+06 144408 148480 4293.74 4.36992e+07 
571 578 57026 57113 1.84088e+08 403724 6.0235e+06 174067 182968 4211.01 5.43322e+07 
2805 2847 52348 52358 1.43263e+08 375203 5.45571e+06 136557 143044 2467.83 4.2282e+07 
138 139 55173 55233 1.34121e+08 357695 5.73504e+06 168016 163896 3783.52 3.9589e+07 
9773 9778 55511 55591 1.19651e+08 271846 4.74422e+06 115435 120667 3653.85 3.53149e+07 
3685 3781 52885 52890 1.34213e+08 325975 5.34628e+06 131970 133695 4038.52 3.96063e+07 
5425 5491 56504 56576 1.4893e+08 486308 5.92142e+06 143324 146982 4430.77 4.39615e+07 
1335 1382 55371 55390 1.35194e+08 265075 6.8137e+06 144553 151879 4394.58 3.98985e+07 
8934 8978 54299 54353 1.21788e+08 448116 4.75354e+06 109414 123864 4272.29 3.5946e+07 
3349 3445 56589 56631 1.65239e+08 363172 6.36104e+06 153916 160193 4835.38 4.8764e+07 
5038 5128 51969 52063 1.25656e+08 301027 4.99907e+06 119789 127109 2501.51 3.70863e+07 
796 869 54803 54902 1.6627e+08 347698 6.48047e+06 150824 167776 5065.64 4.9069e+07 
8328 8344 59217 59293 1.48022e+08 377736 5.92667e+06 145198 146639 4626.99 4.36854e+07 
3396 3400 50719 50764 1.00315e+08 293359 4.1086e+06 123383 125515 2718.78 2.96091e+07 
1975 2036 58096 58127 1.80173e+08 376504 7.0794e+06 169304 179615 4355.82 5.31869e+07 
6481 6493 54570 54572 1.33168e+08 411930 5.28171e+06 128348 135451 2851.06 3.9306e+07 
9206 9233 58471 58531 1.38679e+08 325684 5.53025e+06 132074 140842 2821.34 4.09299e+07 
9112 9185 56334 56411 1.28885e+08 276629 5.14855e+06 117610 129286 3839.92 3.80304e+07 
326 381 57250 57254 1.83694e+08 489156 7.0022e+06 172294 175986 4392.17 5.42129e+07 
4705 4708 51906 51972 1.25643e+08 368644 5.01498e+06 123230 123750 3870.83 3.70778e+07 
3637 3692 57504 57520 1.65292e+08 574947 6.48093e+06 158111 169858 2872.85 4.87868e+07 
1209 1225 58093 58189 1.84051e+08 510522 6.27363e+06 177170 184887 4251.42 5.432e+07 
5342 5418 51334 51431 1.22137e+08 365804 4.89289e+06 116790 122797 2531.88 3.60438e+07 
3709 3730 53222 53260 1.41143e+08 467494 5.45617e+06 128380 139981 4161.3 4.16547e+07 
61 108 59320 59373 1.99228e+08 584764 7.56678e+06 186385 191001 4188.96 5.87972e+07 
6641 6694 57741 57793 1.47802e+08 425833 5.94745e+06 145122 149429 2861.26 4.36206e+07 
2134 2134 54982 54999 1.58685e+08 256407 6.19258e+06 152982 159790 4219.33 4.68297e+07 
6653 6680 56096 56167 1.42979e+08 386280 5.59418e+06 136087 142631 2606.09 4.22027e+07 
7417 7422 54913 55013 1.21111e+08 377043 5.07592e+06 118689 127850 4088.65 3.5742e+07 
8098 8121 56643 56689 1.39972e+08 421140 5.36731e+06 133135 134607 4427.57 4.13045e+07 
4648 4709 55506 55569 1.48424e+08 423674 4.89742e+06 142832 148459 2794.94 4.38002e+07 
6059 6062 50480 50498 1.13098e+08 574837 4.50507e+06 104958 115203 3711.68 3.33833e+07 
9307 9394 52873 52945 1.07732e+08 307895 3.69539e+06 105983 109363 2456.27 3.17936e+07 
8620 8657 57669 57709 1.38712e+08 472242 4.71213e+06 135358 141805 2597.73 4.09451e+07 
8633 8722 57458 57472 1.37433e+08 449387 5.51135e+06 133027 138114 2944.44 4.056e+07 
4762 4804 58922 58998 8.04768e+07 385699 3.7465e+06 161839 154189 1569.41 2.37531e+07 
7103 7137 53610 53707 1.2409e+08 413862 4.85174e+06 112786 122423 4204.03 3.66221e+07 
7650 7693 56188 56258 1.34109e+08 377758 4.59713e+06 130998 137263 2766.37 3.95806e+07 
1874 1887 55871 55885 1.69363e+08 315694 6.61542e+06 158802 167587 4222.7 4.99778e+07 
2384 2477 52547 52551 1.42164e+08 272331 5.6948e+06 136902 141973 4029.57 4.1956e+07 
3569 3598 52415 52475 1.30601e+08 405502 5.40736e+06 132997 137942 3664.4 3.85396e+07 
458 500 51148 51210 1.49586e+08 1.12418e+06 5.77072e+06 143621 155290 3023.7 4.41709e+07 
4076 4115 52720 52779 6.44874e+07 160035 5.51642e+06 119465 98127.2 4633.56 1.9041e+07 
4697 4712 58989 59024 1.69572e+08 1.26831e+06 6.65375e+06 165299 172478 5666.95 5.0026e+07 
7284 7311 54070 54162 1.26506e+08 292529 5.08419e+06 121154 128611 4232.87 3.73283e+07 
4170 4196 58078 58134 1.6615e+08 522383 6.5136e+06 157622 165227 2857.72 4.90299e+07 
4765 4790 59031 59102 1.71603e+08 318475 6.60131e+06 159748 169321 4746.86 5.06384e+07 
5107 5175 50823 50890 1.18182e+08 288983 4.67752e+06 116684 120548 3548.7 3.48782e+07 
5162 5233 58757 58790 1.65382e+08 354636 6.28008e+06 159500 158036 4245.73 4.88129e+07 
