5606 5681 67557 67583 8.38634e+06 3.09809e+06 37716.5 2814.3 91491 5059 91498 85.0718 -nan -nan -nan -nan -nan -nan -nan -nan -nan -nan 4.76901e+06 
1699 1767 60727 60796 8.44202e+06 3.19277e+06 10266.5 76319.7 81741.1 4668 84047 48 17881.7 -nan -nan -nan -nan -nan -nan -nan -nan -nan 4.47876e+06 
4724 4751 66174 66216 1.00599e+07 3.76999e+06 24650.4 80344.7 0 -nan -nan -nan -nan 147664 3.26265e+06 95048 4 3.06079e+06 -nan -nan -nan -nan 6.01008e+06 
6572 6586 61784 61861 3.18596e+07 1.20592e+07 45700.1 8874.18 76045.7 4748.13 76981.6 32.3622 15186.1 136924 2.35863e+06 -nan -nan -nan -nan -nan -nan -nan 1.62733e+07 
4633 4731 60639 60694 1.14287e+08 2.11553e+07 192928 13013.5 84634.2 6856.78 75796.9 57.3924 14996.9 151122 2.43818e+06 86512.3 6.74965 2.56328e+06 20417.4 57.6799 -nan -nan 5.39787e+07 
7832 7861 69593 69641 2.18446e+08 1.38524e+07 226902 10177.3 96682.8 3180.16 100652 65.0329 19025.4 191660 2.90616e+06 102417 24.38 2.97412e+06 24354.4 5.41752 24181 18356.8 6.49976e+07 
3727 3790 67737 67762 2.42701e+08 7.5446e+06 204068 5949.21 96474.3 3111.75 97514.6 71.8563 20211.6 202039 4.6497e+06 126883 195.075 4.79421e+06 27708.3 0 26808.1 22693.3 7.18192e+07 
5533 5555 69732 69818 2.45104e+08 7.65024e+06 206678 6302.55 102425 5223.61 107756 369.159 25410.3 229674 4.46386e+06 117081 13.5894 3.316e+06 27425.1 6.03933 26561.4 24019.6 7.24656e+07 
3856 3906 60198 60283 1.86568e+08 6.23615e+06 166041 5994.46 80924.9 5884.85 -nan 607.881 23174.3 178850 3.3796e+06 89581.2 10.3424 2.45059e+06 20716.1 0 20955 17953.1 5.51444e+07 
4059 4068 67603 67673 2.35117e+08 7.8691e+06 205315 7435.58 95125.8 3632.95 96574.5 69.6474 19493.9 194347 3.16474e+06 116308 52.2186 3.21924e+06 26217.5 50.6442 26840 23480.8 6.96137e+07 
705 736 65384 65413 2.45302e+08 7.99055e+06 215463 7767.05 105446 5128.34 119047 469.398 26070.4 227763 3.15729e+06 112964 9.06373 3.18733e+06 26865.6 6.04261 26189.3 24004.6 7.25011e+07 
2012 2069 68990 69037 2.631e+08 8.55947e+06 238543 7466.47 110338 5177.64 121470 2971.36 30448.3 293812 4.7588e+06 132812 38.886 3.53115e+06 29944.7 6.48021 29525.2 25516.3 7.76758e+07 
7843 7876 61171 61229 1.69096e+08 5.4619e+06 146378 5721.89 69481.4 5134.24 -nan -nan 37189.8 172875 3.31846e+06 90062.2 9.37538 2.3478e+06 18904.9 0 18371.9 15529.2 4.99792e+07 
8841 8842 61462 61465 1.00744e+08 3.84615e+07 500648 18587.5 87008.2 7032.38 70212.3 50.7691 13845.4 135670 2.22545e+06 77815.4 32.84 2.22978e+06 18092.7 46.7045 -nan -nan 4.77537e+07 
5318 5335 69913 69981 2.3642e+08 1.2983e+07 234599 11861.9 102290 3224.47 99635.7 70.0946 20182.8 201370 3.14247e+06 114444 26.2787 3.63654e+06 29319.1 0 24851.6 21150.4 7.00532e+07 
3323 3421 64567 64664 2.19054e+08 1.34827e+07 219084 14131.8 90411.8 3125.85 89957.1 65.1817 18925.7 190038 2.99488e+06 105378 12.219 3.01048e+06 24643.8 28.7054 23571.8 20113.6 6.51449e+07 
8499 8546 62615 62628 1.7121e+08 5.75481e+06 152064 6069.6 73414.4 3099.17 71457.7 47.5453 14879.6 147281 2.45204e+06 85947.9 328.432 2.42419e+06 -nan 0 19184.2 15945.6 5.06859e+07 
6425 6507 60516 60562 1.72334e+08 1.00557e+07 167275 9171.11 77642.9 2301.08 73227.5 51.4122 14971.3 149803 2.39336e+06 85171.3 137.905 2.43425e+06 18347.1 -nan -nan -nan 5.13702e+07 
711 759 61691 61701 2.23062e+08 7.06054e+06 190334 7490.3 92802.3 3260.34 93740.2 66.051 17927.3 180708 2.8597e+06 100891 296.061 4.7301e+06 27941 0 23724.4 22193.4 6.60225e+07 
592 592 68169 68186 2.68439e+08 8.82239e+06 236469 8264.04 112026 4057.62 106797 79.47 22254 226338 3.67476e+06 140713 25.2112 4.69792e+06 29129 35.56 29651.7 25440.9 7.94396e+07 
63 151 67620 67624 2.69743e+08 8.32711e+06 223483 5509.27 107234 10796.9 118711 292.045 25754.5 223177 3.47397e+06 124103 9.96847 3.51089e+06 30035.5 0 30329.1 26021.8 7.97314e+07 
9717 9801 69171 69239 1.85703e+08 1.86469e+07 233946 13199.9 101137 3566.71 87492.7 65.1308 17179 168645 2.70898e+06 94223.2 10.8521 2.81183e+06 22930.7 38.1315 25266.8 -nan 5.78611e+07 
5026 5096 64441 64479 1.92411e+08 6.73876e+06 183261 26976.4 104893 10158.9 93317 213.519 21215.9 185504 2.96855e+06 106598 21.3446 2.95425e+06 22716.7 0 21156.6 18852.9 5.69003e+07 
1488 1548 65574 65618 2.36418e+08 7.85761e+06 209103 8086.58 102660 3853.51 99817.2 70.0554 21846.1 203435 3.26893e+06 118548 224.352 4.89735e+06 27989.9 0 26127.8 22752.2 7.0013e+07 
6330 6427 66189 66248 2.09204e+08 6.88567e+06 185997 7113.37 87056.4 3826.09 84990.8 61.9555 17960.1 174543 2.91053e+06 99759.9 438.586 5.7556e+06 24782.8 0 23998.8 20873.6 6.19122e+07 
8697 8758 62852 62915 1.74388e+08 5.66534e+06 150846 4737.42 75704.9 4128.14 79117.1 203.859 -nan -nan 5.75501e+06 103948 17.5091 3.10171e+06 19246 0 18543.4 16649.7 5.15789e+07 
2675 2725 60663 60712 1.98623e+08 6.36499e+06 170637 6490.54 87810.3 17163.9 106417 291.205 20470.1 168417 2.68225e+06 97089.7 36.6876 2.77019e+06 21727.5 0 21169.1 18412.6 5.86818e+07 
7486 7487 60354 60390 1.46886e+08 1.04871e+07 233467 86588.4 96944.3 10117.1 80149.7 52.1031 13986.6 139533 2.21777e+06 77469.3 6.12722 2.20113e+06 18124.7 8.1684 18319 17998.9 4.90048e+07 
865 935 68056 68107 2.6653e+08 8.48183e+06 231493 12744.6 121085 10015 123424 137.005 22881.9 228773 3.58928e+06 127153 44.3032 3.4553e+06 29788.2 0 30038.1 27040.7 7.87357e+07 
8730 8738 67780 67876 2.04174e+08 6.79502e+06 184215 7953.57 88541.6 4249.47 130021 479.915 24243.6 195926 2.80996e+06 102211 11.3194 2.89173e+06 23198 0 23170.9 19716.6 6.03505e+07 
5295 5381 61364 61395 1.83514e+08 6.09933e+06 169688 4988.43 81193.6 4842.74 76360.9 1217.49 75793.9 215825 3.97197e+06 103047 13.5665 2.44693e+06 20687.5 4.52159 21269.1 18520 5.42514e+07 
8656 8667 68790 68880 1.96616e+08 7.23252e+06 192013 6264.73 92043.3 16001.7 115824 236.539 22907.8 180466 2.86438e+06 100387 0 2.8438e+06 23139 0 22518.9 20422.4 5.80824e+07 
1270 1275 61180 61244 1.96982e+08 6.87862e+06 184695 5373.68 89568.8 3254.63 86773.3 58.3142 18711.3 184531 3.08409e+06 103455 0 5.9269e+06 28991.8 0 21842.1 20945.7 5.82802e+07 
4674 4696 64050 64120 1.92229e+08 6.92333e+06 185185 5011.1 90118.8 3925.69 91064.6 163.848 18778.6 306143 5.55623e+06 117059 0 2.73967e+06 22347.9 0 21680.4 20674.8 5.68241e+07 
1796 1796 62970 62999 2.07512e+08 7.23853e+06 192832 6157.69 93551.3 12635.9 130873 320.058 25164.7 185648 2.88605e+06 102737 7.66284 2.97685e+06 24819.8 0 24370.2 21412.7 6.12875e+07 
5764 5788 65190 65229 1.98054e+08 6.70772e+06 178057 5953.51 87371.2 3436.02 88641.1 58.6252 18556 184467 3.04063e+06 173180 0 4.40855e+06 21993.4 0 22167.1 18800.7 5.85915e+07 
9217 9302 68533 68593 1.93649e+08 6.78214e+06 180899 10372 119425 14304.7 104846 255.194 17872.1 173781 2.88821e+06 101819 3.57612 2.86498e+06 22815.2 0 22052.8 19789.6 5.72006e+07 
1725 1763 62279 62365 1.83116e+08 2.75086e+07 245616 17318.4 104514 7244.12 90008.9 58.3462 18255.6 178904 2.95267e+06 104495 3.64563 2.88424e+06 23692.6 0 21876.4 19868.5 5.83039e+07 
9396 9468 68106 68180 1.69816e+08 8.7499e+06 185698 7800.43 88417.5 3231.45 88783.4 62.8575 18541.8 177133 2.79905e+06 94443.3 0 2.55769e+06 -nan -nan 20953.2 16858 5.02488e+07 
5991 6072 69782 69808 1.98547e+08 8.2058e+06 215927 6880.45 103485 3921.04 99343.3 62.5008 20062.8 199775 3.16565e+06 107114 5.44988 2.86856e+06 61168.4 0 24551.2 23410.8 5.8778e+07 
318 397 64076 64157 2.29335e+08 1.32608e+07 231863 14612.3 105834 3612.77 98226.6 93.6278 20700.5 201114 3.15174e+06 113829 8.50856 3.18752e+06 26235.3 0 25738.6 23256.8 6.80561e+07 
2312 2335 62769 62774 2.01982e+08 7.1351e+06 189460 4847.68 88085.8 4086.18 87085.9 209.48 35557.7 229040 4.66752e+06 118264 14.9367 2.91589e+06 23655.7 0 23243.4 21524.8 5.97346e+07 
8157 8216 61612 61704 1.5364e+08 6.06968e+06 156926 767419 0 17269.1 84253.1 198.867 16747.5 130940 2.09658e+06 77905.7 22.9304 2.38025e+06 19833.6 0 21068.2 16945.9 4.58385e+07 
3811 3889 66430 66480 2.26958e+08 7.97871e+06 206041 9001.65 96441.9 3611.74 96464.6 155.516 22013.4 196885 3.04022e+06 112352 54.618 3.13145e+06 25298.4 37.2403 26812.7 23428.9 6.72098e+07 
6700 6786 67306 67401 2.14207e+08 7.40215e+06 194207 6842.22 93195.2 11891 113262 330.249 22903.6 181709 2.91723e+06 104331 7.91502 2.9602e+06 23650.2 0 22789.2 21111 6.33044e+07 
1628 1651 66270 66312 2.33695e+08 8.19554e+06 225660 14418.4 119711 9635.62 112492 73.3754 20061.7 199639 3.20409e+06 114361 38.8404 3.37778e+06 27752.7 0 28231.7 24521.4 6.90297e+07 
6886 6969 66400 66454 2.07984e+08 7.00906e+06 183947 6111.67 88044.1 3122.9 88409.5 61.5887 18290 181459 3.06958e+06 136994 496.973 4.48248e+06 22043.2 0 22916.6 21568.1 6.15561e+07 
7548 7583 61769 61787 1.69029e+08 5.83476e+06 156184 6504.02 74419.1 4202.97 70840.1 -nan -nan 200412 3.81901e+06 94969.8 22.6656 2.30301e+06 19452.1 0 19197.6 17510.2 4.9988e+07 
6220 6265 67337 67382 2.19599e+08 6.91264e+06 187743 6679.38 103855 10343.6 113057 223.728 20103.4 191654 3.08443e+06 108417 0 2.90533e+06 23266.3 0 23841.6 21059.6 6.48713e+07 
7553 7582 62104 62154 1.76052e+08 8.75692e+06 170974 7142.38 72927.5 2808.41 72952.6 52.2444 14850.7 148962 2.40431e+06 86653.2 181.019 2.53851e+06 26021.8 -nan 45589.3 17175.3 5.22085e+07 
2130 2227 68136 68201 2.56474e+08 8.19077e+06 218383 8496.28 104905 3711.89 104831 80.7171 21616.2 221783 3.64414e+06 125019 19.2459 4.72419e+06 29597.1 43.4472 28469.7 24254.9 7.59313e+07 
3475 3529 68093 68165 2.42344e+08 7.94435e+06 209299 8886.6 102114 3705.26 106623 166.032 24552.3 212475 3.29081e+06 122506 13.4581 3.35892e+06 28049.3 36.5927 26094 23286.2 7.17605e+07 
1948 2019 66858 66877 2.51976e+08 8.02958e+06 217932 4684 107387 8847.8 118209 499.219 28901.7 211449 3.35367e+06 119461 13.9676 3.36531e+06 27440.1 0 28425.8 24541.4 7.44776e+07 
1589 1624 66815 66891 2.50754e+08 8.34443e+06 241387 10998.2 118673 8853.47 105549 74.0826 21657.1 209121 3.38003e+06 121374 37.0334 3.35669e+06 28150.4 0 26605 23546.2 7.40465e+07 
1023 1025 63170 63208 2.26852e+08 7.48001e+06 226889 13664 109756 9592.37 97468.7 67.03 18911 189617 2.9773e+06 105997 29.3167 3.08785e+06 25419.9 0 24700 22051.2 6.69917e+07 
5982 6000 65246 65265 2.04848e+08 1.80029e+07 229681 15604.7 100423 7281.13 86690.2 64.5309 18199 172429 2.76715e+06 97197.4 7.58932 2.70575e+06 22615.9 0 23836.1 22192.1 6.06973e+07 
713 786 61550 61636 2.16263e+08 1.08924e+07 206678 10168.2 89298.2 2966.56 89338.9 64.1246 18485.9 186445 3.07349e+06 107682 12.0205 2.93402e+06 22938.6 64.3225 33421.7 19920.9 6.40937e+07 
98 130 64455 64505 2.47628e+08 7.55026e+06 201260 6153.44 98217.1 4368.06 115172 289.165 25631.1 224542 3.18125e+06 115358 18.3021 3.19749e+06 27285 0 26288.6 23352.6 7.31882e+07 
9153 9197 60639 60720 1.56547e+08 5.38407e+06 142758 10309.5 66810.4 -nan 187020 380.867 18845.9 146115 2.0999e+06 76329.4 11.5758 2.08973e+06 16685.2 3.85774 17797.8 14848.4 4.62887e+07 
6221 6308 69931 70008 2.37781e+08 8.01201e+06 212953 6263.13 99856.9 3642.16 97827.8 70.3702 20287.5 198748 4.66536e+06 131625 210.727 4.56739e+06 27733.3 0 27213.1 23379.9 7.034e+07 
1901 1933 67906 67962 2.53157e+08 8.39404e+06 227135 7758.26 107414 3686.45 107320 84.358 24629.6 226978 3.5381e+06 122932 229.222 4.55248e+06 36952.3 0 27078.8 25408.8 7.49507e+07 
2986 3005 66281 66308 2.37582e+08 7.39006e+06 201173 6604.24 99115.2 4646.16 124327 310.216 28561.8 223019 3.10784e+06 109693 13.1718 3.14609e+06 26695.9 0 24400.9 23419.5 7.02378e+07 
2939 2968 65181 65281 2.27897e+08 1.22471e+07 223736 9368.19 95193.2 3168.57 95567.2 67.6991 19757.8 196847 3.07014e+06 107280 33.8383 3.17436e+06 25614.8 0 25266.7 20694.6 6.76609e+07 
6870 6965 61606 61664 1.10743e+08 4.22282e+07 247863 15490.1 87784 6640.19 74335.4 55.3613 15597 150529 2.41716e+06 85334.2 19.533 2.36493e+06 19594.8 40.8613 19598.5 -nan 5.20732e+07 
7437 7479 67070 67089 2.08596e+08 6.82899e+06 182223 6316.19 85981.5 3913.36 86243 65.6185 18957 180040 2.94611e+06 103769 429.845 5.60365e+06 24120.7 0 23628.3 20876.3 6.1731e+07 
3421 3430 67016 67058 2.1817e+08 7.08185e+06 188616 6300.7 91674.2 4592.04 93637.2 150.063 27528.6 216568 5.59667e+06 158957 20.1604 3.97418e+06 23326 0 23472.8 21795.1 6.44999e+07 
2947 2997 60960 61003 1.96559e+08 6.46815e+06 171999 6410.12 83794.8 5827.78 159239 417.467 24286.4 187456 2.68066e+06 95900.6 3.63074 2.63848e+06 21017 0 22392.8 18856.2 5.808e+07 
5561 5592 62928 62987 1.92569e+08 9.89311e+06 192557 8377.26 79681.7 2653.27 77981.1 64.245 15751.1 160998 2.57271e+06 94416.8 146.306 2.78768e+06 22232.6 11528.7 29876.1 18240 5.70782e+07 
5804 5894 63071 63128 1.9167e+08 6.27829e+06 168917 7315.54 83603.5 18898.6 110697 286.375 21862 165899 2.63662e+06 95449.1 7.08183 2.62008e+06 20985.9 0 20221.8 18366 5.66387e+07 
7590 7622 65178 65248 1.21772e+08 3.58729e+07 234800 15766.4 95981.3 7395.03 84538.4 57.3274 17478.7 166772 2.70771e+06 95005.7 14.3262 2.68755e+06 19802.9 29.0166 20750.1 -nan 5.72919e+07 
4709 4733 63258 63324 1.99721e+08 6.72202e+06 176564 6946.85 83232.3 2756.48 82455 63.4627 16851.4 169600 2.69072e+06 95746.5 215.63 2.83084e+06 23407.2 0 21955.9 19567.4 5.96902e+07 
709 795 60575 60611 2.11063e+08 6.90141e+06 183033 5567.11 89817.4 4371.11 91609.2 538.213 28815.7 209692 4.11562e+06 102618 3.89739 2.70407e+06 22257.1 0 23255.7 20630 6.23412e+07 
1781 1826 65980 66041 2.44964e+08 7.94109e+06 211513 6366.35 104044 8649.15 118338 278.476 27067.8 208705 3.36411e+06 114584 18.0891 3.29143e+06 26492 0 25796.6 23298.5 7.23399e+07 
3010 3065 69858 69941 2.63112e+08 8.47352e+06 228711 6285.4 111719 4725.87 114449 277.695 28085.3 241006 4.61905e+06 126004 4.85972 3.5617e+06 29310 0 28047.3 26891.5 7.77458e+07 
8722 8773 61877 61877 1.51725e+08 9.01191e+06 164732 8239.69 70664.1 3355.41 70502.7 49.7263 14187.2 142996 2.35635e+06 84051.7 196.581 2.43396e+06 18959.1 -nan 19881.6 13947.8 4.96952e+07 
927 1012 65068 65081 2.22794e+08 7.19103e+06 199056 6904.48 93040.1 3769.96 92984.6 65.8993 21319.8 225263 3.75337e+06 142233 293.282 5.08795e+06 28210.5 0 27066.1 21260.3 6.58679e+07 
3796 3838 61478 61498 1.66269e+08 6.02732e+06 165639 4169.18 80053.3 4481.81 78251 4294.51 -nan 343927 5.26267e+06 111325 18.9647 2.77343e+06 22713.2 3.07041 21753.7 18437.6 4.91197e+07 
9721 9769 68303 68374 1.92477e+08 6.4718e+06 173344 10209.7 128767 12417.2 109682 166.481 18124.1 173579 2.6341e+06 91727.5 0 2.5808e+06 21484 3.55116 22428.7 19510.3 5.68083e+07 
9932 9934 61836 61898 1.55233e+08 2.58492e+07 183991 10949 75605 5643.19 66644.5 48.8107 13665.2 135667 2.14514e+06 77863.3 14.3512 2.30411e+06 18902.8 295.841 -nan -nan 4.5908e+07 
4301 4397 66047 66133 1.95585e+08 7.71192e+06 203880 6249.47 95992.8 3656.1 94679.2 57.9323 20243.8 195872 3.16693e+06 106224 757.077 7.52588e+06 22651.9 3.76585 24641.5 22601.6 5.79036e+07 
4897 4924 68295 68343 2.15455e+08 1.21219e+07 219480 11140.1 94570.7 3765.75 98590.2 63.6255 21196.6 221632 3.51468e+06 118355 23.8505 3.08545e+06 24976.5 32.4462 28383.4 20283.8 6.3586e+07 
1510 1572 66650 66695 2.44463e+08 8.19926e+06 226313 4396.44 110227 8866.26 118323 378.447 25955.2 209112 3.26021e+06 116977 31.5932 3.35285e+06 28499.4 0 28164 24818.2 7.21899e+07 
5925 5975 62018 62099 1.78434e+08 6.03299e+06 159628 7910.93 76595.1 69180.8 109859 323.252 20763.4 158795 2.50409e+06 89282.6 6.58705 2.53571e+06 21426.4 0 19920 16980.3 5.26828e+07 
5391 5464 65316 65319 1.77309e+08 7.06662e+06 187307 4796.72 91816.2 4552.21 90194.7 725.746 -nan 287985 5.25789e+06 117390 37.2106 2.72839e+06 22578.3 0 23624.4 21202 5.2386e+07 
3589 3593 64411 64413 2.10601e+08 7.41976e+06 198800 7787.02 112241 11497.8 117078 283.814 23963.2 191218 2.92141e+06 104159 34.9817 2.82758e+06 25010.3 3.88633 24959.6 21527.8 6.21766e+07 
5983 6074 60054 60129 1.64499e+08 3.44181e+07 224508 12591.7 83917.1 5959.35 72715.6 118.451 18964.3 151089 2.32762e+06 81481.5 9.10944 2.36347e+06 18953.9 36.4322 -nan -nan 4.85667e+07 
9268 9292 65536 65609 1.75757e+08 6.81473e+06 176270 6594.14 79840.4 3293.91 77126.9 58.7155 16053.8 156469 2.4951e+06 84383 965.418 -nan 23166.5 0 20380.8 20110.8 5.21616e+07 
248 347 62948 62958 2.27213e+08 7.49466e+06 205606 7104.57 95428.7 3136.55 94595.8 67.1615 20566.2 222763 4.74444e+06 127394 9.47261 3.04547e+06 25297.3 0 25045.1 22197.9 6.71281e+07 
6295 6309 62296 62303 1.83718e+08 6.09907e+06 165842 5655.09 81289.3 3989.93 79362.3 -nan 38647.2 190395 3.64303e+06 99207.1 20.354 2.44637e+06 20287 0 19761.8 18108.9 5.42582e+07 
1678 1710 64184 64224 2.23035e+08 7.51453e+06 197608 7741.31 92335.6 3508.69 93010.8 161.195 19398.7 195422 3.07916e+06 111752 8.26351 3.22054e+06 25802 39.2721 26365.1 22047.1 6.6091e+07 
7387 7421 64864 64923 1.89859e+08 6.44155e+06 167685 7068.91 80743.4 3097.41 80780 57.1435 15811 160294 2.62741e+06 95847.7 193.219 2.90038e+06 -nan 0 22634.2 19385 5.7108e+07 
6600 6653 64511 64593 1.85999e+08 6.85343e+06 180320 11350.3 131620 13478.5 94364.3 329.937 19373.1 169299 2.74685e+06 98360.4 0 2.75353e+06 22216 0 21340.8 19322.5 5.48999e+07 
7564 7577 69988 70064 1.88064e+08 1.3605e+07 206803 10586 99729.7 4975.92 123287 55.5785 23975.8 180158 2.71732e+06 99546.3 27.7771 2.85148e+06 23411.3 60.9414 -nan 18031.3 5.55442e+07 
4368 4418 65688 65720 2.10968e+08 7.03527e+06 185928 8087.48 90844.7 4178.75 94560.5 66.2345 18824.1 183377 2.97523e+06 109401 7.78839 3.05126e+06 23626.9 49.4007 23749.3 20378.7 6.22968e+07 
7583 7673 67506 67526 2.12473e+08 7.10557e+06 187581 5836.95 89685.8 3285.01 89596.5 62.8553 17884.1 179088 2.85509e+06 127828 321.46 4.47754e+06 22881.2 7.85348 23436.7 20530.4 6.28259e+07 
6091 6191 68054 68076 2.23168e+08 7.56249e+06 247264 14437.5 110895 8616.73 94381.2 70.0197 19463.2 197372 3.09568e+06 110065 16.4706 3.03124e+06 25047.7 0 24867.5 22468.3 6.58659e+07 
3907 3993 60495 60585 1.89368e+08 1.53409e+07 206338 13703.3 90441.1 3925.14 76571.9 55.9185 15553.6 158669 2.54407e+06 89923.9 10.4805 2.59648e+06 20673.7 45.7472 -nan 17075.6 5.58852e+07 
6458 6480 67200 67299 2.12132e+08 7.00402e+06 188868 8046.4 92289.7 3809.83 89980.7 63.0164 17737.9 177805 2.93903e+06 103888 170.101 2.95038e+06 28176.4 0 23546.1 21196 6.29832e+07 
233 261 64943 65036 2.46574e+08 7.8816e+06 212344 7250.81 102418 4697.19 103626 310.938 26740.2 224145 4.46071e+06 116561 22.7669 3.26939e+06 27043.7 0 27670.4 24791 7.2842e+07 
4828 4879 60692 60764 1.82464e+08 6.25637e+06 167169 6941.48 80297.9 5347.39 -nan 759.153 27056.2 178116 3.4016e+06 89881 0 2.4021e+06 19997.8 0 20151.3 18512.5 5.3878e+07 
1747 1809 64561 64578 2.33666e+08 7.91391e+06 245342 13949.5 114910 8965.28 100928 68.9983 20350.6 197077 3.1616e+06 110446 8.62361 3.15595e+06 26272.7 0 25865.5 23025.1 6.89646e+07 
6694 6781 68133 68165 1.96486e+08 1.33018e+07 222119 10912.2 102574 3539.41 93618.5 58.0416 19009 187342 3.04364e+06 107330 10.8787 3.15701e+06 25139 56.6616 26013.6 -nan 5.80035e+07 
6853 6928 61005 61052 1.62988e+08 5.71887e+06 148519 6078.45 70025.5 3084.8 71092.4 48.4551 15115.5 151041 2.52714e+06 85473.4 -nan -nan 26586 0 19744.1 17622.4 4.84243e+07 
5807 5839 68410 68485 1.66437e+08 5.7705e+06 300903 6021.84 178604 10559 153146 -nan 78614 197546 3.90653e+06 97792.3 21.5093 2.20621e+06 18517 0 18298.5 15920.3 4.91515e+07 
2187 2239 65640 65661 2.40033e+08 7.60439e+06 206678 13159.1 115356 9749.33 120050 79.7268 20511.3 197193 3.10124e+06 112408 4.42859 3.20919e+06 26256.3 0 25689.6 23385.8 7.08451e+07 
2061 2134 67504 67520 2.56671e+08 7.39744e+06 245527 23783 122758 9155.66 109677 80.5247 22043.2 207533 3.40771e+06 120578 4.73555 3.45654e+06 29014.8 0 26220 24301.9 7.57563e+07 
8474 8493 63045 63127 1.77608e+08 3.82874e+07 133829 77798.6 108120 10781.3 86888.4 55.7114 15381.7 149515 2.386e+06 86424.5 6.55346 2.34906e+06 19800.8 23.9103 -nan 17387.1 5.24048e+07 
6449 6511 67232 67260 2.14075e+08 7.02747e+06 185092 6670.9 91023.9 3882.77 92074 63.5881 18695.6 183350 2.953e+06 105332 3.97306 3.04145e+06 24788.3 50.4234 23626.2 20563.8 6.35531e+07 
913 990 60089 60138 2.05232e+08 6.82894e+06 182943 5838.54 88354.4 12716.7 116780 279.716 23794.2 176465 2.79825e+06 96959.8 3.78772 2.73732e+06 22747.3 3.78719 22846.4 20599.1 6.05895e+07 
546 631 62527 62549 2.21915e+08 7.186e+06 192403 6209.33 91737.1 3288.31 93068.1 73.8338 20225.1 204853 4.9926e+06 131809 22.6947 4.18443e+06 26826.4 0 24328.2 21646.6 6.55882e+07 
39 46 69430 69506 2.82721e+08 9.39761e+06 252657 11800.3 119245 3593.44 115395 88.785 29845.9 255869 4.63464e+06 141619 139.766 3.65844e+06 32099.4 5.22077 31328.7 28603.2 8.35265e+07 
2174 2217 64189 64285 2.26811e+08 7.16665e+06 201721 4714.78 95310.7 9961.96 112457 377.416 27224.9 197683 3.13174e+06 109578 20.9336 3.07738e+06 25237 0 24597.4 21825.9 6.697e+07 
1945 1992 63265 63290 2.10304e+08 7.08615e+06 191595 4401.81 90308.8 4140.9 88948.1 189.302 33743.8 231136 4.83024e+06 124243 23.3058 3.11272e+06 25928 0 24954.3 21681.9 6.21319e+07 
3892 3915 69962 69963 2.55495e+08 8.19974e+06 221701 5861.52 109730 4771.99 123450 387.209 29002.8 245720 3.63467e+06 126716 9.43457 3.51143e+06 28743.8 0 28221.5 25003.1 7.5468e+07 
4586 4652 63263 63361 2.02714e+08 6.54014e+06 173427 6864.81 82139.3 2634.92 81961.8 63.6909 16978.7 172186 2.80506e+06 138362 25.2723 4.65731e+06 22702.4 0 21968.7 19357.1 5.99112e+07 
1426 1509 66897 66969 2.535e+08 7.97737e+06 213140 10051.9 103604 4257.53 103631 74.99 20592.8 205933 3.37963e+06 124112 4.6851 4.79437e+06 30458.6 23.6963 26661.7 24753.3 7.49491e+07 
5149 5152 67027 67091 2.24927e+08 1.21525e+07 227695 10908.7 94031.9 3818.55 91543.4 66.4198 18681.5 186389 2.96944e+06 105900 12.4486 3.0732e+06 25237.3 37.4349 27219.9 23385.5 6.63833e+07 
2403 2459 66324 66372 2.36982e+08 8.13512e+06 253147 12927.7 116581 8877.08 101201 74.3489 21193.1 203627 3.22024e+06 113520 13.1174 3.19773e+06 27385 0 26527.1 23850.2 6.99444e+07 
608 692 63848 63867 2.37961e+08 1.33056e+07 235509 15289.6 97455.2 4610.12 94543.3 70.2572 20527.1 206719 3.35099e+06 117116 21.9511 3.11972e+06 25735.3 0 28069.2 23573.1 7.02262e+07 
729 808 66618 66659 2.54588e+08 1.28484e+07 256464 12392.6 109951 5041.38 104391 75.1732 21916.2 221475 3.46819e+06 120590 23.4835 3.30148e+06 27969.5 0 29245.9 25349.7 7.51369e+07 
2419 2505 65602 65626 2.36014e+08 1.4237e+07 242963 12870.7 112781 4041.36 96920 69.679 20222.6 196452 3.18973e+06 114110 21.7737 3.17848e+06 26737.7 0 29246.1 22737 6.96491e+07 
2436 2439 64382 64394 2.24459e+08 7.27148e+06 195902 7710.89 96951.3 4691.47 99471.8 353.26 29237.9 217535 4.21409e+06 108603 20.7216 3.04589e+06 25891.8 0 25293.7 22176.8 6.62963e+07 
1098 1175 65696 65758 2.51476e+08 8.09456e+06 212157 8877.87 100372 4088.82 101127 74.3971 21838.7 214529 3.41229e+06 118726 4.64865 4.50891e+06 28994.4 36.4368 27384.3 24791.1 7.43593e+07 
4330 4335 65552 65604 2.23014e+08 7.42953e+06 197919 8659.61 93311.4 3612.98 91626.9 65.9465 19683.5 189767 3.06341e+06 129785 304.846 4.58689e+06 24124.9 0 24484.4 22001.2 6.59195e+07 
5707 5715 69333 69357 2.37566e+08 7.85861e+06 212042 6345.43 99095.6 3711.98 99405.7 70.2243 20637.2 224662 4.75247e+06 136031 222.413 3.25857e+06 27199.3 0 25873.3 23131.3 7.01875e+07 
2260 2284 68278 68315 2.53657e+08 8.39876e+06 219768 7141.73 104329 3876.06 104524 79.7247 21780.2 217512 3.43824e+06 124309 18.7525 3.61158e+06 34690.1 23.6757 27342.9 24967.3 7.49985e+07 
6405 6497 65666 65699 2.04605e+08 7.06369e+06 182967 6324.95 85748.7 3420.52 86433.6 60.5328 17923.2 180009 2.80954e+06 140276 25.275 4.72529e+06 22927.7 0 22259.1 21060.5 6.04727e+07 
4142 4196 60169 60186 1.4368e+08 9.21687e+06 209505 4227.06 95807.9 4070.1 61349.4 114.197 13298.3 -nan -nan -nan -nan 5.66791e+06 15593 0 22183.1 14153.2 4.25298e+07 
5022 5042 64149 64249 2.056e+08 6.9688e+06 181800 6774.75 86373.6 2949.49 85731.7 61.1905 17388.6 175001 2.80285e+06 100918 225.503 2.91407e+06 37376.8 0 23850.9 19734.7 6.11526e+07 
5368 5375 61860 61904 1.87809e+08 6.11711e+06 161416 5565.3 77997.4 2942.76 78678 97.2899 16904.1 169560 2.79529e+06 74571.6 218.554 4.54657e+06 20151.5 0 20079.2 18073.8 5.55394e+07 
6320 6375 67082 67177 2.19467e+08 7.51302e+06 194400 7885.66 92852.2 4956.24 94033.1 658.651 29818.9 192349 4.34982e+06 116378 8.10517 2.80378e+06 24137.4 0 25621.3 22286.6 6.48243e+07 
8514 8527 62356 62398 1.7081e+08 5.60094e+06 149931 5681.31 73221 3653.49 74816.8 297.124 -nan 151766 -nan 130546 40.8123 3.3597e+06 18705.8 0 19183.1 16823.5 5.04775e+07 
2485 2558 60980 61069 2.03275e+08 6.55232e+06 173534 6710.06 82172.7 2812.66 84722.8 60.2796 18022.7 173185 2.79792e+06 100937 406.483 6.38134e+06 23166.7 0 22620.4 19744.8 6.02499e+07 
7047 7064 69770 69802 2.3225e+08 7.56138e+06 243001 16749.9 109019 9080.7 97534.5 68.5818 20955.3 200933 3.21301e+06 113516 4.28473 3.21197e+06 26406.3 0 24413.6 22299.9 6.85424e+07 
1367 1396 66322 66359 2.48116e+08 1.40419e+07 255793 13461.3 117603 5844.65 103440 73.2635 21566.9 214439 3.2707e+06 115889 13.7331 3.36613e+06 27859 0 29693.9 24052.3 7.32226e+07 
7770 7789 60907 60930 1.6292e+08 5.73723e+06 151410 6392.06 71600.3 3227.74 70896.6 105.434 14942 141582 2.31076e+06 86901.5 -nan -nan 20635.6 0 19006.7 16205.1 4.83121e+07 
8150 8165 65037 65049 1.91633e+08 2.61767e+07 222570 13937 92993.3 6710.55 78626.9 56.5741 16842.3 165061 2.66311e+06 91732.8 17.6746 2.51415e+06 20389.6 32.3614 -nan 20406.2 5.65409e+07 
6866 6907 65433 65468 2.0006e+08 6.49384e+06 174867 23874.9 110367 11918.7 97495.3 59.0656 16996.7 173505 2.78131e+06 98627 3.69124 2.84298e+06 22752 0 22349.4 19426.2 5.90366e+07 
2980 3037 65493 65562 2.29846e+08 7.56518e+06 202833 5456.15 112802 9764.91 115067 84.8333 20603.6 210581 3.08143e+06 113028 12.7269 3.12909e+06 26365 0 24437.1 21854.9 6.78581e+07 
1333 1421 60667 60730 2.07285e+08 6.80082e+06 180566 8138.91 86309.4 3727.4 87078.2 61.452 19329.3 180449 3.07225e+06 135244 15.4352 4.0712e+06 21940.8 0 22361.9 20020.7 6.14103e+07 
949 1014 65962 65973 2.4816e+08 7.84997e+06 209916 6370.81 102368 4568.44 118135 355.659 27339.2 234889 3.425e+06 122545 22.9065 3.39485e+06 26292.5 0 27665.5 24156.2 7.32881e+07 
9073 9101 69527 69614 2.1738e+08 1.33591e+07 222426 11477.6 91123.3 3533.19 95409.8 64.1858 19117.3 193019 2.8978e+06 102277 20.0505 2.90069e+06 23503.8 50.0165 25255.9 28297 6.41468e+07 
7018 7027 66787 66856 1.51297e+08 2.33066e+07 572085 15147.4 0 -nan 158923 208.508 16828.6 162495 1.97683e+06 73925.4 0 2.16442e+06 17635.3 0 69675.2 43064.2 4.46656e+07 
1727 1785 69363 69370 2.71867e+08 1.28439e+07 263924 16432.7 112203 5445.34 109461 80.2965 22367.2 222792 3.57083e+06 126918 20.0669 3.54767e+06 30194.8 0 31064.2 28293.6 8.02483e+07 
77 105 62433 62522 2.2691e+08 1.52493e+07 232569 12566 105553 5992.78 91619.4 66.9954 19074.3 190984 3.04501e+06 109448 16.7445 3.03854e+06 25338 0 24122.7 21002.7 6.69543e+07 
9496 9527 63963 63997 8.71065e+07 5.83351e+06 151346 6264.71 71738.9 3365.81 75076.2 132.285 15743.3 152063 2.84603e+06 130857 7.4327 3.47995e+06 18769.1 0 18114.3 16650.4 5.20574e+07 
2622 2669 62647 62690 2.10585e+08 7.32912e+06 249427 16112.5 105985 8258.42 89773.7 62.1813 17763.9 180109 2.82086e+06 99743.8 3.88479 2.78911e+06 23236.1 0 24598.7 20845.7 6.21463e+07 
802 854 60381 60467 2.10858e+08 1.34968e+07 214795 11352.1 96777 4156.2 84009.3 66.1412 17253.8 173785 2.76849e+06 98138 50.5605 2.87465e+06 22885 54.4679 24974.6 -nan 6.22118e+07 
