-71.3472 -71.2542 41.7773 43.4576 9.99071e+07 3.26358e+07 439992 95208.3 241262 22273.4 277792 32.4416 32089.5 415732 1.00468e+07 306056 41.273 9.52997e+06 13027.8 0 -nan -nan 4.70672e+07 21
-71.7888 -69.8648 40.9398 42.1155 1.13174e+09 1.75722e+08 3.32639e+06 159556 1.81931e+06 42486.9 1.83992e+06 456.639 359500 2.63236e+06 6.27254e+07 2.13688e+06 448.267 6.68463e+07 138828 38.5214 120596 31541.9 3.36854e+08 41
-71.1947 -70.3673 41.7003 42.5462 9.62152e+08 1.21226e+08 2.74441e+06 24112.5 1.50447e+06 30960.1 1.52871e+06 2971.34 251090 2.18841e+06 5.6188e+07 1.45635e+06 340.255 5.60374e+07 59343.4 23.6902 45628 12492.3 2.83933e+08 8
-72.4291 -71.8127 42.1104 43.5928 4.74739e+08 6.08193e+07 1.35741e+06 11207.9 749135 22847.6 697388 4167.62 115381 1.04372e+06 2.64675e+07 771719 105.234 2.5623e+07 33874.2 17.536 23770.1 7348.88 1.40122e+08 113
-72.3779 -71.3156 42.1627 43.2132 1.03505e+09 1.36345e+08 2.93578e+06 24611.4 1.59635e+06 46401.7 1.55557e+06 4915.19 236020 2.4464e+06 6.34371e+07 1.4905e+06 387.867 6.4214e+07 73755.2 6.37063 62570.5 15482.5 3.05232e+08 27
-72.4568 -71.1927 41.1928 42.289 6.69389e+08 8.44532e+07 1.84115e+06 17918.9 1.0533e+06 20553.7 1.04839e+06 385.175 128085 1.53673e+06 3.67302e+07 1.05179e+06 467.764 3.8806e+07 67779.4 5.53039 38779.6 14252.9 1.97583e+08 104
-71.9192 -71.6286 41.6964 42.0829 1.59863e+07 5.74861e+06 47736.3 126758 0 -nan -nan 2153.82 6286.5 70605.3 1.68379e+06 50386.9 18.0172 2.029e+06 -nan -nan -nan -nan 9.31706e+06 4
-71.6927 -71.2273 41.8895 43.3456 8.01802e+08 1.16944e+08 2.31897e+06 220250 1.09751e+06 68399.1 1.06038e+06 5481.44 151504 1.8179e+06 4.22676e+07 1.31678e+06 256.663 4.07844e+07 49312.2 0 46404.2 15346.5 2.36333e+08 212
-71.2023 -69.6756 41.4542 41.9977 7.31203e+08 1.03431e+08 2.41924e+06 14992.6 1.14304e+06 28597.5 1.07936e+06 2369.47 305651 1.59881e+06 4.67278e+07 1.35299e+06 342.973 4.1361e+07 51320.9 0 47580.8 18985.4 2.15837e+08 72
-73.103 -71.5063 40.4318 41.6702 1.35217e+06 488386 4540.68 11136.7 0 703 3324 71 892 -nan -nan -nan -nan -nan -nan -nan -nan -nan 725289 8
-72.9881 -71.9499 41.9927 43.4665 8.36826e+08 1.05246e+08 2.38459e+06 20531.1 1.35824e+06 26332.8 1.30997e+06 4677.54 196167 1.87075e+06 4.87132e+07 1.34657e+06 354.192 4.65812e+07 66104.2 6.86868 51470.6 16972.8 2.47036e+08 28
-71.8615 -71.4209 41.0459 42.108 3.41856e+07 1.1942e+07 120961 236185 86077.3 6270.26 95251.8 126.361 8619.21 149969 3.33716e+06 100525 -nan -nan -nan -nan -nan -nan 1.89114e+07 181
-71.9758 -70.8623 41.3423 42.5927 1.70219e+09 2.36186e+08 4.70043e+06 40099.2 2.69704e+06 43839.6 2.66029e+06 664.414 276923 3.88686e+06 8.90226e+07 2.68684e+06 611.952 9.17587e+07 149453 12.1185 172767 47085.3 5.04831e+08 3
-73.7135 -72.5765 42.1463 42.2423 9.04332e+07 1.3596e+07 284146 3045.91 147974 3725.51 140724 926.113 -nan -nan -nan -nan -nan -nan -nan 12.5277 9863.33 3457.55 2.67385e+07 13
-72.556 -71.8871 42.0662 43.834 5.52255e+08 7.02126e+07 1.55466e+06 13675 846245 33149.1 783249 7071.36 111467 1.41819e+06 3.14643e+07 930122 188.731 2.84887e+07 34608.8 6.80042 29210.1 6182.04 1.62791e+08 34
-72.4681 -71.2586 42.0216 43.0888 1.37196e+09 1.94878e+08 4.14759e+06 32552.3 2.16728e+06 40961.1 2.05329e+06 309.148 280598 3.25067e+06 7.75184e+07 2.07573e+06 608.098 8.54074e+07 122444 10.7203 76960.9 20100.8 4.05013e+08 112
-71.556 -71.3458 42.2217 43.7767 2.63095e+08 5.06894e+07 770081 38613.1 368814 18045.3 426701 73.1466 47940.9 617996 1.40288e+07 446164 48.7593 1.43223e+07 17556.6 0 17098 11358.7 7.79554e+07 114
-73.1461 -72.7746 40.5859 41.8128 3.68277e+06 1.40683e+06 14748.1 1665 7884 935 7602.01 -nan -nan -nan -nan -nan -nan -nan -nan -nan -nan -nan 1.7566e+06 127
-71.3681 -71.0682 42.0899 42.2453 3.9182e+07 1.39676e+07 163029 254941 85201 11582.1 111858 147.855 12655.2 182058 4.487e+06 134223 14.7805 3.85791e+06 -nan -nan -nan -nan 2.2747e+07 28
-74.2052 -72.2598 40.7404 41.9809 1.57773e+08 2.60429e+07 410516 5632.68 202563 6296.22 201811 -nan -nan -nan 8.15619e+06 111566 134.257 9.75952e+06 19980.7 0 10154.4 2819.21 4.61678e+07 74
-72.0293 -70.6207 41.015 42.8117 2.34683e+09 3.01254e+08 6.63614e+06 63338.3 3.69906e+06 76956.4 3.58478e+06 5926.2 456934 5.53147e+06 1.34199e+08 3.8277e+06 872.739 1.41013e+08 175998 35.3422 130139 35522.8 6.92755e+08 168
-72.7234 -70.7964 41.3669 42.3958 1.63097e+09 2.21875e+08 4.82468e+06 425104 2.55184e+06 102543 2.49339e+06 8572.99 390022 3.88422e+06 9.55524e+07 2.8906e+06 574.879 9.50016e+07 122733 6.62801 140191 67915.8 4.87301e+08 37
-71.5614 -71.3574 42.268 43.2168 2.50006e+08 4.00164e+07 739400 16426.1 316635 18928.7 342302 250.214 47190.2 579934 1.45043e+07 470697 115.487 1.50965e+07 25213.3 0 20983.5 8793.93 7.38748e+07 18
-74.7039 -72.7591 41.1613 42.4583 2.56435e+08 3.56141e+07 773947 17536.2 383379 17780 355768 617.505 46121.8 688751 1.58807e+07 416900 156.328 1.34827e+07 20649.1 18.9424 19171.4 12609 7.57289e+07 93
-71.2839 -70.5776 41.9677 42.316 4.1191e+08 5.39618e+07 1.15116e+06 11716.6 628726 12216.9 615680 1462.54 90350.7 942091 2.50438e+07 642547 152.486 2.35509e+07 32151.4 0 25034.2 6119.06 1.21651e+08 2
-72.4643 -71.7732 42.0424 42.4776 4.2571e+08 6.01827e+07 1.27176e+06 273081 593017 69217.4 527053 16770.4 90782.9 1.11524e+06 2.3213e+07 783497 106.229 2.42976e+07 35954.7 10.4896 28626.7 15545 1.24595e+08 1
-71.7786 -70.2192 41.8387 43.7802 2.05448e+09 3.21513e+08 6.0565e+06 288621 3.01035e+06 81812.4 2.9292e+06 6878 483340 5.1884e+06 1.20316e+08 3.32617e+06 646.573 1.19712e+08 172512 12.694 126052 39990.6 6.07872e+08 46
-72.7252 -72.6792 41.2008 43.1425 2.196e+07 6.68986e+06 58111.9 143396 6394.53 -nan -nan 766.05 12938.2 98900.1 2.31721e+06 76440.6 24.1358 2.4656e+06 -nan -nan -nan -nan 1.21712e+07 52
-73.4237 -71.4858 41.3416 42.9763 1.58771e+09 2.43016e+08 4.72741e+06 301374 2.50693e+06 65523.1 2.68979e+06 409.161 339099 4.31052e+06 9.58479e+07 2.93956e+06 690.421 9.27654e+07 140442 45.3651 161276 60329.5 4.72371e+08 21
-72.0512 -70.5533 41.8858 43.0536 2.02696e+09 2.77393e+08 6.06872e+06 45811 3.22713e+06 71557.6 3.17573e+06 3492.29 513697 4.90262e+06 1.18711e+08 3.44343e+06 710.599 1.2671e+08 184619 81.459 139253 43310 5.98059e+08 98
-72.8684 -72.7372 41.1037 41.4421 241804 88395.6 669.692 1711.55 0 -nan -nan -nan 197 656 29480 472 -nan -nan -nan -nan -nan -nan 81214 56
-72.7899 -71.5218 42.1584 43.9879 9.93239e+08 1.67645e+08 3.09071e+06 322445 1.50776e+06 70917.7 1.53464e+06 1568.41 203527 2.74399e+06 6.21703e+07 1.69956e+06 178.844 6.34483e+07 74526.5 30.2699 85685.1 35350.5 2.92877e+08 76
-72.6455 -70.7641 41.3316 41.5734 1.25033e+07 4.44734e+06 40289.4 100210 0 4784.72 38260.8 75 4855 58286.4 1.41086e+06 -nan -nan -nan -nan -nan -nan -nan 7.17343e+06 3
-71.1746 -70.5988 40.9067 41.7372 2.1016e+08 2.54337e+07 583750 6473.88 332590 7025.65 334603 907.084 73959.3 445463 1.22778e+07 340074 23.2897 1.13318e+07 17192.4 0 14685.7 6699.13 6.20822e+07 107
-72.7465 -72.6826 41.5883 43.1922 2.86113e+07 1.076e+07 80527.4 225757 0 8870.18 85600.8 94.9748 15976.9 139518 3.07915e+06 107076 43.0976 -nan -nan -nan -nan -nan 1.6166e+07 31
-71.6121 -70.1784 41.8607 42.3637 8.51404e+08 1.12725e+08 2.51001e+06 19718.8 1.40524e+06 24166.7 1.41546e+06 632.084 267059 1.96018e+06 4.8553e+07 1.37849e+06 335.46 5.0613e+07 81819.6 29.2968 56967 25548.9 2.51391e+08 23
-73.7376 -72.7696 41.6733 42.7796 3.42018e+08 6.18432e+07 1.11203e+06 21695.8 585636 14241.4 518979 264.651 49264.1 1.07966e+06 2.1903e+07 678791 63.1618 2.10295e+07 25377.4 0 36805.8 18247.5 1.00983e+08 5
-72.5671 -72.3289 42.2391 43.4367 1.14983e+08 2.2134e+07 153824 487767 0 18943.8 152940 233.314 27461.6 280413 6.57941e+06 211180 53.157 6.6894e+06 8784.13 0 -nan -nan 3.40039e+07 35
-71.2474 -71.1136 42.0751 42.1271 5.29581e+06 1.94542e+06 21503.9 40479.4 15789 1562 15771 77 -nan -nan -nan -nan -nan -nan -nan -nan -nan -nan 3.08033e+06 67
-72.9988 -71.173 41.9377 43.329 1.87623e+09 3.03989e+08 5.68406e+06 297429 2.87988e+06 85213.5 3.00607e+06 816.441 451554 4.92311e+06 1.15477e+08 3.37154e+06 539.622 1.12543e+08 120672 39.6457 168496 49791.4 5.5389e+08 45
-72.3784 -71.6275 40.2145 41.4541 440354 135771 882.134 3093.05 9.95957 821.673 -nan -nan -nan -nan -nan -nan -nan -nan -nan 0 12 -nan 163041 94
-73.4267 -72.588 41.2122 42.2387 1.86695e+08 3.37544e+07 560295 19169.4 311188 6764.59 335845 45.0518 49439.6 484256 1.06485e+07 350214 86.3544 9.91401e+06 17858.3 41.4302 30981 12523.7 5.53962e+07 61
-71.523 -69.9345 41.7938 43.1503 1.6268e+09 2.37839e+08 4.72616e+06 384883 2.44729e+06 99614.9 2.52652e+06 1891.73 457405 4.11181e+06 9.13458e+07 2.96704e+06 520.854 9.19648e+07 144409 43.3092 136196 65924.3 4.80083e+08 168
-72.1424 -71.4273 41.4516 42.5792 6.59798e+08 9.1298e+07 2.05423e+06 17901.8 1.11003e+06 20346.9 1.08271e+06 349.953 148198 1.66297e+06 3.81255e+07 1.21e+06 125.676 3.89728e+07 77756 16.337 62264 23499.2 1.95351e+08 12
-71.9312 -71.5612 41.8649 43.1895 4.93674e+08 7.36253e+07 1.59305e+06 11529.9 834820 15951 847131 415.951 114194 1.14696e+06 2.96158e+07 790746 155.649 3.17859e+07 45281.5 4.5585 37363.4 17813.1 1.45784e+08 10
-73.6861 -72.8061 40.8612 41.4201 4.91835e+07 9.37673e+06 69078 213076 0 -nan -nan -nan 16858.4 120387 3.64545e+06 75606.5 27.9068 3.97432e+06 6257.07 -nan -nan -nan 1.48189e+07 18
-71.2081 -69.8653 40.8802 41.8025 5.63971e+08 7.22242e+07 1.69852e+06 19474.6 921745 14634.4 929565 125.82 146308 1.37638e+06 3.12336e+07 1.04319e+06 218.629 3.26164e+07 79204.3 7.03811 41749.1 14860.4 1.67571e+08 0
-73.798 -72.4369 41.6411 42.7501 6.92398e+08 1.28956e+08 2.13921e+06 200066 1.08428e+06 38762.3 1.16175e+06 170.416 147744 2.00667e+06 4.58565e+07 1.23301e+06 161.884 4.41037e+07 51431.6 5.26159 51326.2 23704.1 2.04185e+08 6
-73.8163 -72.3742 40.5087 42.4926 5.40441e+08 9.09442e+07 1.64431e+06 35732.2 912557 20277 980288 135.08 120195 1.43456e+06 3.38457e+07 1.06273e+06 375.189 3.37781e+07 52427.9 27.5057 65379.4 15662.7 1.59943e+08 101
-72.1463 -71.4713 41.5453 42.2426 2.47996e+08 4.44023e+07 723871 41194.5 384351 15769.8 429837 59.5221 62843.1 628830 1.62114e+07 505808 54.9344 1.51956e+07 16728.6 0 22010.6 9394.97 7.3187e+07 5
-72.2097 -71.6183 41.5825 43.0067 6.10445e+08 1.08663e+08 2.15399e+06 618763 814768 66268.5 915506 2354.74 156922 1.57019e+06 3.93415e+07 1.20977e+06 233.626 4.18182e+07 51920.4 28.3594 144793 78416.3 1.80753e+08 23
-72.6028 -71.2737 41.0963 42.7053 1.35815e+09 1.99975e+08 4.2647e+06 416442 2.2212e+06 57437.2 2.28948e+06 333.456 359965 3.36525e+06 7.97282e+07 2.3814e+06 499.581 8.22799e+07 174781 12.8231 192933 71907.2 4.02442e+08 23
-72.7601 -72.3412 41.7591 43.3242 3.85652e+08 5.90054e+07 1.21835e+06 45456.1 629587 20247.9 639410 206.635 101589 991528 2.27641e+07 753281 157.359 2.43327e+07 32130.1 21.3606 27710.2 13171.3 1.13872e+08 35
-71.3196 -69.5387 41.6305 42.3595 1.05218e+09 1.55489e+08 3.45988e+06 24443.9 1.7956e+06 30659.3 1.79859e+06 277.908 321082 2.56424e+06 6.29003e+07 1.92488e+06 624.317 6.80939e+07 135220 81.7175 71093.7 29249.4 3.11688e+08 96
-72.64 -71.8463 41.777 43.018 6.42598e+08 1.07158e+08 2.0551e+06 40230.1 1.11524e+06 22401 1.12792e+06 154.635 167666 1.73252e+06 3.86997e+07 1.22618e+06 446.032 3.96139e+07 47079.8 4.78939 68277.3 37181.2 1.90183e+08 330
-73.1831 -72.649 42.1723 42.3054 5.48881e+07 1.01158e+07 60359.9 234070 874.501 -nan -nan -nan 35837.8 141191 3.4949e+06 103266 19.4647 3.37667e+06 6394.74 -nan -nan -nan 1.63165e+07 10
-73.5312 -72.3203 42.1707 43.5664 5.33505e+08 8.43808e+07 1.72439e+06 16932.3 881762 21951.5 907316 143.187 120677 1.37772e+06 3.32165e+07 1.05331e+06 192.803 3.36975e+07 63067 3.49369 51693.4 24761 1.57916e+08 129
-71.7485 -71.5782 42.0266 42.5522 9.00562e+07 2.37505e+07 477167 11920.4 270281 6084.95 278283 45.3153 44684.4 409965 9.93445e+06 284391 29.2525 1.09319e+07 -nan 0 30280 9885.65 4.82909e+07 55
-71.9922 -71.1831 41.9097 42.4798 7.21389e+08 9.59523e+07 2.13006e+06 18415.9 1.22655e+06 22626.3 1.24708e+06 173.724 199811 1.85838e+06 4.35048e+07 1.36212e+06 628.721 4.56671e+07 106370 8.92753 52702.2 23401.3 2.13683e+08 32
-72.5752 -72.449 41.3875 43.2046 1.32795e+08 1.96655e+07 440003 6817.2 241242 6329.9 -nan -nan -nan -nan 9.76281e+06 218223 113.747 8.30927e+06 8900.3 0 10890 5461.48 3.9237e+07 19
-73.5743 -71.69 42.1989 44.0838 9.03804e+08 1.34707e+08 2.86308e+06 57808.9 1.50744e+06 54991.9 1.42639e+06 4050 205747 2.51301e+06 6.16713e+07 1.65617e+06 508.816 6.11468e+07 72771.2 33.3403 76055.2 25033.6 2.66591e+08 69
-72.3651 -71.1068 41.5788 43.2955 1.57298e+09 2.41677e+08 4.9786e+06 33847.1 2.62618e+06 51477.8 2.68666e+06 907.271 384680 4.21548e+06 1.0345e+08 2.75254e+06 536.114 1.0174e+08 188230 21.4682 108341 32222.7 4.66718e+08 111
-72.7213 -70.9342 40.7669 42.552 1.79023e+09 2.91951e+08 5.50125e+06 317511 2.87552e+06 85591.4 2.88559e+06 6480.8 441676 4.57038e+06 1.06309e+08 3.3146e+06 656.578 1.02465e+08 128346 85.3941 139727 52580.1 5.28275e+08 75
-72.8277 -72.5188 41.4729 41.8412 303690 109732 871.781 2324.54 0 -nan 544 65 362 1081 -nan -nan -nan -nan -nan -nan -nan -nan 118963 131
-72.6379 -72.3758 42.1778 43.7476 1.59609e+08 2.61916e+07 555967 11867.3 264315 -nan 199400 974.477 55563.4 399278 1.07795e+07 316238 50.1231 9.97735e+06 14047.5 2.94792 15351.2 7058.16 4.71388e+07 147
-73.8804 -72.2331 41.7083 42.0221 1.63941e+06 332812 1611.81 7328.81 166.833 -nan -nan -nan -nan -nan -nan -nan -nan 121378 103 0 -nan -nan 467271 37
-73.6716 -72.6762 41.1162 41.4617 2.07437e+07 8.03643e+06 113627 3517 53763 2582.91 53071.4 -nan -nan -nan -nan -nan -nan -nan -nan -nan -nan 3937.27 1.02234e+07 121
-74.7717 -72.8824 41.6222 43.0807 4.07383e+08 9.37278e+07 1.5057e+06 17683.9 605974 34754.9 603837 1286.89 102341 1.24783e+06 3.23564e+07 788843 244.42 3.15243e+07 31939.9 22.3289 36999.6 23751.5 1.20233e+08 13
-72.6554 -71.5765 40.1046 42.0313 7.01609e+06 1.67822e+06 35528 3064 20681.6 14504.1 -nan -nan -nan -nan -nan -nan -nan -nan -nan -nan 622.613 198 3.73178e+06 205
-72.4023 -71.766 40.7391 42.3372 3.06254e+08 4.59155e+07 879044 72887.3 468526 15724.6 510117 232.632 69275.3 790065 1.8791e+07 551291 226.149 1.66216e+07 24662.7 5.65287 22834.4 12242.9 9.03035e+07 98
-72.7283 -71.4855 39.9301 41.8271 452646 157833 1128.63 3442.1 0 -nan -nan -nan -nan 2544 69456 1335 3 -nan -nan -nan -nan -nan 199380 113
-72.3469 -72.32 41.4632 42.981 7.52457e+06 2.70803e+06 18821.3 60300.8 150.196 -nan -nan -nan -nan -nan 992218 31070 8 983777 -nan -nan -nan -nan 4.39644e+06 20
-71.2531 -69.6768 42.1723 43.0359 6.03816e+08 9.0865e+07 1.86547e+06 17039.1 887528 18734.8 915509 129.518 104841 1.34002e+06 3.65304e+07 1.12328e+06 473.88 4.06245e+07 91910.7 3.79977 47724.4 13579.8 1.79899e+08 26
-72.5092 -72.0237 42.1542 42.5178 1.52709e+08 3.19173e+07 206218 65162 240137 13273.6 260586 47.9605 39416.6 430080 1.0072e+07 302984 42.3123 8.88835e+06 14468.4 0 -nan -nan 4.50924e+07 56
-71.9188 -71.8811 41.6905 43.3196 2.41225e+07 9.03394e+06 40840.9 208475 65212.3 5141.34 69038.5 86 9289.26 117396 2.54018e+06 -nan -nan -nan -nan -nan -nan -nan 1.29161e+07 61
-74.6375 -72.8359 41.5796 41.6042 429070 154687 663.91 3354.97 0 -nan -nan 72 430 1775 54313 -nan -nan -nan -nan -nan -nan -nan 179606 3
-72.1351 -71.5855 41.7992 42.6308 4.66747e+08 7.43156e+07 1.60048e+06 10147.2 854388 14808.1 816893 848.399 155190 1.15556e+06 3.31458e+07 837656 242.687 2.91289e+07 42795.1 4.30987 29235.3 11722.7 1.3779e+08 6
-71.1605 -69.8937 41.9106 42.2353 3.58042e+08 5.05401e+07 1.12798e+06 7865.85 591740 9651.42 543799 594.24 102105 815187 1.98172e+07 613370 218.223 1.99375e+07 27468 9.55099 24709.7 11649.5 1.05747e+08 18
-72.2163 -71.3583 41.6386 42.9158 9.0635e+08 1.46719e+08 3.00139e+06 607928 1.34113e+06 73219.3 1.45522e+06 2353.28 243920 2.34081e+06 6.06237e+07 1.84963e+06 391.634 6.44258e+07 73763.4 14.3693 146411 53689.3 2.67541e+08 5
-72.6244 -71.1196 40.075 41.4865 506594 122660 562.218 2852.92 12.0539 -nan -nan -nan -nan -nan -nan -nan -nan 64769 46 0 -nan -nan 133012 45
-73.6521 -72.1099 40.8447 41.6347 4.69779e+07 8.8273e+06 55262.2 202827 0 -nan -nan -nan 25914.4 120166 4.0662e+06 79576.8 38.8554 4.33692e+06 5709.54 -nan -nan -nan 1.41965e+07 4
-72.0092 -70.2613 42.1715 43.1463 1.42391e+09 2.57801e+08 4.39969e+06 250440 2.2614e+06 53677.6 2.32157e+06 360.989 278990 4.07083e+06 9.19982e+07 2.44156e+06 815.241 8.60827e+07 129051 44.3555 117631 47162.5 4.21921e+08 61
-71.7422 -71.5079 41.0177 42.6869 2.6513e+08 3.87668e+07 889158 8444.02 489621 9347.87 482186 73.5721 39851.9 596343 1.43672e+07 395954 307.443 1.69259e+07 19435.1 0 17432.5 8913.36 7.83923e+07 2
-72.3756 -71.1358 42.0807 43.6514 1.28054e+09 2.30437e+08 4.08481e+06 245251 2.07935e+06 54164.2 2.17789e+06 346.152 337628 3.56279e+06 8.03748e+07 2.45806e+06 619.539 8.46346e+07 122234 51.5864 125527 55801.6 3.78777e+08 83
-73.6324 -71.9389 41.4806 42.0485 1.34644e+07 4.10097e+06 79668 2623 46805.3 3846.04 -nan -nan -nan -nan -nan -nan -nan -nan -nan -nan 1658.03 552.877 7.11227e+06 35
-73.4123 -71.5487 40.9374 41.5394 1.13119e+07 6.91877e+06 83144 4032 28471 2312 -nan -nan -nan -nan -nan -nan -nan -nan -nan -nan -nan -nan 5.3251e+06 39
-71.3169 -70.5233 41.8934 42.1703 3.30761e+08 4.64401e+07 1.11298e+06 11345.6 581248 10935.6 601266 232.191 70179.2 817284 2.18405e+07 595331 161.869 2.31692e+07 28382.2 0 19562.3 11421.9 9.77058e+07 137
-72.452 -72.4291 41.9046 42.5981 9.82362e+06 2.59729e+06 55414.8 2772.27 1011.14 19777.1 -nan -nan -nan -nan -nan -nan -nan -nan -nan 0 1145 458.444 5.21503e+06 36
-72.2224 -70.2725 41.6948 43.6846 2.3524e+09 3.68684e+08 7.42651e+06 126251 3.97009e+06 119373 4.00284e+06 7792.9 647964 6.30484e+06 1.67679e+08 4.09087e+06 1265.43 1.73358e+08 191867 101.871 138050 57470.8 6.95661e+08 12
-72.0608 -71.5581 42.1212 43.8191 4.91044e+08 7.90387e+07 1.68029e+06 84830.7 813172 48951.3 695832 9049.28 136402 1.30772e+06 3.27109e+07 871321 176.776 3.67343e+07 40658.1 18.1305 48310.3 19898 1.44093e+08 79
-71.8592 -71.5328 39.8394 41.8086 244859 88235.8 692.062 1987.29 505 510 502 55 -nan -nan -nan -nan -nan -nan -nan -nan -nan -nan 76719 35
-71.4501 -70.5221 41.77 43.5674 1.41851e+09 2.22399e+08 4.47919e+06 32023.1 2.36932e+06 44726 2.48775e+06 853.502 452910 3.46239e+06 9.12875e+07 2.47647e+06 709.579 9.0438e+07 141985 26.348 95358.1 50366.8 4.20289e+08 15
-72.6341 -71.7423 42.0032 42.7034 6.95786e+08 1.08257e+08 2.42588e+06 65954 1.26989e+06 37746.9 1.15797e+06 265.449 209327 1.84343e+06 4.5065e+07 1.41131e+06 363.914 4.58231e+07 60790 8.56191 47855.7 26143.6 2.05423e+08 125
-72.5953 -72.4804 40.9342 41.8816 346779 129700 1898 1541 686 637.386 -nan -nan -nan -nan -nan -nan -nan -nan -nan -nan -nan 3 118345 91
-72.8123 -71.9444 41.6088 42.3756 3.80627e+08 6.34901e+07 1.25557e+06 18423.7 673307 17658.9 754234 105.409 116717 1.11e+06 2.52418e+07 780684 271.598 2.37147e+07 42252.8 0 23323.3 19315.5 1.12399e+08 55
-73.1036 -72.4454 41.2387 42.3078 2.04232e+08 3.59347e+07 758970 6962.06 443342 7627.28 447882 74.6525 99383.3 703040 1.9813e+07 590124 355.906 1.40809e+07 107214 0 21024.3 3106.78 6.56274e+07 17
-71.6158 -70.3966 41.7804 42.7781 1.39779e+09 2.13328e+08 4.61891e+06 50010.7 2.38715e+06 76583.9 2.30842e+06 5519.75 499024 3.63233e+06 1.00045e+08 2.60695e+06 559.304 9.23551e+07 89535.8 57.0967 78753 25439.9 4.12454e+08 246
-73.4745 -72.0977 41.0792 41.6712 2.66714e+07 4.65997e+06 33775 104922 445.115 -nan -nan -nan -nan -nan -nan 40300.8 14.3842 2.96678e+06 3246.17 0 -nan -nan 7.8655e+06 33
-72.7021 -72.6715 40.9802 42.9716 1.88697e+07 4.60103e+06 91937.2 4327.04 480.145 -nan -nan -nan -nan -nan -nan -nan -nan -nan -nan 0 2550 808.333 6.81458e+06 100
-71.4031 -69.8258 41.2124 42.7915 1.79431e+09 2.60025e+08 5.44833e+06 57818.1 2.83793e+06 62525.4 2.75804e+06 763.58 552016 4.55628e+06 1.15449e+08 3.41511e+06 941.603 1.08092e+08 146838 52.0471 138442 69145.7 5.29898e+08 496
-72.6803 -71.431 40.9841 42.9282 1.18395e+09 1.85811e+08 3.97124e+06 25378.1 2.18346e+06 39790.7 2.1418e+06 1107.63 322008 3.27571e+06 7.89713e+07 2.06828e+06 522.022 7.70957e+07 111810 39.3992 89497.1 33425.3 3.49817e+08 115
-71.8364 -70.4619 42.0887 42.6578 1.18861e+09 1.75653e+08 3.72404e+06 43274.5 2.00136e+06 53888.2 1.92735e+06 1709.28 290821 2.91886e+06 7.42725e+07 2.14736e+06 580.099 6.86095e+07 98339.4 48.2717 88797.2 41155.5 3.50876e+08 163
-71.6774 -71.4047 41.0569 42.6317 2.88911e+08 4.15426e+07 934888 6514.42 504174 15543.2 458887 771.899 99254.9 724085 1.90599e+07 593313 170.815 1.78059e+07 29113 5.33737 26594.3 13380.7 8.53517e+07 52
-72.2215 -71.7079 41.9733 42.5414 3.23628e+08 4.94192e+07 1.10693e+06 8453.85 645605 12227.2 638726 89.6838 82812.5 830161 2.17176e+07 575361 149.668 2.15348e+07 28054.9 20.2744 25876.5 11620.6 9.56095e+07 59
-73.6774 -71.7396 41.4652 41.9462 3.43901e+06 803507 2896.38 15744.1 61.0025 -nan -nan -nan -nan -nan -nan -nan -nan -nan 477.764 0 216.51 -nan 1.00188e+06 37
-72.6967 -71.8787 41.8913 42.9971 6.20602e+08 9.36944e+07 2.00692e+06 11879.6 1.16989e+06 23570.9 1.12877e+06 2096.88 195681 1.57591e+06 4.42399e+07 1.15573e+06 459.563 4.07115e+07 49448.2 12.8174 43811 13920.2 1.83067e+08 46
-74.7003 -72.9143 41.6777 42.5191 1.55571e+08 3.40887e+07 588597 8136.02 318665 5748.29 321531 40.1518 30956.9 471161 1.15457e+07 334854 163.686 1.01777e+07 -nan 0 22173.7 5842.7 4.93523e+07 14
-72.4107 -72.1855 41.9383 43.8438 1.15449e+08 1.92274e+07 405673 6871.17 217645 -nan -nan -nan -nan -nan 8.91559e+06 197105 162.087 8.05136e+06 11205.2 0 9317.17 4724.44 3.40834e+07 5
-71.286 -70.9153 42.263 43.6585 4.85788e+08 6.8933e+07 1.38567e+06 141731 679086 54968.2 724571 2542.92 99067.7 1.24261e+06 2.84336e+07 851296 192.816 2.88615e+07 39211.6 13.4511 34165.4 15640.3 1.43185e+08 113
-72.6176 -71.5682 42.2612 43.0992 5.77871e+08 1.03955e+08 1.99917e+06 177186 877743 57847.7 870351 4415.94 147782 1.477e+06 3.38666e+07 1.10402e+06 165.382 3.4658e+07 55548.6 16.0045 54289.8 35319 1.70172e+08 80
-71.3826 -70.3342 41.4523 42.4245 1.1182e+09 1.83559e+08 3.78773e+06 212737 1.8064e+06 46790.8 1.85578e+06 285.069 343513 2.85463e+06 6.62274e+07 2.09164e+06 640.311 6.32918e+07 83109.6 29.1302 98073.4 60314 3.30159e+08 67
-72.7152 -71.3005 41.8676 43.2282 1.43967e+09 2.3802e+08 4.7108e+06 33767.5 2.53337e+06 45929.4 2.47191e+06 525.767 342576 4.11894e+06 9.81207e+07 2.54988e+06 734.558 1.00584e+08 147403 89.969 125756 35144.7 4.27487e+08 25
-72.3925 -71.9026 41.4886 42.4666 2.21031e+08 3.0202e+07 675344 7146.05 392727 6198.98 390468 49.4273 49125.3 593670 1.44434e+07 433408 164.889 1.51306e+07 36354.6 4.14348 15985.5 6736.2 6.58365e+07 84
-71.8421 -71.4782 42.1021 43.7671 4.34885e+08 7.84028e+07 1.57386e+06 11374.3 723469 17302.2 735809 282.332 115269 1.23739e+06 3.07761e+07 878018 344.013 3.02571e+07 61940.3 8.17123 33210.6 15500.1 1.29526e+08 172
-73.8244 -71.972 41.7943 42.1238 1.53019e+08 2.52116e+07 537823 6982.57 287718 -nan -nan 4388.12 74463.8 361435 1.06306e+07 291087 42.4023 1.03764e+07 13798.4 5.65332 12526.8 6227.21 4.52021e+07 32
-72.9642 -70.9946 41.1497 42.2393 8.28832e+08 1.3801e+08 2.80574e+06 149913 1.36714e+06 80213 1.28074e+06 17951.4 189761 2.14062e+06 5.10939e+07 1.42126e+06 450.477 5.37426e+07 75362.2 25.5044 73171.8 30717.1 2.42909e+08 16
-73.1254 -72.3213 41.9091 42.7914 4.92358e+08 8.55839e+07 1.69685e+06 60544.4 915211 18383.2 979130 131.141 145967 1.42542e+06 3.56894e+07 1.06403e+06 365.259 3.48854e+07 104843 23.652 162228 58157.8 1.4919e+08 26
-72.636 -72.1931 39.521 41.499 576771 170406 645.043 2959.59 14.3511 -nan -nan -nan -nan -nan -nan -nan -nan -nan -nan 0 22 -nan 154599 52
-71.5032 -70.6777 40.9005 42.5069 1.0065e+09 1.78057e+08 3.30545e+06 383662 1.49877e+06 68497.2 1.55068e+06 1550.94 255482 2.46506e+06 6.70273e+07 2.11352e+06 483.519 6.91628e+07 83784.2 38.0093 102522 64266.7 2.96885e+08 149
-73.1086 -71.7333 42.0502 42.7306 9.43795e+08 1.56266e+08 3.14371e+06 21214.8 1.74675e+06 30156.4 1.71505e+06 249.879 233776 2.55028e+06 5.99707e+07 1.82508e+06 724.286 6.01739e+07 138857 22.1303 91684.5 29428.7 2.80231e+08 42
-71.998 -70.7718 41.8203 42.2465 6.28724e+08 8.87983e+07 2.02572e+06 15848.9 1.07878e+06 19698.1 1.07319e+06 278.815 108210 1.43118e+06 3.83387e+07 1.04172e+06 354.287 4.16039e+07 47973.8 15.4885 43332.5 23858.8 1.85754e+08 61
-72.1373 -70.4766 41.4297 42.4946 1.81037e+09 2.53761e+08 5.60722e+06 71913 3.04134e+06 73459.4 2.98599e+06 2891.97 455773 4.43127e+06 1.09809e+08 3.18511e+06 859.077 1.09503e+08 149390 33.4321 127676 60401.9 5.34456e+08 98
-73.5781 -72.7694 40.3408 42.062 5.19241e+07 9.59568e+06 55504.9 231232 0 -nan -nan -nan -nan 99137.8 4.29454e+06 87102.4 74.6933 4.61397e+06 5529.24 0 -nan -nan 1.53562e+07 61
-72.6916 -72.6412 42.1571 43.7104 3.48469e+07 5.45513e+06 27743.7 138536 7665.47 -nan -nan -nan -nan -nan -nan -nan -nan -nan 4033.44 0 2645.57 -nan 1.02909e+07 37
-72.2761 -70.6136 41.3297 43.0499 2.36275e+09 3.73258e+08 7.4284e+06 144599 3.73095e+06 106840 3.77226e+06 5754.88 647450 5.70498e+06 1.45839e+08 4.3286e+06 1091.25 1.56199e+08 214617 130.204 195231 95424.6 6.97511e+08 47
-72.25 -71.9686 41.4153 42.0236 235529 84143.6 513.616 1956.56 7.19541 -nan -nan -nan -nan -nan -nan 828 3 33814 -nan -nan -nan -nan 73764 56
-72.1383 -70.7514 40.8257 42.2725 9.1588e+08 1.43458e+08 2.92204e+06 31461.2 1.59975e+06 27394.6 1.62662e+06 365.98 182366 2.34633e+06 5.60383e+07 1.71634e+06 595.47 5.72393e+07 140079 17.0403 98310.8 36944.4 2.71318e+08 17
-73.3247 -72.5112 42.0791 42.1985 1.20867e+08 1.9707e+07 465248 5338.21 248442 7241.44 239117 -nan -nan -nan -nan -nan 220.744 8.11667e+06 18383.1 0 10128.1 4887.5 3.58543e+07 229
-71.5176 -71.488 41.2163 41.4941 201754 72416.9 667.149 1438 178 417 177 -nan -nan -nan -nan -nan -nan -nan -nan -nan -nan -nan 48160 20
-71.2675 -71.2187 41.3672 41.457 214698 78699.4 327.583 1347 61 415 60 -nan -nan -nan -nan -nan -nan -nan -nan -nan -nan -nan 49343 6
-72.494 -71.6096 41.5627 43.1042 7.48053e+08 1.18089e+08 2.52035e+06 24343 1.31326e+06 38896.9 1.23966e+06 1960.84 217922 1.94814e+06 4.95854e+07 1.36672e+06 483.36 4.84062e+07 65254.5 82.8602 68881.7 34194.9 2.20811e+08 11
-73.0487 -71.285 40.7182 42.3708 9.02689e+08 1.34278e+08 2.88433e+06 20437.2 1.63497e+06 31570.1 1.63935e+06 1169.05 319041 2.33702e+06 6.11742e+07 1.73376e+06 617.467 5.48002e+07 81884.1 41.6682 78282.1 34042.1 2.66549e+08 32
-72.484 -71.3155 40.8905 41.5639 451972 147252 1167.44 3266.82 60.0959 -nan -nan -nan -nan -nan 62341 908 0 61563 -nan -nan -nan -nan 185411 4
-72.9016 -71.9293 41.8757 43.2839 6.88876e+08 1.10351e+08 2.3647e+06 18726.7 1.27379e+06 25116.4 1.25775e+06 166.877 165897 1.91414e+06 4.53137e+07 1.31034e+06 469.611 4.57482e+07 92612.2 30.1824 67717.4 26367.4 2.05098e+08 18
-72.196 -72.1243 40.4175 41.4957 351712 97479.5 1631 1512 593 532.377 -nan -nan -nan -nan -nan -nan -nan -nan -nan -nan -nan 11 96764 2
-71.8074 -71.7882 40.6413 42.2156 3.38e+06 1.24628e+06 17155 1844 9618 5138.88 -nan -nan -nan -nan -nan -nan -nan -nan -nan -nan -nan 96.4362 1.51801e+06 359
-73.7427 -71.8172 39.8635 41.4975 2.90117e+07 1.09983e+07 161502 6094.75 71518.9 3162 72074.5 89.5069 3367.24 -nan -nan -nan -nan -nan -nan -nan -nan -nan 1.36905e+07 9
-72.5146 -71.7874 41.8559 42.3133 2.76345e+08 4.49373e+07 1.02995e+06 7409.58 541260 9095.68 488125 644.387 94041.2 700142 1.8109e+07 584602 102.112 1.7966e+07 30280.8 15.3161 26831.5 12581 8.16477e+07 37
-71.4108 -69.9854 41.55 41.5708 9.96999e+06 3.68226e+06 28114.2 84086.9 0 -nan -nan -nan 11756.1 46503.3 1.08462e+06 36989 17.352 997113 -nan -nan -nan -nan 5.74478e+06 1
-71.2726 -70.7792 41.4033 42.4537 6.83245e+08 9.73295e+07 2.21314e+06 17039.8 1.19663e+06 26306.7 1.14854e+06 306.767 124273 1.7309e+06 4.05734e+07 1.15644e+06 536.174 4.20291e+07 108708 4.22898 50632.3 25022 2.0245e+08 99
-73.4249 -71.5697 41.9184 42.9245 1.32574e+09 2.03105e+08 4.48592e+06 28949.5 2.44926e+06 43309 2.51968e+06 806.896 337717 3.51416e+06 8.92844e+07 2.49711e+06 873.736 9.09215e+07 254755 62.1555 106505 46804.1 3.98549e+08 6
-71.3934 -71.302 41.3146 41.7924 1.63351e+06 287636 1823.45 7591.76 26.7291 -nan -nan -nan -nan -nan -nan -nan -nan -nan -nan 0 104 -nan 465087 58
-72.8972 -72.2426 41.1576 42.4219 3.24038e+08 5.26286e+07 1.05432e+06 50291.1 577148 12826.1 626414 227.273 95179.9 908678 2.12122e+07 664137 173.524 1.95589e+07 26419.9 11.9649 25864 24108 9.56329e+07 18
-72.4383 -72.247 41.5856 43.2405 1.00614e+08 1.88057e+07 119894 463285 0 -nan 142237 446.986 28379.2 261925 6.98753e+06 211221 102.483 6.35506e+06 8299.58 0 -nan -nan 2.97781e+07 283
-72.3118 -70.808 41.9108 43.322 2.01079e+09 3.2992e+08 6.11403e+06 354062 3.11175e+06 78537.4 3.3064e+06 2331.27 489634 5.16328e+06 1.17595e+08 3.50578e+06 859.264 1.19034e+08 155984 75.57 183651 69554.9 5.93809e+08 74
-72.7301 -72.6181 42.1094 42.7815 4.762e+07 1.67213e+07 177941 389752 117205 11021 157850 171.678 24749.4 247842 5.69569e+06 182887 27.0413 5.57218e+06 -nan -nan -nan -nan 2.6738e+07 59
-73.0628 -72.7058 41.7386 42.6565 1.32572e+08 2.12941e+07 431435 4818.41 239891 5250.12 258668 -nan -nan -nan -nan -nan 200.27 9.59044e+06 14474.5 7.37399 10434.6 5177.75 3.92996e+07 82
-72.882 -71.8647 41.3548 41.5616 329190 118129 444.733 2566.28 0 -nan 585 55 378 1049 -nan -nan -nan -nan -nan -nan -nan -nan 120132 4
-73.8623 -72.2799 41.9603 42.8843 7.84566e+08 1.33012e+08 2.61551e+06 18180.1 1.359e+06 28406.1 1.36665e+06 482.237 213815 2.00064e+06 5.42533e+07 1.38942e+06 289.267 5.36763e+07 64619.6 38.6316 60271 25931.6 2.31429e+08 47
-72.432 -71.1572 41.4289 43.0164 1.53264e+09 2.45026e+08 4.84994e+06 457963 2.39345e+06 116590 2.45951e+06 24981.5 401643 4.14171e+06 9.36247e+07 2.70908e+06 852.761 9.30965e+07 220900 83.9364 207486 111450 4.56376e+08 51
-73.2029 -71.7975 41.6761 43.2786 9.22585e+08 1.5909e+08 3.20356e+06 135364 1.63716e+06 53829.5 1.56829e+06 900.718 269943 2.69401e+06 6.06041e+07 1.86586e+06 447.059 6.01281e+07 79607.2 14.2571 70910.6 36559.6 2.72278e+08 13
-71.6205 -70.0953 41.7212 42.4266 1.1568e+09 1.6024e+08 3.82928e+06 46543.1 1.99733e+06 52714.2 1.88514e+06 1603.96 290343 2.81106e+06 6.91882e+07 2.05104e+06 525.561 6.4833e+07 98100.6 43.2399 88727.6 44349.9 3.4148e+08 53
-73.9039 -72.1744 41.4004 41.5968 5.22643e+06 1.78483e+06 27925.2 2749.07 125.665 10583.4 -nan -nan -nan -nan -nan -nan -nan -nan -nan 3.24853 780 249.882 2.7114e+06 13
-73.3726 -71.9274 42.138 43.4531 7.13217e+08 1.20862e+08 2.29199e+06 125725 1.2107e+06 45089.8 1.27111e+06 215.064 168419 2.08177e+06 4.97493e+07 1.4708e+06 416.966 4.5951e+07 62399.3 37.4354 68657.6 48912.2 2.10507e+08 104
-72.3161 -70.8162 41.8942 42.9537 1.85779e+09 2.93016e+08 5.80237e+06 120890 3.03932e+06 74352.7 3.03833e+06 1767.92 439425 4.75617e+06 1.12229e+08 3.41491e+06 864.397 1.16189e+08 156793 57.3322 135314 73724.6 5.48514e+08 77
-73.5513 -71.9229 41.8029 43.7927 9.68216e+08 1.59612e+08 3.36749e+06 22777.5 1.75294e+06 35140.3 1.78813e+06 3527.63 233784 2.4702e+06 6.22857e+07 1.7009e+06 565.693 6.20311e+07 193768 43.3402 84864.4 42576.8 2.87208e+08 270
-72.777 -71.4537 41.3259 42.8079 1.10104e+09 1.71555e+08 3.88555e+06 23518.5 2.01221e+06 39587.7 1.94994e+06 1205.6 333051 2.89252e+06 7.76717e+07 2.00341e+06 533.486 7.6674e+07 95892.2 47.2465 77648.2 31523.7 3.24996e+08 168
-71.5611 -71.514 40.8937 42.1864 1.28857e+07 2.92586e+06 57012.3 8380.47 262.13 -nan -nan -nan -nan -nan -nan -nan -nan -nan -nan 2.46611 1302 651.694 5.05818e+06 141
-71.1591 -71.0568 41.823 43.6484 2.44861e+08 3.95768e+07 678577 45395.7 398067 11893.3 404029 58.7985 40356.7 614189 1.35469e+07 421401 122.087 1.35515e+07 17209.8 9.04209 22014 10674.8 7.22852e+07 3
-72.2457 -71.6369 41.64 42.6456 4.94772e+08 7.47316e+07 1.57099e+06 68303 818292 29747.6 841756 544.463 116380 1.26901e+06 2.98662e+07 931209 251.205 2.86895e+07 39507 22.8338 32630.5 16620.6 1.46037e+08 2
-72.0915 -71.7834 40.7421 41.986 333268 124164 1818 1250 741 514 -nan -nan -nan -nan -nan -nan -nan -nan -nan -nan -nan -nan 118006 124
-71.6614 -71.4904 41.2649 42.9603 2.44117e+08 4.42308e+07 748864 50566.9 347920 22838.1 409561 72.1091 54834.1 636993 1.40931e+07 471479 90.1348 1.42871e+07 18837.8 0 20583.4 9469.49 7.20385e+07 5
-71.4249 -69.6896 41.262 41.9844 8.16836e+08 1.153e+08 2.5241e+06 106901 1.159e+06 58747.1 1.15895e+06 7174.21 341898 1.86122e+06 4.83051e+07 1.6388e+06 286.522 5.30121e+07 65013.9 20.1059 49400.8 20959 2.40738e+08 155
-72.5383 -70.8067 41.9594 42.1452 3.46774e+08 5.11738e+07 1.1002e+06 7819.7 586490 13817.5 589867 89.6821 86745.9 840671 2.28302e+07 601239 93.0805 2.3064e+07 31501.9 7.58782 23368.4 13696.6 1.02418e+08 25
-72.8874 -71.9109 41.5658 43.4292 7.18915e+08 1.11504e+08 2.42576e+06 15635.6 1.30659e+06 28823.3 1.21902e+06 2570.03 225823 1.76819e+06 4.52905e+07 1.35139e+06 296.838 4.64103e+07 71000 26.5509 61130 28009 2.12123e+08 79
-73.2861 -71.5372 41.1614 42.3553 7.86522e+08 1.16789e+08 2.55516e+06 17322.3 1.38859e+06 33914.5 1.36053e+06 1345.21 251708 1.92544e+06 4.80756e+07 1.42529e+06 276.152 4.79169e+07 72844.6 29.0443 61225.4 26412.2 2.32137e+08 71
-71.6623 -71.0369 41.1682 42.4627 7.4127e+08 1.11881e+08 2.34662e+06 18439.2 1.26164e+06 23615.7 1.28595e+06 196.792 150083 1.90034e+06 4.52256e+07 1.2377e+06 291.278 4.47331e+07 155085 22.1567 67141.8 27745 2.24024e+08 72
-72.9301 -71.4786 41.2431 42.2377 4.78151e+08 6.91479e+07 1.59048e+06 12407.6 897163 15976.3 900790 139.86 114520 1.30816e+06 3.14187e+07 961260 401.564 3.16347e+07 97862.3 18.4566 41363.5 18896.7 1.43982e+08 26
-72.7891 -72.4481 41.4503 42.8278 3.21754e+08 5.35521e+07 1.16554e+06 9247.58 602547 10164 580241 89.1306 101545 847469 2.07676e+07 611774 236.6 2.19297e+07 30095 4.00341 26672.7 13779.6 9.49824e+07 154
-72.8334 -71.8339 41.8912 43.1223 7.52991e+08 1.17028e+08 2.56745e+06 17596.7 1.38322e+06 23946.1 1.37225e+06 476.447 216053 2.02365e+06 5.25549e+07 1.4108e+06 392.443 5.044e+07 70915.5 86.7454 57509.7 23009.6 2.22922e+08 79
-72.2169 -70.4882 41.5351 41.9792 5.44906e+08 7.64494e+07 1.69627e+06 13173.4 905901 15581.6 879533 141.149 167427 1.34587e+06 3.16248e+07 935121 146.598 2.98783e+07 40650.6 0 37072.2 16662.3 1.61202e+08 34
-71.7852 -69.9704 40.8767 41.4341 4.48445e+07 9.70006e+06 212386 5226.34 119050 84871.7 -nan -nan -nan -nan -nan -nan 160.678 3.96658e+06 6305.09 0 5900.61 2573.97 2.14055e+07 38
-72.5285 -71.5442 41.282 43.0332 8.5838e+08 1.45195e+08 2.92747e+06 74966.7 1.46961e+06 50418 1.34866e+06 3475.77 206448 2.31952e+06 5.47922e+07 1.62031e+06 375.766 5.39316e+07 69762 14.0816 65251.9 31209.5 2.53213e+08 63
-71.4416 -70.9795 42.091 42.9821 6.96954e+08 1.0195e+08 2.16602e+06 18386.7 1.14758e+06 21070.2 1.14227e+06 205.841 158295 1.80947e+06 4.22451e+07 1.23921e+06 266.756 4.44545e+07 101500 17.6185 72896.9 21740.8 2.05365e+08 37
-71.908 -71.524 41.8972 43.4489 4.70762e+08 8.97392e+07 1.71686e+06 13778.7 838486 19399.3 842520 125.996 129303 1.359e+06 3.21486e+07 946881 266.191 3.13646e+07 59437.4 17.4769 41198.5 22734.4 1.38918e+08 169
-72.9067 -71.8403 40.7154 41.4128 495813 185917 2523 1571 973 866.259 -nan -nan -nan -nan -nan -nan -nan -nan -nan -nan -nan 22 176918 64
-72.8357 -72.1335 41.2174 42.7934 4.68724e+08 7.73964e+07 1.50128e+06 39271.9 821267 20710.4 885201 134.075 145589 1.33684e+06 3.23423e+07 1.00702e+06 103.804 3.26799e+07 40374.9 5.76587 33744.7 28068.4 1.38365e+08 5
-73.0838 -72.261 41.5211 42.5033 3.52652e+08 6.69811e+07 1.34323e+06 10184.9 725175 11609.9 741541 394.967 155132 913565 2.45412e+07 721569 189.224 2.46282e+07 32480.5 18.2259 27620.6 16016.2 1.0436e+08 90
-73.3323 -71.4398 39.5683 41.4893 1.04365e+07 3.90866e+06 31593.6 3056.76 31725 1594 31658 77.2285 -nan -nan -nan -nan -nan -nan -nan -nan -nan -nan 5.74734e+06 178
-73.9272 -72.302 42.0135 42.6176 5.95765e+08 9.65237e+07 2.00153e+06 14276.6 1.1245e+06 17819.7 1.13458e+06 148.957 187149 1.61234e+06 4.16339e+07 1.13498e+06 368.314 4.31805e+07 64701.6 15.5923 54217.2 23653.5 1.76425e+08 33
-72.7618 -71.2437 41.8165 42.4398 9.15494e+08 1.59047e+08 3.09332e+06 28169.3 1.71713e+06 30738.5 1.72566e+06 270.391 279180 2.58372e+06 6.05423e+07 1.82634e+06 622.904 6.15599e+07 123101 17.4214 119497 48513.1 2.70282e+08 2
-71.2791 -71.0824 42.2519 42.8117 2.85913e+08 4.25886e+07 873590 8125.18 476948 9979.09 489698 185.786 84150.3 672144 1.86105e+07 470352 95.1188 1.84712e+07 24500.7 14.1484 22260.4 10103.6 8.48406e+07 91
-71.1633 -69.9369 41.7343 42.9662 9.72447e+08 1.61146e+08 3.20808e+06 45622 1.69652e+06 32828 1.67748e+06 233.354 323107 2.4787e+06 5.92851e+07 1.86476e+06 543.46 6.65679e+07 98709.6 17.9974 88149.1 42799 2.87041e+08 143
-72.7248 -71.2326 41.3167 42.8668 1.44688e+09 2.29852e+08 5.05011e+06 631888 2.46849e+06 136259 2.45848e+06 23874.1 384413 4.19879e+06 1.04015e+08 3.01338e+06 725.176 1.03043e+08 189705 72.4155 139512 90070.9 4.30244e+08 251
-72.96 -71.9798 42.1023 43.7867 4.9374e+08 9.30294e+07 1.89143e+06 13776.1 1.01017e+06 19275 1.02705e+06 113.932 149216 1.44807e+06 3.43036e+07 1.05659e+06 288.902 3.64629e+07 69450.3 40.7932 54226 21275.8 1.45797e+08 121
-71.4539 -70.2319 41.1231 42.8682 1.69661e+09 2.7707e+08 5.37803e+06 57822.5 2.88865e+06 62096.7 2.8735e+06 429.438 449114 4.4068e+06 1.10191e+08 3.35833e+06 709.115 1.05431e+08 129591 60.483 127981 79403.7 5.00936e+08 32
-72.8688 -71.4619 40.9558 41.6034 485224 162081 1086.63 3833.61 12.1575 1012.4 -nan -nan -nan -nan -nan 141.365 2 68720 28.6369 -nan -nan -nan 210309 289
-73.3265 -72.1456 41.331 41.9309 2.58488e+06 863197 8921.11 29957.1 845.464 5857.69 -nan -nan -nan -nan -nan -nan 12 401549 276 -nan -nan -nan 1.31613e+06 26
-72.2936 -71.0495 42.0034 42.331 6.14492e+08 9.97815e+07 2.03254e+06 27730.1 1.06149e+06 32517.6 1.0635e+06 189.075 139734 1.65199e+06 3.99384e+07 1.21496e+06 303.09 3.99336e+07 63117.6 52.9245 57038.7 25861.8 1.81439e+08 31
-71.4748 -71.1812 41.7985 42.288 1.3526e+08 2.30698e+07 477045 6453.76 249076 7758.83 250240 -nan -nan -nan 1.33687e+07 295120 159.134 1.11755e+07 13397.2 0 10147.9 5364.31 4.29796e+07 58
-72.7231 -72.455 42.1791 42.2947 2.28048e+07 8.77074e+06 37541.8 17451.2 78213.8 3691.42 79694 37.0697 9237.08 117410 -nan -nan -nan -nan -nan -nan -nan -nan 1.1869e+07 45
-72.4852 -70.7266 39.9047 41.8641 1.75946e+08 3.14291e+07 590293 5944.79 314587 7441.22 -nan 5589.88 87130.7 400931 1.23113e+07 354078 74.9362 1.17816e+07 11964.3 4.34239 10292.3 6440.76 5.21037e+07 64
-73.8053 -72.0516 41.6544 41.9729 529962 135637 505.258 3273.05 1001 588 986 70 -nan -nan -nan -nan -nan -nan -nan -nan -nan -nan 173003 207
-72.3495 -71.6293 40.9835 42.6792 5.22572e+08 8.1746e+07 1.88702e+06 13190.4 990167 27123.6 907943 1418.94 169221 1.38551e+06 3.44202e+07 1.08897e+06 294.675 3.36518e+07 39691.9 12.88 35865.1 20695 1.54472e+08 277
-74.4836 -72.6264 41.976 43.618 5.56866e+08 1.11473e+08 2.12056e+06 12595.9 999943 25685.3 1.02954e+06 329.58 173416 1.89195e+06 4.65747e+07 1.05903e+06 347.206 4.1804e+07 43965.2 20.5659 38541.1 26947.6 1.64545e+08 71
-73.4145 -72.8686 41.722 42.3846 5.95126e+07 1.77389e+07 369306 5170.82 199271 8508.87 -nan -nan -nan -nan -nan -nan 43.2565 7.42734e+06 12413.1 2.5619 8159.03 4161.64 3.07417e+07 14
-73.4734 -72.1299 41.9998 42.4618 4.61561e+08 7.45966e+07 1.62001e+06 18032.9 842314 38461.5 761936 379.591 188443 1.23406e+06 3.34548e+07 1.01798e+06 366.317 3.36618e+07 44067.2 11.3572 28873.1 17149.3 1.3627e+08 103
-73.1738 -71.194 41.4511 42.8086 1.61747e+09 2.66368e+08 5.77319e+06 104065 2.95515e+06 70834.9 2.89324e+06 1812.97 504062 4.43089e+06 1.11203e+08 3.19008e+06 728.515 1.0914e+08 153152 66.4945 127948 68028.1 4.78455e+08 67
-72.6931 -71.6051 41.7743 42.9701 8.89839e+08 1.68769e+08 3.0933e+06 69794.3 1.64989e+06 31065.9 1.67541e+06 411.756 264343 2.52471e+06 5.99628e+07 1.89326e+06 508.439 6.14555e+07 104627 10.9889 96637.2 44614.2 2.6265e+08 49
-71.5513 -69.7501 41.8374 42.6532 1.24269e+09 1.7867e+08 3.86395e+06 25674.5 2.14894e+06 37726.7 2.18694e+06 465.005 334803 3.19754e+06 8.18073e+07 2.22739e+06 785.334 7.80505e+07 108983 30.6002 77705.5 38722.8 3.67142e+08 316
-71.545 -69.8364 41.8827 41.8908 1.08399e+07 2.76882e+06 14681.8 97344.3 321.975 22350.6 -nan -nan -nan -nan -nan -nan -nan 1.55622e+06 961.103 2 803.473 -nan 5.62826e+06 159
-72.4208 -71.9427 42.0875 42.3238 1.25047e+08 2.57015e+07 340059 10717.1 211863 9826.79 235204 25.4134 39590.1 357404 8.83345e+06 277194 24.1176 1.05151e+07 -nan -nan -nan -nan 3.69402e+07 110
-72.5983 -71.4923 41.7968 43.6027 1.00073e+09 1.68854e+08 3.41674e+06 25795.6 1.78106e+06 35095.6 1.793e+06 272.478 240662 3.02397e+06 7.01686e+07 2.03576e+06 558.862 6.96087e+07 146868 24.8198 96412.3 43587.4 2.95396e+08 45
-71.3422 -69.9408 41.3502 42.6414 1.51595e+09 2.51962e+08 5.07968e+06 76051.5 2.53215e+06 62170.6 2.61561e+06 401.064 465584 3.84437e+06 9.09322e+07 2.8096e+06 652.757 9.10677e+07 141093 71.0789 155109 94303.2 4.47557e+08 4
-71.6275 -71.1168 40.8338 41.6823 4.09037e+06 1.53373e+06 6071.02 37135.9 13133.8 1291 13109 59 1492.89 -nan -nan -nan -nan -nan -nan -nan -nan -nan 2.02996e+06 30
-74.6092 -72.9096 42.073 42.2352 2.64183e+07 8.799e+06 155077 2688 82261 2576.1 85028.5 -nan -nan -nan -nan -nan -nan -nan -nan -nan -nan 1852.77 1.26598e+07 66
-73.7393 -72.901 41.7616 42.4933 1.36357e+08 2.95901e+07 139421 43241.9 208006 10228.1 240967 45.3067 27352.8 410906 1.03551e+07 293530 116.475 1.00558e+07 14083.1 -nan -nan -nan 4.0251e+07 57
-71.6991 -70.4196 41.3567 42.1646 9.41003e+08 1.33812e+08 3.10601e+06 20782.9 1.66846e+06 28123.6 1.62598e+06 950.187 264806 2.23018e+06 5.62101e+07 1.63204e+06 502.932 5.39121e+07 86624.1 23.2579 73750.4 34143.7 2.78942e+08 3
-71.9607 -71.3762 41.151 41.7141 335356 122298 1201.69 2481.09 570 552 570 64 -nan -nan -nan -nan -nan -nan -nan -nan -nan -nan 130503 7
-71.2006 -70.8251 41.8921 43.7469 7.41882e+08 1.17947e+08 2.19924e+06 312267 1.13355e+06 29805.3 1.21389e+06 168.906 139914 1.86545e+06 4.42269e+07 1.33608e+06 479.307 4.55523e+07 94443.9 40.9132 132146 79688.5 2.18388e+08 11
-73.5723 -72.655 41.4949 42.0138 1.62112e+06 560577 8782.18 4053.55 48.3085 2972.59 -nan -nan -nan -nan -nan -nan -nan -nan -nan 3.50595 188 54.5881 787318 76
-72.6134 -71.544 41.6274 42.7722 1.04658e+09 1.67703e+08 3.72725e+06 767232 1.81541e+06 157841 1.72574e+06 33262.7 295022 3.01606e+06 6.48717e+07 1.92762e+06 454.346 6.49516e+07 243777 27.4814 217995 79592.1 3.15776e+08 61
-72.8435 -71.0346 41.6006 42.7923 1.91344e+09 2.98854e+08 6.51979e+06 46576.7 3.51227e+06 70305.5 3.34655e+06 2038.03 521552 5.0081e+06 1.26595e+08 3.60679e+06 807.998 1.28036e+08 184346 94.8688 129210 45946.6 5.66599e+08 245
-71.5319 -70.4129 41.9522 43.0817 1.21972e+09 1.79868e+08 3.84211e+06 26031.1 2.05528e+06 38644.5 2.04662e+06 574.801 244909 2.95945e+06 8.16807e+07 2.19303e+06 546.718 7.67398e+07 102302 66.1234 77954.2 37959.6 3.60618e+08 85
-72.5602 -71.2053 42.0131 42.8662 1.24361e+09 1.95743e+08 4.32372e+06 25814 2.32799e+06 41068.8 2.27919e+06 700.205 337514 3.46451e+06 8.42661e+07 2.29589e+06 785.173 8.12636e+07 117075 67.5162 92880.2 44541.3 3.67983e+08 31
-71.1713 -70.7736 41.9661 43.2786 5.84657e+08 9.01572e+07 1.92805e+06 16959 1.02747e+06 19044.2 1.00574e+06 145.874 103330 1.50746e+06 3.78927e+07 978179 401.041 3.83272e+07 46766.4 0 37388.3 20216.2 1.72786e+08 93
-71.2005 -70.1801 41.4222 42.4589 9.95963e+08 1.61458e+08 3.12277e+06 43673.9 1.63068e+06 38774.2 1.73659e+06 377.036 330208 2.60453e+06 5.9291e+07 1.90511e+06 450.368 5.84023e+07 67098.6 24.5061 61290.1 44183.1 2.94056e+08 135
-72.535 -71.7556 41.2495 41.9843 482366 144405 598.842 3386.79 7.51787 864.564 -nan -nan -nan -nan -nan -nan -nan -nan 54 0 -nan -nan 169935 5
-72.5437 -72.1109 41.8716 43.618 2.42674e+08 3.83076e+07 930236 9203.08 491389 10226.7 477680 71.6907 62676.6 669317 1.61506e+07 508000 111.994 1.69124e+07 53176.2 12.282 21303.1 9556.04 7.15877e+07 5
-71.2504 -71.0018 41.4443 42.7464 5.67673e+08 9.32227e+07 1.77197e+06 31373.9 942792 22143.5 967669 157.184 128841 1.4314e+06 3.27446e+07 999336 225.267 3.47125e+07 60939.6 24.5254 61674.4 24170.2 1.67551e+08 3
-72.829 -71.2452 41.8033 43.0343 1.58967e+09 2.51033e+08 5.13128e+06 124128 2.73986e+06 82620.3 2.68052e+06 15750.6 436782 4.36235e+06 1.05915e+08 2.87666e+06 942.153 1.08316e+08 159067 46.1273 146548 87522.9 4.72944e+08 35
-72.9669 -72.273 41.1064 41.7136 458086 114265 433.783 2823.03 0 -nan -nan -nan -nan 1490 59318 1036 -nan -nan -nan -nan -nan -nan 118149 5
-72.2335 -72.1664 42.1694 44.1518 3.35712e+07 6.40323e+06 46053 152407 0 -nan -nan -nan -nan 67493.5 2.10973e+06 64138 16.1266 2.23126e+06 -nan -nan -nan -nan 9.97785e+06 4
-73.782 -72.7542 42.1804 43.5161 3.43631e+08 7.29475e+07 1.18791e+06 9707.7 537934 14078.7 617200 82.7014 91061.3 865533 2.40381e+07 668643 95.4676 2.50488e+07 38924.8 16.0968 45634.1 18716.1 1.01732e+08 14
-71.1614 -70.5758 40.8066 41.8435 3.02698e+08 4.91087e+07 1.04801e+06 22234.8 524646 13308.3 506573 67.0671 71734.9 716416 1.75799e+07 568282 301.742 1.70256e+07 24892.1 26.5586 37081.5 14407.2 8.93378e+07 8
-73.4224 -71.6112 41.8889 41.9039 298129 104202 1198.26 1405 622 505 619 -nan -nan -nan -nan -nan -nan -nan -nan -nan -nan -nan 104485 33
-73.0519 -72.1109 41.8941 42.9544 5.88586e+08 9.1872e+07 2.07961e+06 17122.1 1.06554e+06 30596.6 999517 1237.18 193675 1.58754e+06 3.74809e+07 1.15112e+06 359.968 3.64825e+07 50120.5 7.24877 50099.5 24422.5 1.73839e+08 48
-72.3632 -71.3363 41.9533 42.1082 6.04382e+07 1.8167e+07 374726 6615.05 204025 16451.9 -nan -nan -nan -nan 7.70192e+06 180263 138.769 7.53339e+06 10037.5 0 9673.91 4191.44 3.40141e+07 153
-72.3554 -70.9368 41.929 42.1954 4.52264e+08 6.16022e+07 1.36907e+06 57522.5 700138 47533.9 717969 1780.8 77253.7 1.11722e+06 2.66832e+07 849127 346.434 2.70047e+07 38505.2 38.9485 33179.3 16335.2 1.3338e+08 78
-72.7989 -72.0851 41.6393 42.5429 4.20913e+08 7.17858e+07 1.30315e+06 90840.1 708974 18068.6 796323 89.3505 114777 1.17722e+06 2.63135e+07 834111 332.547 2.66558e+07 33360.7 31.0689 40228.3 30153.7 1.2417e+08 63
-71.2175 -69.7513 41.8083 42.3873 6.78541e+08 9.20064e+07 1.98449e+06 16346 1.0987e+06 20992.4 1.10102e+06 365.669 110103 1.69897e+06 3.88093e+07 1.11197e+06 487.592 4.1472e+07 60558.2 11.1572 41456.7 18731.8 2.00591e+08 52
-72.9771 -72.735 41.0462 42.4147 5.84712e+07 1.15108e+07 44334.1 308331 0 -nan 86085.1 131.536 11077.5 157446 3.72478e+06 117508 66.5751 -nan -nan -nan -nan -nan 1.72576e+07 153
-72.4199 -71.6556 41.9881 43.6634 6.35399e+08 1.11929e+08 2.24428e+06 15999.2 1.18591e+06 20149.5 1.12597e+06 362.594 144657 1.97218e+06 4.23356e+07 1.09635e+06 387.648 4.45753e+07 70717.5 21.0089 40779.7 17791.6 1.87909e+08 28
-72.3013 -71.1221 41.6523 43.5039 1.41246e+09 2.15051e+08 4.4966e+06 31220.9 2.37956e+06 58737.3 2.19896e+06 3630.29 380263 3.69372e+06 1.00449e+08 2.67991e+06 743.327 9.38462e+07 102984 46.6927 82041.4 34832.6 4.19687e+08 74
-72.206 -72.172 41.1474 42.0571 1.0575e+06 377099 5476 1446 3153 2405.67 -nan -nan -nan -nan -nan -nan -nan -nan -nan -nan -nan 34 544847 18
-73.0192 -72.5384 41.7896 42.7364 3.13742e+08 4.92105e+07 987553 36452.5 540621 16105.9 576239 191.269 79848.6 887269 2.19485e+07 659417 185.349 2.11632e+07 37866.2 7.72026 31303.5 18956.7 9.26136e+07 129
-71.2891 -70.2914 41.0212 42.9965 1.57883e+09 2.36732e+08 4.82158e+06 81551.6 2.61044e+06 43257.1 2.62321e+06 710.987 500379 3.86993e+06 9.04924e+07 2.76605e+06 723.621 9.2512e+07 165161 33.4651 137622 59110.4 4.66852e+08 30
-72.7895 -72.0272 41.696 42.9453 5.59262e+08 9.38147e+07 1.7733e+06 84748.5 988040 23107.1 1.0423e+06 287.512 168461 1.5253e+06 3.58705e+07 1.12415e+06 376.839 3.73162e+07 47561.4 41.2886 50950.7 33833.8 1.65035e+08 57
-71.594 -70.5587 42.2588 43.0033 9.18239e+08 1.51543e+08 2.66842e+06 128685 1.41885e+06 38940.2 1.47221e+06 220.325 162424 2.48138e+06 5.60565e+07 1.59113e+06 404.325 5.39623e+07 66736.5 42.9846 74934.6 40326.6 2.70963e+08 125
-71.8163 -71.5049 41.7397 41.743 295484 86562.2 347.944 2002.21 6.12004 516.401 -nan -nan -nan -nan -nan 572 3 27269 -nan -nan -nan -nan 75463 7
-71.7417 -70.4967 42.166 42.4233 5.04585e+08 7.57002e+07 1.54439e+06 14176.2 843029 16943.8 806140 107.125 81193.4 1.25001e+06 2.84525e+07 886807 546.105 3.15964e+07 53993.9 31.1541 34121 15306.5 1.48948e+08 9
-72.8665 -71.3724 41.7593 43.2101 1.37355e+09 2.24494e+08 4.64825e+06 30455.1 2.45453e+06 54974.4 2.49027e+06 1193.44 398234 3.52734e+06 8.98886e+07 2.48594e+06 1036.72 9.56417e+07 129539 67.9342 110726 49950.8 4.07205e+08 26
-72.584 -71.7881 41.0906 42.7858 6.37144e+08 1.05088e+08 2.27524e+06 615502 948407 81931.4 941346 19055.3 152054 1.72346e+06 3.97218e+07 1.313e+06 324.157 4.28734e+07 53991 71.7821 84909.1 36782 1.89202e+08 2
-72.6016 -71.8031 41.7595 42.2676 3.05937e+08 5.02777e+07 1.06997e+06 11061.2 600718 11625.8 578476 101.696 93109.4 845645 1.97528e+07 631581 213.723 2.00051e+07 45874.8 3.84593 28206.8 10835.6 9.01866e+07 31
-73.6505 -72.8959 41.4023 42.8605 2.67244e+08 4.34732e+07 912912 38436.4 443530 19760.1 444518 253.021 38964.3 1.08016e+06 2.07671e+07 491020 59.1968 1.71774e+07 24532.4 13.1541 22368 10719.9 7.88583e+07 69
-71.7551 -71.2812 42.2288 42.7592 4.05346e+08 6.23089e+07 1.26917e+06 9080.41 670624 25271.9 622592 649.133 145220 1.07939e+06 2.59823e+07 751099 168.377 2.60626e+07 34306.1 16.6947 28714.9 14127.2 1.19658e+08 23
-72.6936 -71.9136 41.8828 41.9459 242590 102387 509.246 1730.86 3.62871 444.627 -nan -nan -nan -nan -nan -nan -nan -nan -nan 0 9 -nan 63528 14
-73.752 -72.1507 41.5017 43.4411 7.75089e+08 1.47667e+08 2.50143e+06 109257 1.29755e+06 33813.9 1.33466e+06 186.003 176374 2.35101e+06 5.73871e+07 1.52487e+06 429.226 5.85031e+07 70464.1 18.0076 73112.5 33089.4 2.28746e+08 25
-71.9465 -71.5864 42.0517 42.3978 2.29252e+08 3.36083e+07 738620 37328 364757 17862.2 404824 71.9432 67760.7 602491 1.43777e+07 475449 63.4763 1.4649e+07 18876.7 5.64146 17229.7 8712.23 6.76665e+07 210
-73.2172 -72.6137 40.9 42.0539 1.21521e+07 4.65483e+06 70543 3701 36927 2073.74 -nan -nan -nan -nan -nan -nan -nan -nan -nan -nan -nan 875.928 6.0178e+06 22
-73.5235 -71.6279 40.8143 42.5615 1.02572e+09 1.74986e+08 3.36112e+06 20695.4 1.91292e+06 33348.3 1.89254e+06 257.103 264837 2.69278e+06 6.7341e+07 1.90952e+06 729.696 7.18844e+07 103864 44.6222 81107.1 32812.2 3.04162e+08 28
-72.6538 -72.3752 41.962 43.823 2.66944e+08 5.15006e+07 887981 11431.4 491670 8855.99 512801 69.0111 88935.9 778069 1.8201e+07 551847 197.143 1.9078e+07 37547.6 16.737 26557.7 10392.1 7.87546e+07 31
-71.4694 -71.2996 41.8759 42.1159 2.10011e+07 7.19733e+06 132944 2829.52 66466.5 46485.5 -nan -nan -nan -nan -nan -nan -nan -nan -nan 0 3401.36 1133.7 1.20629e+07 49
-72.6111 -71.155 40.7612 42.2743 4.74636e+08 1.03647e+08 2.06184e+06 172893 804994 71913.3 831508 1700.82 161056 1.54575e+06 3.90773e+07 1.1906e+06 394.257 4.19194e+07 35777.2 17.5209 20844.5 9651.3 1.39866e+08 78399
