-71.8032 -69.8988 42.5325 43.9098 7.34384e+08 1.44761e+08 2.29898e+06 418547 978448 69509.5 1.05519e+06 3676.79 135557 2.17614e+06 4.73558e+07 1.20159e+06 439.527 4.78872e+07 64264 0 56782.1 12233 2.16914e+08 22
-71.3472 -71.2542 41.7773 43.4576 9.99071e+07 3.26358e+07 439992 95208.3 241262 22273.4 277792 32.4416 32089.5 415732 1.00468e+07 306056 41.273 9.52997e+06 13027.8 0 -nan -nan 4.70672e+07 21
-71.1947 -70.3673 41.7003 42.5462 9.62152e+08 1.21226e+08 2.74441e+06 24112.5 1.50447e+06 30960.1 1.52871e+06 2971.34 251090 2.18841e+06 5.6188e+07 1.45635e+06 340.255 5.60374e+07 59343.4 23.6902 45628 12492.3 2.83933e+08 8
-72.4291 -71.8127 42.1104 43.5928 4.74739e+08 6.08193e+07 1.35741e+06 11207.9 749135 22847.6 697388 4167.62 115381 1.04372e+06 2.64675e+07 771719 105.234 2.5623e+07 33874.2 17.536 23770.1 7348.88 1.40122e+08 113
-72.3779 -71.3156 42.1627 43.2132 1.03505e+09 1.36345e+08 2.93578e+06 24611.4 1.59635e+06 46401.7 1.55557e+06 4915.19 236020 2.4464e+06 6.34371e+07 1.4905e+06 387.867 6.4214e+07 73755.2 6.37063 62570.5 15482.5 3.05232e+08 27
-72.4568 -71.1927 41.1928 42.289 6.69389e+08 8.44532e+07 1.84115e+06 17918.9 1.0533e+06 20553.7 1.04839e+06 385.175 128085 1.53673e+06 3.67302e+07 1.05179e+06 467.764 3.8806e+07 67779.4 5.53039 38779.6 14252.9 1.97583e+08 104
-71.3356 -69.7154 42.7923 44.2464 3.65742e+08 7.66983e+07 1.13522e+06 13194.4 462345 17142.3 472141 94.6514 54673.6 1.46479e+06 3.06195e+07 523782 128.533 2.83839e+07 45983.8 4.51523 28286.2 9192.33 1.07897e+08 105
-71.6927 -71.2273 41.8895 43.3456 8.01802e+08 1.16944e+08 2.31897e+06 220250 1.09751e+06 68399.1 1.06038e+06 5481.44 151504 1.8179e+06 4.22676e+07 1.31678e+06 256.663 4.07844e+07 49312.2 0 46404.2 15346.5 2.36333e+08 212
-72.0752 -71.324 42.4317 43.4101 4.65213e+08 6.94207e+07 1.3835e+06 11907.6 702241 16290.6 631292 833.396 90766.7 1.27159e+06 3.08328e+07 651154 142.163 2.55038e+07 36511.5 5.72968 37574.7 14227.3 1.37437e+08 111
-72.9881 -71.9499 41.9927 43.4665 8.36826e+08 1.05246e+08 2.38459e+06 20531.1 1.35824e+06 26332.8 1.30997e+06 4677.54 196167 1.87075e+06 4.87132e+07 1.34657e+06 354.192 4.65812e+07 66104.2 6.86868 51470.6 16972.8 2.47036e+08 28
-72.3376 -71.4751 43.0633 43.5332 9.06546e+06 3.27718e+06 22335 68663.8 398.81 -nan -nan -nan -nan -nan -nan -nan 51.2823 1.40451e+06 2731 0 -nan -nan 5.37314e+06 22
-73.2494 -71.7047 42.7014 43.1992 9.82795e+07 1.65963e+07 281121 4651.66 105179 4474.47 106653 -nan -nan -nan -nan -nan -nan 7.56824e+06 26847.3 3.57127 9134.19 4045.62 2.90757e+07 18
-72.1594 -71.5893 42.4833 43.6807 2.55407e+08 4.15427e+07 731328 16242.4 335283 20012.9 347952 537.567 33587.9 749694 1.69961e+07 368160 113.26 1.45041e+07 20916.4 0 24000.9 8586.95 7.54565e+07 91
-72.7912 -71.6378 43.0848 43.135 4.96767e+06 1.81013e+06 7421.17 36587.2 9610 1496 9560 61 -nan -nan -nan -nan -nan -nan -nan -nan -nan -nan 2.47097e+06 98
-71.9758 -70.8623 41.3423 42.5927 1.70219e+09 2.36186e+08 4.70043e+06 40099.2 2.69704e+06 43839.6 2.66029e+06 664.414 276923 3.88686e+06 8.90226e+07 2.68684e+06 611.952 9.17587e+07 149453 12.1185 172767 47085.3 5.04831e+08 3
-72.4668 -72.1246 42.3558 42.4007 5.19131e+06 1.76607e+06 14187 40712.8 444.806 -nan -nan 121 2791 23427 641423 -nan -nan -nan -nan -nan -nan -nan 2.90892e+06 22
-74.1852 -72.5459 42.9202 43.4733 3.74713e+07 1.3823e+07 106380 316682 0 -nan -nan 2750.95 18870.8 216352 5.07182e+06 85814.7 28.7724 5.70277e+06 7501.33 17.859 -nan -nan 2.17625e+07 18
-72.7192 -70.8708 43.0515 43.6018 1.31424e+07 4.79001e+06 31706.1 103395 518.162 -nan -nan -nan -nan -nan -nan -nan -nan 2.32461e+06 3534.16 0 3199.5 -nan 7.84611e+06 48
-72.556 -71.8871 42.0662 43.834 5.52255e+08 7.02126e+07 1.55466e+06 13675 846245 33149.1 783249 7071.36 111467 1.41819e+06 3.14643e+07 930122 188.731 2.84887e+07 34608.8 6.80042 29210.1 6182.04 1.62791e+08 34
-72.4681 -71.2586 42.0216 43.0888 1.37196e+09 1.94878e+08 4.14759e+06 32552.3 2.16728e+06 40961.1 2.05329e+06 309.148 280598 3.25067e+06 7.75184e+07 2.07573e+06 608.098 8.54074e+07 122444 10.7203 76960.9 20100.8 4.05013e+08 112
-71.556 -71.3458 42.2217 43.7767 2.63095e+08 5.06894e+07 770081 38613.1 368814 18045.3 426701 73.1466 47940.9 617996 1.40288e+07 446164 48.7593 1.43223e+07 17556.6 0 17098 11358.7 7.79554e+07 114
-73.516 -72.0755 42.9172 44.2526 3.48868e+06 1.29832e+06 16385.1 1274 7813 1272 7752 -nan -nan -nan -nan -nan -nan -nan -nan -nan -nan -nan 1.94803e+06 152
-72.9766 -71.2311 42.3258 43.129 9.82274e+08 1.37304e+08 2.88914e+06 27145.4 1.55267e+06 58483 1.44998e+06 8114.12 208208 2.5165e+06 6.12317e+07 1.44499e+06 270.068 5.80909e+07 62313.9 12.0897 48236.6 17649.1 2.8961e+08 17
-72.0293 -70.6207 41.015 42.8117 2.34683e+09 3.01254e+08 6.63614e+06 63338.3 3.69906e+06 76956.4 3.58478e+06 5926.2 456934 5.53147e+06 1.34199e+08 3.8277e+06 872.739 1.41013e+08 175998 35.3422 130139 35522.8 6.92755e+08 168
-72.7234 -70.7964 41.3669 42.3958 1.63097e+09 2.21875e+08 4.82468e+06 425104 2.55184e+06 102543 2.49339e+06 8572.99 390022 3.88422e+06 9.55524e+07 2.8906e+06 574.879 9.50016e+07 122733 6.62801 140191 67915.8 4.87301e+08 37
-72.9058 -70.9497 42.8314 44.0563 1.24232e+08 2.79689e+07 423587 6540.67 148384 5987.27 138552 -nan -nan -nan -nan 144784 223.69 7.04775e+06 38257.1 0 12681.6 6893.18 3.67089e+07 34
-71.5614 -71.3574 42.268 43.2168 2.50006e+08 4.00164e+07 739400 16426.1 316635 18928.7 342302 250.214 47190.2 579934 1.45043e+07 470697 115.487 1.50965e+07 25213.3 0 20983.5 8793.93 7.38748e+07 18
-74.7039 -72.7591 41.1613 42.4583 2.56435e+08 3.56141e+07 773947 17536.2 383379 17780 355768 617.505 46121.8 688751 1.58807e+07 416900 156.328 1.34827e+07 20649.1 18.9424 19171.4 12609 7.57289e+07 93
-71.9011 -71.1766 42.6984 44.2987 1.57258e+08 3.17854e+07 494656 6274.72 175750 8303.63 -nan -nan 78968.8 343869 1.06028e+07 225653 70.1396 1.18885e+07 17915.3 0 14053.7 5146.23 4.64708e+07 120
-73.9621 -72.4783 43.0847 44.8831 1.70634e+07 5.14476e+06 74071.6 4297.89 33189 2228 33845.4 1352.58 -nan -nan -nan -nan -nan -nan -nan -nan -nan -nan 8.11895e+06 180
-72.257 -71.7439 42.882 43.8263 2.01538e+07 7.65945e+06 31903 158586 37835.8 3352.86 41712 108 4172.81 153051 -nan -nan -nan -nan -nan -nan -nan -nan 1.07688e+07 5
-71.2839 -70.5776 41.9677 42.316 4.1191e+08 5.39618e+07 1.15116e+06 11716.6 628726 12216.9 615680 1462.54 90350.7 942091 2.50438e+07 642547 152.486 2.35509e+07 32151.4 0 25034.2 6119.06 1.21651e+08 2
-72.4643 -71.7732 42.0424 42.4776 4.2571e+08 6.01827e+07 1.27176e+06 273081 593017 69217.4 527053 16770.4 90782.9 1.11524e+06 2.3213e+07 783497 106.229 2.42976e+07 35954.7 10.4896 28626.7 15545 1.24595e+08 1
-71.7786 -70.2192 41.8387 43.7802 2.05448e+09 3.21513e+08 6.0565e+06 288621 3.01035e+06 81812.4 2.9292e+06 6878 483340 5.1884e+06 1.20316e+08 3.32617e+06 646.573 1.19712e+08 172512 12.694 126052 39990.6 6.07872e+08 46
-72.7252 -72.6792 41.2008 43.1425 2.196e+07 6.68986e+06 58111.9 143396 6394.53 -nan -nan 766.05 12938.2 98900.1 2.31721e+06 76440.6 24.1358 2.4656e+06 -nan -nan -nan -nan 1.21712e+07 52
-73.4237 -71.4858 41.3416 42.9763 1.58771e+09 2.43016e+08 4.72741e+06 301374 2.50693e+06 65523.1 2.68979e+06 409.161 339099 4.31052e+06 9.58479e+07 2.93956e+06 690.421 9.27654e+07 140442 45.3651 161276 60329.5 4.72371e+08 21
-72.0512 -70.5533 41.8858 43.0536 2.02696e+09 2.77393e+08 6.06872e+06 45811 3.22713e+06 71557.6 3.17573e+06 3492.29 513697 4.90262e+06 1.18711e+08 3.44343e+06 710.599 1.2671e+08 184619 81.459 139253 43310 5.98059e+08 98
-72.6939 -72.1022 42.3172 43.4775 2.1739e+08 3.01499e+07 649334 6170.57 364256 5898.89 377956 52.3203 49853.8 549167 1.36954e+07 300986 218.861 1.26449e+07 16251.7 0 17925 6533.33 6.43427e+07 0
-73.8248 -72.3243 42.3671 43.8502 4.48183e+08 8.23032e+07 1.47791e+06 11607.2 716191 17721 684527 377.838 87818 1.14502e+06 2.78313e+07 712217 204.891 2.86048e+07 39796.2 5.52094 39537.5 17053.2 1.32368e+08 61
-71.6385 -71.6148 42.8903 44.3725 1.39467e+06 414895 1819.03 9173.78 654.42 -nan 3142 59 831 9353 -nan -nan -nan -nan -nan -nan -nan -nan 641111 12
-72.5995 -71.9209 42.5366 42.9112 6.41595e+07 2.39102e+07 87822.2 521332 0 -nan 164357 294.434 28525.6 273273 6.73968e+06 216864 68.4388 7.50509e+06 10279.5 4.26697 12535.9 -nan 3.53045e+07 118
-72.7899 -71.5218 42.1584 43.9879 9.93239e+08 1.67645e+08 3.09071e+06 322445 1.50776e+06 70917.7 1.53464e+06 1568.41 203527 2.74399e+06 6.21703e+07 1.69956e+06 178.844 6.34483e+07 74526.5 30.2699 85685.1 35350.5 2.92877e+08 76
-73.6196 -71.89 42.5521 43.8673 2.82839e+08 4.93018e+07 852451 151944 387383 31694.8 407282 57.4507 39211.2 880663 1.78337e+07 504840 46.9916 1.79842e+07 29096.5 0 24407.6 13136.1 8.32278e+07 1
-71.4202 -70.4912 42.6417 43.1565 1.87519e+08 3.49534e+07 512680 68746.1 200215 21616.9 260801 432.062 40713.8 456621 1.09768e+07 339549 10.388 1.12929e+07 12256 0 12391.1 8737.98 5.53355e+07 10
-72.0302 -71.6023 42.7282 44.5719 4.67917e+07 1.62261e+07 231730 4684.05 90449.9 3992.44 91224.6 89.7441 8901.68 -nan -nan -nan -nan -nan -nan -nan -nan 3741.01 2.17225e+07 20
-72.7465 -72.6826 41.5883 43.1922 2.86113e+07 1.076e+07 80527.4 225757 0 8870.18 85600.8 94.9748 15976.9 139518 3.07915e+06 107076 43.0976 -nan -nan -nan -nan -nan 1.6166e+07 31
-71.3756 -69.825 42.9205 43.5152 6.05774e+07 1.20267e+07 47652.9 261656 0 -nan -nan -nan -nan 117544 4.67306e+06 76323.5 38.3684 5.50308e+06 9183.86 0 -nan -nan 1.79083e+07 49
-73.343 -71.4718 42.7585 44.6963 1.17981e+08 2.72071e+07 402783 3788.97 143324 5290.42 142989 310.254 -nan -nan -nan -nan -nan 7.62414e+06 23695.4 0 10512.5 6827.85 3.51673e+07 54
-72.8142 -72.7803 42.7181 43.8007 671229 236236 1095.79 4815.57 1570 540 1559 77 -nan -nan -nan -nan -nan -nan -nan -nan -nan -nan 281744 1
-71.5082 -71.1974 42.4193 42.8017 2.12506e+08 3.26924e+07 673041 7295.08 344673 16957.8 257273 537.38 57917.6 520289 1.2705e+07 396074 47.0791 1.18066e+07 15138.4 15.6913 16315.6 8276.22 6.27406e+07 243
-73.2391 -72.6704 42.5989 42.8378 3.10657e+07 1.10072e+07 144285 9561.01 99495.9 3400.33 102414 48.5669 7779.36 147736 4.24469e+06 -nan -nan -nan -nan -nan -nan -nan 1.77941e+07 182
-71.6121 -70.1784 41.8607 42.3637 8.51404e+08 1.12725e+08 2.51001e+06 19718.8 1.40524e+06 24166.7 1.41546e+06 632.084 267059 1.96018e+06 4.8553e+07 1.37849e+06 335.46 5.0613e+07 81819.6 29.2968 56967 25548.9 2.51391e+08 23
-73.7376 -72.7696 41.6733 42.7796 3.42018e+08 6.18432e+07 1.11203e+06 21695.8 585636 14241.4 518979 264.651 49264.1 1.07966e+06 2.1903e+07 678791 63.1618 2.10295e+07 25377.4 0 36805.8 18247.5 1.00983e+08 5
-72.5671 -72.3289 42.2391 43.4367 1.14983e+08 2.2134e+07 153824 487767 0 18943.8 152940 233.314 27461.6 280413 6.57941e+06 211180 53.157 6.6894e+06 8784.13 0 -nan -nan 3.40039e+07 35
-73.1377 -72.5135 42.9715 43.6958 291938 79799.3 517.159 1598.44 7.69508 -nan -nan -nan -nan -nan -nan -nan -nan 25433 6 0 -nan -nan 67119 11
-72.0756 -71.2903 42.8942 44.7439 7.57337e+07 1.7138e+07 262113 4330.24 90067.3 4846.13 -nan -nan -nan -nan -nan -nan -nan 5.4146e+06 13822.9 0 7085.14 4291.5 2.2487e+07 154
-72.5927 -71.356 42.2963 42.4644 2.76676e+08 3.90478e+07 822406 48775.1 439967 21227.8 458706 273.742 67319.8 699198 1.54782e+07 506663 10.2147 1.49069e+07 24798.9 10.2136 25237.8 12142.3 8.16309e+07 195
-71.6029 -69.8663 42.8094 44.2078 3.67067e+08 7.81869e+07 1.23549e+06 10318.7 513520 22707.9 458143 4420.09 99805.5 1.1451e+06 3.00391e+07 543669 74.5615 3.23357e+07 32370.8 10.3927 54612.7 17227.9 1.08193e+08 134
-72.9988 -71.173 41.9377 43.329 1.87623e+09 3.03989e+08 5.68406e+06 297429 2.87988e+06 85213.5 3.00607e+06 816.441 451554 4.92311e+06 1.15477e+08 3.37154e+06 539.622 1.12543e+08 120672 39.6457 168496 49791.4 5.5389e+08 45
-72.5043 -72.0428 42.3722 43.5959 1.2029e+08 2.28198e+07 179287 565053 0 -nan -nan 1368.57 40370.9 274895 7.1458e+06 216691 31.0981 6.96636e+06 8265.48 4.99903 6335.27 -nan 3.55149e+07 41
-71.523 -69.9345 41.7938 43.1503 1.6268e+09 2.37839e+08 4.72616e+06 384883 2.44729e+06 99614.9 2.52652e+06 1891.73 457405 4.11181e+06 9.13458e+07 2.96704e+06 520.854 9.19648e+07 144409 43.3092 136196 65924.3 4.80083e+08 168
-73.9169 -72.8836 42.8853 43.9498 6.18799e+07 1.10353e+07 85625.7 262233 0 -nan -nan 1681.29 18074.1 189711 4.5997e+06 83584.5 26.9394 5.52436e+06 7487.23 -nan -nan -nan 1.84443e+07 119
-73.2734 -71.7392 43.0503 43.0521 1.30079e+06 270019 1228.05 5956.14 30.9109 -nan -nan -nan -nan -nan -nan -nan 3 112319 69 -nan -nan -nan 367234 18
-72.1424 -71.4273 41.4516 42.5792 6.59798e+08 9.1298e+07 2.05423e+06 17901.8 1.11003e+06 20346.9 1.08271e+06 349.953 148198 1.66297e+06 3.81255e+07 1.21e+06 125.676 3.89728e+07 77756 16.337 62264 23499.2 1.95351e+08 12
-71.9312 -71.5612 41.8649 43.1895 4.93674e+08 7.36253e+07 1.59305e+06 11529.9 834820 15951 847131 415.951 114194 1.14696e+06 2.96158e+07 790746 155.649 3.17859e+07 45281.5 4.5585 37363.4 17813.1 1.45784e+08 10
-73.1845 -72.7001 42.9625 43.6276 246796 82851.2 348.53 1800.81 25.0374 -nan -nan -nan 188 523 22860 348 -nan -nan -nan -nan -nan -nan 72088 38
-73.798 -72.4369 41.6411 42.7501 6.92398e+08 1.28956e+08 2.13921e+06 200066 1.08428e+06 38762.3 1.16175e+06 170.416 147744 2.00667e+06 4.58565e+07 1.23301e+06 161.884 4.41037e+07 51431.6 5.26159 51326.2 23704.1 2.04185e+08 6
-73.8163 -72.3742 40.5087 42.4926 5.40441e+08 9.09442e+07 1.64431e+06 35732.2 912557 20277 980288 135.08 120195 1.43456e+06 3.38457e+07 1.06273e+06 375.189 3.37781e+07 52427.9 27.5057 65379.4 15662.7 1.59943e+08 101
-72.5886 -70.7481 43.0016 43.9368 5.51279e+07 1.35873e+07 223430 17259.9 97190.3 8428.11 102989 19.5382 11387 296999 7.16985e+06 98551.2 -nan -nan -nan -nan -nan -nan 2.60049e+07 114
-72.1008 -70.3132 42.5166 42.6271 2.79725e+08 3.88431e+07 854541 7668.58 470118 10005.9 472348 72.4092 66290.9 655215 1.75784e+07 450706 195.511 1.55964e+07 23717.4 10.3408 19556.6 8924.07 8.26869e+07 89
-71.31 -69.4103 42.5782 43.7651 3.80063e+08 6.52064e+07 1.12186e+06 12125.5 549569 11901.9 598304 77.5698 69880.6 912466 2.537e+07 570339 259.822 2.94925e+07 47779.1 14.0989 29802.8 11265.1 1.12669e+08 107
-74.5865 -72.8728 42.7253 44.6477 1.64641e+08 3.87279e+07 405488 107710 172443 17364.6 188666 290.212 19656.7 609488 1.40253e+07 256993 27.3545 1.33446e+07 18741 0 -nan -nan 4.85283e+07 27
-72.2097 -71.6183 41.5825 43.0067 6.10445e+08 1.08663e+08 2.15399e+06 618763 814768 66268.5 915506 2354.74 156922 1.57019e+06 3.93415e+07 1.20977e+06 233.626 4.18182e+07 51920.4 28.3594 144793 78416.3 1.80753e+08 23
-72.7906 -72.1794 42.869 44.8378 1.24787e+06 459344 3358.08 10220.6 0 638.959 2115 77 601 5184.87 -nan -nan -nan -nan -nan -nan -nan -nan 657400 41
-72.4931 -71.804 42.5636 44.1971 1.33654e+08 2.47396e+07 199821 574296 0 -nan 170713 509.141 41587.7 322107 9.05385e+06 228756 46.9106 1.00115e+07 16031.6 3.37556 12255.7 -nan 3.94748e+07 23
-71.9059 -71.0967 42.5451 43.7021 3.84714e+08 6.97127e+07 1.16679e+06 44308.5 576505 16722.5 586898 110.742 82192.3 983835 2.17377e+07 709383 242.908 2.25984e+07 31527.1 5.1409 94286.9 21666.2 1.14186e+08 31
-72.6028 -71.2737 41.0963 42.7053 1.35815e+09 1.99975e+08 4.2647e+06 416442 2.2212e+06 57437.2 2.28948e+06 333.456 359965 3.36525e+06 7.97282e+07 2.3814e+06 499.581 8.22799e+07 174781 12.8231 192933 71907.2 4.02442e+08 23
-72.7601 -72.3412 41.7591 43.3242 3.85652e+08 5.90054e+07 1.21835e+06 45456.1 629587 20247.9 639410 206.635 101589 991528 2.27641e+07 753281 157.359 2.43327e+07 32130.1 21.3606 27710.2 13171.3 1.13872e+08 35
-71.4829 -70.5687 42.7028 43.8454 1.90595e+08 2.6772e+07 576234 5878.52 266674 8564.77 226547 42.4352 22213.6 590211 1.99705e+07 253108 228.274 1.42889e+07 38960 7.08448 19564.4 6871 5.65382e+07 184
-71.3196 -69.5387 41.6305 42.3595 1.05218e+09 1.55489e+08 3.45988e+06 24443.9 1.7956e+06 30659.3 1.79859e+06 277.908 321082 2.56424e+06 6.29003e+07 1.92488e+06 624.317 6.80939e+07 135220 81.7175 71093.7 29249.4 3.11688e+08 96
-72.64 -71.8463 41.777 43.018 6.42598e+08 1.07158e+08 2.0551e+06 40230.1 1.11524e+06 22401 1.12792e+06 154.635 167666 1.73252e+06 3.86997e+07 1.22618e+06 446.032 3.96139e+07 47079.8 4.78939 68277.3 37181.2 1.90183e+08 330
-73.1831 -72.649 42.1723 42.3054 5.48881e+07 1.01158e+07 60359.9 234070 874.501 -nan -nan -nan 35837.8 141191 3.4949e+06 103266 19.4647 3.37667e+06 6394.74 -nan -nan -nan 1.63165e+07 10
-73.5312 -72.3203 42.1707 43.5664 5.33505e+08 8.43808e+07 1.72439e+06 16932.3 881762 21951.5 907316 143.187 120677 1.37772e+06 3.32165e+07 1.05331e+06 192.803 3.36975e+07 63067 3.49369 51693.4 24761 1.57916e+08 129
-71.7485 -71.5782 42.0266 42.5522 9.00562e+07 2.37505e+07 477167 11920.4 270281 6084.95 278283 45.3153 44684.4 409965 9.93445e+06 284391 29.2525 1.09319e+07 -nan 0 30280 9885.65 4.82909e+07 55
-71.9922 -71.1831 41.9097 42.4798 7.21389e+08 9.59523e+07 2.13006e+06 18415.9 1.22655e+06 22626.3 1.24708e+06 173.724 199811 1.85838e+06 4.35048e+07 1.36212e+06 628.721 4.56671e+07 106370 8.92753 52702.2 23401.3 2.13683e+08 32
-72.5752 -72.449 41.3875 43.2046 1.32795e+08 1.96655e+07 440003 6817.2 241242 6329.9 -nan -nan -nan -nan 9.76281e+06 218223 113.747 8.30927e+06 8900.3 0 10890 5461.48 3.9237e+07 19
-73.5743 -71.69 42.1989 44.0838 9.03804e+08 1.34707e+08 2.86308e+06 57808.9 1.50744e+06 54991.9 1.42639e+06 4050 205747 2.51301e+06 6.16713e+07 1.65617e+06 508.816 6.11468e+07 72771.2 33.3403 76055.2 25033.6 2.66591e+08 69
-72.4948 -71.8804 42.4927 43.7537 1.31956e+08 2.14745e+07 465282 5219.26 224380 5159.48 209712 110.479 15362.4 592476 -nan -nan -nan -nan -nan 0 11649.5 3296.42 3.96407e+07 120
-72.3651 -71.1068 41.5788 43.2955 1.57298e+09 2.41677e+08 4.9786e+06 33847.1 2.62618e+06 51477.8 2.68666e+06 907.271 384680 4.21548e+06 1.0345e+08 2.75254e+06 536.114 1.0174e+08 188230 21.4682 108341 32222.7 4.66718e+08 111
-72.7213 -70.9342 40.7669 42.552 1.79023e+09 2.91951e+08 5.50125e+06 317511 2.87552e+06 85591.4 2.88559e+06 6480.8 441676 4.57038e+06 1.06309e+08 3.3146e+06 656.578 1.02465e+08 128346 85.3941 139727 52580.1 5.28275e+08 75
-72.587 -72.1518 42.6335 44.5448 1.44e+07 5.36969e+06 43872.8 133256 44886.7 2136.78 44305 93 3120.91 107523 -nan -nan -nan -nan -nan -nan -nan -nan 8.09444e+06 127
-72.6379 -72.3758 42.1778 43.7476 1.59609e+08 2.61916e+07 555967 11867.3 264315 -nan 199400 974.477 55563.4 399278 1.07795e+07 316238 50.1231 9.97735e+06 14047.5 2.94792 15351.2 7058.16 4.71388e+07 147
-73.5537 -71.5715 42.7738 42.7936 3.48762e+06 1.33645e+06 21540 1419 8657 6923.33 -nan -nan -nan -nan -nan -nan -nan -nan -nan -nan -nan 200 1.77788e+06 1
-73.0966 -72.0531 42.4978 43.8806 1.55053e+08 3.507e+07 608610 49473 262496 12787.8 281173 40.358 28468.4 412489 1.02996e+07 304150 20.295 1.11556e+07 10614.7 -nan -nan 27655.4 4.6034e+07 191
-72.2737 -71.9264 42.9081 44.8646 9.87508e+06 1.86642e+06 8731.51 40267.1 0 -nan -nan -nan -nan -nan -nan -nan 3.90792 1.52934e+06 1597 0 -nan -nan 2.91673e+06 175
-73.908 -72.0377 42.8065 43.1811 6.82242e+07 1.64868e+07 255214 5223.06 96017.2 -nan -nan -nan -nan -nan -nan -nan -nan 5.1875e+06 12174.2 0 6139.08 3850.85 2.02053e+07 130
-74.7717 -72.8824 41.6222 43.0807 4.07383e+08 9.37278e+07 1.5057e+06 17683.9 605974 34754.9 603837 1286.89 102341 1.24783e+06 3.23564e+07 788843 244.42 3.15243e+07 31939.9 22.3289 36999.6 23751.5 1.20233e+08 13
-72.3412 -70.5064 42.6029 43.5217 5.06696e+08 9.26765e+07 1.5454e+06 204490 739070 32918 807921 121.768 90991.8 1.42309e+06 3.52993e+07 844057 332.469 3.60827e+07 51581.2 12.1851 57483.2 46609.7 1.49527e+08 9
-72.4023 -71.766 40.7391 42.3372 3.06254e+08 4.59155e+07 879044 72887.3 468526 15724.6 510117 232.632 69275.3 790065 1.8791e+07 551291 226.149 1.66216e+07 24662.7 5.65287 22834.4 12242.9 9.03035e+07 98
-74.6173 -72.7522 42.635 42.6918 3.10362e+07 1.16373e+07 88663 277634 0 13950.2 90114.4 104.126 14116.9 202554 4.31075e+06 101185 26.8193 -nan -nan -nan -nan -nan 1.8215e+07 103
-72.8355 -72.0623 42.6841 42.8793 1.16202e+07 4.17546e+06 21216.7 118888 1244.18 -nan -nan -nan -nan 52131.7 1.29085e+06 37679 39 1.22399e+06 -nan -nan -nan -nan 6.2828e+06 112
-72.3469 -72.32 41.4632 42.981 7.52457e+06 2.70803e+06 18821.3 60300.8 150.196 -nan -nan -nan -nan -nan 992218 31070 8 983777 -nan -nan -nan -nan 4.39644e+06 20
-71.2531 -69.6768 42.1723 43.0359 6.03816e+08 9.0865e+07 1.86547e+06 17039.1 887528 18734.8 915509 129.518 104841 1.34002e+06 3.65304e+07 1.12328e+06 473.88 4.06245e+07 91910.7 3.79977 47724.4 13579.8 1.79899e+08 26
-72.5092 -72.0237 42.1542 42.5178 1.52709e+08 3.19173e+07 206218 65162 240137 13273.6 260586 47.9605 39416.6 430080 1.0072e+07 302984 42.3123 8.88835e+06 14468.4 0 -nan -nan 4.50924e+07 56
-72.879 -71.8557 42.8925 43.2815 2.24412e+07 3.98331e+06 25515 90802.7 126.979 -nan -nan -nan -nan -nan -nan -nan -nan -nan 3608.99 0 2512.2 -nan 6.62362e+06 181
-72.3922 -71.8167 42.5666 43.0242 9.35389e+07 1.40805e+07 312075 4386.1 151080 4487.6 137194 2845.3 -nan -nan -nan -nan -nan -nan -nan 0 9081.93 2963.89 2.80784e+07 3
-71.9188 -71.8811 41.6905 43.3196 2.41225e+07 9.03394e+06 40840.9 208475 65212.3 5141.34 69038.5 86 9289.26 117396 2.54018e+06 -nan -nan -nan -nan -nan -nan -nan 1.29161e+07 61
-72.1351 -71.5855 41.7992 42.6308 4.66747e+08 7.43156e+07 1.60048e+06 10147.2 854388 14808.1 816893 848.399 155190 1.15556e+06 3.31458e+07 837656 242.687 2.91289e+07 42795.1 4.30987 29235.3 11722.7 1.3779e+08 6
-72.2163 -71.3583 41.6386 42.9158 9.0635e+08 1.46719e+08 3.00139e+06 607928 1.34113e+06 73219.3 1.45522e+06 2353.28 243920 2.34081e+06 6.06237e+07 1.84963e+06 391.634 6.44258e+07 73763.4 14.3693 146411 53689.3 2.67541e+08 5
-72.0707 -71.9644 42.3369 43.2482 4.64812e+07 8.97481e+06 81822.3 362832 11540.9 -nan -nan -nan -nan -nan 3.13491e+06 81288.3 16.5368 3.24053e+06 4193.84 0 -nan -nan 1.37597e+07 26
-72.1249 -71.8473 43.1013 43.6087 7.17697e+06 1.14251e+06 8054.59 24763.6 1758.32 -nan -nan -nan -nan -nan -nan -nan -nan -nan 836 0 -nan -nan 2.09931e+06 97
-71.8222 -71.35 42.9918 43.3698 2.48246e+07 4.71408e+06 21154.1 100849 286.973 -nan -nan -nan -nan -nan -nan -nan -nan -nan 6581.06 0 2538.26 -nan 7.37492e+06 15
-72.8757 -72.6273 42.7113 43.8765 2.56231e+06 979396 14816 11519 58.0768 4861.57 -nan -nan -nan -nan -nan -nan -nan -nan -nan 0 270 21.1192 1.20716e+06 26
-73.9262 -72.5716 42.7128 43.5084 7.12185e+07 2.6345e+07 427171 23376.1 191450 7005.16 192691 31.2731 21969.5 551995 1.25834e+07 248059 -nan -nan -nan -nan 28511.4 9628.18 3.84171e+07 72
-72.0092 -70.2613 42.1715 43.1463 1.42391e+09 2.57801e+08 4.39969e+06 250440 2.2614e+06 53677.6 2.32157e+06 360.989 278990 4.07083e+06 9.19982e+07 2.44156e+06 815.241 8.60827e+07 129051 44.3555 117631 47162.5 4.21921e+08 61
-71.7422 -71.5079 41.0177 42.6869 2.6513e+08 3.87668e+07 889158 8444.02 489621 9347.87 482186 73.5721 39851.9 596343 1.43672e+07 395954 307.443 1.69259e+07 19435.1 0 17432.5 8913.36 7.83923e+07 2
-72.4707 -72.3681 43.013 44.4918 719061 161925 1038.81 3831.81 0 -nan -nan -nan -nan -nan -nan -nan 0 100885 80 -nan -nan -nan 197742 39
-72.3756 -71.1358 42.0807 43.6514 1.28054e+09 2.30437e+08 4.08481e+06 245251 2.07935e+06 54164.2 2.17789e+06 346.152 337628 3.56279e+06 8.03748e+07 2.45806e+06 619.539 8.46346e+07 122234 51.5864 125527 55801.6 3.78777e+08 83
-74.3914 -72.7441 42.4987 42.6419 5.86249e+07 2.10757e+07 249619 16515.4 127886 10076.2 135949 23.4573 15929.5 301555 7.93447e+06 214998 32.4384 -nan -nan -nan -nan -nan 2.67801e+07 58
-72.452 -72.4291 41.9046 42.5981 9.82362e+06 2.59729e+06 55414.8 2772.27 1011.14 19777.1 -nan -nan -nan -nan -nan -nan -nan -nan -nan 0 1145 458.444 5.21503e+06 36
-72.2224 -70.2725 41.6948 43.6846 2.3524e+09 3.68684e+08 7.42651e+06 126251 3.97009e+06 119373 4.00284e+06 7792.9 647964 6.30484e+06 1.67679e+08 4.09087e+06 1265.43 1.73358e+08 191867 101.871 138050 57470.8 6.95661e+08 12
-72.0549 -71.2826 42.9511 43.9312 5.11697e+07 9.48015e+06 41738.5 213669 372.137 -nan -nan -nan -nan -nan -nan -nan 105.154 4.10473e+06 8754.1 0 5152.52 -nan 1.51292e+07 132
-72.0608 -71.5581 42.1212 43.8191 4.91044e+08 7.90387e+07 1.68029e+06 84830.7 813172 48951.3 695832 9049.28 136402 1.30772e+06 3.27109e+07 871321 176.776 3.67343e+07 40658.1 18.1305 48310.3 19898 1.44093e+08 79
-72.3092 -71.3969 42.9722 43.502 2.61355e+07 9.77775e+06 38843.5 254704 58794.6 4104.12 60940.5 74 6828.17 219366 4.77274e+06 -nan -nan -nan -nan -nan -nan -nan 1.33744e+07 66
-71.4501 -70.5221 41.77 43.5674 1.41851e+09 2.22399e+08 4.47919e+06 32023.1 2.36932e+06 44726 2.48775e+06 853.502 452910 3.46239e+06 9.12875e+07 2.47647e+06 709.579 9.0438e+07 141985 26.348 95358.1 50366.8 4.20289e+08 15
-72.6341 -71.7423 42.0032 42.7034 6.95786e+08 1.08257e+08 2.42588e+06 65954 1.26989e+06 37746.9 1.15797e+06 265.449 209327 1.84343e+06 4.5065e+07 1.41131e+06 363.914 4.58231e+07 60790 8.56191 47855.7 26143.6 2.05423e+08 125
-72.8123 -71.9444 41.6088 42.3756 3.80627e+08 6.34901e+07 1.25557e+06 18423.7 673307 17658.9 754234 105.409 116717 1.11e+06 2.52418e+07 780684 271.598 2.37147e+07 42252.8 0 23323.3 19315.5 1.12399e+08 55
-73.1036 -72.4454 41.2387 42.3078 2.04232e+08 3.59347e+07 758970 6962.06 443342 7627.28 447882 74.6525 99383.3 703040 1.9813e+07 590124 355.906 1.40809e+07 107214 0 21024.3 3106.78 6.56274e+07 17
-72.1438 -71.1861 42.8188 43.7046 9.54617e+07 2.39481e+07 355264 11394.8 1833.1 -nan -nan -nan -nan -nan 5.74584e+06 124470 122.538 8.36379e+06 10135 0 10900.8 5611.82 2.82017e+07 127
-71.7971 -71.4291 42.6795 42.7813 1.7176e+07 6.03877e+06 100703 6457 42148 3142.09 -nan -nan -nan -nan -nan -nan -nan -nan -nan -nan -nan 1278.22 8.05703e+06 113
-71.6158 -70.3966 41.7804 42.7781 1.39779e+09 2.13328e+08 4.61891e+06 50010.7 2.38715e+06 76583.9 2.30842e+06 5519.75 499024 3.63233e+06 1.00045e+08 2.60695e+06 559.304 9.23551e+07 89535.8 57.0967 78753 25439.9 4.12454e+08 246
-71.6547 -70.151 43.0765 44.0167 9.98473e+07 5.30598e+07 664309 10174.1 260156 9905.05 279689 43.3682 34979.3 709477 1.70483e+07 215068 60.3701 1.72082e+07 -nan 0 13412 6348.55 5.33458e+07 15
-71.7211 -71.6557 42.4559 43.0889 2.7379e+07 4.92711e+06 32192.4 116332 177.791 -nan -nan -nan -nan -nan -nan -nan -nan 2.04064e+06 2904.07 0 2208.93 -nan 8.0756e+06 655
-72.7021 -72.6715 40.9802 42.9716 1.88697e+07 4.60103e+06 91937.2 4327.04 480.145 -nan -nan -nan -nan -nan -nan -nan -nan -nan -nan 0 2550 808.333 6.81458e+06 100
-71.4031 -69.8258 41.2124 42.7915 1.79431e+09 2.60025e+08 5.44833e+06 57818.1 2.83793e+06 62525.4 2.75804e+06 763.58 552016 4.55628e+06 1.15449e+08 3.41511e+06 941.603 1.08092e+08 146838 52.0471 138442 69145.7 5.29898e+08 496
-72.6803 -71.431 40.9841 42.9282 1.18395e+09 1.85811e+08 3.97124e+06 25378.1 2.18346e+06 39790.7 2.1418e+06 1107.63 322008 3.27571e+06 7.89713e+07 2.06828e+06 522.022 7.70957e+07 111810 39.3992 89497.1 33425.3 3.49817e+08 115
-71.8364 -70.4619 42.0887 42.6578 1.18861e+09 1.75653e+08 3.72404e+06 43274.5 2.00136e+06 53888.2 1.92735e+06 1709.28 290821 2.91886e+06 7.42725e+07 2.14736e+06 580.099 6.86095e+07 98339.4 48.2717 88797.2 41155.5 3.50876e+08 163
-71.4471 -70.8408 42.7685 43.7507 3.61073e+07 1.365e+07 172609 3616.31 86263.4 3216.65 76699.3 80.8883 4945.47 -nan -nan -nan -nan -nan -nan -nan -nan 4253.92 1.7011e+07 97
-71.6774 -71.4047 41.0569 42.6317 2.88911e+08 4.15426e+07 934888 6514.42 504174 15543.2 458887 771.899 99254.9 724085 1.90599e+07 593313 170.815 1.78059e+07 29113 5.33737 26594.3 13380.7 8.53517e+07 52
-72.2215 -71.7079 41.9733 42.5414 3.23628e+08 4.94192e+07 1.10693e+06 8453.85 645605 12227.2 638726 89.6838 82812.5 830161 2.17176e+07 575361 149.668 2.15348e+07 28054.9 20.2744 25876.5 11620.6 9.56095e+07 59
-72.8014 -72.4028 42.3571 43.722 1.229e+08 2.14993e+07 428016 4564.74 234060 5527.97 243983 188.669 37226.7 -nan -nan -nan -nan -nan -nan 6.63445 13858.2 6278.73 3.67187e+07 199
-72.6967 -71.8787 41.8913 42.9971 6.20602e+08 9.36944e+07 2.00692e+06 11879.6 1.16989e+06 23570.9 1.12877e+06 2096.88 195681 1.57591e+06 4.42399e+07 1.15573e+06 459.563 4.07115e+07 49448.2 12.8174 43811 13920.2 1.83067e+08 46
-74.7003 -72.9143 41.6777 42.5191 1.55571e+08 3.40887e+07 588597 8136.02 318665 5748.29 321531 40.1518 30956.9 471161 1.15457e+07 334854 163.686 1.01777e+07 -nan 0 22173.7 5842.7 4.93523e+07 14
-72.4107 -72.1855 41.9383 43.8438 1.15449e+08 1.92274e+07 405673 6871.17 217645 -nan -nan -nan -nan -nan 8.91559e+06 197105 162.087 8.05136e+06 11205.2 0 9317.17 4724.44 3.40834e+07 5
-71.286 -70.9153 42.263 43.6585 4.85788e+08 6.8933e+07 1.38567e+06 141731 679086 54968.2 724571 2542.92 99067.7 1.24261e+06 2.84336e+07 851296 192.816 2.88615e+07 39211.6 13.4511 34165.4 15640.3 1.43185e+08 113
-72.6176 -71.5682 42.2612 43.0992 5.77871e+08 1.03955e+08 1.99917e+06 177186 877743 57847.7 870351 4415.94 147782 1.477e+06 3.38666e+07 1.10402e+06 165.382 3.4658e+07 55548.6 16.0045 54289.8 35319 1.70172e+08 80
-73.2259 -71.2522 42.3691 43.1643 8.37138e+08 1.23607e+08 2.6662e+06 19096.1 1.43031e+06 29536.7 1.38018e+06 242.566 139364 2.62157e+06 5.93671e+07 1.26607e+06 472.892 5.62482e+07 92771.6 12.4467 62606.8 29713 2.47537e+08 173
-71.3826 -70.3342 41.4523 42.4245 1.1182e+09 1.83559e+08 3.78773e+06 212737 1.8064e+06 46790.8 1.85578e+06 285.069 343513 2.85463e+06 6.62274e+07 2.09164e+06 640.311 6.32918e+07 83109.6 29.1302 98073.4 60314 3.30159e+08 67
-72.7152 -71.3005 41.8676 43.2282 1.43967e+09 2.3802e+08 4.7108e+06 33767.5 2.53337e+06 45929.4 2.47191e+06 525.767 342576 4.11894e+06 9.81207e+07 2.54988e+06 734.558 1.00584e+08 147403 89.969 125756 35144.7 4.27487e+08 25
-73.6916 -72.5198 42.7044 43.1512 6.78817e+07 1.23703e+07 72580.6 321883 0 -nan -nan 2077.95 17758.1 200315 5.11829e+06 103668 40.7178 5.78561e+06 6639.6 -nan -nan -nan 2.01141e+07 319
-72.3925 -71.9026 41.4886 42.4666 2.21031e+08 3.0202e+07 675344 7146.05 392727 6198.98 390468 49.4273 49125.3 593670 1.44434e+07 433408 164.889 1.51306e+07 36354.6 4.14348 15985.5 6736.2 6.58365e+07 84
-71.8421 -71.4782 42.1021 43.7671 4.34885e+08 7.84028e+07 1.57386e+06 11374.3 723469 17302.2 735809 282.332 115269 1.23739e+06 3.07761e+07 878018 344.013 3.02571e+07 61940.3 8.17123 33210.6 15500.1 1.29526e+08 172
-72.6879 -71.3428 42.631 43.2873 2.46663e+08 4.82825e+07 833345 7704.95 387130 10982.7 325129 234.29 40134.9 757471 1.5823e+07 329094 146.423 1.53455e+07 26404.2 31.903 26018.6 8975.32 7.28871e+07 34
-73.6871 -72.2577 42.7609 43.6025 1.93496e+07 6.98415e+06 43055.1 157451 0 -nan -nan -nan 11529.4 138309 3.30349e+06 54126 20.54 3.4907e+06 -nan -nan -nan -nan 1.11909e+07 14
-72.2904 -71.497 42.8365 44.0913 7.82884e+07 1.87276e+07 148651 527477 15270.8 -nan -nan -nan -nan -nan -nan 108483 75.6069 7.10383e+06 9837.12 2.98513 8525.42 -nan 2.31114e+07 37
-72.2268 -71.5471 43.12 44.9181 5.00992e+06 2.70791e+06 37690.5 4599.69 122.388 10393.2 -nan -nan -nan -nan -nan -nan -nan -nan -nan 0 1174 370.274 2.62346e+06 44
-73.1819 -72.4941 43.0482 44.055 250505 87760 1166 1349 6.90015 454.437 -nan -nan -nan -nan -nan -nan -nan -nan -nan -nan 3 1 67641 36
-74.3777 -72.6931 42.6037 42.7202 6.37753e+07 2.36422e+07 356248 14644 176087 6549.65 185201 79.203 22015.6 300713 7.62397e+06 -nan -nan -nan -nan -nan 23966.4 7139.99 3.25423e+07 128
-72.426 -72.1957 42.3317 43.2325 5.58553e+07 1.04558e+07 65018.8 241109 0 -nan -nan -nan 21342.6 148808 3.52124e+06 111349 31.5623 3.50997e+06 6828.4 -nan -nan -nan 1.68013e+07 68
-71.6757 -71.6425 42.712 44.489 1.07014e+07 2.04813e+06 9012.25 50960.1 236.211 -nan -nan -nan -nan -nan -nan -nan 18.669 871603 2706 0 -nan -nan 3.19344e+06 92
-73.1254 -72.3213 41.9091 42.7914 4.92358e+08 8.55839e+07 1.69685e+06 60544.4 915211 18383.2 979130 131.141 145967 1.42542e+06 3.56894e+07 1.06403e+06 365.259 3.48854e+07 104843 23.652 162228 58157.8 1.4919e+08 26
-71.5032 -70.6777 40.9005 42.5069 1.0065e+09 1.78057e+08 3.30545e+06 383662 1.49877e+06 68497.2 1.55068e+06 1550.94 255482 2.46506e+06 6.70273e+07 2.11352e+06 483.519 6.91628e+07 83784.2 38.0093 102522 64266.7 2.96885e+08 149
-72.8156 -72.265 42.3476 42.657 8.01124e+07 3.16812e+07 430097 14678.5 239672 5903.26 244654 33.8925 33392 365983 9.02363e+06 292816 58.6808 1.09683e+07 -nan -nan -nan 5940.01 4.16741e+07 15
-73.1086 -71.7333 42.0502 42.7306 9.43795e+08 1.56266e+08 3.14371e+06 21214.8 1.74675e+06 30156.4 1.71505e+06 249.879 233776 2.55028e+06 5.99707e+07 1.82508e+06 724.286 6.01739e+07 138857 22.1303 91684.5 29428.7 2.80231e+08 42
-72.1373 -70.4766 41.4297 42.4946 1.81037e+09 2.53761e+08 5.60722e+06 71913 3.04134e+06 73459.4 2.98599e+06 2891.97 455773 4.43127e+06 1.09809e+08 3.18511e+06 859.077 1.09503e+08 149390 33.4321 127676 60401.9 5.34456e+08 98
-72.6916 -72.6412 42.1571 43.7104 3.48469e+07 5.45513e+06 27743.7 138536 7665.47 -nan -nan -nan -nan -nan -nan -nan -nan -nan 4033.44 0 2645.57 -nan 1.02909e+07 37
-72.2761 -70.6136 41.3297 43.0499 2.36275e+09 3.73258e+08 7.4284e+06 144599 3.73095e+06 106840 3.77226e+06 5754.88 647450 5.70498e+06 1.45839e+08 4.3286e+06 1091.25 1.56199e+08 214617 130.204 195231 95424.6 6.97511e+08 47
-72.1383 -70.7514 40.8257 42.2725 9.1588e+08 1.43458e+08 2.92204e+06 31461.2 1.59975e+06 27394.6 1.62662e+06 365.98 182366 2.34633e+06 5.60383e+07 1.71634e+06 595.47 5.72393e+07 140079 17.0403 98310.8 36944.4 2.71318e+08 17
-74.8288 -72.8512 42.537 43.9078 2.8638e+08 6.17376e+07 947219 9611.33 413260 11874.7 446479 252.623 65563 925404 2.26679e+07 451551 191.759 2.15715e+07 31979.7 0 29466.5 14924.8 8.45852e+07 103
-72.494 -71.6096 41.5627 43.1042 7.48053e+08 1.18089e+08 2.52035e+06 24343 1.31326e+06 38896.9 1.23966e+06 1960.84 217922 1.94814e+06 4.95854e+07 1.36672e+06 483.36 4.84062e+07 65254.5 82.8602 68881.7 34194.9 2.20811e+08 11
-73.5409 -71.9608 43.0737 44.485 4.62398e+06 1.72016e+06 11334.9 44106.7 0 1302 9337 53 1666 -nan -nan -nan -nan -nan -nan -nan -nan -nan 2.6115e+06 95
-73.0487 -71.285 40.7182 42.3708 9.02689e+08 1.34278e+08 2.88433e+06 20437.2 1.63497e+06 31570.1 1.63935e+06 1169.05 319041 2.33702e+06 6.11742e+07 1.73376e+06 617.467 5.48002e+07 81884.1 41.6682 78282.1 34042.1 2.66549e+08 32
-72.8891 -71.781 42.2849 43.5259 4.37656e+08 7.35241e+07 1.39307e+06 132711 706206 26136 753840 105.066 92789.6 1.16242e+06 2.8463e+07 840603 230.255 3.03258e+07 46031.9 15.7455 37651.5 30031.5 1.29131e+08 94
-73.0724 -72.0888 42.4879 44.2746 1.66551e+08 3.06195e+07 561544 6326.62 304628 5485.16 301376 41.4779 36601.2 459144 1.13998e+07 306438 351.482 1.83687e+07 -nan 0 26193.6 6262.35 5.09948e+07 63
-72.4364 -72.0442 42.9933 43.1024 416076 143630 1015.47 3477.64 7.66429 -nan -nan -nan -nan -nan 49953 1134 3 49174 -nan -nan -nan -nan 177653 74
-72.9016 -71.9293 41.8757 43.2839 6.88876e+08 1.10351e+08 2.3647e+06 18726.7 1.27379e+06 25116.4 1.25775e+06 166.877 165897 1.91414e+06 4.53137e+07 1.31034e+06 469.611 4.57482e+07 92612.2 30.1824 67717.4 26367.4 2.05098e+08 18
-71.7995 -70.1082 42.5805 44.0221 6.22243e+08 1.14089e+08 1.97311e+06 22082.8 937899 25683.3 973554 137.957 136689 1.84637e+06 4.52487e+07 1.01827e+06 257.363 4.78828e+07 65815.8 15.3259 52074.4 29066.2 1.83756e+08 527
-72.5146 -71.7874 41.8559 42.3133 2.76345e+08 4.49373e+07 1.02995e+06 7409.58 541260 9095.68 488125 644.387 94041.2 700142 1.8109e+07 584602 102.112 1.7966e+07 30280.8 15.3161 26831.5 12581 8.16477e+07 37
-71.2726 -70.7792 41.4033 42.4537 6.83245e+08 9.73295e+07 2.21314e+06 17039.8 1.19663e+06 26306.7 1.14854e+06 306.767 124273 1.7309e+06 4.05734e+07 1.15644e+06 536.174 4.20291e+07 108708 4.22898 50632.3 25022 2.0245e+08 99
-73.4249 -71.5697 41.9184 42.9245 1.32574e+09 2.03105e+08 4.48592e+06 28949.5 2.44926e+06 43309 2.51968e+06 806.896 337717 3.51416e+06 8.92844e+07 2.49711e+06 873.736 9.09215e+07 254755 62.1555 106505 46804.1 3.98549e+08 6
-71.3285 -70.0913 43.097 43.2422 1.39401e+07 3.26886e+06 45634.3 9181.17 0 -nan -nan -nan -nan -nan -nan -nan -nan -nan -nan 1.22565 1855 836.394 5.09308e+06 9
-72.8972 -72.2426 41.1576 42.4219 3.24038e+08 5.26286e+07 1.05432e+06 50291.1 577148 12826.1 626414 227.273 95179.9 908678 2.12122e+07 664137 173.524 1.95589e+07 26419.9 11.9649 25864 24108 9.56329e+07 18
-72.4383 -72.247 41.5856 43.2405 1.00614e+08 1.88057e+07 119894 463285 0 -nan 142237 446.986 28379.2 261925 6.98753e+06 211221 102.483 6.35506e+06 8299.58 0 -nan -nan 2.97781e+07 283
-72.3118 -70.808 41.9108 43.322 2.01079e+09 3.2992e+08 6.11403e+06 354062 3.11175e+06 78537.4 3.3064e+06 2331.27 489634 5.16328e+06 1.17595e+08 3.50578e+06 859.264 1.19034e+08 155984 75.57 183651 69554.9 5.93809e+08 74
-72.1811 -71.896 42.4526 42.811 3.38777e+07 1.11705e+07 209176 8010.15 111949 2962.8 106655 405.195 -nan -nan -nan -nan -nan -nan -nan -nan 17758.6 3211.44 1.954e+07 30
-72.7301 -72.6181 42.1094 42.7815 4.762e+07 1.67213e+07 177941 389752 117205 11021 157850 171.678 24749.4 247842 5.69569e+06 182887 27.0413 5.57218e+06 -nan -nan -nan -nan 2.6738e+07 59
-72.8701 -71.3983 42.5199 42.6708 2.47551e+08 3.48673e+07 780832 8430.79 438177 9334.9 457978 59.7477 51593.2 657860 1.57395e+07 434597 277.007 1.6623e+07 37902 9.18706 18798.8 8490.27 7.3455e+07 33
-73.0628 -72.7058 41.7386 42.6565 1.32572e+08 2.12941e+07 431435 4818.41 239891 5250.12 258668 -nan -nan -nan -nan -nan 200.27 9.59044e+06 14474.5 7.37399 10434.6 5177.75 3.92996e+07 82
-71.8621 -71.5915 42.5188 42.5913 2.07794e+07 7.50215e+06 93646.3 112696 66571.2 3620.84 66806 46.4191 5523.83 98992.6 -nan -nan -nan -nan -nan -nan -nan -nan 1.17742e+07 60
-73.8623 -72.2799 41.9603 42.8843 7.84566e+08 1.33012e+08 2.61551e+06 18180.1 1.359e+06 28406.1 1.36665e+06 482.237 213815 2.00064e+06 5.42533e+07 1.38942e+06 289.267 5.36763e+07 64619.6 38.6316 60271 25931.6 2.31429e+08 47
-72.432 -71.1572 41.4289 43.0164 1.53264e+09 2.45026e+08 4.84994e+06 457963 2.39345e+06 116590 2.45951e+06 24981.5 401643 4.14171e+06 9.36247e+07 2.70908e+06 852.761 9.30965e+07 220900 83.9364 207486 111450 4.56376e+08 51
-73.2029 -71.7975 41.6761 43.2786 9.22585e+08 1.5909e+08 3.20356e+06 135364 1.63716e+06 53829.5 1.56829e+06 900.718 269943 2.69401e+06 6.06041e+07 1.86586e+06 447.059 6.01281e+07 79607.2 14.2571 70910.6 36559.6 2.72278e+08 13
-71.259 -70.6427 42.694 42.8842 8.15091e+07 1.27775e+07 261937 4340.36 134489 2785.29 136583 -nan -nan -nan -nan -nan -nan -nan -nan 0 6769.97 2909.72 2.46133e+07 1
-72.2731 -70.5705 42.8469 44.728 2.37329e+08 5.10694e+07 677813 21551.2 273321 23569.2 304193 550.582 40083.4 938944 2.05167e+07 296974 61.3489 1.80219e+07 31402.5 13.1456 22691 11030.3 7.00567e+07 6
-71.6205 -70.0953 41.7212 42.4266 1.1568e+09 1.6024e+08 3.82928e+06 46543.1 1.99733e+06 52714.2 1.88514e+06 1603.96 290343 2.81106e+06 6.91882e+07 2.05104e+06 525.561 6.4833e+07 98100.6 43.2399 88727.6 44349.9 3.4148e+08 53
-73.3726 -71.9274 42.138 43.4531 7.13217e+08 1.20862e+08 2.29199e+06 125725 1.2107e+06 45089.8 1.27111e+06 215.064 168419 2.08177e+06 4.97493e+07 1.4708e+06 416.966 4.5951e+07 62399.3 37.4354 68657.6 48912.2 2.10507e+08 104
-72.3161 -70.8162 41.8942 42.9537 1.85779e+09 2.93016e+08 5.80237e+06 120890 3.03932e+06 74352.7 3.03833e+06 1767.92 439425 4.75617e+06 1.12229e+08 3.41491e+06 864.397 1.16189e+08 156793 57.3322 135314 73724.6 5.48514e+08 77
-73.7445 -72.0913 42.3446 42.5524 2.03375e+08 3.31863e+07 690502 6040.2 372632 7885.7 383430 175.501 66775.8 518132 1.438e+07 306127 218.203 1.34273e+07 18530.3 3.7588 13069.7 5773.9 6.00913e+07 82
-73.5513 -71.9229 41.8029 43.7927 9.68216e+08 1.59612e+08 3.36749e+06 22777.5 1.75294e+06 35140.3 1.78813e+06 3527.63 233784 2.4702e+06 6.22857e+07 1.7009e+06 565.693 6.20311e+07 193768 43.3402 84864.4 42576.8 2.87208e+08 270
-72.777 -71.4537 41.3259 42.8079 1.10104e+09 1.71555e+08 3.88555e+06 23518.5 2.01221e+06 39587.7 1.94994e+06 1205.6 333051 2.89252e+06 7.76717e+07 2.00341e+06 533.486 7.6674e+07 95892.2 47.2465 77648.2 31523.7 3.24996e+08 168
-71.1591 -71.0568 41.823 43.6484 2.44861e+08 3.95768e+07 678577 45395.7 398067 11893.3 404029 58.7985 40356.7 614189 1.35469e+07 421401 122.087 1.35515e+07 17209.8 9.04209 22014 10674.8 7.22852e+07 3
-72.1894 -72.0984 42.978 43.1149 231293 87739 1155 1416 1.56622 411.357 -nan -nan -nan -nan -nan -nan -nan -nan -nan -nan 3 2 56816 36
-72.7516 -71.8364 42.3929 42.4201 1.27824e+07 3.527e+06 72120 2689 41022.6 27189.8 -nan -nan -nan -nan -nan -nan -nan -nan -nan -nan 2254.02 668 6.8101e+06 2
-71.7818 -69.9585 42.6374 42.8894 2.45892e+08 4.70137e+07 751983 43232.7 361868 17062 429742 59.0341 47048.3 621170 1.50566e+07 433390 154.373 1.47927e+07 19393.5 0 22649.4 13846.3 7.25847e+07 17
-72.2457 -71.6369 41.64 42.6456 4.94772e+08 7.47316e+07 1.57099e+06 68303 818292 29747.6 841756 544.463 116380 1.26901e+06 2.98662e+07 931209 251.205 2.86895e+07 39507 22.8338 32630.5 16620.6 1.46037e+08 2
-71.6614 -71.4904 41.2649 42.9603 2.44117e+08 4.42308e+07 748864 50566.9 347920 22838.1 409561 72.1091 54834.1 636993 1.40931e+07 471479 90.1348 1.42871e+07 18837.8 0 20583.4 9469.49 7.20385e+07 5
-72.58 -72.5444 42.6434 43.7291 3.6817e+06 585528 3936.05 15459.5 96.9267 -nan -nan -nan -nan -nan -nan -nan -nan -nan -nan 0 212 -nan 1.07888e+06 71
-72.8874 -71.9109 41.5658 43.4292 7.18915e+08 1.11504e+08 2.42576e+06 15635.6 1.30659e+06 28823.3 1.21902e+06 2570.03 225823 1.76819e+06 4.52905e+07 1.35139e+06 296.838 4.64103e+07 71000 26.5509 61130 28009 2.12123e+08 79
-73.2861 -71.5372 41.1614 42.3553 7.86522e+08 1.16789e+08 2.55516e+06 17322.3 1.38859e+06 33914.5 1.36053e+06 1345.21 251708 1.92544e+06 4.80756e+07 1.42529e+06 276.152 4.79169e+07 72844.6 29.0443 61225.4 26412.2 2.32137e+08 71
-71.6623 -71.0369 41.1682 42.4627 7.4127e+08 1.11881e+08 2.34662e+06 18439.2 1.26164e+06 23615.7 1.28595e+06 196.792 150083 1.90034e+06 4.52256e+07 1.2377e+06 291.278 4.47331e+07 155085 22.1567 67141.8 27745 2.24024e+08 72
-72.7891 -72.4481 41.4503 42.8278 3.21754e+08 5.35521e+07 1.16554e+06 9247.58 602547 10164 580241 89.1306 101545 847469 2.07676e+07 611774 236.6 2.19297e+07 30095 4.00341 26672.7 13779.6 9.49824e+07 154
-72.1075 -71.5666 42.6428 44.4665 1.15557e+08 2.14632e+07 380899 16332.7 162719 5541.64 145735 110.904 13988.5 469124 -nan -nan -nan -nan -nan 0 26255.7 8070.99 3.42513e+07 53
-72.8334 -71.8339 41.8912 43.1223 7.52991e+08 1.17028e+08 2.56745e+06 17596.7 1.38322e+06 23946.1 1.37225e+06 476.447 216053 2.02365e+06 5.25549e+07 1.4108e+06 392.443 5.044e+07 70915.5 86.7454 57509.7 23009.6 2.22922e+08 79
-72.5285 -71.5442 41.282 43.0332 8.5838e+08 1.45195e+08 2.92747e+06 74966.7 1.46961e+06 50418 1.34866e+06 3475.77 206448 2.31952e+06 5.47922e+07 1.62031e+06 375.766 5.39316e+07 69762 14.0816 65251.9 31209.5 2.53213e+08 63
-71.4416 -70.9795 42.091 42.9821 6.96954e+08 1.0195e+08 2.16602e+06 18386.7 1.14758e+06 21070.2 1.14227e+06 205.841 158295 1.80947e+06 4.22451e+07 1.23921e+06 266.756 4.44545e+07 101500 17.6185 72896.9 21740.8 2.05365e+08 37
-72.0435 -71.059 42.4626 42.8565 4.81451e+08 7.26149e+07 1.45667e+06 11778.4 786207 17659 792619 111.587 72754 1.18495e+06 3.03794e+07 778787 360.017 2.87038e+07 37811 17.8493 34419.5 18041.6 1.42683e+08 73
-71.8349 -71.5096 42.8312 43.5951 4.65739e+07 8.4777e+06 37890.9 219017 2235.47 -nan -nan -nan -nan -nan 3.92187e+06 67651.1 29 4.72101e+06 6884.28 -nan -nan -nan 1.39637e+07 12
-71.908 -71.524 41.8972 43.4489 4.70762e+08 8.97392e+07 1.71686e+06 13778.7 838486 19399.3 842520 125.996 129303 1.359e+06 3.21486e+07 946881 266.191 3.13646e+07 59437.4 17.4769 41198.5 22734.4 1.38918e+08 169
-72.3994 -71.836 42.5548 42.6987 3.78841e+07 8.88759e+06 49719.7 314176 1537.33 78758.3 -nan -nan -nan -nan 5.15643e+06 116572 68.405 4.58392e+06 7362.03 2.10811 5631.63 -nan 1.85711e+07 65
-71.2735 -69.8927 42.7464 42.8364 1.56862e+07 4.45033e+06 91860.2 3592.25 51517.8 33811.2 -nan -nan -nan -nan -nan -nan -nan -nan -nan 0 2830.48 1254.72 8.75739e+06 324
-72.8357 -72.1335 41.2174 42.7934 4.68724e+08 7.73964e+07 1.50128e+06 39271.9 821267 20710.4 885201 134.075 145589 1.33684e+06 3.23423e+07 1.00702e+06 103.804 3.26799e+07 40374.9 5.76587 33744.7 28068.4 1.38365e+08 5
-73.1801 -72.193 42.3388 43.7965 2.54638e+08 4.97685e+07 854874 18472.1 484620 10162.7 497734 61.1312 59995 718031 1.7038e+07 508579 84.6232 1.68932e+07 24591.9 6.26699 29600.8 19408 7.51941e+07 95
-71.1788 -70.8072 42.6481 42.7427 4.68328e+07 1.06408e+07 215495 4029.46 117697 3397.24 105505 397.796 -nan -nan -nan -nan -nan -nan -nan -nan 9441.67 3434.28 2.09439e+07 2
-71.5826 -70.8609 42.3038 43.957 7.66834e+08 1.1313e+08 2.41931e+06 14127.8 1.23236e+06 34041.5 1.18765e+06 1282.48 212500 1.89954e+06 4.98286e+07 1.52044e+06 335.492 4.91235e+07 60923.5 50.3964 52473.6 33191.9 2.26686e+08 78
-73.0838 -72.261 41.5211 42.5033 3.52652e+08 6.69811e+07 1.34323e+06 10184.9 725175 11609.9 741541 394.967 155132 913565 2.45412e+07 721569 189.224 2.46282e+07 32480.5 18.2259 27620.6 16016.2 1.0436e+08 90
-72.5196 -71.7848 43.0666 44.7322 8.72268e+06 3.62263e+06 11465.2 69481.4 149.809 17315.2 -nan -nan -nan -nan -nan -nan -nan -nan 2975.37 0 1999.63 -nan 4.41033e+06 324
-73.3913 -71.6 42.8303 44.1632 3.34434e+07 1.6429e+07 241248 3476.8 80942.1 4952.79 77646.5 -nan -nan -nan -nan -nan -nan -nan -nan 8.62279 11408.2 4300.76 1.82683e+07 8
-73.9272 -72.302 42.0135 42.6176 5.95765e+08 9.65237e+07 2.00153e+06 14276.6 1.1245e+06 17819.7 1.13458e+06 148.957 187149 1.61234e+06 4.16339e+07 1.13498e+06 368.314 4.31805e+07 64701.6 15.5923 54217.2 23653.5 1.76425e+08 33
-71.4716 -70.985 42.7949 43.9621 1.15231e+07 3.99007e+06 69205.3 3205.61 348.299 22053.2 -nan -nan -nan -nan -nan -nan -nan -nan -nan 3.00974 1743 857.166 5.65237e+06 29
-71.4602 -70.7483 42.7504 44.4455 6.26103e+07 2.08778e+07 342788 5270.79 159532 6077.59 127042 88.8346 12731.5 346785 -nan -nan -nan -nan -nan -nan 12433.9 5265.8 3.06261e+07 60
-72.8875 -72.592 42.3404 44.3004 8.12341e+07 1.59854e+07 62675.8 382908 0 -nan 103062 203.698 22767 210105 5.95864e+06 171116 37.65 5.93298e+06 -nan -nan -nan -nan 2.39741e+07 46
-72.7618 -71.2437 41.8165 42.4398 9.15494e+08 1.59047e+08 3.09332e+06 28169.3 1.71713e+06 30738.5 1.72566e+06 270.391 279180 2.58372e+06 6.05423e+07 1.82634e+06 622.904 6.15599e+07 123101 17.4214 119497 48513.1 2.70282e+08 2
-71.2791 -71.0824 42.2519 42.8117 2.85913e+08 4.25886e+07 873590 8125.18 476948 9979.09 489698 185.786 84150.3 672144 1.86105e+07 470352 95.1188 1.84712e+07 24500.7 14.1484 22260.4 10103.6 8.48406e+07 91
-71.1633 -69.9369 41.7343 42.9662 9.72447e+08 1.61146e+08 3.20808e+06 45622 1.69652e+06 32828 1.67748e+06 233.354 323107 2.4787e+06 5.92851e+07 1.86476e+06 543.46 6.65679e+07 98709.6 17.9974 88149.1 42799 2.87041e+08 143
-72.7248 -71.2326 41.3167 42.8668 1.44688e+09 2.29852e+08 5.05011e+06 631888 2.46849e+06 136259 2.45848e+06 23874.1 384413 4.19879e+06 1.04015e+08 3.01338e+06 725.176 1.03043e+08 189705 72.4155 139512 90070.9 4.30244e+08 251
-72.96 -71.9798 42.1023 43.7867 4.9374e+08 9.30294e+07 1.89143e+06 13776.1 1.01017e+06 19275 1.02705e+06 113.932 149216 1.44807e+06 3.43036e+07 1.05659e+06 288.902 3.64629e+07 69450.3 40.7932 54226 21275.8 1.45797e+08 121
-71.4539 -70.2319 41.1231 42.8682 1.69661e+09 2.7707e+08 5.37803e+06 57822.5 2.88865e+06 62096.7 2.8735e+06 429.438 449114 4.4068e+06 1.10191e+08 3.35833e+06 709.115 1.05431e+08 129591 60.483 127981 79403.7 5.00936e+08 32
-71.6646 -70.291 42.5152 43.1059 4.47929e+08 7.57502e+07 1.52836e+06 15028 808208 16915.2 763949 111.629 86793.5 1.55868e+06 3.4074e+07 837260 379.761 2.96668e+07 58085 11.147 42577.9 16584.4 1.32168e+08 274
-73.7178 -72.4543 42.8275 43.7319 2.85557e+07 5.28427e+06 36890.4 117651 874.854 -nan -nan -nan -nan -nan 2.64083e+06 44578 16 2.77092e+06 -nan -nan -nan -nan 8.79295e+06 115
-74.1342 -72.3065 42.8431 43.7603 4.19582e+07 1.83416e+07 273032 5454.11 110247 92370.1 -nan -nan -nan -nan -nan -nan 52.1103 7.49964e+06 8570.04 0 6834.15 4195.46 2.32903e+07 65
-72.2936 -71.0495 42.0034 42.331 6.14492e+08 9.97815e+07 2.03254e+06 27730.1 1.06149e+06 32517.6 1.0635e+06 189.075 139734 1.65199e+06 3.99384e+07 1.21496e+06 303.09 3.99336e+07 63117.6 52.9245 57038.7 25861.8 1.81439e+08 31
-71.4748 -71.1812 41.7985 42.288 1.3526e+08 2.30698e+07 477045 6453.76 249076 7758.83 250240 -nan -nan -nan 1.33687e+07 295120 159.134 1.11755e+07 13397.2 0 10147.9 5364.31 4.29796e+07 58
-72.7231 -72.455 42.1791 42.2947 2.28048e+07 8.77074e+06 37541.8 17451.2 78213.8 3691.42 79694 37.0697 9237.08 117410 -nan -nan -nan -nan -nan -nan -nan -nan 1.1869e+07 45
-72.9659 -72.9134 42.9221 44.9003 213166 74488.1 298.188 1653.98 0 -nan 252 55 180 396 -nan -nan -nan -nan -nan -nan -nan -nan 56621 162
-71.6484 -70.5403 42.4089 44.2334 7.35449e+08 1.38186e+08 2.55436e+06 28183.4 1.17166e+06 37790.5 1.16645e+06 443.725 190437 1.9762e+06 5.18465e+07 1.322e+06 457.013 5.17701e+07 64676.3 42.2275 65321.1 37219.9 2.17164e+08 9
-72.3495 -71.6293 40.9835 42.6792 5.22572e+08 8.1746e+07 1.88702e+06 13190.4 990167 27123.6 907943 1418.94 169221 1.38551e+06 3.44202e+07 1.08897e+06 294.675 3.36518e+07 39691.9 12.88 35865.1 20695 1.54472e+08 277
-74.4836 -72.6264 41.976 43.618 5.56866e+08 1.11473e+08 2.12056e+06 12595.9 999943 25685.3 1.02954e+06 329.58 173416 1.89195e+06 4.65747e+07 1.05903e+06 347.206 4.1804e+07 43965.2 20.5659 38541.1 26947.6 1.64545e+08 71
-71.6699 -71.5933 43.0114 43.587 1.97686e+06 651018 4437.59 14698.4 50.7292 4282.15 -nan -nan -nan -nan -nan 5504.85 30 324855 293.06 -nan -nan -nan 1.04211e+06 26
-73.4145 -72.8686 41.722 42.3846 5.95126e+07 1.77389e+07 369306 5170.82 199271 8508.87 -nan -nan -nan -nan -nan -nan 43.2565 7.42734e+06 12413.1 2.5619 8159.03 4161.64 3.07417e+07 14
-73.4734 -72.1299 41.9998 42.4618 4.61561e+08 7.45966e+07 1.62001e+06 18032.9 842314 38461.5 761936 379.591 188443 1.23406e+06 3.34548e+07 1.01798e+06 366.317 3.36618e+07 44067.2 11.3572 28873.1 17149.3 1.3627e+08 103
-73.1738 -71.194 41.4511 42.8086 1.61747e+09 2.66368e+08 5.77319e+06 104065 2.95515e+06 70834.9 2.89324e+06 1812.97 504062 4.43089e+06 1.11203e+08 3.19008e+06 728.515 1.0914e+08 153152 66.4945 127948 68028.1 4.78455e+08 67
-72.6931 -71.6051 41.7743 42.9701 8.89839e+08 1.68769e+08 3.0933e+06 69794.3 1.64989e+06 31065.9 1.67541e+06 411.756 264343 2.52471e+06 5.99628e+07 1.89326e+06 508.439 6.14555e+07 104627 10.9889 96637.2 44614.2 2.6265e+08 49
-71.5513 -69.7501 41.8374 42.6532 1.24269e+09 1.7867e+08 3.86395e+06 25674.5 2.14894e+06 37726.7 2.18694e+06 465.005 334803 3.19754e+06 8.18073e+07 2.22739e+06 785.334 7.80505e+07 108983 30.6002 77705.5 38722.8 3.67142e+08 316
-72.4208 -71.9427 42.0875 42.3238 1.25047e+08 2.57015e+07 340059 10717.1 211863 9826.79 235204 25.4134 39590.1 357404 8.83345e+06 277194 24.1176 1.05151e+07 -nan -nan -nan -nan 3.69402e+07 110
-72.5983 -71.4923 41.7968 43.6027 1.00073e+09 1.68854e+08 3.41674e+06 25795.6 1.78106e+06 35095.6 1.793e+06 272.478 240662 3.02397e+06 7.01686e+07 2.03576e+06 558.862 6.96087e+07 146868 24.8198 96412.3 43587.4 2.95396e+08 45
-72.5603 -72.046 42.5627 42.58 7.65025e+06 2.32325e+06 9797.21 68832.6 232.265 14451.7 -nan -nan -nan -nan -nan -nan 6.5302 808231 1327 0 -nan -nan 3.65336e+06 96
-71.3422 -69.9408 41.3502 42.6414 1.51595e+09 2.51962e+08 5.07968e+06 76051.5 2.53215e+06 62170.6 2.61561e+06 401.064 465584 3.84437e+06 9.09322e+07 2.8096e+06 652.757 9.10677e+07 141093 71.0789 155109 94303.2 4.47557e+08 4
-72.2497 -72.1414 42.6725 42.8756 1.90095e+06 706290 3143.72 18461.8 5408 835 5400 65 -nan -nan -nan -nan -nan -nan -nan -nan -nan -nan 916129 213
-71.9669 -70.0377 42.8781 43.24 8.64635e+07 1.81314e+07 77304.7 451680 0 15286.1 118145 257.11 21584.8 377896 8.03262e+06 115940 34.4396 7.25855e+06 -nan -nan -nan -nan 2.54926e+07 99
-73.7393 -72.901 41.7616 42.4933 1.36357e+08 2.95901e+07 139421 43241.9 208006 10228.1 240967 45.3067 27352.8 410906 1.03551e+07 293530 116.475 1.00558e+07 14083.1 -nan -nan -nan 4.0251e+07 57
-72.0735 -70.152 42.3036 44.2616 1.35046e+09 2.53933e+08 4.25832e+06 164900 2.02334e+06 61174.2 2.09361e+06 496.511 223964 3.89707e+06 9.66899e+07 2.48811e+06 692.846 9.50771e+07 149165 34.1196 155526 87545 3.98481e+08 69
-73.1062 -72.4811 42.7488 43.1885 289433 108951 418.006 2367.83 593 475 589 54 -nan -nan -nan -nan -nan -nan -nan -nan -nan -nan 101934 3
-71.4008 -69.9526 42.3788 42.9574 5.35273e+08 7.65723e+07 1.65409e+06 11447.2 885416 23700.9 790956 1237.6 137986 1.27399e+06 3.0883e+07 915417 281.646 3.21617e+07 43581.6 13.1741 36935.5 18980.9 1.57992e+08 192
-72.0284 -70.0974 43.0835 43.7135 1.4586e+08 3.09989e+07 413123 15189.9 6163.45 -nan -nan 1125.12 61751.3 430342 1.31939e+07 219215 32.4972 1.34453e+07 18784.8 0 16840.8 8265.24 4.32826e+07 118
-72.6413 -70.9724 42.8658 43.1341 4.25079e+07 1.72217e+07 257829 9716.85 107654 4189.22 102690 89.0785 10662.9 -nan -nan -nan -nan -nan -nan -nan 13514 4956.21 2.384e+07 97
-73.9452 -72.4832 42.73 43.6138 1.19417e+08 2.28153e+07 214754 532565 0 88974.8 160525 549.525 34882.8 403827 1.05839e+07 194286 59.5281 1.09097e+07 15051 0 -nan -nan 3.52173e+07 87
-71.2006 -70.8251 41.8921 43.7469 7.41882e+08 1.17947e+08 2.19924e+06 312267 1.13355e+06 29805.3 1.21389e+06 168.906 139914 1.86545e+06 4.42269e+07 1.33608e+06 479.307 4.55523e+07 94443.9 40.9132 132146 79688.5 2.18388e+08 11
-72.4855 -72.2089 42.6053 43.902 1.26925e+07 3.97065e+06 16589.2 91329.5 305.846 23589.7 -nan -nan -nan -nan -nan -nan -nan -nan 1949.71 1 1742.72 -nan 6.0181e+06 24
-71.5516 -71.1033 42.3202 42.7407 4.27279e+08 7.42964e+07 1.26956e+06 70273.1 691089 18891.2 740664 106.487 101644 1.06164e+06 2.58412e+07 771865 231.059 2.62193e+07 42867.6 52.5681 41139 30731 1.26079e+08 4
-72.6134 -71.544 41.6274 42.7722 1.04658e+09 1.67703e+08 3.72725e+06 767232 1.81541e+06 157841 1.72574e+06 33262.7 295022 3.01606e+06 6.48717e+07 1.92762e+06 454.346 6.49516e+07 243777 27.4814 217995 79592.1 3.15776e+08 61
-72.8435 -71.0346 41.6006 42.7923 1.91344e+09 2.98854e+08 6.51979e+06 46576.7 3.51227e+06 70305.5 3.34655e+06 2038.03 521552 5.0081e+06 1.26595e+08 3.60679e+06 807.998 1.28036e+08 184346 94.8688 129210 45946.6 5.66599e+08 245
-71.44 -70.93 43.061 44.6284 6.07715e+06 2.3256e+06 32600.8 1810 11955 1562 11289.1 -nan -nan -nan -nan -nan -nan -nan -nan -nan -nan -nan 2.88856e+06 146
-73.1992 -71.6598 42.8222 44.5312 5.63168e+07 1.22661e+07 50270 19783.2 64968.3 4347.61 67338.2 41.071 6304.5 257299 -nan -nan -nan -nan -nan -nan -nan -nan 1.67757e+07 37
-72.799 -72.5924 42.9023 42.9639 237777 70977.9 514.019 1487.81 0 -nan -nan 52 226 366 -nan -nan -nan -nan -nan -nan -nan -nan 53754 221
-71.5319 -70.4129 41.9522 43.0817 1.21972e+09 1.79868e+08 3.84211e+06 26031.1 2.05528e+06 38644.5 2.04662e+06 574.801 244909 2.95945e+06 8.16807e+07 2.19303e+06 546.718 7.67398e+07 102302 66.1234 77954.2 37959.6 3.60618e+08 85
-72.5602 -71.2053 42.0131 42.8662 1.24361e+09 1.95743e+08 4.32372e+06 25814 2.32799e+06 41068.8 2.27919e+06 700.205 337514 3.46451e+06 8.42661e+07 2.29589e+06 785.173 8.12636e+07 117075 67.5162 92880.2 44541.3 3.67983e+08 31
-71.1713 -70.7736 41.9661 43.2786 5.84657e+08 9.01572e+07 1.92805e+06 16959 1.02747e+06 19044.2 1.00574e+06 145.874 103330 1.50746e+06 3.78927e+07 978179 401.041 3.83272e+07 46766.4 0 37388.3 20216.2 1.72786e+08 93
-71.2005 -70.1801 41.4222 42.4589 9.95963e+08 1.61458e+08 3.12277e+06 43673.9 1.63068e+06 38774.2 1.73659e+06 377.036 330208 2.60453e+06 5.9291e+07 1.90511e+06 450.368 5.84023e+07 67098.6 24.5061 61290.1 44183.1 2.94056e+08 135
-73.0014 -71.5573 42.8075 44.5979 4.12089e+07 1.0384e+07 227552 6477.9 90189.7 4411.44 92837.9 52.5948 8696.43 319930 -nan -nan -nan -nan -nan -nan -nan 7062.74 2.05338e+07 302
-73.5433 -71.7253 42.3733 44.3264 4.65702e+08 8.73768e+07 1.72267e+06 9242.91 787716 17968.7 821165 406.644 165953 1.16489e+06 3.53854e+07 917085 202.267 3.91505e+07 55246.1 0 42017.9 24977.2 1.37659e+08 22
-73.2928 -71.4508 42.7242 44.44 1.42657e+08 2.63633e+07 281632 622834 218429 23796.7 194640 331.775 35740.6 504926 1.24535e+07 207734 94.8103 1.39269e+07 20276.7 0 -nan -nan 4.20888e+07 43
-72.5437 -72.1109 41.8716 43.618 2.42674e+08 3.83076e+07 930236 9203.08 491389 10226.7 477680 71.6907 62676.6 669317 1.61506e+07 508000 111.994 1.69124e+07 53176.2 12.282 21303.1 9556.04 7.15877e+07 5
-71.2504 -71.0018 41.4443 42.7464 5.67673e+08 9.32227e+07 1.77197e+06 31373.9 942792 22143.5 967669 157.184 128841 1.4314e+06 3.27446e+07 999336 225.267 3.47125e+07 60939.6 24.5254 61674.4 24170.2 1.67551e+08 3
-72.7985 -71.2028 42.6758 43.6388 1.95143e+08 4.51765e+07 514360 90291.9 293937 19383.1 307823 75.696 40570.6 754158 1.62036e+07 332146 151.278 1.81525e+07 24584 5.07129 21271.1 -nan 5.75701e+07 88
-72.829 -71.2452 41.8033 43.0343 1.58967e+09 2.51033e+08 5.13128e+06 124128 2.73986e+06 82620.3 2.68052e+06 15750.6 436782 4.36235e+06 1.05915e+08 2.87666e+06 942.153 1.08316e+08 159067 46.1273 146548 87522.9 4.72944e+08 35
-72.2335 -72.1664 42.1694 44.1518 3.35712e+07 6.40323e+06 46053 152407 0 -nan -nan -nan -nan 67493.5 2.10973e+06 64138 16.1266 2.23126e+06 -nan -nan -nan -nan 9.97785e+06 4
-71.6226 -71.2674 42.485 42.5477 1.79173e+07 6.00326e+06 41778.9 147758 473.07 40172.7 -nan -nan -nan -nan -nan 63037.2 37.0991 2.29059e+06 3763.73 0 -nan -nan 9.98124e+06 204
-72.6918 -71.9337 42.5262 43.4665 1.4678e+08 2.25026e+07 506563 5487.42 268778 6367.6 276520 43.4635 30282.9 486629 1.26551e+07 -nan -nan 8.91518e+06 72431 13.0156 34582.6 5667.11 4.32507e+07 3
-73.782 -72.7542 42.1804 43.5161 3.43631e+08 7.29475e+07 1.18791e+06 9707.7 537934 14078.7 617200 82.7014 91061.3 865533 2.40381e+07 668643 95.4676 2.50488e+07 38924.8 16.0968 45634.1 18716.1 1.01732e+08 14
-73.5372 -72.0765 42.7629 44.0892 1.15164e+07 4.44488e+06 63199.7 2156 24942 1908 23431.5 -nan -nan -nan -nan -nan -nan -nan -nan -nan -nan -nan 5.56487e+06 88
-73.0519 -72.1109 41.8941 42.9544 5.88586e+08 9.1872e+07 2.07961e+06 17122.1 1.06554e+06 30596.6 999517 1237.18 193675 1.58754e+06 3.74809e+07 1.15112e+06 359.968 3.64825e+07 50120.5 7.24877 50099.5 24422.5 1.73839e+08 48
-72.7989 -72.0851 41.6393 42.5429 4.20913e+08 7.17858e+07 1.30315e+06 90840.1 708974 18068.6 796323 89.3505 114777 1.17722e+06 2.63135e+07 834111 332.547 2.66558e+07 33360.7 31.0689 40228.3 30153.7 1.2417e+08 63
-71.8483 -71.4238 42.7215 43.6553 1.08499e+08 2.37138e+07 265721 16935.2 139083 7250.68 144857 24.0413 15143.1 467046 9.83506e+06 145488 0 6.01155e+06 -nan -nan -nan 5668.83 3.20265e+07 62
-73.3297 -71.8622 42.9146 42.9678 5.97036e+06 1.25874e+06 11066.9 48615.3 1120.63 -nan -nan -nan -nan 23405 -nan 7591 10 -nan -nan -nan -nan -nan 1.76585e+06 190
-71.2175 -69.7513 41.8083 42.3873 6.78541e+08 9.20064e+07 1.98449e+06 16346 1.0987e+06 20992.4 1.10102e+06 365.669 110103 1.69897e+06 3.88093e+07 1.11197e+06 487.592 4.1472e+07 60558.2 11.1572 41456.7 18731.8 2.00591e+08 52
-72.9771 -72.735 41.0462 42.4147 5.84712e+07 1.15108e+07 44334.1 308331 0 -nan 86085.1 131.536 11077.5 157446 3.72478e+06 117508 66.5751 -nan -nan -nan -nan -nan 1.72576e+07 153
-72.4199 -71.6556 41.9881 43.6634 6.35399e+08 1.11929e+08 2.24428e+06 15999.2 1.18591e+06 20149.5 1.12597e+06 362.594 144657 1.97218e+06 4.23356e+07 1.09635e+06 387.648 4.45753e+07 70717.5 21.0089 40779.7 17791.6 1.87909e+08 28
-72.3013 -71.1221 41.6523 43.5039 1.41246e+09 2.15051e+08 4.4966e+06 31220.9 2.37956e+06 58737.3 2.19896e+06 3630.29 380263 3.69372e+06 1.00449e+08 2.67991e+06 743.327 9.38462e+07 102984 46.6927 82041.4 34832.6 4.19687e+08 74
-73.0192 -72.5384 41.7896 42.7364 3.13742e+08 4.92105e+07 987553 36452.5 540621 16105.9 576239 191.269 79848.6 887269 2.19485e+07 659417 185.349 2.11632e+07 37866.2 7.72026 31303.5 18956.7 9.26136e+07 129
-71.2891 -70.2914 41.0212 42.9965 1.57883e+09 2.36732e+08 4.82158e+06 81551.6 2.61044e+06 43257.1 2.62321e+06 710.987 500379 3.86993e+06 9.04924e+07 2.76605e+06 723.621 9.2512e+07 165161 33.4651 137622 59110.4 4.66852e+08 30
-72.7895 -72.0272 41.696 42.9453 5.59262e+08 9.38147e+07 1.7733e+06 84748.5 988040 23107.1 1.0423e+06 287.512 168461 1.5253e+06 3.58705e+07 1.12415e+06 376.839 3.73162e+07 47561.4 41.2886 50950.7 33833.8 1.65035e+08 57
-72.655 -71.8215 43.0934 43.221 3.89615e+06 1.64043e+06 8241.42 29042.6 34.7023 8174.28 -nan -nan -nan -nan -nan -nan -nan -nan 861.517 0 951.59 -nan 2.03694e+06 40
-71.594 -70.5587 42.2588 43.0033 9.18239e+08 1.51543e+08 2.66842e+06 128685 1.41885e+06 38940.2 1.47221e+06 220.325 162424 2.48138e+06 5.60565e+07 1.59113e+06 404.325 5.39623e+07 66736.5 42.9846 74934.6 40326.6 2.70963e+08 125
-71.7417 -70.4967 42.166 42.4233 5.04585e+08 7.57002e+07 1.54439e+06 14176.2 843029 16943.8 806140 107.125 81193.4 1.25001e+06 2.84525e+07 886807 546.105 3.15964e+07 53993.9 31.1541 34121 15306.5 1.48948e+08 9
-71.5178 -70.0635 42.7181 43.2996 8.05372e+07 2.0605e+07 403620 4062.98 199958 6798.32 181782 143.06 14738.4 -nan -nan -nan 178.37 8.73855e+06 21955.7 3.30592 9320.63 4682.52 3.95268e+07 7
-72.8665 -71.3724 41.7593 43.2101 1.37355e+09 2.24494e+08 4.64825e+06 30455.1 2.45453e+06 54974.4 2.49027e+06 1193.44 398234 3.52734e+06 8.98886e+07 2.48594e+06 1036.72 9.56417e+07 129539 67.9342 110726 49950.8 4.07205e+08 26
-72.584 -71.7881 41.0906 42.7858 6.37144e+08 1.05088e+08 2.27524e+06 615502 948407 81931.4 941346 19055.3 152054 1.72346e+06 3.97218e+07 1.313e+06 324.157 4.28734e+07 53991 71.7821 84909.1 36782 1.89202e+08 2
-71.9042 -71.0822 43.0818 44.0615 4.14956e+06 1.43388e+06 9111.65 34226 50.5559 9678.19 -nan -nan -nan -nan -nan -nan 16 729072 929 -nan -nan -nan 2.34936e+06 133
-73.6505 -72.8959 41.4023 42.8605 2.67244e+08 4.34732e+07 912912 38436.4 443530 19760.1 444518 253.021 38964.3 1.08016e+06 2.07671e+07 491020 59.1968 1.71774e+07 24532.4 13.1541 22368 10719.9 7.88583e+07 69
-71.7551 -71.2812 42.2288 42.7592 4.05346e+08 6.23089e+07 1.26917e+06 9080.41 670624 25271.9 622592 649.133 145220 1.07939e+06 2.59823e+07 751099 168.377 2.60626e+07 34306.1 16.6947 28714.9 14127.2 1.19658e+08 23
-73.752 -72.1507 41.5017 43.4411 7.75089e+08 1.47667e+08 2.50143e+06 109257 1.29755e+06 33813.9 1.33466e+06 186.003 176374 2.35101e+06 5.73871e+07 1.52487e+06 429.226 5.85031e+07 70464.1 18.0076 73112.5 33089.4 2.28746e+08 25
-71.9465 -71.5864 42.0517 42.3978 2.29252e+08 3.36083e+07 738620 37328 364757 17862.2 404824 71.9432 67760.7 602491 1.43777e+07 475449 63.4763 1.4649e+07 18876.7 5.64146 17229.7 8712.23 6.76665e+07 210
-72.4139 -71.3556 42.5267 42.992 3.13248e+08 5.8099e+07 1.02939e+06 39650.7 450225 24178.9 462730 421.916 51047.9 867214 2.07568e+07 550188 86.7536 2.59136e+07 33431.6 15.4205 24625 13368.6 9.2457e+07 189
-73.5235 -71.6279 40.8143 42.5615 1.02572e+09 1.74986e+08 3.36112e+06 20695.4 1.91292e+06 33348.3 1.89254e+06 257.103 264837 2.69278e+06 6.7341e+07 1.90952e+06 729.696 7.18844e+07 103864 44.6222 81107.1 32812.2 3.04162e+08 28
-72.3002 -72.134 42.3825 42.5976 1.28219e+07 4.07502e+06 43800.1 150784 3962.99 28801.2 -nan -nan -nan -nan -nan -nan 27.3693 1.59334e+06 2092 2.03906 -nan -nan 7.1203e+06 36
-72.6538 -72.3752 41.962 43.823 2.66944e+08 5.15006e+07 887981 11431.4 491670 8855.99 512801 69.0111 88935.9 778069 1.8201e+07 551847 197.143 1.9078e+07 37547.6 16.737 26557.7 10392.1 7.87546e+07 31
-72.6111 -71.155 40.7612 42.2743 4.74636e+08 1.03647e+08 2.06184e+06 172893 804994 71913.3 831508 1700.82 161056 1.54575e+06 3.90773e+07 1.1906e+06 394.257 4.19194e+07 35777.2 17.5209 20844.5 9651.3 1.39866e+08 78399
