-72.0758 -70.923 43.7535 44.844 5.27727e+06 1.38719e+06 20805 2819 8471 -nan -nan -nan -nan -nan -nan -nan -nan -nan -nan -nan -nan -nan 1.54265e+06 39
-71.8032 -69.8988 42.5325 43.9098 7.34384e+08 1.44761e+08 2.29898e+06 418547 978448 69509.5 1.05519e+06 3676.79 135557 2.17614e+06 4.73558e+07 1.20159e+06 439.527 4.78872e+07 64264 0 56782.1 12233 2.16914e+08 22
-71.3472 -71.2542 41.7773 43.4576 9.99071e+07 3.26358e+07 439992 95208.3 241262 22273.4 277792 32.4416 32089.5 415732 1.00468e+07 306056 41.273 9.52997e+06 13027.8 0 -nan -nan 4.70672e+07 21
-72.4291 -71.8127 42.1104 43.5928 4.74739e+08 6.08193e+07 1.35741e+06 11207.9 749135 22847.6 697388 4167.62 115381 1.04372e+06 2.64675e+07 771719 105.234 2.5623e+07 33874.2 17.536 23770.1 7348.88 1.40122e+08 113
-72.3779 -71.3156 42.1627 43.2132 1.03505e+09 1.36345e+08 2.93578e+06 24611.4 1.59635e+06 46401.7 1.55557e+06 4915.19 236020 2.4464e+06 6.34371e+07 1.4905e+06 387.867 6.4214e+07 73755.2 6.37063 62570.5 15482.5 3.05232e+08 27
-73.7743 -72.7738 43.7122 44.8168 371451 130401 986.296 2877.59 0 -nan -nan -nan -nan 1423 48418 612 3 -nan -nan -nan -nan -nan 153182 106
-72.4166 -71.472 43.7187 44.4555 656432 241278 1803.19 5104.52 0 -nan -nan -nan -nan 3111 106937 1266 0 -nan -nan -nan -nan -nan 322068 7
-71.7557 -70.7186 43.321 43.7159 1.51924e+07 5.63348e+06 50612.5 127087 0 8167.57 30176 102 3917 94601.9 2.94834e+06 -nan -nan -nan -nan -nan -nan -nan 8.99224e+06 148
-71.3356 -69.7154 42.7923 44.2464 3.65742e+08 7.66983e+07 1.13522e+06 13194.4 462345 17142.3 472141 94.6514 54673.6 1.46479e+06 3.06195e+07 523782 128.533 2.83839e+07 45983.8 4.51523 28286.2 9192.33 1.07897e+08 105
-71.6927 -71.2273 41.8895 43.3456 8.01802e+08 1.16944e+08 2.31897e+06 220250 1.09751e+06 68399.1 1.06038e+06 5481.44 151504 1.8179e+06 4.22676e+07 1.31678e+06 256.663 4.07844e+07 49312.2 0 46404.2 15346.5 2.36333e+08 212
-72.0752 -71.324 42.4317 43.4101 4.65213e+08 6.94207e+07 1.3835e+06 11907.6 702241 16290.6 631292 833.396 90766.7 1.27159e+06 3.08328e+07 651154 142.163 2.55038e+07 36511.5 5.72968 37574.7 14227.3 1.37437e+08 111
-72.9881 -71.9499 41.9927 43.4665 8.36826e+08 1.05246e+08 2.38459e+06 20531.1 1.35824e+06 26332.8 1.30997e+06 4677.54 196167 1.87075e+06 4.87132e+07 1.34657e+06 354.192 4.65812e+07 66104.2 6.86868 51470.6 16972.8 2.47036e+08 28
-72.3376 -71.4751 43.0633 43.5332 9.06546e+06 3.27718e+06 22335 68663.8 398.81 -nan -nan -nan -nan -nan -nan -nan 51.2823 1.40451e+06 2731 0 -nan -nan 5.37314e+06 22
-73.2494 -71.7047 42.7014 43.1992 9.82795e+07 1.65963e+07 281121 4651.66 105179 4474.47 106653 -nan -nan -nan -nan -nan -nan 7.56824e+06 26847.3 3.57127 9134.19 4045.62 2.90757e+07 18
-72.1594 -71.5893 42.4833 43.6807 2.55407e+08 4.15427e+07 731328 16242.4 335283 20012.9 347952 537.567 33587.9 749694 1.69961e+07 368160 113.26 1.45041e+07 20916.4 0 24000.9 8586.95 7.54565e+07 91
-72.5697 -72.302 43.3404 44.9786 1.04735e+06 377705 4056.04 7182.68 2067 773 2030 97 -nan -nan -nan -nan -nan -nan -nan -nan -nan -nan 551350 86
-74.1852 -72.5459 42.9202 43.4733 3.74713e+07 1.3823e+07 106380 316682 0 -nan -nan 2750.95 18870.8 216352 5.07182e+06 85814.7 28.7724 5.70277e+06 7501.33 17.859 -nan -nan 2.17625e+07 18
-72.7192 -70.8708 43.0515 43.6018 1.31424e+07 4.79001e+06 31706.1 103395 518.162 -nan -nan -nan -nan -nan -nan -nan -nan 2.32461e+06 3534.16 0 3199.5 -nan 7.84611e+06 48
-72.556 -71.8871 42.0662 43.834 5.52255e+08 7.02126e+07 1.55466e+06 13675 846245 33149.1 783249 7071.36 111467 1.41819e+06 3.14643e+07 930122 188.731 2.84887e+07 34608.8 6.80042 29210.1 6182.04 1.62791e+08 34
-71.556 -71.3458 42.2217 43.7767 2.63095e+08 5.06894e+07 770081 38613.1 368814 18045.3 426701 73.1466 47940.9 617996 1.40288e+07 446164 48.7593 1.43223e+07 17556.6 0 17098 11358.7 7.79554e+07 114
-73.516 -72.0755 42.9172 44.2526 3.48868e+06 1.29832e+06 16385.1 1274 7813 1272 7752 -nan -nan -nan -nan -nan -nan -nan -nan -nan -nan -nan 1.94803e+06 152
-72.4044 -72.2744 43.7981 45.0498 235671 85507.6 333.474 1702.55 0 -nan -nan -nan -nan -nan 28942 587 3 28164 -nan -nan -nan -nan 73774 52
-73.3095 -71.458 43.8037 44.6177 501701 180066 728.752 1367 991 596 986 -nan -nan -nan -nan -nan -nan -nan -nan -nan -nan -nan 192949 50
-72.9807 -72.8086 43.1575 44.9379 217631 77061.8 325.425 1429.39 5.9185 -nan -nan -nan -nan -nan -nan -nan -nan -nan -nan 0 3 -nan 59982 35
-71.324 -71.3168 43.842 44.6768 202652 69730.9 298.918 1407.81 5.65395 -nan -nan -nan -nan -nan -nan 483 3 25233 -nan -nan -nan -nan 49070 35
-72.9058 -70.9497 42.8314 44.0563 1.24232e+08 2.79689e+07 423587 6540.67 148384 5987.27 138552 -nan -nan -nan -nan 144784 223.69 7.04775e+06 38257.1 0 12681.6 6893.18 3.67089e+07 34
-72.7308 -71.7287 43.6789 45.0054 804973 300910 1246.61 1309 1520 655 1503 -nan -nan -nan -nan -nan -nan -nan -nan -nan -nan -nan 358341 37
-71.5614 -71.3574 42.268 43.2168 2.50006e+08 4.00164e+07 739400 16426.1 316635 18928.7 342302 250.214 47190.2 579934 1.45043e+07 470697 115.487 1.50965e+07 25213.3 0 20983.5 8793.93 7.38748e+07 18
-73.7946 -72.2757 43.2342 44.6947 3.17343e+06 1.09967e+06 12165.6 26731.5 7837.06 1009 7549 86 738.42 -nan -nan -nan -nan -nan -nan -nan -nan -nan 1.71717e+06 53
-72.2537 -70.5619 43.4412 43.7033 1.94458e+07 7.06703e+06 69531.4 153182 0 7296.96 40387 65.1371 5094 124501 3.22126e+06 41300.8 -nan -nan -nan -nan -nan -nan 1.14567e+07 101
-71.9011 -71.1766 42.6984 44.2987 1.57258e+08 3.17854e+07 494656 6274.72 175750 8303.63 -nan -nan 78968.8 343869 1.06028e+07 225653 70.1396 1.18885e+07 17915.3 0 14053.7 5146.23 4.64708e+07 120
-73.9621 -72.4783 43.0847 44.8831 1.70634e+07 5.14476e+06 74071.6 4297.89 33189 2228 33845.4 1352.58 -nan -nan -nan -nan -nan -nan -nan -nan -nan -nan 8.11895e+06 180
-72.257 -71.7439 42.882 43.8263 2.01538e+07 7.65945e+06 31903 158586 37835.8 3352.86 41712 108 4172.81 153051 -nan -nan -nan -nan -nan -nan -nan -nan 1.07688e+07 5
-71.7786 -70.2192 41.8387 43.7802 2.05448e+09 3.21513e+08 6.0565e+06 288621 3.01035e+06 81812.4 2.9292e+06 6878 483340 5.1884e+06 1.20316e+08 3.32617e+06 646.573 1.19712e+08 172512 12.694 126052 39990.6 6.07872e+08 46
-72.7252 -72.6792 41.2008 43.1425 2.196e+07 6.68986e+06 58111.9 143396 6394.53 -nan -nan 766.05 12938.2 98900.1 2.31721e+06 76440.6 24.1358 2.4656e+06 -nan -nan -nan -nan 1.21712e+07 52
-72.6939 -72.1022 42.3172 43.4775 2.1739e+08 3.01499e+07 649334 6170.57 364256 5898.89 377956 52.3203 49853.8 549167 1.36954e+07 300986 218.861 1.26449e+07 16251.7 0 17925 6533.33 6.43427e+07 0
-73.8248 -72.3243 42.3671 43.8502 4.48183e+08 8.23032e+07 1.47791e+06 11607.2 716191 17721 684527 377.838 87818 1.14502e+06 2.78313e+07 712217 204.891 2.86048e+07 39796.2 5.52094 39537.5 17053.2 1.32368e+08 61
-71.6385 -71.6148 42.8903 44.3725 1.39467e+06 414895 1819.03 9173.78 654.42 -nan 3142 59 831 9353 -nan -nan -nan -nan -nan -nan -nan -nan 641111 12
-74.2351 -72.7109 43.2424 44.7174 5.06821e+06 1.82751e+06 12125.9 41695.8 0 -nan -nan -nan -nan -nan -nan -nan -nan -nan -nan 0 1033 -nan 3.00966e+06 8
-73.1446 -72.8276 43.2673 43.6462 196457 68025.6 446.445 1430.53 5.21228 -nan -nan -nan -nan -nan -nan -nan -nan -nan -nan 0 2 -nan 46475 21
-72.7899 -71.5218 42.1584 43.9879 9.93239e+08 1.67645e+08 3.09071e+06 322445 1.50776e+06 70917.7 1.53464e+06 1568.41 203527 2.74399e+06 6.21703e+07 1.69956e+06 178.844 6.34483e+07 74526.5 30.2699 85685.1 35350.5 2.92877e+08 76
-73.6196 -71.89 42.5521 43.8673 2.82839e+08 4.93018e+07 852451 151944 387383 31694.8 407282 57.4507 39211.2 880663 1.78337e+07 504840 46.9916 1.79842e+07 29096.5 0 24407.6 13136.1 8.32278e+07 1
-71.4202 -70.4912 42.6417 43.1565 1.87519e+08 3.49534e+07 512680 68746.1 200215 21616.9 260801 432.062 40713.8 456621 1.09768e+07 339549 10.388 1.12929e+07 12256 0 12391.1 8737.98 5.53355e+07 10
-72.3664 -71.1998 43.7411 45.342 676182 254734 3383 1361 1294 1076.79 -nan -nan -nan -nan -nan -nan -nan -nan -nan -nan -nan 21 258099 390
-72.0302 -71.6023 42.7282 44.5719 4.67917e+07 1.62261e+07 231730 4684.05 90449.9 3992.44 91224.6 89.7441 8901.68 -nan -nan -nan -nan -nan -nan -nan -nan 3741.01 2.17225e+07 20
-72.7465 -72.6826 41.5883 43.1922 2.86113e+07 1.076e+07 80527.4 225757 0 8870.18 85600.8 94.9748 15976.9 139518 3.07915e+06 107076 43.0976 -nan -nan -nan -nan -nan 1.6166e+07 31
-72.384 -71.3682 43.8515 44.7374 352907 125371 890.814 2663.86 0 -nan -nan -nan -nan 1444 57414 1063 2 -nan -nan -nan -nan -nan 145251 32
-71.3756 -69.825 42.9205 43.5152 6.05774e+07 1.20267e+07 47652.9 261656 0 -nan -nan -nan -nan 117544 4.67306e+06 76323.5 38.3684 5.50308e+06 9183.86 0 -nan -nan 1.79083e+07 49
-73.343 -71.4718 42.7585 44.6963 1.17981e+08 2.72071e+07 402783 3788.97 143324 5290.42 142989 310.254 -nan -nan -nan -nan -nan 7.62414e+06 23695.4 0 10512.5 6827.85 3.51673e+07 54
-72.8142 -72.7803 42.7181 43.8007 671229 236236 1095.79 4815.57 1570 540 1559 77 -nan -nan -nan -nan -nan -nan -nan -nan -nan -nan 281744 1
-72.5671 -72.3289 42.2391 43.4367 1.14983e+08 2.2134e+07 153824 487767 0 18943.8 152940 233.314 27461.6 280413 6.57941e+06 211180 53.157 6.6894e+06 8784.13 0 -nan -nan 3.40039e+07 35
-73.1377 -72.5135 42.9715 43.6958 291938 79799.3 517.159 1598.44 7.69508 -nan -nan -nan -nan -nan -nan -nan -nan 25433 6 0 -nan -nan 67119 11
-72.0756 -71.2903 42.8942 44.7439 7.57337e+07 1.7138e+07 262113 4330.24 90067.3 4846.13 -nan -nan -nan -nan -nan -nan -nan 5.4146e+06 13822.9 0 7085.14 4291.5 2.2487e+07 154
-71.6029 -69.8663 42.8094 44.2078 3.67067e+08 7.81869e+07 1.23549e+06 10318.7 513520 22707.9 458143 4420.09 99805.5 1.1451e+06 3.00391e+07 543669 74.5615 3.23357e+07 32370.8 10.3927 54612.7 17227.9 1.08193e+08 134
-72.9988 -71.173 41.9377 43.329 1.87623e+09 3.03989e+08 5.68406e+06 297429 2.87988e+06 85213.5 3.00607e+06 816.441 451554 4.92311e+06 1.15477e+08 3.37154e+06 539.622 1.12543e+08 120672 39.6457 168496 49791.4 5.5389e+08 45
-73.3091 -72.7738 43.7067 44.9243 198389 69638 537.633 1516.21 0 -nan -nan 59 204 474 28638 -nan -nan -nan -nan -nan -nan -nan 53623 2
-72.5608 -72.5131 43.2034 43.268 183592 66910.2 262.706 1523.03 0 -nan -nan 55 142 114 23581 -nan -nan -nan -nan -nan -nan -nan 43810 15
-72.5043 -72.0428 42.3722 43.5959 1.2029e+08 2.28198e+07 179287 565053 0 -nan -nan 1368.57 40370.9 274895 7.1458e+06 216691 31.0981 6.96636e+06 8265.48 4.99903 6335.27 -nan 3.55149e+07 41
-71.523 -69.9345 41.7938 43.1503 1.6268e+09 2.37839e+08 4.72616e+06 384883 2.44729e+06 99614.9 2.52652e+06 1891.73 457405 4.11181e+06 9.13458e+07 2.96704e+06 520.854 9.19648e+07 144409 43.3092 136196 65924.3 4.80083e+08 168
-73.9169 -72.8836 42.8853 43.9498 6.18799e+07 1.10353e+07 85625.7 262233 0 -nan -nan 1681.29 18074.1 189711 4.5997e+06 83584.5 26.9394 5.52436e+06 7487.23 -nan -nan -nan 1.84443e+07 119
-71.9312 -71.5612 41.8649 43.1895 4.93674e+08 7.36253e+07 1.59305e+06 11529.9 834820 15951 847131 415.951 114194 1.14696e+06 2.96158e+07 790746 155.649 3.17859e+07 45281.5 4.5585 37363.4 17813.1 1.45784e+08 10
-73.1845 -72.7001 42.9625 43.6276 246796 82851.2 348.53 1800.81 25.0374 -nan -nan -nan 188 523 22860 348 -nan -nan -nan -nan -nan -nan 72088 38
-72.5886 -70.7481 43.0016 43.9368 5.51279e+07 1.35873e+07 223430 17259.9 97190.3 8428.11 102989 19.5382 11387 296999 7.16985e+06 98551.2 -nan -nan -nan -nan -nan -nan 2.60049e+07 114
-71.31 -69.4103 42.5782 43.7651 3.80063e+08 6.52064e+07 1.12186e+06 12125.5 549569 11901.9 598304 77.5698 69880.6 912466 2.537e+07 570339 259.822 2.94925e+07 47779.1 14.0989 29802.8 11265.1 1.12669e+08 107
-74.5865 -72.8728 42.7253 44.6477 1.64641e+08 3.87279e+07 405488 107710 172443 17364.6 188666 290.212 19656.7 609488 1.40253e+07 256993 27.3545 1.33446e+07 18741 0 -nan -nan 4.85283e+07 27
-72.7906 -72.1794 42.869 44.8378 1.24787e+06 459344 3358.08 10220.6 0 638.959 2115 77 601 5184.87 -nan -nan -nan -nan -nan -nan -nan -nan 657400 41
-72.4931 -71.804 42.5636 44.1971 1.33654e+08 2.47396e+07 199821 574296 0 -nan 170713 509.141 41587.7 322107 9.05385e+06 228756 46.9106 1.00115e+07 16031.6 3.37556 12255.7 -nan 3.94748e+07 23
-74.2268 -72.7212 43.9712 45.1835 472568 112327 630.349 2402.33 11.9885 -nan -nan -nan -nan -nan -nan -nan -nan -nan -nan 0 24 -nan 121294 17
-71.9059 -71.0967 42.5451 43.7021 3.84714e+08 6.97127e+07 1.16679e+06 44308.5 576505 16722.5 586898 110.742 82192.3 983835 2.17377e+07 709383 242.908 2.25984e+07 31527.1 5.1409 94286.9 21666.2 1.14186e+08 31
-72.7601 -72.3412 41.7591 43.3242 3.85652e+08 5.90054e+07 1.21835e+06 45456.1 629587 20247.9 639410 206.635 101589 991528 2.27641e+07 753281 157.359 2.43327e+07 32130.1 21.3606 27710.2 13171.3 1.13872e+08 35
-71.4829 -70.5687 42.7028 43.8454 1.90595e+08 2.6772e+07 576234 5878.52 266674 8564.77 226547 42.4352 22213.6 590211 1.99705e+07 253108 228.274 1.42889e+07 38960 7.08448 19564.4 6871 5.65382e+07 184
-73.5312 -72.3203 42.1707 43.5664 5.33505e+08 8.43808e+07 1.72439e+06 16932.3 881762 21951.5 907316 143.187 120677 1.37772e+06 3.32165e+07 1.05331e+06 192.803 3.36975e+07 63067 3.49369 51693.4 24761 1.57916e+08 129
-71.8397 -71.2514 43.4874 44.9052 286266 94097.8 515.258 2050.3 4.43364 548.36 -nan -nan -nan -nan -nan -nan -nan -nan -nan 0 16 -nan 89428 53
-72.5752 -72.449 41.3875 43.2046 1.32795e+08 1.96655e+07 440003 6817.2 241242 6329.9 -nan -nan -nan -nan 9.76281e+06 218223 113.747 8.30927e+06 8900.3 0 10890 5461.48 3.9237e+07 19
-73.5743 -71.69 42.1989 44.0838 9.03804e+08 1.34707e+08 2.86308e+06 57808.9 1.50744e+06 54991.9 1.42639e+06 4050 205747 2.51301e+06 6.16713e+07 1.65617e+06 508.816 6.11468e+07 72771.2 33.3403 76055.2 25033.6 2.66591e+08 69
-72.4948 -71.8804 42.4927 43.7537 1.31956e+08 2.14745e+07 465282 5219.26 224380 5159.48 209712 110.479 15362.4 592476 -nan -nan -nan -nan -nan 0 11649.5 3296.42 3.96407e+07 120
-72.3651 -71.1068 41.5788 43.2955 1.57298e+09 2.41677e+08 4.9786e+06 33847.1 2.62618e+06 51477.8 2.68666e+06 907.271 384680 4.21548e+06 1.0345e+08 2.75254e+06 536.114 1.0174e+08 188230 21.4682 108341 32222.7 4.66718e+08 111
-72.587 -72.1518 42.6335 44.5448 1.44e+07 5.36969e+06 43872.8 133256 44886.7 2136.78 44305 93 3120.91 107523 -nan -nan -nan -nan -nan -nan -nan -nan 8.09444e+06 127
-72.6379 -72.3758 42.1778 43.7476 1.59609e+08 2.61916e+07 555967 11867.3 264315 -nan 199400 974.477 55563.4 399278 1.07795e+07 316238 50.1231 9.97735e+06 14047.5 2.94792 15351.2 7058.16 4.71388e+07 147
-73.0966 -72.0531 42.4978 43.8806 1.55053e+08 3.507e+07 608610 49473 262496 12787.8 281173 40.358 28468.4 412489 1.02996e+07 304150 20.295 1.11556e+07 10614.7 -nan -nan 27655.4 4.6034e+07 191
-72.2737 -71.9264 42.9081 44.8646 9.87508e+06 1.86642e+06 8731.51 40267.1 0 -nan -nan -nan -nan -nan -nan -nan 3.90792 1.52934e+06 1597 0 -nan -nan 2.91673e+06 175
-72.7027 -71.4012 43.3409 44.0606 2.72011e+06 518707 3442.57 11246.7 18.4824 -nan -nan -nan -nan -nan -nan -nan -nan 743829 597 0 -nan -nan 790107 48
-73.908 -72.0377 42.8065 43.1811 6.82242e+07 1.64868e+07 255214 5223.06 96017.2 -nan -nan -nan -nan -nan -nan -nan -nan 5.1875e+06 12174.2 0 6139.08 3850.85 2.02053e+07 130
-72.3412 -70.5064 42.6029 43.5217 5.06696e+08 9.26765e+07 1.5454e+06 204490 739070 32918 807921 121.768 90991.8 1.42309e+06 3.52993e+07 844057 332.469 3.60827e+07 51581.2 12.1851 57483.2 46609.7 1.49527e+08 9
-71.8629 -71.7716 43.9256 45.683 335344 106175 1547 1414 499 557.11 -nan -nan -nan -nan -nan -nan -nan -nan -nan -nan -nan 2 97249 75
-72.879 -71.8557 42.8925 43.2815 2.24412e+07 3.98331e+06 25515 90802.7 126.979 -nan -nan -nan -nan -nan -nan -nan -nan -nan 3608.99 0 2512.2 -nan 6.62362e+06 181
-72.3652 -72.123 43.3074 43.606 480750 116388 599.678 3093.16 15.1908 -nan -nan -nan -nan -nan -nan -nan -nan -nan -nan 0 27 -nan 123816 128
-71.9188 -71.8811 41.6905 43.3196 2.41225e+07 9.03394e+06 40840.9 208475 65212.3 5141.34 69038.5 86 9289.26 117396 2.54018e+06 -nan -nan -nan -nan -nan -nan -nan 1.29161e+07 61
-72.0707 -71.9644 42.3369 43.2482 4.64812e+07 8.97481e+06 81822.3 362832 11540.9 -nan -nan -nan -nan -nan 3.13491e+06 81288.3 16.5368 3.24053e+06 4193.84 0 -nan -nan 1.37597e+07 26
-72.1249 -71.8473 43.1013 43.6087 7.17697e+06 1.14251e+06 8054.59 24763.6 1758.32 -nan -nan -nan -nan -nan -nan -nan -nan -nan 836 0 -nan -nan 2.09931e+06 97
-71.8222 -71.35 42.9918 43.3698 2.48246e+07 4.71408e+06 21154.1 100849 286.973 -nan -nan -nan -nan -nan -nan -nan -nan -nan 6581.06 0 2538.26 -nan 7.37492e+06 15
-72.8757 -72.6273 42.7113 43.8765 2.56231e+06 979396 14816 11519 58.0768 4861.57 -nan -nan -nan -nan -nan -nan -nan -nan -nan 0 270 21.1192 1.20716e+06 26
-73.9262 -72.5716 42.7128 43.5084 7.12185e+07 2.6345e+07 427171 23376.1 191450 7005.16 192691 31.2731 21969.5 551995 1.25834e+07 248059 -nan -nan -nan -nan 28511.4 9628.18 3.84171e+07 72
-72.0092 -70.2613 42.1715 43.1463 1.42391e+09 2.57801e+08 4.39969e+06 250440 2.2614e+06 53677.6 2.32157e+06 360.989 278990 4.07083e+06 9.19982e+07 2.44156e+06 815.241 8.60827e+07 129051 44.3555 117631 47162.5 4.21921e+08 61
-74.1415 -72.1962 43.6573 44.3954 1.85732e+06 366319 3698.85 12789 348.213 -nan -nan -nan -nan -nan -nan -nan 3 199119 210 -nan -nan -nan 527192 48
-72.4707 -72.3681 43.013 44.4918 719061 161925 1038.81 3831.81 0 -nan -nan -nan -nan -nan -nan -nan 0 100885 80 -nan -nan -nan 197742 39
-72.3756 -71.1358 42.0807 43.6514 1.28054e+09 2.30437e+08 4.08481e+06 245251 2.07935e+06 54164.2 2.17789e+06 346.152 337628 3.56279e+06 8.03748e+07 2.45806e+06 619.539 8.46346e+07 122234 51.5864 125527 55801.6 3.78777e+08 83
-71.848 -71.6152 43.231 43.4567 358328 134064 1977 1410 510 541 -nan -nan -nan -nan -nan -nan -nan -nan -nan -nan -nan -nan 119232 75
-72.2224 -70.2725 41.6948 43.6846 2.3524e+09 3.68684e+08 7.42651e+06 126251 3.97009e+06 119373 4.00284e+06 7792.9 647964 6.30484e+06 1.67679e+08 4.09087e+06 1265.43 1.73358e+08 191867 101.871 138050 57470.8 6.95661e+08 12
-72.0549 -71.2826 42.9511 43.9312 5.11697e+07 9.48015e+06 41738.5 213669 372.137 -nan -nan -nan -nan -nan -nan -nan 105.154 4.10473e+06 8754.1 0 5152.52 -nan 1.51292e+07 132
-71.6516 -70.2949 43.1808 43.7625 6.75619e+07 2.74629e+07 377430 14274.6 153064 5711.98 134724 92.0063 9680.47 413183 1.09265e+07 -nan -nan -nan -nan 31.9217 20249 6829.2 3.52078e+07 93
-72.3056 -71.696 43.85 44.7924 352143 128352 532.297 3037.89 0 -nan -nan 54 384 1404 51923 -nan -nan -nan -nan -nan -nan -nan 135231 11
-71.1882 -69.6166 43.9897 45.4972 1.82895e+08 4.63317e+07 734012 7666.73 258424 12069.5 236795 2387.25 95282.9 417822 1.7212e+07 236376 57.4682 1.76321e+07 22688 0 23416.6 8754.45 5.3989e+07 38
-72.0608 -71.5581 42.1212 43.8191 4.91044e+08 7.90387e+07 1.68029e+06 84830.7 813172 48951.3 695832 9049.28 136402 1.30772e+06 3.27109e+07 871321 176.776 3.67343e+07 40658.1 18.1305 48310.3 19898 1.44093e+08 79
-72.3092 -71.3969 42.9722 43.502 2.61355e+07 9.77775e+06 38843.5 254704 58794.6 4104.12 60940.5 74 6828.17 219366 4.77274e+06 -nan -nan -nan -nan -nan -nan -nan 1.33744e+07 66
-71.4501 -70.5221 41.77 43.5674 1.41851e+09 2.22399e+08 4.47919e+06 32023.1 2.36932e+06 44726 2.48775e+06 853.502 452910 3.46239e+06 9.12875e+07 2.47647e+06 709.579 9.0438e+07 141985 26.348 95358.1 50366.8 4.20289e+08 15
-72.9857 -72.2246 43.6732 43.7803 665528 278737 3292 1528 915 968.284 -nan -nan -nan -nan -nan -nan -nan -nan -nan -nan -nan 17 218639 81
-72.5341 -71.3126 43.1938 43.863 3.47228e+06 1.25265e+06 7694.34 31836.6 57.7577 -nan -nan -nan -nan -nan -nan 7494 16 845764 -nan -nan -nan -nan 2.00288e+06 49
-72.1438 -71.1861 42.8188 43.7046 9.54617e+07 2.39481e+07 355264 11394.8 1833.1 -nan -nan -nan -nan -nan 5.74584e+06 124470 122.538 8.36379e+06 10135 0 10900.8 5611.82 2.82017e+07 127
-71.6547 -70.151 43.0765 44.0167 9.98473e+07 5.30598e+07 664309 10174.1 260156 9905.05 279689 43.3682 34979.3 709477 1.70483e+07 215068 60.3701 1.72082e+07 -nan 0 13412 6348.55 5.33458e+07 15
-72.0397 -71.4797 43.2579 44.5708 1.04574e+06 384865 7613 1470 1699 2219.38 -nan -nan -nan -nan -nan -nan -nan -nan -nan -nan -nan 82 504105 22
-71.4471 -70.8408 42.7685 43.7507 3.61073e+07 1.365e+07 172609 3616.31 86263.4 3216.65 76699.3 80.8883 4945.47 -nan -nan -nan -nan -nan -nan -nan -nan 4253.92 1.7011e+07 97
-72.8014 -72.4028 42.3571 43.722 1.229e+08 2.14993e+07 428016 4564.74 234060 5527.97 243983 188.669 37226.7 -nan -nan -nan -nan -nan -nan 6.63445 13858.2 6278.73 3.67187e+07 199
-72.7872 -70.9958 43.6197 43.7061 1.84382e+06 671822 2654.83 16176.9 0 767 3385 54 659 -nan -nan -nan -nan -nan -nan -nan -nan -nan 936649 146
-72.4107 -72.1855 41.9383 43.8438 1.15449e+08 1.92274e+07 405673 6871.17 217645 -nan -nan -nan -nan -nan 8.91559e+06 197105 162.087 8.05136e+06 11205.2 0 9317.17 4724.44 3.40834e+07 5
-71.286 -70.9153 42.263 43.6585 4.85788e+08 6.8933e+07 1.38567e+06 141731 679086 54968.2 724571 2542.92 99067.7 1.24261e+06 2.84336e+07 851296 192.816 2.88615e+07 39211.6 13.4511 34165.4 15640.3 1.43185e+08 113
-73.2259 -71.2522 42.3691 43.1643 8.37138e+08 1.23607e+08 2.6662e+06 19096.1 1.43031e+06 29536.7 1.38018e+06 242.566 139364 2.62157e+06 5.93671e+07 1.26607e+06 472.892 5.62482e+07 92771.6 12.4467 62606.8 29713 2.47537e+08 173
-72.3596 -72.3059 43.3888 43.8073 813063 288882 1690.5 6540.11 24.2923 -nan -nan -nan 436 4979 142068 1741 -nan -nan -nan -nan -nan -nan 403434 9
-72.7152 -71.3005 41.8676 43.2282 1.43967e+09 2.3802e+08 4.7108e+06 33767.5 2.53337e+06 45929.4 2.47191e+06 525.767 342576 4.11894e+06 9.81207e+07 2.54988e+06 734.558 1.00584e+08 147403 89.969 125756 35144.7 4.27487e+08 25
-73.6916 -72.5198 42.7044 43.1512 6.78817e+07 1.23703e+07 72580.6 321883 0 -nan -nan 2077.95 17758.1 200315 5.11829e+06 103668 40.7178 5.78561e+06 6639.6 -nan -nan -nan 2.01141e+07 319
-72.0274 -71.4355 43.1972 43.6988 2.68261e+06 505451 3416.52 11342.9 61.2286 -nan -nan -nan -nan -nan -nan -nan 3 276573 391 -nan -nan -nan 775925 12
-71.8421 -71.4782 42.1021 43.7671 4.34885e+08 7.84028e+07 1.57386e+06 11374.3 723469 17302.2 735809 282.332 115269 1.23739e+06 3.07761e+07 878018 344.013 3.02571e+07 61940.3 8.17123 33210.6 15500.1 1.29526e+08 172
-72.6879 -71.3428 42.631 43.2873 2.46663e+08 4.82825e+07 833345 7704.95 387130 10982.7 325129 234.29 40134.9 757471 1.5823e+07 329094 146.423 1.53455e+07 26404.2 31.903 26018.6 8975.32 7.28871e+07 34
-73.6871 -72.2577 42.7609 43.6025 1.93496e+07 6.98415e+06 43055.1 157451 0 -nan -nan -nan 11529.4 138309 3.30349e+06 54126 20.54 3.4907e+06 -nan -nan -nan -nan 1.11909e+07 14
-72.2904 -71.497 42.8365 44.0913 7.82884e+07 1.87276e+07 148651 527477 15270.8 -nan -nan -nan -nan -nan -nan 108483 75.6069 7.10383e+06 9837.12 2.98513 8525.42 -nan 2.31114e+07 37
-72.2268 -71.5471 43.12 44.9181 5.00992e+06 2.70791e+06 37690.5 4599.69 122.388 10393.2 -nan -nan -nan -nan -nan -nan -nan -nan -nan 0 1174 370.274 2.62346e+06 44
-73.1819 -72.4941 43.0482 44.055 250505 87760 1166 1349 6.90015 454.437 -nan -nan -nan -nan -nan -nan -nan -nan -nan -nan 3 1 67641 36
-71.2638 -71.1014 43.1561 44.6809 240364 83312.7 647.217 1797 0 -nan -nan 55 292 637 29932 -nan -nan -nan -nan -nan -nan -nan 76111 16
-71.5757 -70.9435 43.7772 44.0208 1.34058e+06 495184 7669 1485 3083 2839.11 -nan -nan -nan -nan -nan -nan -nan -nan -nan -nan -nan 39 647975 2
-72.426 -72.1957 42.3317 43.2325 5.58553e+07 1.04558e+07 65018.8 241109 0 -nan -nan -nan 21342.6 148808 3.52124e+06 111349 31.5623 3.50997e+06 6828.4 -nan -nan -nan 1.68013e+07 68
-71.6757 -71.6425 42.712 44.489 1.07014e+07 2.04813e+06 9012.25 50960.1 236.211 -nan -nan -nan -nan -nan -nan -nan 18.669 871603 2706 0 -nan -nan 3.19344e+06 92
-72.6916 -72.6412 42.1571 43.7104 3.48469e+07 5.45513e+06 27743.7 138536 7665.47 -nan -nan -nan -nan -nan -nan -nan -nan -nan 4033.44 0 2645.57 -nan 1.02909e+07 37
-74.8288 -72.8512 42.537 43.9078 2.8638e+08 6.17376e+07 947219 9611.33 413260 11874.7 446479 252.623 65563 925404 2.26679e+07 451551 191.759 2.15715e+07 31979.7 0 29466.5 14924.8 8.45852e+07 103
-73.5409 -71.9608 43.0737 44.485 4.62398e+06 1.72016e+06 11334.9 44106.7 0 1302 9337 53 1666 -nan -nan -nan -nan -nan -nan -nan -nan -nan 2.6115e+06 95
-72.8891 -71.781 42.2849 43.5259 4.37656e+08 7.35241e+07 1.39307e+06 132711 706206 26136 753840 105.066 92789.6 1.16242e+06 2.8463e+07 840603 230.255 3.03258e+07 46031.9 15.7455 37651.5 30031.5 1.29131e+08 94
-72.6639 -71.7163 43.4594 43.9912 5.13774e+06 1.79402e+06 5394.51 23153.2 0 -nan -nan -nan -nan -nan -nan -nan -nan -nan -nan 0 644 -nan 1.51009e+06 53
-73.0724 -72.0888 42.4879 44.2746 1.66551e+08 3.06195e+07 561544 6326.62 304628 5485.16 301376 41.4779 36601.2 459144 1.13998e+07 306438 351.482 1.83687e+07 -nan 0 26193.6 6262.35 5.09948e+07 63
-73.6606 -72.6457 43.4874 44.19 286725 105014 417.412 2524.78 5.2254 -nan -nan -nan -nan -nan 39985 329 0 39206 -nan -nan -nan -nan 103413 30
-72.9016 -71.9293 41.8757 43.2839 6.88876e+08 1.10351e+08 2.3647e+06 18726.7 1.27379e+06 25116.4 1.25775e+06 166.877 165897 1.91414e+06 4.53137e+07 1.31034e+06 469.611 4.57482e+07 92612.2 30.1824 67717.4 26367.4 2.05098e+08 18
-71.7995 -70.1082 42.5805 44.0221 6.22243e+08 1.14089e+08 1.97311e+06 22082.8 937899 25683.3 973554 137.957 136689 1.84637e+06 4.52487e+07 1.01827e+06 257.363 4.78828e+07 65815.8 15.3259 52074.4 29066.2 1.83756e+08 527
-72.8745 -71.143 43.2779 43.8048 2.59839e+06 942998 9267.3 25769.6 0 1110.76 5248 69 779 23863.5 -nan -nan -nan -nan -nan -nan -nan -nan 1.51394e+06 490
-71.6265 -71.4989 43.6282 44.5228 254922 89338.7 548.34 1877.37 0 -nan -nan -nan 276 669 28219 569 -nan -nan -nan -nan -nan -nan 82260 43
-71.847 -71.2327 43.9561 44.672 273306 106393 501.414 1739.62 0 -nan -nan -nan -nan -nan -nan -nan -nan -nan -nan 0 8 -nan 66497 48
-71.3285 -70.0913 43.097 43.2422 1.39401e+07 3.26886e+06 45634.3 9181.17 0 -nan -nan -nan -nan -nan -nan -nan -nan -nan -nan 1.22565 1855 836.394 5.09308e+06 9
-72.4383 -72.247 41.5856 43.2405 1.00614e+08 1.88057e+07 119894 463285 0 -nan 142237 446.986 28379.2 261925 6.98753e+06 211221 102.483 6.35506e+06 8299.58 0 -nan -nan 2.97781e+07 283
-72.3118 -70.808 41.9108 43.322 2.01079e+09 3.2992e+08 6.11403e+06 354062 3.11175e+06 78537.4 3.3064e+06 2331.27 489634 5.16328e+06 1.17595e+08 3.50578e+06 859.264 1.19034e+08 155984 75.57 183651 69554.9 5.93809e+08 74
-72.5263 -71.707 43.336 43.9228 4.54272e+06 905620 6176.94 19616 86.4242 -nan -nan -nan -nan -nan -nan 5886.75 7 736577 931.779 -nan -nan -nan 1.48859e+06 83
-73.2029 -71.7975 41.6761 43.2786 9.22585e+08 1.5909e+08 3.20356e+06 135364 1.63716e+06 53829.5 1.56829e+06 900.718 269943 2.69401e+06 6.06041e+07 1.86586e+06 447.059 6.01281e+07 79607.2 14.2571 70910.6 36559.6 2.72278e+08 13
-72.6176 -72.3979 43.5376 43.9746 401458 111196 634.308 2294.96 2.69934 -nan -nan -nan -nan -nan -nan -nan -nan -nan -nan 0 12 -nan 102369 55
-72.2731 -70.5705 42.8469 44.728 2.37329e+08 5.10694e+07 677813 21551.2 273321 23569.2 304193 550.582 40083.4 938944 2.05167e+07 296974 61.3489 1.80219e+07 31402.5 13.1456 22691 11030.3 7.00567e+07 6
-73.3726 -71.9274 42.138 43.4531 7.13217e+08 1.20862e+08 2.29199e+06 125725 1.2107e+06 45089.8 1.27111e+06 215.064 168419 2.08177e+06 4.97493e+07 1.4708e+06 416.966 4.5951e+07 62399.3 37.4354 68657.6 48912.2 2.10507e+08 104
-73.5513 -71.9229 41.8029 43.7927 9.68216e+08 1.59612e+08 3.36749e+06 22777.5 1.75294e+06 35140.3 1.78813e+06 3527.63 233784 2.4702e+06 6.22857e+07 1.7009e+06 565.693 6.20311e+07 193768 43.3402 84864.4 42576.8 2.87208e+08 270
-71.1591 -71.0568 41.823 43.6484 2.44861e+08 3.95768e+07 678577 45395.7 398067 11893.3 404029 58.7985 40356.7 614189 1.35469e+07 421401 122.087 1.35515e+07 17209.8 9.04209 22014 10674.8 7.22852e+07 3
-72.3358 -72.0711 43.4355 43.9556 1.1536e+06 1.03159e+06 11615 2271 0 2219.47 -nan -nan -nan -nan -nan -nan -nan -nan -nan -nan 361 92 517410 20
-72.0183 -71.1445 43.674 44.7061 332165 124257 739.758 2863.77 0 -nan -nan -nan 409 1561 53362 1097 -nan -nan -nan -nan -nan -nan 139093 37
-72.58 -72.5444 42.6434 43.7291 3.6817e+06 585528 3936.05 15459.5 96.9267 -nan -nan -nan -nan -nan -nan -nan -nan -nan -nan 0 212 -nan 1.07888e+06 71
-71.4241 -69.6926 43.5917 45.4692 3.38575e+08 8.69853e+07 1.24529e+06 62534.2 434537 17282.1 444130 270.422 55366.2 1.43982e+06 2.8688e+07 523476 93.7654 2.98869e+07 36886.2 15.304 55284.7 27675.2 9.98772e+07 21
-72.8874 -71.9109 41.5658 43.4292 7.18915e+08 1.11504e+08 2.42576e+06 15635.6 1.30659e+06 28823.3 1.21902e+06 2570.03 225823 1.76819e+06 4.52905e+07 1.35139e+06 296.838 4.64103e+07 71000 26.5509 61130 28009 2.12123e+08 79
-72.2013 -71.9863 43.6471 43.9734 730406 218215 1300.72 5283.43 18.8884 1393.39 -nan -nan -nan -nan 148835 1663 5 148062 -nan -nan -nan -nan 301597 164
-72.1075 -71.5666 42.6428 44.4665 1.15557e+08 2.14632e+07 380899 16332.7 162719 5541.64 145735 110.904 13988.5 469124 -nan -nan -nan -nan -nan 0 26255.7 8070.99 3.42513e+07 53
-71.8349 -71.5096 42.8312 43.5951 4.65739e+07 8.4777e+06 37890.9 219017 2235.47 -nan -nan -nan -nan -nan 3.92187e+06 67651.1 29 4.72101e+06 6884.28 -nan -nan -nan 1.39637e+07 12
-71.1605 -70.1253 43.5036 44.4344 2.3012e+08 4.85476e+07 750947 8440.72 306110 10961 321960 59.4926 44321 908501 1.92466e+07 335017 157.138 1.75177e+07 42660.3 0 22092.8 12342.4 6.7902e+07 74
-71.908 -71.524 41.8972 43.4489 4.70762e+08 8.97392e+07 1.71686e+06 13778.7 838486 19399.3 842520 125.996 129303 1.359e+06 3.21486e+07 946881 266.191 3.13646e+07 59437.4 17.4769 41198.5 22734.4 1.38918e+08 169
-73.1801 -72.193 42.3388 43.7965 2.54638e+08 4.97685e+07 854874 18472.1 484620 10162.7 497734 61.1312 59995 718031 1.7038e+07 508579 84.6232 1.68932e+07 24591.9 6.26699 29600.8 19408 7.51941e+07 95
-72.2688 -72.0309 43.7491 44.1145 441863 216199 2752 1716 9.24679 836.029 -nan -nan -nan -nan -nan -nan -nan -nan -nan -nan 53 20 165602 67
-71.5826 -70.8609 42.3038 43.957 7.66834e+08 1.1313e+08 2.41931e+06 14127.8 1.23236e+06 34041.5 1.18765e+06 1282.48 212500 1.89954e+06 4.98286e+07 1.52044e+06 335.492 4.91235e+07 60923.5 50.3964 52473.6 33191.9 2.26686e+08 78
-72.5196 -71.7848 43.0666 44.7322 8.72268e+06 3.62263e+06 11465.2 69481.4 149.809 17315.2 -nan -nan -nan -nan -nan -nan -nan -nan 2975.37 0 1999.63 -nan 4.41033e+06 324
-73.3913 -71.6 42.8303 44.1632 3.34434e+07 1.6429e+07 241248 3476.8 80942.1 4952.79 77646.5 -nan -nan -nan -nan -nan -nan -nan -nan 8.62279 11408.2 4300.76 1.82683e+07 8
-72.0977 -70.7102 43.2629 43.7549 3.6457e+07 6.43227e+06 27407.7 181597 16995.8 8201.91 38249.2 60.3277 6133 127326 3.2777e+06 -nan -nan -nan -nan -nan -nan -nan 1.074e+07 15
-71.4716 -70.985 42.7949 43.9621 1.15231e+07 3.99007e+06 69205.3 3205.61 348.299 22053.2 -nan -nan -nan -nan -nan -nan -nan -nan -nan 3.00974 1743 857.166 5.65237e+06 29
-73.2278 -72.8041 43.8111 43.9402 209230 72386 721 1449 4.32665 379.173 -nan -nan -nan -nan -nan -nan -nan -nan -nan -nan 4 3 48218 12
-71.4602 -70.7483 42.7504 44.4455 6.26103e+07 2.08778e+07 342788 5270.79 159532 6077.59 127042 88.8346 12731.5 346785 -nan -nan -nan -nan -nan -nan 12433.9 5265.8 3.06261e+07 60
-72.8875 -72.592 42.3404 44.3004 8.12341e+07 1.59854e+07 62675.8 382908 0 -nan 103062 203.698 22767 210105 5.95864e+06 171116 37.65 5.93298e+06 -nan -nan -nan -nan 2.39741e+07 46
-71.584 -71.0506 43.525 43.5296 225916 68672.3 504.659 1519.18 0 -nan -nan -nan 231 412 25497 -nan -nan -nan -nan -nan -nan -nan 50280 22
-73.0394 -72.175 43.2383 43.7367 2.31661e+06 490993 1974.3 10692.3 0 -nan -nan -nan 507 7603 371961 -nan -nan -nan -nan -nan -nan -nan 671781 70
-72.96 -71.9798 42.1023 43.7867 4.9374e+08 9.30294e+07 1.89143e+06 13776.1 1.01017e+06 19275 1.02705e+06 113.932 149216 1.44807e+06 3.43036e+07 1.05659e+06 288.902 3.64629e+07 69450.3 40.7932 54226 21275.8 1.45797e+08 121
-73.7178 -72.4543 42.8275 43.7319 2.85557e+07 5.28427e+06 36890.4 117651 874.854 -nan -nan -nan -nan -nan 2.64083e+06 44578 16 2.77092e+06 -nan -nan -nan -nan 8.79295e+06 115
-74.1342 -72.3065 42.8431 43.7603 4.19582e+07 1.83416e+07 273032 5454.11 110247 92370.1 -nan -nan -nan -nan -nan -nan 52.1103 7.49964e+06 8570.04 0 6834.15 4195.46 2.32903e+07 65
-73.052 -72.7931 43.6792 43.7809 198248 71227.4 665 1325 150 374.799 -nan -nan -nan -nan -nan -nan -nan -nan -nan -nan -nan 3 46240 18
-73.033 -72.2639 43.5004 43.7285 819564 302165 7287 1293 875 1695.42 -nan -nan -nan -nan -nan -nan -nan -nan -nan -nan -nan 32 357474 54
-72.9659 -72.9134 42.9221 44.9003 213166 74488.1 298.188 1653.98 0 -nan 252 55 180 396 -nan -nan -nan -nan -nan -nan -nan -nan 56621 162
-71.6484 -70.5403 42.4089 44.2334 7.35449e+08 1.38186e+08 2.55436e+06 28183.4 1.17166e+06 37790.5 1.16645e+06 443.725 190437 1.9762e+06 5.18465e+07 1.322e+06 457.013 5.17701e+07 64676.3 42.2275 65321.1 37219.9 2.17164e+08 9
-74.4836 -72.6264 41.976 43.618 5.56866e+08 1.11473e+08 2.12056e+06 12595.9 999943 25685.3 1.02954e+06 329.58 173416 1.89195e+06 4.65747e+07 1.05903e+06 347.206 4.1804e+07 43965.2 20.5659 38541.1 26947.6 1.64545e+08 71
-71.6699 -71.5933 43.0114 43.587 1.97686e+06 651018 4437.59 14698.4 50.7292 4282.15 -nan -nan -nan -nan -nan 5504.85 30 324855 293.06 -nan -nan -nan 1.04211e+06 26
-73.6668 -71.7022 43.9918 44.0317 345376 123380 1794 1341 733 527 -nan -nan -nan -nan -nan -nan -nan -nan -nan -nan -nan -nan 119163 125
-72.2638 -70.3522 43.8771 44.7756 6.96926e+07 1.25873e+07 85201.3 374545 0 -nan -nan -nan -nan 134065 5.92224e+06 106726 46.8078 6.81706e+06 6687.11 0 -nan -nan 2.07777e+07 176
-71.4519 -70.7082 43.4601 44.3261 2.21073e+07 1.02586e+07 145484 3543.83 45850 48827.6 -nan -nan -nan -nan -nan -nan -nan -nan -nan 0 3171.34 2051.11 1.23653e+07 72
-72.7542 -72.1215 43.6971 44.1661 792344 195246 3747 1703 1061 537 -nan -nan -nan -nan -nan -nan -nan -nan -nan -nan -nan -nan 272264 230
-72.5983 -71.4923 41.7968 43.6027 1.00073e+09 1.68854e+08 3.41674e+06 25795.6 1.78106e+06 35095.6 1.793e+06 272.478 240662 3.02397e+06 7.01686e+07 2.03576e+06 558.862 6.96087e+07 146868 24.8198 96412.3 43587.4 2.95396e+08 45
-72.5184 -70.7347 43.2455 43.797 2.22898e+07 6.04449e+06 128668 6519 41021 2552.58 39424.5 -nan -nan -nan -nan -nan -nan -nan -nan -nan -nan 3208.96 1.1141e+07 114
-72.2975 -71.3844 43.2449 43.6474 1.59079e+06 570144 2365.33 15524.4 2787 991 2739 67 -nan -nan -nan -nan -nan -nan -nan -nan -nan -nan 786087 87
-71.9741 -71.1397 43.7404 44.8267 227724 84435.8 323.596 2074.05 0 471 348 56 340 -nan -nan -nan -nan -nan -nan -nan -nan -nan 64616 16
-71.9669 -70.0377 42.8781 43.24 8.64635e+07 1.81314e+07 77304.7 451680 0 15286.1 118145 257.11 21584.8 377896 8.03262e+06 115940 34.4396 7.25855e+06 -nan -nan -nan -nan 2.54926e+07 99
-71.2105 -70.4397 43.5779 44.419 5.59771e+07 2.02697e+07 316326 9285.25 109500 119266 -nan -nan -nan -nan 7.22427e+06 138447 100.739 9.12286e+06 12030.8 6.88177 9654.79 5785.3 2.7489e+07 224
-72.0735 -70.152 42.3036 44.2616 1.35046e+09 2.53933e+08 4.25832e+06 164900 2.02334e+06 61174.2 2.09361e+06 496.511 223964 3.89707e+06 9.66899e+07 2.48811e+06 692.846 9.50771e+07 149165 34.1196 155526 87545 3.98481e+08 69
-73.1062 -72.4811 42.7488 43.1885 289433 108951 418.006 2367.83 593 475 589 54 -nan -nan -nan -nan -nan -nan -nan -nan -nan -nan 101934 3
-72.0284 -70.0974 43.0835 43.7135 1.4586e+08 3.09989e+07 413123 15189.9 6163.45 -nan -nan 1125.12 61751.3 430342 1.31939e+07 219215 32.4972 1.34453e+07 18784.8 0 16840.8 8265.24 4.32826e+07 118
-72.4604 -72.4351 43.2405 43.8683 208634 75365.8 318.111 1821.23 0 397 197 66 225 -nan -nan -nan -nan -nan -nan -nan -nan -nan 54170 23
-73.9452 -72.4832 42.73 43.6138 1.19417e+08 2.28153e+07 214754 532565 0 88974.8 160525 549.525 34882.8 403827 1.05839e+07 194286 59.5281 1.09097e+07 15051 0 -nan -nan 3.52173e+07 87
-71.2006 -70.8251 41.8921 43.7469 7.41882e+08 1.17947e+08 2.19924e+06 312267 1.13355e+06 29805.3 1.21389e+06 168.906 139914 1.86545e+06 4.42269e+07 1.33608e+06 479.307 4.55523e+07 94443.9 40.9132 132146 79688.5 2.18388e+08 11
-72.4855 -72.2089 42.6053 43.902 1.26925e+07 3.97065e+06 16589.2 91329.5 305.846 23589.7 -nan -nan -nan -nan -nan -nan -nan -nan 1949.71 1 1742.72 -nan 6.0181e+06 24
-72.311 -71.9589 43.2037 43.856 1.73102e+06 1.33392e+06 15432 3138 0 3453.08 -nan -nan -nan -nan -nan -nan -nan -nan -nan -nan 373 125 826401 243
-72.4128 -71.3508 43.3292 45.3222 3.17386e+06 930791 3664.33 24410.1 69.5624 5887.56 -nan -nan -nan -nan -nan 713.527 20 764485 1341.03 -nan -nan -nan 1.42143e+06 2
-71.2098 -70.2805 43.3292 43.4667 1.68936e+07 5.43016e+06 35736.5 130830 567.658 36190 -nan -nan -nan -nan -nan -nan 27.473 2.32309e+06 4885 1.33865 -nan -nan 8.96856e+06 42
-71.44 -70.93 43.061 44.6284 6.07715e+06 2.3256e+06 32600.8 1810 11955 1562 11289.1 -nan -nan -nan -nan -nan -nan -nan -nan -nan -nan -nan 2.88856e+06 146
-73.1992 -71.6598 42.8222 44.5312 5.63168e+07 1.22661e+07 50270 19783.2 64968.3 4347.61 67338.2 41.071 6304.5 257299 -nan -nan -nan -nan -nan -nan -nan -nan 1.67757e+07 37
-73.4611 -72.1064 43.7117 43.9054 901436 188638 1315.53 4214.4 0 -nan -nan -nan -nan 3390 116416 1447 -nan -nan -nan -nan -nan -nan 249032 107
-71.1713 -70.7736 41.9661 43.2786 5.84657e+08 9.01572e+07 1.92805e+06 16959 1.02747e+06 19044.2 1.00574e+06 145.874 103330 1.50746e+06 3.78927e+07 978179 401.041 3.83272e+07 46766.4 0 37388.3 20216.2 1.72786e+08 93
-73.0014 -71.5573 42.8075 44.5979 4.12089e+07 1.0384e+07 227552 6477.9 90189.7 4411.44 92837.9 52.5948 8696.43 319930 -nan -nan -nan -nan -nan -nan -nan 7062.74 2.05338e+07 302
-73.5433 -71.7253 42.3733 44.3264 4.65702e+08 8.73768e+07 1.72267e+06 9242.91 787716 17968.7 821165 406.644 165953 1.16489e+06 3.53854e+07 917085 202.267 3.91505e+07 55246.1 0 42017.9 24977.2 1.37659e+08 22
-73.2928 -71.4508 42.7242 44.44 1.42657e+08 2.63633e+07 281632 622834 218429 23796.7 194640 331.775 35740.6 504926 1.24535e+07 207734 94.8103 1.39269e+07 20276.7 0 -nan -nan 4.20888e+07 43
-72.5437 -72.1109 41.8716 43.618 2.42674e+08 3.83076e+07 930236 9203.08 491389 10226.7 477680 71.6907 62676.6 669317 1.61506e+07 508000 111.994 1.69124e+07 53176.2 12.282 21303.1 9556.04 7.15877e+07 5
-72.7985 -71.2028 42.6758 43.6388 1.95143e+08 4.51765e+07 514360 90291.9 293937 19383.1 307823 75.696 40570.6 754158 1.62036e+07 332146 151.278 1.81525e+07 24584 5.07129 21271.1 -nan 5.75701e+07 88
-72.3017 -71.5434 43.2374 44.757 2.87455e+06 1.51698e+06 18789.1 2783.51 86.8525 5467.77 -nan -nan -nan -nan -nan -nan -nan -nan -nan 0 461 134.274 1.36826e+06 150
-72.8217 -72.5682 43.2744 44.6155 213599 80919 789 1445 1.49588 392.016 -nan -nan -nan -nan -nan -nan -nan -nan -nan -nan 2 0 51458 18
-71.7677 -71.634 43.7921 45.3957 315702 91303.3 334.318 2055.86 0 -nan -nan -nan -nan 668 38511 519 -nan -nan -nan -nan -nan -nan 78763 78
-72.8265 -72.0803 43.9517 44.2429 212422 69047.2 471.532 1489.58 0 -nan -nan -nan -nan 51 29078 22 -nan -nan -nan -nan -nan -nan 48399 42
-72.2335 -72.1664 42.1694 44.1518 3.35712e+07 6.40323e+06 46053 152407 0 -nan -nan -nan -nan 67493.5 2.10973e+06 64138 16.1266 2.23126e+06 -nan -nan -nan -nan 9.97785e+06 4
-72.6918 -71.9337 42.5262 43.4665 1.4678e+08 2.25026e+07 506563 5487.42 268778 6367.6 276520 43.4635 30282.9 486629 1.26551e+07 -nan -nan 8.91518e+06 72431 13.0156 34582.6 5667.11 4.32507e+07 3
-72.2076 -71.8961 43.7949 44.5488 498674 125101 507.078 2984.99 0 -nan -nan -nan 373 1410 56139 -nan -nan -nan -nan -nan -nan -nan 131677 133
-73.782 -72.7542 42.1804 43.5161 3.43631e+08 7.29475e+07 1.18791e+06 9707.7 537934 14078.7 617200 82.7014 91061.3 865533 2.40381e+07 668643 95.4676 2.50488e+07 38924.8 16.0968 45634.1 18716.1 1.01732e+08 14
-73.5372 -72.0765 42.7629 44.0892 1.15164e+07 4.44488e+06 63199.7 2156 24942 1908 23431.5 -nan -nan -nan -nan -nan -nan -nan -nan -nan -nan -nan 5.56487e+06 88
-73.1501 -72.2646 43.6239 44.9731 630034 234361 986.702 1351 534 648 513 -nan -nan -nan -nan -nan -nan -nan -nan -nan -nan -nan 254329 81
-72.0101 -70.8023 43.7038 45.1396 9.53032e+06 3.11003e+06 20960.9 73805.3 366.889 20993 -nan -nan -nan -nan -nan 30211.9 7.98568 1.85924e+06 2705.22 7.96266 -nan -nan 5.22318e+06 4
-71.2463 -70.3104 43.6603 44.0495 4.19993e+07 1.90774e+07 294205 4173.54 95976.5 88522.9 -nan -nan -nan -nan -nan -nan -nan 6.19965e+06 16104.9 2.01528 9500.34 4641.35 2.23912e+07 16
-72.4894 -72.4889 43.8419 43.9178 221834 78453.4 977 1377 243 422.972 -nan -nan -nan -nan -nan -nan -nan -nan -nan -nan -nan 1 57760 20
-72.265 -72.2054 43.3516 43.7622 587673 216336 3595 1397 991 1198.82 -nan -nan -nan -nan -nan -nan -nan -nan -nan -nan -nan 16 240326 19
-71.8483 -71.4238 42.7215 43.6553 1.08499e+08 2.37138e+07 265721 16935.2 139083 7250.68 144857 24.0413 15143.1 467046 9.83506e+06 145488 0 6.01155e+06 -nan -nan -nan 5668.83 3.20265e+07 62
-73.3157 -72.9151 43.1607 43.5371 295590 82259.9 559.228 2079.78 0 -nan -nan -nan -nan 382 -nan 345 3 -nan -nan -nan -nan -nan 71973 4
-72.4788 -71.6932 43.4085 43.6799 3.23494e+06 604662 4039.82 14212.8 0 -nan -nan -nan -nan 11256 -nan 4652 3 -nan -nan -nan -nan -nan 942759 28
-72.4199 -71.6556 41.9881 43.6634 6.35399e+08 1.11929e+08 2.24428e+06 15999.2 1.18591e+06 20149.5 1.12597e+06 362.594 144657 1.97218e+06 4.23356e+07 1.09635e+06 387.648 4.45753e+07 70717.5 21.0089 40779.7 17791.6 1.87909e+08 28
-72.3013 -71.1221 41.6523 43.5039 1.41246e+09 2.15051e+08 4.4966e+06 31220.9 2.37956e+06 58737.3 2.19896e+06 3630.29 380263 3.69372e+06 1.00449e+08 2.67991e+06 743.327 9.38462e+07 102984 46.6927 82041.4 34832.6 4.19687e+08 74
-73.7051 -72.0186 43.3405 43.8614 2.64183e+06 915221 3565.03 22031.6 0 -nan 6043.88 60 885 21686.8 584241 -nan -nan -nan -nan -nan -nan -nan 1.3398e+06 24
-72.507 -71.5665 43.9225 44.7117 234008 84407.2 619.871 1824.05 0 -nan -nan 59 122 574 36717 -nan -nan -nan -nan -nan -nan -nan 78136 59
-72.1327 -71.89 43.7481 43.9273 212109 87776 1187 1497 0 384.935 -nan -nan -nan -nan -nan -nan -nan -nan -nan -nan 4 4 50205 33
-71.3165 -69.7931 43.9231 44.7004 1.54866e+08 3.19245e+07 132292 753391 171090 19428.2 170444 298.712 31038.4 584331 1.42299e+07 233065 82.9004 1.26469e+07 17310.2 0 -nan -nan 4.57036e+07 47
-72.655 -71.8215 43.0934 43.221 3.89615e+06 1.64043e+06 8241.42 29042.6 34.7023 8174.28 -nan -nan -nan -nan -nan -nan -nan -nan 861.517 0 951.59 -nan 2.03694e+06 40
-71.5178 -70.0635 42.7181 43.2996 8.05372e+07 2.0605e+07 403620 4062.98 199958 6798.32 181782 143.06 14738.4 -nan -nan -nan 178.37 8.73855e+06 21955.7 3.30592 9320.63 4682.52 3.95268e+07 7
-72.8665 -71.3724 41.7593 43.2101 1.37355e+09 2.24494e+08 4.64825e+06 30455.1 2.45453e+06 54974.4 2.49027e+06 1193.44 398234 3.52734e+06 8.98886e+07 2.48594e+06 1036.72 9.56417e+07 129539 67.9342 110726 49950.8 4.07205e+08 26
-71.9042 -71.0822 43.0818 44.0615 4.14956e+06 1.43388e+06 9111.65 34226 50.5559 9678.19 -nan -nan -nan -nan -nan -nan 16 729072 929 -nan -nan -nan 2.34936e+06 133
-74.8383 -72.8931 43.943 45.1782 1.37873e+07 4.78574e+06 91908 4286 27798.5 2783.59 -nan -nan -nan -nan -nan -nan -nan -nan -nan -nan 6699.32 1578.6 7.74222e+06 160
-73.752 -72.1507 41.5017 43.4411 7.75089e+08 1.47667e+08 2.50143e+06 109257 1.29755e+06 33813.9 1.33466e+06 186.003 176374 2.35101e+06 5.73871e+07 1.52487e+06 429.226 5.85031e+07 70464.1 18.0076 73112.5 33089.4 2.28746e+08 25
-72.4574 -72.0744 43.3909 44.6702 1.96982e+06 646414 15880 3101 3591 755.945 -nan -nan -nan -nan -nan -nan -nan -nan -nan -nan -nan 60.8824 1.07974e+06 10
-72.3718 -72.2098 43.1955 45.1004 2.2183e+06 440723 1829.34 9941.95 0 -nan -nan 347.22 542 9368 303261 -nan -nan -nan -nan -nan -nan -nan 625646 79
-72.8546 -71.5347 43.2137 45.035 4.35146e+06 839884 6330.26 19580 0 -nan -nan -nan 491 16715 791866 -nan -nan -nan -nan -nan -nan -nan 1.27964e+06 13
-72.6538 -72.3752 41.962 43.823 2.66944e+08 5.15006e+07 887981 11431.4 491670 8855.99 512801 69.0111 88935.9 778069 1.8201e+07 551847 197.143 1.9078e+07 37547.6 16.737 26557.7 10392.1 7.87546e+07 31
