37 45 75407 75415 1.21494e+07 4.52222e+06 40122.2 107109 0 6953.25 130287 54 27083 205572 4.45456e+06 -nan -nan -nan -nan -nan -nan -nan 7.1098e+06 
1871 1939 77924 78008 1.33413e+07 5.02154e+06 39432.3 131186 0 -nan -nan 91.8087 29080.2 224666 4.98973e+06 138438 53.255 -nan -nan -nan -nan -nan 7.97065e+06 
9477 9477 78683 78702 1.21463e+07 4.47387e+06 32396.4 116517 252.558 -nan -nan -nan -nan -nan 5.82132e+06 118267 5 4.1592e+06 24459.4 -nan -nan -nan 7.22267e+06 
7239 7336 79962 80041 2.97467e+07 1.02077e+07 246777 5574.09 0 -nan -nan -nan -nan -nan -nan -nan -nan -nan -nan 0 28320.6 29454.8 8.7873e+06 
1935 1951 76708 76760 4.83811e+07 1.58209e+07 272732 3529 127958 3757.14 60004.3 -nan -nan -nan -nan -nan -nan -nan -nan -nan -nan 33449.5 1.43524e+07 
5775 5860 75146 75192 2.76326e+08 9.0246e+06 236911 8944.35 112141 4633.28 115560 81.854 24162.7 244048 3.90352e+06 140252 20.6052 5.28076e+06 31691.8 40.9449 29184.7 27060.2 8.18138e+07 
6911 6955 73717 73736 2.58998e+08 1.27636e+07 245904 12370.9 107688 3626.58 112700 76.6656 22716.6 227154 3.59925e+06 126121 52.6875 3.59969e+06 28394.2 0 30381 24407.8 7.66255e+07 
4063 4100 77062 77081 3.10058e+08 1.00215e+07 268970 7733.97 128678 11612.8 147563 220.775 30619.9 265410 4.241e+06 149393 181.096 4.21477e+06 32844.4 0 35841.6 31678.7 9.16495e+07 
1643 1656 71486 71554 2.90355e+08 9.32971e+06 251080 7537.04 119005 4109.37 118594 91.3278 23341.9 239039 5.70559e+06 152896 96.1541 5.01517e+06 31989.5 35.5428 31742.6 28855.7 8.59216e+07 
7849 7862 70273 70366 2.32839e+08 7.24102e+06 194492 7384.38 94304 4417.09 95858.6 73.2712 19567.8 196740 3.17432e+06 117667 4.30858 3.36515e+06 29372.2 54.0209 23570.9 21251.9 6.89238e+07 
8372 8448 76712 76721 2.77157e+08 9.00379e+06 241648 10839 117472 4725.42 115753 87.1608 22705.2 233321 3.74179e+06 131037 35.8786 3.70687e+06 31125.2 4.91241 29230.6 26341.1 8.19871e+07 
6821 6880 72570 72660 2.5048e+08 1.21737e+07 242308 12781.1 105513 3257.13 107598 78.8281 21950.9 218467 3.46444e+06 120321 13.9085 3.45066e+06 28123.7 0 29753 23344.7 7.41503e+07 
8774 8826 72582 72595 2.35444e+08 8.21116e+06 218361 7458.09 101728 3771.3 104338 174.268 23608.4 200276 4.89897e+06 130203 259.702 5.06042e+06 25776.4 0 27021.7 24271.4 6.96711e+07 
6264 6331 77361 77457 3.07863e+08 9.58567e+06 262331 11946 127073 5585.9 126973 113.927 25286.5 253320 5.7005e+06 160015 23.1449 5.16852e+06 33530.8 23.2629 32302.3 27737.2 9.11132e+07 
2551 2564 78599 78600 3.44151e+08 1.12311e+07 300288 9886.6 143057 5652.74 138249 186.136 27208.4 283279 4.5609e+06 161063 44.5189 4.53962e+06 41757.2 0 38518.2 32926.7 1.01749e+08 
5402 5474 74215 74265 2.78744e+08 9.17479e+06 244641 5775.34 129724 12155.9 127532 299.591 23776.6 238192 3.78767e+06 134687 5.14971 3.58052e+06 30282.3 6.86477 29806 27473.1 8.23722e+07 
623 680 79830 79886 3.75445e+08 1.18241e+07 319584 9561.12 154448 5424.39 151907 193.788 30650.3 310595 4.84125e+06 170948 48.567 7.45247e+06 41714.5 4.96468 39748.8 35167.9 1.10995e+08 
3970 3973 73217 73282 2.84038e+08 9.14916e+06 247563 6156.72 115493 4008.09 115456 248.066 28922.1 257591 4.92504e+06 136801 174.291 3.83591e+06 30796.2 0 30792.8 27539.1 8.39864e+07 
6901 6903 77634 77662 2.8768e+08 9.61924e+06 256464 9818.65 119556 4788.5 118189 85.1897 24210.3 242230 3.86732e+06 144641 25.4458 5.52637e+06 35155.7 28.2549 34701.1 28603.7 8.51578e+07 
492 540 78638 78711 3.54362e+08 1.70748e+07 358367 15116.6 155826 5799.54 150649 512.175 40067.2 301442 4.60515e+06 169709 26.2128 4.77354e+06 41706.5 0 38261.8 34554.1 1.04827e+08 
6533 6599 78915 78919 3.04491e+08 1.00975e+07 270333 11335.2 143230 9194.99 138694 125.892 25844.6 259077 4.18502e+06 149489 44.9868 4.30755e+06 34920.4 0 34147.5 29513.3 8.99553e+07 
5032 5036 78811 78848 3.11625e+08 1.11989e+07 292730 7330.63 136728 5296.67 131878 325.442 32929 287086 5.47674e+06 155026 176.963 4.22925e+06 36365.3 7.68255 38735.4 34072.3 9.21505e+07 
8659 8734 72026 72039 2.36563e+08 1.25782e+07 237229 14656 112232 9968.17 97935.5 69.8769 19947.4 198747 3.14247e+06 110528 26.1976 3.22508e+06 27312.8 0 25448.3 22799.8 6.9844e+07 
1596 1656 70511 70516 2.77876e+08 1.37282e+07 263752 11387.4 127965 8694.76 120992 92.3482 25046 242070 3.75795e+06 133836 0 3.70354e+06 31016 6.83756 28987.3 26513.6 8.20465e+07 
902 932 74075 74148 3.17921e+08 1.35441e+07 289560 11768.9 128409 3961.21 126171 94.0062 25984.4 268620 4.23914e+06 152624 152.838 4.38968e+06 37409.2 0 35458.8 28857.1 9.39699e+07 
6240 6263 71347 71424 2.54192e+08 8.02816e+06 218321 5116.41 105272 9965.59 119063 254.961 26372.9 213929 3.29925e+06 122150 32.876 3.37103e+06 28180.5 0 27265.6 24570.5 7.5133e+07 
2473 2552 75557 75635 3.17448e+08 1.02599e+07 275828 13523.4 146197 10032.1 145397 228.65 29567.1 267349 4.14494e+06 148895 23.4487 4.19384e+06 35686.2 0 34617.5 30923.2 9.3776e+07 
5168 5259 78936 79034 3.20268e+08 1.02556e+07 275244 6422.08 148676 10450.7 147416 214.335 28167.8 276911 4.43935e+06 156165 248.321 4.20819e+06 33647.4 0 34541.9 30478.1 9.46344e+07 
6152 6180 75996 76031 2.81509e+08 9.41762e+06 250753 11693.8 116656 4491.31 121939 88.5317 25442.8 252065 5.44781e+06 157381 143.414 4.92105e+06 32715.7 0 31813.7 29112.6 8.32825e+07 
3383 3465 72354 72411 2.771e+08 9.00876e+06 242496 9103.16 115918 3869.33 113321 82.0687 23586.2 237907 3.7645e+06 132922 5.06499 5.19508e+06 31883.8 26.2779 30956.4 26960.7 8.2021e+07 
9720 9808 76239 76311 2.44845e+08 8.52377e+06 228691 6827.11 108684 4339.43 110744 72.4393 22205.6 241674 5.063e+06 140608 0 3.48201e+06 30099.9 0 29380 25980.6 7.23996e+07 
9506 9570 72674 72694 2.18972e+08 8.18223e+06 216317 18256.6 117347 11462 113131 68.7383 19749.2 196041 3.16819e+06 113957 0 3.13154e+06 25295.5 0 25892.4 23539.4 6.4658e+07 
8246 8246 71341 71345 2.22055e+08 1.36131e+07 236412 15358.3 113255 3603.77 97549.8 70.1872 20008.3 199704 3.20205e+06 114149 8.25387 3.26784e+06 25972.2 11.0054 25684.5 22561.8 6.60195e+07 
8673 8696 78872 78953 2.71557e+08 1.37942e+07 282639 11585.9 123597 5035.1 122703 85.3451 24723.1 243079 3.77334e+06 137263 15.059 4.00826e+06 32197.5 0 30133.5 27771.2 8.02903e+07 
1666 1678 78781 78829 3.2806e+08 1.56174e+07 326769 11755 145046 5583.51 142879 191.111 28620.2 287193 4.68763e+06 166842 0 4.72125e+06 38413.2 0 41782.7 33341.2 9.69542e+07 
3323 3391 71153 71242 2.5186e+08 8.84439e+06 238467 6082.83 124725 10229.9 124765 331.317 23375.3 229972 3.678e+06 125360 0 3.52943e+06 29952.4 0 30325 25987.5 7.43804e+07 
289 293 76692 76709 3.19053e+08 1.11236e+07 292114 6013.9 141681 9547.31 155798 224.828 32512.1 283804 4.48826e+06 156645 8.49535 4.48592e+06 38980.5 0 37552.7 32577.2 9.42391e+07 
8136 8219 71432 71454 2.22805e+08 7.74091e+06 204180 6484.94 99082.3 4133.31 100072 70.0406 21448.2 201132 5.24328e+06 139770 6.65558 4.54356e+06 25518.4 0 25180.6 22443 6.58834e+07 
9150 9232 73827 73867 2.35845e+08 8.19818e+06 218732 5071.43 106003 10568.9 121830 421.307 31007.2 208619 3.28506e+06 119195 17.4295 3.41167e+06 26969.5 0 26674.4 23943.2 6.97065e+07 
7744 7839 71550 71636 2.3846e+08 1.33677e+07 254029 10298.8 102096 3880.09 96426 70.7355 19915.8 205371 3.29072e+06 117773 22.0994 3.13199e+06 23641.4 0 28941.4 24461 7.07008e+07 
9199 9221 71088 71102 2.27818e+08 1.16254e+07 222942 9805.29 96011.4 3797.39 95125.8 67.508 19106.5 189569 2.9786e+06 106516 4.21776 3.16947e+06 25562.3 30.8941 28321.3 21659.1 6.74667e+07 
5649 5729 74816 74819 2.50904e+08 9.64932e+06 254825 8197.4 115765 4880.52 118742 176.522 27788.7 241971 3.60866e+06 125411 182.603 5.02888e+06 30902.4 0 35205 29879.1 7.42953e+07 
4635 4652 70432 70442 2.5222e+08 8.4024e+06 244773 13375.7 120802 8822.11 110568 74.5052 21525.4 215103 3.36989e+06 119795 9.31163 3.34312e+06 28374.9 0 26717 23437.4 7.44707e+07 
7580 7653 78985 79057 2.99718e+08 9.72402e+06 262346 7731.69 124403 4628.47 120591 240.436 32130.5 275404 5.2605e+06 149643 153.259 4.20322e+06 32011.4 7.38691 34646.6 29815.9 8.86323e+07 
7620 7705 74768 74797 2.51467e+08 9.19077e+06 244355 11217 127284 9309.38 126352 140.107 22226.1 214835 3.3284e+06 118262 9.28892 3.38063e+06 29687.5 0 31252.8 27634.5 7.42855e+07 
5928 6015 73568 73656 2.65178e+08 9.04575e+06 269154 9775.8 129109 9209.23 114130 216.358 21992.9 220081 3.53957e+06 126632 4.89482 3.62251e+06 29914 0 27457.3 25921.4 7.83009e+07 
1375 1468 70470 70476 2.76323e+08 8.89563e+06 268865 10805.4 129518 8644.21 119011 137.858 24457.6 240347 3.78366e+06 136510 15.303 3.83908e+06 33369.3 0 30835.7 26461.1 8.15986e+07 
8125 8216 77229 77317 2.77819e+08 1.37633e+07 270791 13778.7 131425 8400.98 118476 87.202 24577.7 238915 3.77965e+06 134318 35.8953 3.74357e+06 31273.2 0 31445.9 27766.1 8.20198e+07 
1199 1212 72654 72692 3.01094e+08 1.03913e+07 272634 10339.2 123890 4054.9 122375 94.6129 24587 250489 4.00664e+06 142898 5.56405 4.01617e+06 33653.3 14.3147 33590.7 28750.6 8.9001e+07 
8316 8327 77648 77740 2.91398e+08 1.35118e+07 277560 10983.1 132386 4373.29 118589 86.2725 24992 254522 3.91121e+06 138959 16.1745 3.84117e+06 32217.6 0 30869.1 27969.1 8.62417e+07 
6221 6308 69931 70008 2.37781e+08 8.01201e+06 212953 6263.13 99856.9 3642.16 97827.8 70.3702 20287.5 198748 4.66536e+06 131625 210.727 4.56739e+06 27733.3 0 27213.1 23379.9 7.034e+07 
8204 8267 79228 79307 3.02569e+08 9.59707e+06 264185 7388.57 125018 5133.48 123993 95.1038 32569.9 274185 5.2387e+06 156638 163.559 4.06999e+06 34110.7 0 32197.5 27996.3 8.94764e+07 
7203 7275 70362 70386 2.3302e+08 7.89191e+06 210068 7459.81 97376.8 3961.51 94310.3 73.3212 20163.2 210041 3.34705e+06 117922 249.557 4.65645e+06 28443.7 0 27390.4 23581.6 6.89782e+07 
4331 4402 75186 75271 2.99883e+08 9.54319e+06 258538 13761.9 123946 4279.73 122727 88.7869 25413.9 253023 3.91977e+06 140593 16.4938 5.57869e+06 38611.4 3.69778 32677.8 29122.4 8.87439e+07 
1442 1497 77635 77672 3.50284e+08 1.12142e+07 304373 10070.7 144835 5760.53 145917 196.088 29860.6 286259 4.54359e+06 163216 19.4213 4.56981e+06 37877.9 0 40120.5 33462 1.03553e+08 
2795 2892 72185 72279 2.82629e+08 8.8288e+06 245374 9959.8 133466 7827.2 131110 141.805 23909 238841 3.75842e+06 134493 52.1748 3.73772e+06 30920.6 0 32050.8 26587.3 8.34704e+07 
7016 7027 70383 70462 2.37084e+08 7.881e+06 208271 7565.34 98401.4 3389.73 100119 74.556 21677.1 203768 4.77655e+06 132091 213.125 4.65654e+06 26074.9 0 25626.9 22622.1 7.01407e+07 
8930 8971 71460 71533 2.33806e+08 7.69269e+06 205819 7830.08 99386.5 5554.18 94627.1 190.316 25656.1 222563 4.76281e+06 132556 17.2756 3.08048e+06 26834.2 4.31661 25454.9 22433.6 6.9087e+07 
6198 6284 78353 78369 3.06817e+08 1.0282e+07 267948 11346.4 130932 5204.87 126719 96.3336 25658.4 256410 4.17067e+06 149496 9.24016 5.67561e+06 35091.2 17.5228 33613.7 29627.6 9.06308e+07 
5805 5829 78400 78416 3.06543e+08 1.00286e+07 268534 10936 128170 5710.2 131902 90.5133 27464.3 270718 4.29843e+06 151320 22.6229 4.27178e+06 33327.1 5.38234 35055.7 28499.7 9.04762e+07 
7674 7683 72378 72396 2.19089e+08 8.20465e+06 218974 8077.56 104947 4311.42 101508 64.9172 22168.1 217803 3.45516e+06 124572 276.883 5.86747e+06 29124.4 4.06248 25100.5 23445.9 6.48813e+07 
5000 5079 70669 70758 2.44796e+08 8.22633e+06 220659 6898.7 105446 3636.19 109885 81.4055 23136.1 236835 4.83391e+06 136476 190.41 3.43902e+06 29174.9 0 27606.9 24175.6 7.23214e+07 
9537 9617 70582 70605 1.76411e+08 7.01897e+06 183921 7971.51 92161.6 3556.39 92392 55.8648 19003.2 193185 3.12011e+06 110661 193.865 3.09624e+06 -nan 0 24065.9 20567.1 5.58306e+07 
170 257 78572 78601 3.53207e+08 2.03028e+07 351517 15803 159045 9190.97 151330 107.569 33454.6 316247 4.8665e+06 173959 238.836 4.86577e+06 44543.1 0 41480.8 33846.9 1.04273e+08 
2943 2984 79515 79604 3.06046e+08 1.09666e+07 301256 5577.06 160153 9916.29 153579 296.296 29596.7 278682 4.36707e+06 153042 232.227 4.50851e+06 40929.4 0 45057.8 34682.1 9.03807e+07 
796 888 79508 79539 3.42244e+08 1.13594e+07 362759 15064.5 165443 9946.6 149242 233.705 34190.9 313680 4.98232e+06 175504 214.719 4.79025e+06 41436.6 0 39460.7 34711 1.01031e+08 
3657 3731 74154 74194 2.56934e+08 9.55465e+06 253521 7822.66 121423 3898.69 118322 80.7415 24004.7 242685 3.82103e+06 137157 52.2329 3.9336e+06 32220.4 22.8286 32537.1 28364.5 7.59582e+07 
8462 8562 76219 76285 2.59619e+08 9.23421e+06 238200 8148.86 114754 4372.68 112425 81.5741 23667.9 239384 3.85006e+06 134192 47.9674 3.72825e+06 29810.9 22.1955 29716.9 26948 7.67387e+07 
309 348 79308 79378 3.54875e+08 1.94391e+07 347053 13041.3 162645 6443.76 151646 111.337 31262.1 302324 4.74125e+06 165892 280.864 4.58583e+06 41983.9 0 43429.8 33666.8 1.04754e+08 
8910 8970 76211 76253 2.53554e+08 8.95414e+06 240396 6937.96 112420 4532.24 112339 70.2849 23575.6 250043 4.92245e+06 147643 213.571 3.58915e+06 30090.1 0 30133.3 26724.9 7.49321e+07 
24 32 77643 77672 3.59013e+08 1.17443e+07 315643 11088 147121 5037.55 141008 209.901 28764.1 288708 4.58651e+06 165036 6.63243 6.21989e+06 40326.2 0 40577.5 35681.4 1.06102e+08 
7564 7577 69988 70064 1.88064e+08 1.3605e+07 206803 10586 99729.7 4975.92 123287 55.5785 23975.8 180158 2.71732e+06 99546.3 27.7771 2.85148e+06 23411.3 60.9414 -nan 18031.3 5.55442e+07 
6408 6419 75045 75144 2.73888e+08 8.68844e+06 239138 9614.08 115894 4510.89 114721 86.0386 23372 235980 3.77441e+06 136247 5.05991 3.69523e+06 29907.6 16.2233 32045.1 26943.9 8.0941e+07 
3976 3986 73865 73876 2.83995e+08 9.7945e+06 254682 6030.57 134971 9729.2 133622 255.734 24729.6 236840 3.74115e+06 134150 10.4827 3.68584e+06 30797.2 0 35745.6 31162.3 8.38463e+07 
5768 5788 76303 76399 2.94922e+08 9.57336e+06 259690 13763.6 141535 9514.28 136418 156.743 25674.5 248833 3.94859e+06 139264 10.8854 3.87567e+06 33608.9 0 31622.9 30354.8 8.70719e+07 
4832 4857 72134 72166 2.62245e+08 8.70233e+06 227297 6445.8 106406 4143.9 112922 326.522 30373.1 249256 4.75056e+06 134288 185.323 3.54474e+06 30150.2 4.84349 30197.8 26633.7 7.74827e+07 
4006 4042 73310 73365 2.85751e+08 8.99555e+06 242610 5699.94 132672 10092 132168 225.886 25117.7 238739 3.78504e+06 136149 31.6438 3.77175e+06 31675.3 0 30452.2 27941.8 8.43663e+07 
1928 2016 73702 73757 2.94498e+08 1.00073e+07 274923 6231.76 144621 11082.3 145251 363.927 32441.7 253931 4.07374e+06 143525 5.43611 4.09822e+06 32783.4 0 36176.2 30169.5 8.69669e+07 
370 403 72157 72183 3.05668e+08 9.3907e+06 254575 7480.12 122528 4186.96 122442 3148.02 30461.9 307809 5.29421e+06 148746 139.756 4.0472e+06 32676.1 0 32605.5 30568.7 9.02476e+07 
6684 6692 72899 72929 2.5955e+08 8.59216e+06 227633 6811.45 108499 4005.69 106145 81.5207 27573.6 242196 4.7834e+06 137213 157.09 3.49058e+06 28272.2 0 28888.9 24654.3 7.66968e+07 
8637 8670 74838 74845 2.55981e+08 8.38875e+06 222194 7732.88 108197 4439.9 108208 89.8873 21666.2 222596 4.86866e+06 138832 196.123 4.88741e+06 28924.2 0 27137.8 25238.5 7.56629e+07 
1976 2037 79948 80036 3.59502e+08 1.17834e+07 315191 9756.91 148708 5126.33 144935 126.116 29426.9 296336 7.22581e+06 193082 61.1958 6.34331e+06 39821.6 0 40369.7 35370.4 1.06163e+08 
3489 3575 74814 74847 2.99727e+08 9.75388e+06 259060 8728.26 122953 4458.92 125391 94.094 25789.6 256032 5.89811e+06 165347 21.3408 5.21816e+06 32617 26.202 33386.7 30265.4 8.85141e+07 
9197 9266 70707 70761 2.21339e+08 7.21583e+06 193426 7690.31 93173.9 3833.86 92280.2 65.6484 18244.8 186058 3.0954e+06 111795 0 3.31189e+06 27560.8 40.9375 24532.5 21545 6.56113e+07 
7332 7356 76370 76433 2.8189e+08 9.0983e+06 240573 10132.5 115548 4459.56 117003 83.3467 22816.7 240601 3.88413e+06 137919 26.0381 3.86911e+06 32265.3 0 30325 28030.5 8.33107e+07 
859 944 76730 76731 3.45394e+08 1.10642e+07 344569 11622.9 157764 9911.12 143946 101.998 29620.8 288485 4.48954e+06 161244 227.698 4.42399e+06 38463.7 0 39384.1 33320.1 1.01962e+08 
6245 6260 74163 74205 2.72875e+08 1.45145e+07 270953 12483.6 124715 7655.29 111034 80.5657 23369.2 234220 3.70557e+06 130608 30.2058 3.64853e+06 30689.2 0 30612.9 27311.9 8.05289e+07 
3584 3632 79374 79409 3.40113e+08 1.0797e+07 289929 9784.09 137254 4692.09 139870 106.748 29402.2 322247 6.42109e+06 182296 23.4488 4.48685e+06 37368.1 19.7779 37172.4 33495.4 1.00435e+08 
574 641 71819 71867 3.00793e+08 9.66559e+06 263050 10007.5 125299 4630.57 121724 88.8215 25329 251351 3.96324e+06 142755 38.8533 3.96724e+06 32346.5 0 31358 29037.6 8.87844e+07 
9280 9378 74153 74219 2.46603e+08 7.99386e+06 215854 6413.99 104493 5015.66 105201 72.9019 28941 235254 4.73228e+06 138300 18.2169 3.33116e+06 27531.9 0 27508.6 24366.4 7.28642e+07 
8642 8649 71706 71796 2.31824e+08 1.4639e+07 250503 13906.9 100156 4115.81 98258 68.4443 20273.4 197509 3.11065e+06 111399 21.381 3.28482e+06 27292 27.3434 29434.4 23714.5 6.84037e+07 
2768 2846 74556 74566 3.02258e+08 1.00183e+07 288485 12629.3 143283 9062.23 134048 138.403 26075.8 253723 4.09194e+06 145990 22.3075 4.14984e+06 35014.3 0 34608.2 30645.4 8.9217e+07 
3350 3422 76893 76960 3.16686e+08 1.02528e+07 272955 6996.79 128272 4539.7 127221 248.225 34782.5 294556 5.45545e+06 155821 143.026 4.27432e+06 35838 0 35138.4 30847.1 9.35564e+07 
4598 4631 71144 71208 2.62984e+08 8.32678e+06 218039 7131.03 105932 3687.54 110374 77.7905 22415.2 219599 3.45816e+06 124829 31.7775 4.80237e+06 30569.4 33.9017 28766.9 25778.7 7.77467e+07 
6010 6035 79008 79051 3.14589e+08 9.9642e+06 269784 9952.03 132466 5530.98 134137 92.9442 27894.2 298797 5.97705e+06 171144 32.2192 4.27825e+06 35027.6 23.1404 33155.4 30454.8 9.29124e+07 
9532 9545 78703 78723 2.81736e+08 8.93456e+06 244568 6732.13 117584 4476.68 117847 197.759 35771.1 263121 4.89857e+06 153141 203.949 3.95096e+06 32125.2 0 31938.6 28821 8.32347e+07 
6686 6718 78247 78270 3.07945e+08 1.01119e+07 265235 9166.22 130344 4845.66 126480 90.9791 25124.4 284475 5.67021e+06 162637 21.0066 4.04589e+06 34733.5 35.2183 32764 29957.7 9.09502e+07 
3259 3315 76728 76792 3.22762e+08 9.9535e+06 271494 7161.98 132414 8337.82 153361 235.645 34303.4 282987 4.23727e+06 153961 179.556 4.25426e+06 36113.5 0 34086.7 31442.4 9.53113e+07 
7421 7453 73013 73064 2.51662e+08 8.12815e+06 220167 6350.34 104355 3800.82 109815 74.382 24856.8 243672 4.7346e+06 138787 171.23 3.31521e+06 27644.2 0 27646.7 25236.7 7.434e+07 
5339 5383 75677 75746 2.93698e+08 9.53186e+06 255377 6815.77 119599 4240.42 123963 86.7859 26793.2 287626 5.46876e+06 156529 43.9204 3.83581e+06 32814.6 30.3578 32862.9 29165 8.67606e+07 
1935 2015 73745 73757 3.05262e+08 1.01043e+07 270952 7589.13 127617 10344.7 146223 258.006 31733.8 258442 3.9954e+06 143906 178.091 4.01893e+06 33306.4 0 33785.7 29558.8 9.01397e+07 
5536 5561 70020 70042 2.46114e+08 8.23015e+06 212818 8377.75 102489 3882.04 102680 77.3827 20449.7 201398 3.20973e+06 117580 31.8494 3.36369e+06 29059.8 34.6804 26946.6 23351.8 7.27852e+07 
5463 5493 76304 76400 2.96651e+08 9.63034e+06 254222 7470.81 123911 5223.56 150017 200.124 31209.1 281542 3.98997e+06 143861 175.767 4.0076e+06 32975.7 0 32565.7 28399.1 8.76076e+07 
486 509 72996 73087 3.04867e+08 9.96796e+06 265412 8165.11 126309 8669.61 144083 206.114 26859.8 280355 4.07189e+06 145264 173.881 4.27201e+06 36531.7 0 35677.9 30546.5 9.00289e+07 
4562 4584 74387 74447 2.88739e+08 9.28605e+06 249485 8393.54 116734 4130.5 115737 85.3295 25315.1 234174 5.66289e+06 159832 48.0364 4.90544e+06 32493.7 31.969 31285.1 28310.3 8.52956e+07 
699 752 75161 75165 3.2701e+08 1.05852e+07 281277 8195.26 131803 4613.14 132393 102.643 27306.1 270909 6.7533e+06 177824 54.7056 5.81811e+06 35927 21.2101 38012.5 31816.1 9.65614e+07 
2748 2838 73434 73525 2.91983e+08 1.36602e+07 285115 14665.9 122471 4447.39 117220 91.5957 24856 245949 3.92464e+06 140855 10.7735 3.97973e+06 32297.7 0 34207.3 28370.8 8.61671e+07 
9498 9576 71463 71514 2.2675e+08 1.56845e+07 242858 16308.2 110203 8748.47 94596.5 66.9506 20144.4 193484 3.09655e+06 107760 20.9156 3.03182e+06 25606.1 0 25069 21875.6 6.6914e+07 
2891 2965 78802 78817 3.28412e+08 1.11251e+07 299172 10359 145327 4816.98 144707 97.0097 32717 294187 6.46523e+06 178620 17.1447 5.1682e+06 36888.4 27.0211 37196.4 32525.8 9.6977e+07 
7786 7869 78494 78587 2.92977e+08 9.73043e+06 259605 10607.3 123545 5910.28 121777 91.9232 24513.3 246605 3.84239e+06 139835 37.8438 4.10867e+06 33643.4 0 32132.6 28704 8.64783e+07 
2004 2010 74708 74766 3.08089e+08 1.023e+07 273488 9662.41 129183 4429.76 127881 91.0487 35979.5 262271 5.8159e+06 171133 23.7733 4.31341e+06 34377 26.7645 34771.5 29285.4 9.10121e+07 
9579 9656 74786 74825 2.55334e+08 1.3274e+07 253266 11357.2 118613 4796.99 104289 80.1064 21513.3 210952 3.4186e+06 118844 9.42111 3.34898e+06 27179.8 0 30657.8 24168.6 7.53535e+07 
9910 9941 79133 79159 2.80861e+08 1.55187e+07 279104 9523 128818 8482.23 117421 82.9084 24401.2 243674 3.8652e+06 138404 51.8153 3.88557e+06 32515.5 0 30595.8 27795.6 8.28781e+07 
5960 5983 72956 73006 2.6958e+08 8.19488e+06 221920 7079.32 108861 4006.31 110672 79.7102 29201.5 227137 4.81096e+06 143733 202.217 3.66996e+06 30486.6 0 27605.9 25375.8 7.96793e+07 
7939 7979 76198 76252 2.70431e+08 8.96327e+06 242211 7719.02 115912 5514.08 115790 200.876 28864.8 252064 4.8219e+06 132262 9.98485 3.76753e+06 31645.3 0 30333 26355.2 7.98668e+07 
1202 1235 79118 79185 3.59701e+08 1.18509e+07 315269 10907.8 144171 5179.46 143735 106.333 39697.5 293609 6.68628e+06 187627 29.901 4.868e+06 40390.8 0 40428.9 36418.8 1.06303e+08 
9491 9564 73130 73187 2.36307e+08 7.6481e+06 206348 7042.27 103756 4812.73 103150 373.616 27822.7 226426 4.70333e+06 115531 34.9126 3.16038e+06 25531.5 0 26430.5 22482.1 6.97992e+07 
4103 4145 76956 77027 3.12627e+08 1.81045e+07 303658 12504 144085 9314.83 134601 149.434 26960.1 268792 4.22561e+06 148643 0 4.12689e+06 34871.6 0 31633.6 28704.4 9.22813e+07 
1943 1978 77569 77629 3.33677e+08 1.08724e+07 292660 9857.58 139609 4966.69 156528 250.164 35191.5 318969 5.09305e+06 164623 153.679 4.62453e+06 37980.3 0 38513.4 34256.3 9.85093e+07 
7017 7033 79944 80025 3.19727e+08 1.00454e+07 273049 11398.7 133294 6412.9 135329 94.4101 26388.6 273620 4.17094e+06 146128 15.9753 5.84531e+06 35772.7 0 34600.5 31225 9.43672e+07 
1779 1871 71341 71355 2.82558e+08 1.34872e+07 276122 11099 121496 5103.28 115942 83.443 24187.3 242872 3.79678e+06 136629 20.8544 3.74954e+06 31291.8 0 32090.5 26798.6 8.3403e+07 
183 216 77408 77501 3.52084e+08 1.07437e+07 345412 16041.9 158853 8439.21 146028 107.196 30340 297603 4.80226e+06 170729 240.206 4.66692e+06 40155.7 0 38291.8 32692.6 1.03914e+08 
