-70.9751 -70.7236 40.5764 41.7964 6.4718e+07 1.82531e+07 337719 159500 140464 10558.2 162410 81.273 16881.3 216179 4.5583e+06 -nan -nan -nan -nan -nan -nan -nan 2.54757e+07 26
-71.275 -70.6275 40.6072 41.4557 1.80096e+07 6.52084e+06 59504.4 139718 0 5047.57 47308.1 75.3202 2843 79890.8 1.95421e+06 61089.6 -nan -nan -nan -nan -nan -nan 1.0484e+07 23
-70.7816 -69.4721 41.3101 41.6378 1.35538e+08 1.55437e+07 374105 12044.5 202129 -nan -nan -nan 33978.6 300642 7.49127e+06 215328 50.5461 7.48305e+06 12218.9 0 9153.91 3606.07 3.99651e+07 20
-71.6326 -70.153 41.1283 41.2734 765251 283233 1341.41 5896.18 0 -nan -nan -nan -nan -nan 81845.9 2587 0 92581 -nan -nan -nan -nan 377277 117
-70.0927 -68.1583 40.9031 42.0508 4.80225e+07 1.29547e+07 259695 137408 106812 11237.5 127560 104.02 9930.5 186742 7.59428e+06 -nan -nan -nan -nan -nan -nan -nan 2.27065e+07 39
-70.1513 -69.2985 40.6989 40.7235 179619 65330 502 1293.43 0 -nan -nan -nan -nan -nan -nan -nan -nan -nan -nan -nan 2 0 37882 2
-71.4054 -70.4497 40.8027 41.4697 6.18304e+07 9.38433e+06 190809 7746.45 99327.8 2762.24 106400 -nan -nan -nan -nan -nan -nan -nan -nan -nan 24590.4 7179.82 1.84754e+07 76
-69.8396 -69.3233 40.5966 41.4977 199707 73885.6 300.61 1255 116 402 113 -nan -nan -nan -nan -nan -nan -nan -nan -nan -nan -nan 44359 10
-71.3513 -69.8171 40.1154 41.5773 6.08465e+07 2.22168e+07 94480.2 522386 0 79380 88339 3575.26 26530.2 244675 6.67458e+06 220310 44.9329 7.7271e+06 14075.5 0 -nan -nan 3.24824e+07 52
-72.5069 -70.7144 39.4606 41.3118 642455 235031 1605.41 5037.61 0 -nan -nan -nan -nan -nan -nan -nan -nan -nan 108 0 -nan -nan 320130 12
-70.0156 -69.8368 40.1261 40.7269 167071 60231.3 289.502 1216.94 0 -nan -nan -nan -nan -nan -nan -nan -nan -nan 2 0 -nan -nan 33655 1
-70.8515 -69.7316 40.1031 41.8108 4.59585e+08 7.21098e+07 1.44393e+06 58560.5 771575 13822.9 739772 116.297 111356 1.00303e+06 2.48433e+07 830741 73.2151 2.37922e+07 45214.1 7.57488 126381 56036 1.37565e+08 107
-71.742 -71.1129 40.425 40.5337 173314 62357.5 291.392 1268.88 0 -nan -nan -nan -nan -nan -nan -nan -nan 16211 6 0 -nan -nan 36867 164
-70.0481 -69.6425 40.6087 41.2887 3.08103e+06 1.14372e+06 7695.15 22301.3 0 -nan -nan -nan -nan -nan -nan -nan -nan 310055 574 0 -nan -nan 1.78213e+06 21
-70.1116 -69.451 39.4758 41.0761 168262 60387.6 410.836 1289.46 0 -nan -nan -nan -nan -nan -nan -nan -nan 16206 3 0 -nan -nan 33846 2
-70.4822 -70.2567 40.6316 40.7927 166989 60777.3 392.11 1345.05 0 -nan -nan -nan -nan -nan -nan -nan -nan 16209 2 0 -nan -nan 34372 2
-71.1982 -70.7268 41.2711 43.0039 1.09704e+09 1.56817e+08 3.14785e+06 474573 1.54082e+06 89155.4 1.62449e+06 3852.44 214221 2.62889e+06 6.01632e+07 1.87108e+06 441.435 6.08958e+07 166981 28.2569 182825 80424.2 3.24859e+08 40
-70.9237 -70.469 41.1573 42.2685 5.98006e+08 7.81169e+07 1.88862e+06 12147.3 964611 33488.9 880401 7742.59 156046 1.38538e+06 3.10093e+07 957828 237.72 3.29644e+07 53809.9 20.9537 47194.2 21254.5 1.75719e+08 2
-69.6811 -67.8409 41.2967 41.3702 191248 68721.3 334.794 1419.73 0 -nan -nan -nan -nan -nan -nan -nan -nan 19697 9 1 -nan -nan 47174 16
-69.8663 -69.3236 41.2304 42.0212 170569 61972.7 397.528 1213.34 0 -nan -nan -nan -nan -nan -nan -nan -nan 19685 2 0 -nan -nan 36594 5
-70.6685 -69.9762 40.9172 42.6174 5.16893e+08 6.6083e+07 1.56727e+06 13736.9 834257 15011.3 813278 109.836 201658 1.22091e+06 2.84906e+07 816710 279.012 2.75019e+07 47846.6 6.36565 44396.7 21054.7 1.52554e+08 29
-70.8828 -70.1318 39.2817 41.0639 172501 59848.6 387.874 1279.17 0 -nan -nan -nan -nan -nan 17138 39 3 16362 -nan -nan -nan -nan 36577 3
-69.775 -67.8369 39.4006 41.2479 197453 67231.2 771.624 2425.1 72.8093 -nan -nan -nan -nan -nan 20628 206 0 19849 -nan -nan -nan -nan 42011 13
-70.5702 -68.7434 41.1684 42.0854 3.5639e+08 4.43133e+07 1.06187e+06 11239.2 589061 10084.3 569905 1204.83 95432.4 753811 2.09858e+07 617679 82.3683 1.90725e+07 31930.6 14.733 26601.3 14240.3 1.05185e+08 28
-69.4031 -69.3964 40.7063 42.6398 186749 66874.1 338.441 1566.83 0 -nan -nan -nan -nan -nan -nan -nan -nan -nan -nan 0 4 -nan 43672 16
-70.7228 -69.5591 40.4813 41.025 171797 62262.1 301.288 1498.39 0 -nan -nan -nan -nan -nan -nan -nan -nan -nan -nan 0 1 -nan 36298 4
-72.5681 -71.0829 40.4674 41.8063 3.59438e+07 9.12442e+06 168116 39647.8 83916.7 4627 91428.1 127.759 12576.9 -nan -nan -nan -nan -nan -nan -nan -nan -nan 1.60056e+07 130
-69.4786 -68.6795 40.6285 41.9332 180107 66013.3 281.515 1531.84 0 386 109 55 151 -nan -nan -nan -nan -nan -nan -nan -nan -nan 39876 7
-71.1082 -70.1454 39.9956 41.1021 173978 63798.8 291.669 1454.12 0 350 2 55 51 -nan -nan -nan -nan -nan -nan -nan -nan -nan 36113 2
-72.0046 -70.7981 40.6506 41.44 3.3042e+06 1.22517e+06 10721.5 32743 0 982.274 8011 79 712 11665.5 -nan -nan -nan -nan -nan -nan -nan -nan 1.81468e+06 181
-71.5895 -70.9161 40.5452 42.4674 1.00687e+09 1.30983e+08 2.89103e+06 23259.4 1.61447e+06 32824.5 1.57314e+06 5834.49 194005 2.3178e+06 5.33627e+07 1.49078e+06 334.114 5.31816e+07 206262 23.3765 79394.1 32764 2.96182e+08 93
-72.4189 -70.8576 41.0508 42.5155 1.82839e+09 2.34979e+08 5.12834e+06 270260 2.7707e+06 96338.1 2.67314e+06 15838.6 354160 4.30537e+06 9.51504e+07 2.83886e+06 805.839 9.55886e+07 218681 19.3543 139710 70358.8 5.37958e+08 111
-72.1667 -71.0561 39.4224 41.3607 272640 97288 742.992 2311.6 0 -nan -nan 63 247 769 40536 -nan -nan -nan -nan -nan -nan -nan 97229 14
-70.3709 -68.9126 40.1673 42.1417 2.06822e+08 2.65838e+07 601685 5984.39 318832 6915.03 318887 3674.65 62565.1 427148 1.25073e+07 380388 72.6456 1.08577e+07 17728.5 0 15871.2 7247.82 6.09976e+07 158
-70.0616 -70.0595 39.6803 41.4419 835942 312553 1355.1 7415.97 2030 645 2023 54 -nan -nan -nan -nan -nan -nan -nan -nan -nan -nan 386814 54
-69.6982 -68.674 39.7338 40.9835 171990 62212.7 631.513 1175.11 4 361 4 56 -nan -nan -nan -nan -nan -nan -nan -nan -nan -nan 37487 1
-70.4831 -69.9201 40.7658 40.9053 181311 64964 415 1417 16 -nan -nan -nan -nan -nan -nan -nan -nan -nan -nan -nan -nan -nan 38473 2
-70.7123 -69.4194 39.3555 41.154 212376 64889 385 1354 2 372 -nan -nan -nan -nan -nan -nan -nan -nan -nan -nan -nan -nan 39377 4
-70.3457 -70.2855 40.0775 41.8788 1.33769e+07 4.92202e+06 36602.4 113233 0 -nan -nan -nan 10996.9 60649.7 1.46887e+06 47813 28.9612 1.62296e+06 -nan -nan -nan -nan 8.01844e+06 67
-70.4439 -69.1206 41.003 42.6625 2.2135e+08 3.33942e+07 769036 8370.73 369467 6899.49 329258 57.3519 18763.6 504372 1.20075e+07 257467 96.2292 1.27873e+07 23237.1 0 20922.4 9999.16 6.53761e+07 114
-69.6751 -68.435 41.3013 42.2806 204556 74651.1 342.074 1421.2 132 449 123 64 -nan -nan -nan -nan -nan -nan -nan -nan -nan -nan 44217 16
-70.3253 -69.9366 40.6848 42.5491 1.72123e+08 2.99834e+07 560246 106354 275249 5899.74 307174 48.0139 53465.4 444872 1.0874e+07 320882 37.7165 1.0325e+07 17341.4 0 -nan 28640.9 5.4642e+07 141
-69.6883 -68.4865 40.5623 41.9633 191979 68470.9 335.861 1487.52 0 -nan -nan -nan -nan -nan -nan -nan -nan 19687 5 0 -nan -nan 46311 13
-69.7382 -69.3036 39.3835 40.6284 171096 61355.5 295.066 1310.28 0 -nan -nan -nan -nan -nan -nan -nan -nan -nan 3 0 -nan -nan 35544 7
-70.3646 -69.283 40.6622 40.9869 164246 59884.6 285.382 1372.67 0 -nan -nan -nan -nan -nan -nan -nan -nan -nan 3 0 -nan -nan 32956 1
-70.2371 -68.4352 41.0389 42.3592 1.5971e+08 2.05616e+07 475656 6155.72 249738 4851.48 231078 44.3447 12127.2 329813 7.54341e+06 291451 -nan -nan 54246.8 0 19640.4 5991.53 4.72396e+07 149
-71.1519 -70.5841 41.192 42.1889 7.11216e+08 9.45321e+07 2.1506e+06 15401.6 1.15869e+06 23991.5 1.13016e+06 376.626 203836 1.69129e+06 3.92482e+07 1.06247e+06 384.706 3.92122e+07 116099 11.6852 53287.6 19352.4 2.09693e+08 102
-70.8183 -70.0372 41.379 43.1903 6.53586e+08 1.02915e+08 2.20272e+06 477664 1.03213e+06 28402.9 1.08299e+06 183.153 146056 1.60723e+06 3.72889e+07 1.21047e+06 438.351 3.96121e+07 65569.4 29.6562 133963 79436.9 2.03168e+08 36
-70.2567 -68.7124 41.2246 41.762 1.00524e+08 1.50618e+07 323367 6389.31 158689 -nan -nan -nan -nan -nan -nan 93738.7 78.5607 5.69951e+06 12956.3 0 10199.1 4066.32 2.97006e+07 28
-71.5059 -70.6006 39.9787 41.3254 1.50172e+06 521480 6495.4 1838 4308 731 4290 -nan -nan -nan -nan -nan -nan -nan -nan -nan -nan -nan 770010 53
-69.7268 -68.8208 41.1642 41.2407 194012 71503.8 305.545 1287 8 414 8 -nan -nan -nan -nan -nan -nan -nan -nan -nan -nan -nan 40035 56
-70.8271 -69.7103 40.2074 41.6166 8.63279e+07 3.25661e+07 125675 279853 159273 14219.7 183867 253.763 28813.8 323311 7.11519e+06 248193 33.8581 7.51331e+06 12894 12.2177 -nan -nan 4.15391e+07 46
-71.423 -70.2955 41.114 42.3806 1.27091e+09 2.01675e+08 3.90189e+06 470934 1.90941e+06 75433.5 2.06924e+06 379.48 304405 3.12863e+06 7.12602e+07 2.39308e+06 469.543 7.30719e+07 150256 33.0326 182349 77590.8 3.77863e+08 39
-71.6996 -71.0604 41.3626 41.7547 4.3625e+07 6.46303e+06 134713 9262 73447.8 2014.79 -nan -nan -nan -nan -nan -nan -nan -nan -nan -nan -nan 4424.15 1.302e+07 14
-71.037 -70.8707 41.2389 41.7764 3.84033e+07 1.45794e+07 153823 19895.6 94609.7 3747.15 103279 72.1212 15024.8 154540 3.77329e+06 -nan -nan -nan -nan -nan -nan -nan 1.83821e+07 1
-71.0212 -70.1316 39.5075 40.5914 167239 60208.6 463.313 1385.78 0 -nan -nan -nan 56 81 17198 40 -nan -nan -nan -nan -nan -nan 37036 2
-70.7106 -70.4014 40.0125 41.3731 7.16434e+06 2.63232e+06 18826 61914.8 0 -nan -nan -nan -nan 26337 753398 24889 18 740273 -nan -nan -nan -nan 4.13267e+06 9
-71.2042 -69.6955 40.5254 41.2135 219194 61401.7 344.715 1428.3 69.9716 -nan -nan -nan -nan -nan -nan -nan -nan -nan -nan 0 3 -nan 37166 29
-70.1556 -69.1093 39.2444 40.8923 168117 61203.6 297.232 1381.87 0 -nan -nan -nan -nan -nan -nan -nan -nan -nan -nan 0 2 -nan 34615 2
-70.5521 -70.4103 40.584 42.0574 1.08861e+08 1.88409e+07 87048.8 446569 30315.4 -nan 108668 2166.5 44458.9 236252 5.3847e+06 193914 12.0703 6.10622e+06 11173.8 0 -nan -nan 3.20296e+07 16
-71.0175 -69.9548 40.4792 42.2288 8.80475e+08 1.32202e+08 2.80439e+06 448833 1.25926e+06 66737.3 1.39564e+06 417.467 291033 2.05578e+06 5.07546e+07 1.68873e+06 387.426 5.57268e+07 97467 32.9918 132774 68809.6 2.60888e+08 174
-71.3017 -70.1136 39.9994 41.5576 8.99394e+07 1.75486e+07 89813.8 427930 0 -nan -nan -nan 41878.6 206598 5.80395e+06 162571 34.9183 5.40209e+06 8609.99 6.81331 -nan -nan 2.65724e+07 16
-72.3084 -70.5244 40.0186 41.211 279050 102170 496.233 2371.11 0 -nan -nan -nan 198 852 35476 521 -nan -nan -nan -nan -nan -nan 99489 84
-72.2276 -70.2831 39.9298 40.87 300058 84624.8 438.203 1809.75 0 -nan -nan -nan -nan -nan -nan -nan -nan -nan 7 0 -nan -nan 73082 42
-70.6007 -68.7317 39.7926 41.5749 5.99308e+07 7.87235e+06 181276 6404.64 96984.6 -nan -nan -nan -nan -nan -nan -nan -nan -nan 13895.5 2.02236 4914.68 2225.62 1.81522e+07 10
-70.4034 -70.0076 41.2257 42.3444 1.54341e+08 3.41891e+07 512413 57957.9 235550 12121.6 273215 35.2503 64975.9 380732 9.28152e+06 307722 17.6185 9.94247e+06 16369.4 0 -nan -nan 4.69092e+07 39
-72.0404 -70.1032 40.8214 42.6922 2.64525e+09 3.71795e+08 7.95195e+06 665296 4.14202e+06 173578 4.14731e+06 23924.7 590873 6.47043e+06 1.47381e+08 4.51427e+06 621.97 1.44574e+08 378143 109.466 361872 156592 7.84097e+08 70
-69.6946 -69.5083 40.5336 42.3391 200700 69893.9 610.145 1688.43 0 -nan -nan -nan -nan -nan -nan -nan 11 19706 3 -nan -nan -nan 42621 8
-72.1218 -70.6225 39.4909 41.0041 255320 94041.1 433.728 2050.85 0 405 374 55 190 -nan -nan -nan -nan -nan -nan -nan -nan -nan 79318 43
-70.8368 -70.3224 41.1477 42.5475 5.22956e+08 6.70637e+07 1.62079e+06 12203.8 875330 27427 796693 3802.51 194847 1.18576e+06 2.95009e+07 961204 270.301 3.19259e+07 54765.7 12.8703 45750.9 20829.5 1.53873e+08 32
-71.7952 -70.1909 40.7092 40.8197 169806 61810.6 293.097 1283.93 0 -nan -nan 56 55 59 17235 -nan -nan -nan -nan -nan -nan -nan 36710 1
-71.9823 -70.7989 41.2211 42.2761 8.89818e+08 1.28056e+08 2.81602e+06 22901.2 1.54457e+06 28744.2 1.49244e+06 1047.68 171621 2.09066e+06 5.24002e+07 1.47106e+06 261.131 5.15179e+07 196818 30.3565 112012 40725 2.67816e+08 98
-70.4759 -69.75 41.1296 42.9549 2.40882e+08 3.79254e+07 718227 76721.6 339274 19815.6 412283 62.2444 100319 602216 1.36295e+07 453222 62.2312 1.39489e+07 25037.8 11.8511 23044.2 15453.5 7.10092e+07 11
-72.4669 -70.5581 40.9461 41.9327 5.37262e+08 6.73111e+07 1.57782e+06 307482 779611 49431.1 742469 1100.58 161409 1.29901e+06 2.84367e+07 1.00111e+06 133.839 2.77753e+07 48426.9 13.2165 43293.5 21274.7 1.57959e+08 84
-69.8108 -68.6422 40.1843 42.0588 203853 71421.2 328.809 1773.48 0 422 116 48 152 -nan -nan -nan -nan -nan -nan -nan -nan -nan 52901 8
-70.687 -70.529 40.5967 40.7233 165534 60086.5 481.471 1278.85 0 -nan 4 48 47 15 -nan -nan -nan -nan -nan -nan -nan -nan 37097 6
-70.2122 -69.9447 40.047 41.6435 1.02232e+07 3.77094e+06 17031.4 88870.9 0 -nan 27217.7 77 4495 41833 1.08212e+06 -nan -nan -nan -nan -nan -nan -nan 5.42983e+06 43
-70.595 -69.9149 40.6316 41.5955 3.16279e+07 1.16123e+07 91762.8 282539 0 -nan -nan 1773.13 19373.3 139444 3.32472e+06 112880 0 3.29385e+06 6614.33 -nan -nan -nan 1.8048e+07 8
-72.6268 -71.0514 40.4705 41.5729 8.42667e+06 1.48788e+06 9991.86 34745.6 479.614 -nan -nan -nan -nan -nan -nan -nan -nan 492951 926 0 -nan -nan 2.47621e+06 23
-70.5034 -70.1405 40.9447 41.6704 8.12337e+07 1.09875e+07 261120 5095.03 135595 5520.76 -nan -nan -nan -nan -nan -nan -nan 5.88289e+06 13286.6 5.57555 6707.57 3192.99 2.40447e+07 258
-69.7851 -68.052 39.9958 41.231 180964 62699.9 290.728 1398.64 0 -nan -nan -nan -nan -nan -nan -nan -nan 16292 4 0 -nan -nan 37923 3
-72.8545 -71.0597 40.3788 40.8517 226928 71393.8 445.31 1581.02 0 -nan -nan -nan -nan -nan -nan -nan -nan 26371 9 0 -nan -nan 52610 2
-70.1392 -68.2226 41.1535 42.744 1.05981e+08 1.49194e+07 315715 11899.2 28161.5 -nan -nan -nan -nan 192340 5.98963e+06 152918 87.0874 5.46937e+06 9908.65 2.60784 9471.42 4298.74 3.1089e+07 61
-71.5848 -70.7573 40.3523 42.2541 7.57058e+08 1.06607e+08 2.15658e+06 505754 982252 108264 1.03845e+06 7080.95 170687 1.86449e+06 4.16809e+07 1.29362e+06 172.303 4.17716e+07 72414.3 31.0432 69335.1 44011.8 2.22147e+08 86
-70.1741 -68.4029 41.33 42.3948 9.42972e+07 1.44707e+07 313215 3446.83 147599 3630.25 149452 939.133 -nan -nan -nan -nan -nan -nan -nan 0 16470.2 4118.91 2.81114e+07 154
-71.9221 -70.3922 41.2673 43.1507 2.56198e+09 3.83124e+08 8.2538e+06 720794 4.1016e+06 172516 4.03285e+06 11037.6 615755 6.52039e+06 1.51124e+08 4.30169e+06 981.756 1.48871e+08 376290 110.688 300239 133875 7.64835e+08 19
-70.807 -70.0654 40.1003 40.9332 174346 61596.7 306.968 1340.48 0 -nan -nan 49 56 91 17229 -nan -nan -nan -nan -nan -nan -nan 37009 2
-69.6539 -67.7884 39.0278 40.9155 172883 62802.2 283.243 1416.18 0 -nan -nan 48.5096 50 13 17501 18.6501 -nan -nan -nan -nan -nan -nan 43571 6
-71.229 -69.9502 41.2582 43.0585 1.69564e+09 2.45049e+08 5.44101e+06 760043 2.68848e+06 119917 2.66139e+06 9638.31 406610 4.04851e+06 9.93497e+07 2.98867e+06 833.574 9.84113e+07 234864 25.1113 239298 108987 5.08235e+08 47
-70.576 -69.2027 41.3841 42.1003 3.34745e+08 4.17399e+07 1.01476e+06 11566.5 551444 9566.06 574792 80.7059 102067 822520 1.81541e+07 525925 340.142 1.96687e+07 59522.5 16.6885 28817.7 12407.8 9.88189e+07 37
-69.6847 -67.9016 39.7678 41.4733 217394 73636 535 1507 8 358.562 -nan -nan -nan -nan -nan -nan -nan -nan -nan -nan -nan 1 42706 84
-69.4891 -69.3949 40.8331 42.3438 180899 64114.2 393.248 1469.98 0 -nan -nan -nan -nan -nan -nan -nan 3 19706 4 -nan -nan -nan 41248 13
-72.4347 -70.4556 39.5329 41.0713 319798 87876.2 580.061 1992.66 0 -nan -nan -nan -nan -nan -nan -nan -nan 30584 7 0 -nan -nan 79510 60
-71.6132 -70.1802 41.1982 42.1943 1.19281e+09 1.63123e+08 3.63982e+06 261373 1.90109e+06 80522.7 1.85133e+06 5127.37 330388 2.95525e+06 6.49294e+07 2.04383e+06 448.622 6.42211e+07 202632 17.2987 99035.3 46349 3.54679e+08 5
-71.0145 -69.6232 40.407 40.6426 226298 59607.6 549.108 1285.94 164.878 371 61 59 61 -nan -nan -nan -nan -nan -nan -nan -nan -nan 39915 18
-71.5741 -70.8323 40.956 41.3478 423547 157624 625.996 3569.02 0 530 783 47 370 -nan -nan -nan -nan -nan -nan -nan -nan -nan 169999 142
-71.9386 -70.6839 41.0385 41.5745 1.94258e+07 7.22736e+06 63710.2 160527 0 15078.5 51862.8 123.82 6830 91640 2.31931e+06 75779.7 -nan -nan -nan -nan -nan -nan 1.10276e+07 142
-72.2791 -70.5868 40.9455 42.3133 1.35755e+09 2.1127e+08 4.50084e+06 405627 2.28884e+06 69511.8 2.38712e+06 348.498 324579 3.4942e+06 8.46629e+07 2.43949e+06 674.797 8.12451e+07 218922 96.0366 207369 90762.5 4.02094e+08 4
-70.4864 -68.8947 39.9282 41.7896 2.29003e+08 3.01444e+07 644225 102624 290305 19724.9 334810 67.6239 104325 578471 1.31947e+07 423857 54.9407 1.18536e+07 19487.9 5.6335 19154.6 9278.1 6.74838e+07 110
-70.3429 -70.0143 40.6544 40.8088 209685 64887 418 1433 19 387 -nan -nan -nan -nan -nan -nan -nan -nan -nan -nan -nan -nan 39849 38
-70.6602 -68.8879 40.7931 41.9376 4.5641e+08 7.17754e+07 1.5898e+06 453608 619206 57928 666593 1482.25 133365 1.04753e+06 2.40228e+07 842121 130.526 2.43006e+07 41137.2 5.61373 41350.3 20203.7 1.33999e+08 10
-70.8634 -70.8106 39.7767 40.762 169850 61033 755.095 1322 16 367 14 -nan -nan -nan -nan -nan -nan -nan -nan -nan -nan -nan 36993 2
-70.2722 -70.0321 39.3569 40.8256 176615 64958.6 310.35 1499.71 0 352 16 56 56 -nan -nan -nan -nan -nan -nan -nan -nan -nan 38682 68
-70.7644 -70.4773 39.7663 41.0941 172662 61504.3 481.784 1267.74 0 -nan 14 57 56 58 -nan -nan -nan -nan -nan -nan -nan -nan 38146 2
-69.6222 -68.924 40.4996 40.7593 172444 63165 297.056 1289.42 0 -nan 4 59 47 7 -nan -nan -nan -nan -nan -nan -nan -nan 36349 1
-69.6384 -68.9355 40.9422 42.5644 180479 65682.9 524.379 1368.06 0 -nan 108 59 142 147 -nan -nan -nan -nan -nan -nan -nan -nan 44397 9
-69.8475 -68.2115 40.9919 42.7681 245641 65861 331.382 1490.96 68.9373 -nan -nan -nan -nan -nan -nan -nan -nan -nan -nan 0 5 -nan 45826 13
-70.6727 -70.3239 40.9349 42.1128 3.19649e+08 4.48968e+07 1.04132e+06 34046 560456 11469.6 557554 77.5078 145445 825645 1.93982e+07 642856 339.824 1.80481e+07 30454.6 19.5829 58588.8 24394 9.5212e+07 22
-71.7917 -70.722 40.9959 41.0359 175052 63053.6 285.535 1311.68 0 -nan -nan 48 56 70 17235 -nan -nan -nan -nan -nan -nan -nan 38773 3
-71.06 -70.7817 38.9628 40.8578 173603 63547.7 289.801 1351.42 0 -nan -nan 48 47 15 17231 -nan -nan -nan -nan -nan -nan -nan 38061 69
-69.789 -68.0688 40.1142 40.901 168482 61313.3 474.578 1347.15 0 -nan -nan 48 47 7 17228 -nan -nan -nan -nan -nan -nan -nan 38088 26
-70.975 -70.1199 41.2591 42.032 6.41638e+08 9.82858e+07 2.21943e+06 18195.3 1.10995e+06 20519.8 1.159e+06 1527.82 232451 1.45978e+06 3.45035e+07 991701 295.715 3.38017e+07 69883.8 26.3144 58667.8 28258.5 1.8863e+08 17
-70.0503 -68.6846 38.9497 40.7684 171572 60999 381.097 1532.07 0 -nan -nan -nan -nan -nan -nan 42 3 16268 -nan -nan -nan -nan 35728 2
-70.3852 -69.9085 41.0072 41.4314 1.94755e+07 3.25179e+06 15930.3 80057.2 4232.18 -nan -nan -nan -nan -nan -nan -nan 230.841 1.00118e+06 2236 1.12813 -nan -nan 5.72058e+06 144
-70.2716 -69.1361 41.3353 42.202 1.45743e+08 2.25639e+07 474687 675855 0 -nan 132584 1023.22 41204.2 298211 7.46615e+06 266043 43.0538 8.50857e+06 14850.5 0 14290.2 7319.29 4.29721e+07 6
-71.0233 -70.1564 40.9377 42.9317 1.03983e+09 1.52582e+08 3.34774e+06 736152 1.5564e+06 110045 1.54421e+06 4363.64 317755 2.55688e+06 5.96868e+07 1.93584e+06 479.982 6.06183e+07 99035.4 31.9955 117374 65596.2 3.05596e+08 151
-71.1202 -70.4863 40.7936 41.8378 3.45697e+08 5.07771e+07 1.12211e+06 32859.6 523076 27273.6 523316 1047.19 145781 933760 2.05464e+07 684915 150.366 1.98209e+07 31649.1 0 32756.3 14472 1.01882e+08 10
-69.4149 -67.6525 40.3594 42.2868 191873 70634.4 295.364 1309 4 407 3 -nan -nan -nan -nan -nan -nan -nan -nan -nan -nan -nan 38335 6
-71.2702 -69.797 41.0141 42.6708 1.56445e+09 2.32082e+08 5.31551e+06 166092 2.73149e+06 65886.1 2.62605e+06 2939.06 431303 3.91108e+06 9.55201e+07 2.78206e+06 725.707 9.54458e+07 254609 79.861 223295 93893.7 4.69624e+08 108
-70.6174 -70.4783 40.1605 41.2613 216752 68917.9 356.878 1447.58 0 -nan -nan -nan -nan -nan -nan -nan -nan -nan -nan 0 4 -nan 48264 20
-69.6122 -69.5096 39.7674 40.5574 170732 61063.1 291.871 1261.33 0 -nan -nan -nan -nan -nan -nan -nan -nan -nan -nan 0 2 -nan 35660 1
-71.7825 -70.799 41.2675 41.8756 1.70949e+08 2.54379e+07 576025 317530 167116 25553.6 231364 237.921 41123.9 417745 9.54037e+06 373213 186.425 1.36539e+07 20880.4 12.6229 15631.2 7212.31 5.03847e+07 138
-70.0202 -68.201 40.951 41.2546 736537 217883 4332 1484 0 1560.14 -nan -nan -nan -nan -nan -nan -nan -nan -nan -nan 84 36 353184 109
-70.5679 -69.4664 41.2377 42.6643 3.20131e+08 4.83032e+07 975577 93765 478403 19872.5 556320 172.052 146851 866712 1.93467e+07 667454 265.878 2.01966e+07 32091 7.87682 27969.4 13325.1 9.43434e+07 132
-71.3456 -70.7969 41.0505 42.8122 1.12774e+09 1.64229e+08 3.57952e+06 29554.4 1.95327e+06 39444.4 1.9295e+06 1228.35 240244 2.70032e+06 6.72758e+07 1.85403e+06 629.551 6.7961e+07 166710 5.70724 107639 51140.7 3.3455e+08 53
-69.9183 -68.2098 41.0832 41.7821 222363 73631 712 1327 118 356.72 -nan -nan -nan -nan -nan -nan -nan -nan -nan -nan -nan 4 43111 12
-70.9953 -69.8097 40.9712 42.8299 9.38113e+08 1.63872e+08 3.44598e+06 423321 1.46867e+06 80169 1.41982e+06 3378.24 308658 2.33697e+06 6.01675e+07 1.94276e+06 506.336 6.14069e+07 101396 35.6224 105893 66967.7 2.75913e+08 123
-71.3878 -69.671 40.8621 42.5437 1.6507e+09 2.28578e+08 4.97676e+06 188765 2.63093e+06 87099.7 2.60419e+06 3498.94 432657 3.85068e+06 9.30831e+07 2.72855e+06 633.277 9.60055e+07 162042 31.4171 144461 68626.3 4.85815e+08 41
-70.8736 -69.2795 39.2027 40.7138 174136 61367.3 315.354 1434.3 0 -nan -nan -nan -nan -nan -nan -nan -nan -nan 3 0 -nan -nan 36736 2
-71.018 -70.3342 40.7853 41.9377 4.96671e+08 7.11527e+07 1.66411e+06 11509.3 891943 16736.9 841478 1103.7 209756 1.12755e+06 2.85436e+07 839785 166.753 2.92144e+07 49080.3 12.2236 46197.5 20352 1.46413e+08 26
-69.468 -68.8126 40.6183 41.4318 183419 66963 320.428 1476.24 0 -nan -nan 50 152 210 20707 -nan -nan -nan -nan -nan -nan -nan 43530 102
-71.562 -69.9907 40.9209 42.6689 1.96704e+09 2.92516e+08 6.18682e+06 545153 3.19898e+06 132356 3.14458e+06 12122.3 551692 5.04772e+06 1.19405e+08 3.67288e+06 937.252 1.16852e+08 264154 68.3561 260355 117692 5.83831e+08 22
-69.6207 -68.4562 40.7805 41.1657 184532 65249 486 1480 0 333.907 -nan -nan -nan -nan -nan -nan -nan -nan -nan -nan 2 1 37611 2
-72.588 -71.1475 40.742 41.2988 471801 174269 2910 2549 0 937.794 -nan -nan -nan -nan -nan -nan -nan -nan -nan -nan 66 25 184169 53
-71.5702 -70.7986 39.6274 41.4106 1.71673e+06 525319 9613 4063 2863.3 3565.49 -nan -nan -nan -nan -nan -nan -nan -nan -nan -nan 362.736 112 844248 27
-71.1754 -70.9055 40.9816 42.9089 7.13335e+08 1.05291e+08 2.21741e+06 580990 976136 71908.9 1.07772e+06 1251.73 151477 1.80526e+06 4.26192e+07 1.32036e+06 250.124 4.16183e+07 72041.9 25.9754 62427.6 49823.9 2.09533e+08 33
-70.1846 -69.4554 39.7557 41.3223 1.81461e+07 2.55904e+06 55590.2 73775.9 0 -nan -nan -nan -nan -nan -nan -nan -nan -nan -nan 0 1950 546.393 5.43085e+06 21
-71.3753 -70.9029 40.5629 41.0326 195886 72645.3 393 1276 3 368 -nan -nan -nan -nan -nan -nan -nan -nan -nan -nan -nan -nan 36344 119
-70.8052 -70.6798 41.3546 42.2108 1.54614e+08 3.79278e+07 422676 139018 206757 16093.8 238178 45.7195 60615.9 410550 9.25193e+06 316320 65.7122 9.17696e+06 14879.3 9.67555 -nan -nan 4.56231e+07 108
-71.3701 -70.5239 39.9652 41.1569 178575 62452.9 757.073 1360 19 385 16 -nan -nan -nan -nan -nan -nan -nan -nan -nan -nan -nan 38231 10
-70.9472 -69.9023 39.4417 41.2661 5.06052e+06 1.8819e+06 7857.41 43532.3 13108.2 1365 13740 134 1793.03 -nan -nan -nan -nan -nan -nan -nan -nan -nan 2.58213e+06 58
-71.7521 -70.5875 41.0728 42.8888 2.07624e+09 3.06017e+08 6.54755e+06 825873 3.34248e+06 152962 3.22332e+06 19946.7 494525 5.29406e+06 1.27407e+08 3.64191e+06 951.362 1.25582e+08 300891 63.9579 264651 113950 6.14752e+08 36
-69.6777 -68.2108 41.2866 41.6818 219767 73625 703 1398 112 364.227 -nan -nan -nan -nan -nan -nan -nan -nan -nan -nan -nan 5 44959 12
-71.5062 -70.6945 40.3246 42.059 4.90542e+08 7.09989e+07 1.49519e+06 492356 659230 51880.1 767001 181.103 123561 1.145e+06 2.73248e+07 903207 203.66 2.83331e+07 48834.9 36.2044 43271.4 26155.7 1.4396e+08 60
-69.7676 -69.7451 39.9377 41.5504 203001 73612 786 1392 121 372.724 -nan -nan -nan -nan -nan -nan -nan -nan -nan -nan -nan 2 47328 22
-69.4221 -68.1141 41.1771 43.1545 214722 73614 547 1315 6 347.616 -nan -nan -nan -nan -nan -nan -nan -nan -nan -nan -nan 1 40768 10
-71.7456 -69.8243 41.1128 42.8394 2.42531e+09 3.55318e+08 7.60944e+06 1.1826e+06 3.72947e+06 197120 3.8458e+06 16739.7 693729 6.22665e+06 1.37535e+08 4.29189e+06 1195.86 1.43109e+08 336162 54.6041 300773 139883 7.18098e+08 66
-70.3993 -69.4697 41.0573 42.4602 1.94196e+08 3.24758e+07 577637 170021 272085 19143.5 332389 46.6261 66537.2 499805 1.23223e+07 387854 35.8578 1.25909e+07 21339.5 0 17845.6 -nan 5.71545e+07 91
-70.6947 -70.5856 40.6959 41.0291 180576 62119.5 407.959 1196.67 0 -nan -nan -nan -nan -nan -nan -nan -nan -nan -nan 0 3 -nan 38409 0
-70.9946 -70.7875 40.0082 41.4029 3.49528e+06 693916 3300.7 15091 0 -nan -nan -nan -nan -nan -nan -nan -nan -nan -nan 0 292 -nan 1.01806e+06 33
-71.7037 -70.2105 40.3583 41.6328 1.46565e+08 2.37612e+07 495236 6226.67 279322 5447.9 284779 40.5443 52792.5 423698 1.01319e+07 309778 185.706 -nan -nan 0 31576.6 11896.1 4.61483e+07 110
-70.5596 -70.1858 40.5592 40.9121 202489 74651.5 355.359 1601 19 394 24.6632 -nan -nan -nan -nan -nan -nan -nan -nan -nan -nan -nan 38486 173
-71.2951 -69.4679 40.5362 42.3294 1.22605e+09 1.80586e+08 3.98793e+06 349518 2.05552e+06 48678.2 2.12062e+06 329.22 353054 3.10162e+06 7.5393e+07 2.17345e+06 635.997 7.3212e+07 215348 24.7621 216486 94651.1 3.6395e+08 8
-72.3538 -71.0583 39.6962 40.8391 294319 93056.8 528.503 2705.56 20.3527 562.869 -nan -nan -nan 683 27198 472 3 -nan -nan -nan -nan -nan 88263 12
-69.6517 -69.1 40.2961 41.6458 200317 68130.2 397.92 1503.78 0 396.799 -nan -nan -nan 153 21548 277 5 -nan -nan -nan -nan -nan 45828 12
-71.8878 -70.5376 40.2925 41.5158 6.09992e+07 1.38478e+07 64257.8 38013.3 86000.6 4098.31 95171.1 16.8975 9507.78 156940 3.8209e+06 -nan -nan -nan -nan -nan -nan -nan 1.79901e+07 39
-70.6179 -68.6868 40.3946 42.1805 3.7349e+08 5.45725e+07 1.33162e+06 12105.7 668403 12288 680546 94.5384 119342 800502 2.51726e+07 675686 186.163 2.18016e+07 38259.9 14.5397 35054.2 16800.2 1.15516e+08 82
-70.3437 -68.4833 40.0481 41.1616 180133 60501.5 372.487 1452.59 0 335.899 -nan -nan -nan -nan -nan -nan 3 16240 3 -nan -nan -nan 34708 2
-69.7697 -69.5652 40.5841 40.8221 189091 61930.1 346.951 1366.9 0 344.161 -nan -nan -nan -nan -nan -nan 0 16238 4 -nan -nan -nan 36499 2
-71.5506 -71.0966 41.0537 42.5794 7.00074e+08 1.05595e+08 2.24683e+06 741024 1.06132e+06 59071.2 1.20126e+06 176.57 130450 1.74085e+06 4.03786e+07 1.27405e+06 360.43 4.1279e+07 136698 17.621 137715 68063 2.05138e+08 8
-69.8817 -68.6202 40.712 42.239 252033 71640.3 532.946 2401.41 0 384.188 -nan -nan -nan -nan -nan 244 3 19754 -nan -nan -nan -nan 44955 14
-70.7779 -69.7402 40.6578 42.4835 6.33614e+08 8.5164e+07 2.01006e+06 16685.8 1.05853e+06 20789.9 1.06072e+06 338.585 284178 1.69399e+06 3.76194e+07 1.20667e+06 392.365 3.81905e+07 112644 37.3131 56230.8 25281.7 1.86742e+08 132
-70.5301 -69.7272 40.1818 41.3864 2.51474e+07 4.65608e+06 37474.7 117517 0 -nan 25290.8 203.88 6683 59699.3 1.41416e+06 -nan -nan -nan -nan -nan -nan -nan 7.43727e+06 16
-72.5659 -70.5819 39.2789 40.7793 194399 64532.2 479.574 1384.32 0 -nan -nan -nan 130 228 20108 -nan -nan -nan -nan -nan -nan -nan 41803 10
-72.4594 -70.9176 40.2231 41.5834 2.30447e+07 4.36328e+06 36460.9 106419 0 4051.56 34584.7 182 4967 30540.2 -nan -nan -nan -nan -nan -nan -nan -nan 6.75406e+06 5
-72.4249 -70.9189 39.7454 41.5473 7.61731e+06 2.37125e+06 11493.5 57389.6 0 15107.4 -nan -nan -nan -nan -nan 22146 21 700130 -nan -nan -nan -nan 3.65908e+06 51
-70.1631 -68.7247 39.4296 41.2226 194892 62007.5 435.954 1683 1.94242 366.796 -nan -nan -nan -nan -nan 139.662 1 16238 4 -nan -nan -nan 34940 2
-71.0384 -69.6704 40.7937 42.3899 9.78943e+08 1.43766e+08 3.28797e+06 740602 1.52138e+06 74052.4 1.6155e+06 248.385 249300 2.33759e+06 5.75214e+07 1.88677e+06 504.405 5.74465e+07 178266 24.3054 148165 72646.5 2.87346e+08 66
-69.8815 -68.3538 40.5306 41.1769 185398 60509 345.293 1300.06 0 336.845 -nan -nan -nan -nan -nan 5 0 16266 -nan -nan -nan -nan 35031 2
-71.7552 -70.375 40.2199 40.8786 177721 63727.3 297.463 1368.72 0 -nan -nan -nan -nan 77 17201 43 -nan -nan -nan -nan -nan -nan 37985 3
-71.1565 -69.6583 40.6116 42.4177 1.06923e+09 1.74821e+08 3.74407e+06 98020.3 1.6454e+06 37799.6 1.59525e+06 311.048 327121 2.27718e+06 6.58943e+07 1.94991e+06 701.373 6.58922e+07 162823 42.778 157840 62346.7 3.15226e+08 4
-70.5072 -68.6058 40.6674 40.9579 184136 65252 485 1477 0 338.8 -nan -nan -nan -nan -nan -nan -nan -nan -nan -nan 2 0 43369 3
-69.8617 -68.5359 39.7244 41.4188 211529 78046.5 679.525 1690.01 0 369.025 -nan -nan -nan -nan -nan -nan -nan -nan -nan 26.6281 9 0 39130 7
-70.2546 -68.7964 40.5117 41.0048 191131 65252 469 1449 0 336.453 -nan -nan -nan -nan -nan -nan -nan -nan -nan -nan 3 0 37153 2
-72.2618 -70.5677 40.5733 41.7494 2.50961e+08 4.1137e+07 817907 310384 361784 16975.5 425869 55.588 72125.1 619475 1.32299e+07 451236 148.199 1.46366e+07 27566.4 0 36132.4 30173.7 7.35014e+07 107
-70.804 -69.9462 41.2737 42.6099 6.70449e+08 1.01782e+08 2.1733e+06 222234 977923 71670.8 1.01914e+06 5528.38 274735 1.64996e+06 3.73663e+07 1.2552e+06 410.147 3.89343e+07 66065.5 16.4931 59467.7 31442 1.97076e+08 43
-71.4357 -69.5577 40.2449 41.1834 206906 61831.5 273.743 1372.54 0 333.565 -nan -nan -nan -nan -nan -nan 3 16241 3 -nan -nan -nan 35081 3
-70.2122 -69.5921 40.8782 42.2238 1.48457e+08 1.92737e+07 438085 4871.08 243281 4628.36 230549 171.808 11040.4 397798 -nan -nan 3448.91 8.37717e+06 37160.6 0 11343.9 5133.96 4.37344e+07 103
-69.553 -69.5439 41.1015 42.242 198869 67792.8 325.873 1409.21 0 -nan -nan 64 152 220 -nan -nan -nan -nan -nan -nan -nan -nan 44028 109
-72.3127 -70.7278 40.2883 41.4432 8.74959e+06 2.37284e+06 11725.4 46801.8 17684 1612 20906 127 1001.17 -nan -nan -nan -nan -nan -nan -nan -nan -nan 4.06671e+06 7
-71.3068 -70.6608 41.1119 42.4847 1.02016e+09 1.36276e+08 3.05019e+06 21346.9 1.70159e+06 38970.1 1.64482e+06 3416.46 233264 2.44518e+06 5.65643e+07 1.63232e+06 459.108 5.81133e+07 138623 25.4908 83185.9 34641.2 3.0369e+08 17
-70.6331 -70.4699 40.4241 42.2213 1.97901e+08 2.91944e+07 682340 6050.75 348156 5624.23 348617 238.673 124270 332410 1.0179e+07 283873 184.429 1.02528e+07 18568.7 4.9512 18475.6 9119.31 5.93199e+07 19
-70.2127 -70.0143 41.3472 43.0016 9.27908e+07 1.88757e+07 91799.2 439727 0 -nan 95231.6 3101.64 33408.8 220499 5.15162e+06 164883 42.6689 5.47686e+06 9823.39 11.4559 -nan -nan 2.82631e+07 0
-70.8589 -70.7162 40.5729 41.4815 1.40535e+07 2.67691e+06 13192.6 64208.7 1012.93 -nan -nan -nan -nan 32754 862484 22164 20.6941 -nan -nan -nan -nan -nan 4.26209e+06 37
-71.4811 -70.9976 40.1393 41.8089 4.57184e+07 1.09716e+07 242094 3967.08 129059 4302.3 -nan -nan -nan -nan -nan -nan -nan 3.77614e+06 18437.5 5.15225 6650.76 2909.81 2.14673e+07 26
-71.0622 -69.8139 41.2253 41.7092 3.62371e+08 4.82285e+07 1.11918e+06 179180 518954 38111.2 515325 1185.58 122260 928018 2.2593e+07 713559 131.569 2.13032e+07 37169.1 17.8259 32177.8 13316.2 1.06473e+08 81
-72.4637 -71.111 40.1236 41.7635 1.87801e+07 5.73365e+06 24484.1 140050 0 37109 -nan -nan -nan -nan 1.81171e+06 54055 37 1.9309e+06 3486.45 -nan -nan -nan 8.9071e+06 92
-70.1165 -68.6654 40.4288 40.5854 194117 62608.3 399.628 1497.55 0 347.253 -nan -nan -nan -nan -nan -nan 3 16235 4 -nan -nan -nan 37236 78
-70.33 -68.378 40.581 40.8772 202692 62200.4 323.526 1267.55 0 341.69 -nan -nan -nan -nan -nan -nan -nan 16206 4 0 -nan -nan 36235 4
-70.4042 -68.7584 40.8785 41.2454 950122 348021 4323.8 3546.63 2552 915 2540 74.988 -nan -nan -nan -nan -nan -nan -nan -nan -nan -nan 466466 101
-70.774 -70.2367 39.8498 41.6508 1.36314e+08 2.89577e+07 121182 629431 124184 15863.1 198603 253.832 51403.3 348396 8.13197e+06 268306 55.3387 7.56637e+06 12143.5 69.5673 -nan -nan 4.0203e+07 15
-70.6412 -70.6015 40.2826 41.5429 8.39372e+06 2.84785e+06 19304.3 65204.2 0 18727.5 -nan -nan -nan -nan -nan -nan -nan 779866 1638 1 -nan -nan 4.68998e+06 29
-72.334 -70.6021 40.5905 40.8151 279141 85196.5 385.908 1946.47 0 -nan 243 66 197 -nan -nan -nan -nan -nan -nan -nan -nan -nan 67268 30
-70.931 -69.4326 41.3746 43.3721 8.82297e+08 1.42717e+08 2.97743e+06 23215.6 1.52179e+06 32839.1 1.53954e+06 1370.27 281113 2.09145e+06 5.35985e+07 1.49489e+06 362.716 5.14623e+07 124694 22.1675 85554 43462.3 2.64776e+08 33
-70.1275 -69.9146 41.2076 41.5103 1.0406e+07 2.48097e+06 49655 11751 24621 1704 -nan -nan -nan -nan -nan -nan -nan -nan -nan -nan -nan -nan 4.77079e+06 13
-69.775 -68.2218 40.7676 41.3589 206006 77423.9 716 1330 118 418 -nan -nan -nan -nan -nan -nan -nan -nan -nan -nan -nan -nan 47027 53
-70.1116 -69.2234 39.9693 41.695 1.51461e+07 5.7728e+06 89475.5 25463 35112 3618 40258.7 -nan -nan -nan -nan -nan -nan -nan -nan -nan -nan -nan 6.80728e+06 12
-72.375 -70.4906 41.1744 42.6302 2.23743e+09 3.37246e+08 7.35678e+06 555143 3.67714e+06 127945 3.74674e+06 11982.5 535081 5.59581e+06 1.37561e+08 4.11741e+06 881.602 1.43487e+08 357622 28.0969 287937 104391 6.67419e+08 2
-70.9413 -70.4153 40.9277 42.5607 6.5775e+08 8.9947e+07 2.20353e+06 18350.7 1.11604e+06 46171.8 1.02408e+06 4152.14 196628 1.52682e+06 3.67499e+07 1.19609e+06 147.556 3.68466e+07 63374.1 27.3217 57531.9 27902.3 1.96098e+08 273
-70.4189 -69.9462 40.9514 41.3761 1.1013e+07 2.62076e+06 56641 6758 26683 1359 -nan -nan -nan -nan -nan -nan -nan -nan -nan -nan -nan -nan 5.11628e+06 25
-72.0163 -70.7181 40.6412 42.2105 7.49823e+08 1.17174e+08 2.53889e+06 63863.5 1.20312e+06 51593.8 1.07307e+06 5815.73 214537 1.94433e+06 5.06755e+07 1.55688e+06 130.14 4.87124e+07 83462.6 12.3925 68161.9 31751.4 2.22487e+08 84
-70.4513 -69.4517 40.968 42.7455 2.50935e+08 3.3479e+07 743186 9979.97 359853 18574.8 323420 1059.38 82633.9 593508 1.29148e+07 453517 115.787 1.26438e+07 21048.9 24.6959 19131.9 8539.58 7.39688e+07 108
-70.2474 -69.8957 40.4901 41.663 3.30479e+07 6.72934e+06 30490.6 185349 39166.6 2472.66 50899.9 123 8321.6 83914.5 -nan -nan -nan -nan -nan -nan -nan -nan 9.74606e+06 99
-71.265 -69.6836 40.1567 40.8866 192306 65255 499 1444 0 351.28 -nan -nan -nan -nan -nan -nan -nan -nan -nan -nan 3 2 39968 3
-70.9258 -69.8199 39.8857 41.7493 4.27125e+08 5.94806e+07 1.17151e+06 263083 587848 33139.2 695010 110.346 111334 1.02165e+06 2.22796e+07 755077 262 2.34931e+07 42093.8 10.5067 48450.9 39646.9 1.25667e+08 87
-70.2752 -68.9946 40.6595 42.5384 7.89767e+07 2.68937e+07 570590 6278.58 244287 6002.07 228621 290.923 23275.2 -nan -nan 129111 201.168 8.53954e+06 24930.7 11.0068 14071.2 7506.15 4.36764e+07 26
-69.8307 -68.1859 40.9538 42.202 221240 73633 716 1438 114 361.561 -nan -nan -nan -nan -nan -nan -nan -nan -nan -nan -nan 1 44578 122
-71.5661 -70.627 40.5315 40.7834 205711 65073 379 1415 3 330.343 -nan -nan -nan -nan -nan -nan -nan -nan -nan -nan -nan 0 36101 2
-70.6282 -69.8558 40.6557 41.3454 1.01861e+07 2.50948e+06 53767 4780 25412 1247 -nan -nan -nan -nan -nan -nan -nan -nan -nan -nan -nan -nan 4.687e+06 4
-69.421 -69.0753 40.7239 41.4648 191059 69883.8 306.948 1292 106 398 103 -nan -nan -nan -nan -nan -nan -nan -nan -nan -nan -nan 40312 6
-70.5107 -69.9677 39.8729 41.7657 2.33158e+08 3.03631e+07 674795 148003 294198 29381 294082 593.168 88262.2 596085 1.30697e+07 437668 17.2148 1.21024e+07 21349.7 5.7373 17907.6 8983.98 6.85706e+07 20
-70.838 -70.7488 40.4289 41.5879 6.29216e+06 2.34596e+06 28712.2 2046 14999 1105 16142 -nan -nan -nan -nan -nan -nan -nan -nan -nan -nan -nan 3.00047e+06 59
-70.1156 -68.9719 40.9349 42.6716 9.47706e+07 2.16993e+07 90620.6 92143.7 121219 7023.62 135828 27.9777 9040.16 219231 5.23964e+06 150726 64.256 -nan -nan -nan -nan -nan 2.79124e+07 74
-69.7896 -68.2979 40.9194 42.1623 218143 66341.4 298.605 1546.91 0 380.722 -nan -nan -nan 213 20649 233 3 -nan -nan -nan -nan -nan 44481 2
-71.2575 -70.3628 40.7858 42.4002 1.13172e+09 1.69759e+08 3.54868e+06 535060 1.76085e+06 60558.4 1.87315e+06 577.696 354160 2.72409e+06 6.62636e+07 2.05468e+06 293.085 6.48627e+07 194912 21.56 208973 67670.1 3.32322e+08 77
-71.1909 -70.7967 40.3675 41.9126 2.00903e+08 2.8762e+07 650987 7600.82 298645 40086.5 179148 3062.38 44068.7 507718 1.1789e+07 390887 75.9334 1.20043e+07 19800 5.06106 17708.7 8396.96 6.02038e+07 22
-71.6119 -70.5585 40.6042 40.8173 203609 64889 407 1492 20 381 -nan -nan -nan -nan -nan -nan -nan -nan -nan -nan -nan -nan 37885 27
-69.4296 -68.4807 40.9758 42.2606 227472 68054 342.374 1514.89 0 373.928 -nan -nan -nan -nan -nan -nan -nan -nan 4 0 -nan -nan 45750 90
-69.8568 -69.7882 40.6982 41.5274 201209 63275.4 416.01 1454.44 0 345.872 -nan -nan -nan -nan -nan -nan -nan -nan 4 0 -nan -nan 39189 7
-70.4032 -69.5091 41.0447 41.9181 1.76737e+08 3.01095e+07 475223 24042.4 268081 7106.33 297658 32.6133 49723.8 402164 1.18437e+07 375813 42.812 1.24026e+07 16885.2 -nan -nan 29937.5 5.21232e+07 62
-72.7078 -71.0914 40.7209 42.2598 8.17568e+08 1.19412e+08 2.69697e+06 718835 1.25964e+06 80689.6 1.31954e+06 1450.78 189510 2.1745e+06 4.89214e+07 1.54872e+06 306.185 4.83347e+07 139295 30.6524 151431 71088.3 2.39813e+08 42
-70.9946 -70.6949 40.5879 41.7545 1.00728e+08 2.30756e+07 305816 116667 138932 9577.66 165103 63.2173 25832.3 258746 6.60688e+06 206880 -nan -nan -nan -nan -nan -nan 2.95331e+07 70
-70.8534 -70.7028 40.8497 42.8173 1.81626e+08 2.99025e+07 636575 5937.98 340306 7897.77 329513 1497.24 84898.6 419412 1.33069e+07 377117 61.5661 1.3361e+07 21128.9 14.4838 18139.9 8617.72 5.76698e+07 59
-71.0176 -69.3905 41.242 43.1203 1.05155e+09 1.62407e+08 3.47454e+06 528717 1.60965e+06 81424.3 1.75741e+06 271.66 324941 2.79002e+06 6.9869e+07 2.21739e+06 561.161 6.52594e+07 168073 31.7637 144617 87092.4 3.09236e+08 31
-71.0863 -69.6504 41.3687 41.9859 6.82335e+08 9.84006e+07 2.31996e+06 19723 1.24529e+06 25416.2 1.22819e+06 606.814 262397 1.68923e+06 4.0423e+07 1.15049e+06 339.8 4.0674e+07 103795 5.66283 64854.2 28041.4 2.03042e+08 249
-71.5737 -70.2356 40.2111 40.9003 189678 65712.1 309.827 1492.41 0 -nan -nan 57 56 82 -nan -nan -nan -nan -nan -nan -nan -nan 40965 97
-69.4092 -68.6346 40.3423 40.7265 171103 63094.5 297.438 1253.37 0 -nan -nan 55 47 5 -nan -nan -nan -nan -nan -nan -nan -nan 36171 2
-71.2951 -70.0705 41.3621 42.7266 1.58775e+09 2.47328e+08 5.45565e+06 888140 2.65629e+06 105408 2.83753e+06 1836.29 415532 3.97772e+06 9.81407e+07 2.87678e+06 866.423 9.67642e+07 274782 41.8571 242045 109950 4.71049e+08 83
-70.1248 -68.422 40.162 41.0119 180297 62028.1 399.317 1277.17 0 360.723 -nan -nan -nan -nan 17134 36 2 16360 -nan -nan -nan -nan 38230 4
-71.6954 -70.2424 39.7702 41.3958 1.80228e+07 6.37278e+06 44729.8 161562 0 48005.3 -nan -nan -nan 77111.7 2.11102e+06 60551 51 2.22505e+06 -nan -nan -nan -nan 1.01357e+07 26
-71.6719 -70.9326 40.6549 41.5847 9.5997e+06 2.94269e+06 18915.3 72380.5 1011.64 21734.8 -nan -nan -nan -nan -nan 27642.8 7 1.10507e+06 1835.68 -nan -nan -nan 5.03976e+06 1
-70.3246 -68.3312 40.7655 41.4788 8.94007e+06 3.30897e+06 20759.5 76185.4 0 20924.5 -nan -nan -nan -nan -nan -nan 79.8555 1.00758e+06 2019 3.06708 -nan -nan 5.03486e+06 7
-70.6195 -70.4616 41.0255 42.2494 1.63809e+08 2.2785e+07 544541 7170.96 294294 8677.07 306074 42.3357 86029.7 454519 9.64896e+06 355642 673.758 -nan 60819.4 7.62477 35983.1 6152.08 4.81673e+07 2
-71.653 -69.9604 40.0359 41.8357 5.63153e+08 8.50121e+07 1.83962e+06 17238.9 998356 22871.3 995494 140.331 179007 1.40148e+06 3.56254e+07 1.03412e+06 261.742 3.44093e+07 54416.3 39.4129 54463.1 24443 1.65954e+08 69
-72.1124 -70.9089 40.8004 40.927 285952 82971 411.011 2118.79 0 -nan 295 66 188 -nan -nan -nan -nan -nan -nan -nan -nan -nan 69664 47
-70.7615 -69.791 40.0417 41.4208 5.00052e+07 8.34749e+06 58595.8 189016 0 -nan -nan -nan -nan 124643 3.23389e+06 98931 21.5176 3.47344e+06 -nan -nan -nan -nan 1.55421e+07 135
-70.378 -69.4156 40.9916 41.6392 1.17077e+07 4.24859e+06 27162.6 99048.4 0 28644.3 -nan -nan -nan -nan -nan 38534.2 30 1.40373e+06 2352.16 -nan -nan -nan 6.44174e+06 82
-71.7904 -70.7004 40.7804 40.9179 178694 62592.7 362.333 1138.42 0 336.544 -nan -nan -nan -nan -nan -nan -nan 16208 2 0 -nan -nan 34897 3
-70.7414 -70.3229 41.1763 42.361 4.13162e+08 5.58085e+07 1.41611e+06 107520 767794 17148.6 760165 110.592 179993 1.02637e+06 2.35083e+07 799691 237.174 2.41843e+07 83583.6 16.3153 89633.6 28480.5 1.21521e+08 18
-70.9646 -70.077 41.0363 41.0616 212737 65622 284.179 1503.96 0 360.276 -nan -nan -nan 62 17259 36 3 -nan -nan -nan -nan -nan 37241 3
-70.6529 -69.6444 40.6259 41.9226 4.31137e+08 6.78528e+07 1.4642e+06 15006.3 765050 17385.3 759575 269.086 195144 1.00714e+06 2.6113e+07 686929 145.932 2.38521e+07 41198.1 5.30524 37678.3 19618 1.26551e+08 86
-71.8366 -69.9445 40.7751 41.804 5.23672e+08 8.49001e+07 1.83344e+06 14546.1 939877 22582 880536 1266.6 208794 1.30129e+06 3.16814e+07 1.00313e+06 300.017 3.29101e+07 57623.8 39.4677 50090.3 23412 1.57405e+08 269
-70.5415 -70.0565 39.7032 41.2245 180923 65506 306.349 1384.24 0 -nan -nan -nan 56 106 17318 -nan -nan -nan -nan -nan -nan -nan 38405 3
-71.5369 -69.9616 39.8692 41.6427 1.65575e+08 3.35869e+07 671296 6116.39 353006 8476.44 356516 309.673 45305 364929 1.11211e+07 315332 191.776 1.23049e+07 21431.3 33.9632 19305.1 9066.52 5.75839e+07 106
-72.7065 -70.8652 39.9902 41.3392 441260 159241 985.275 3595.05 0 985.658 -nan -nan -nan -nan -nan -nan 3 57826 37 -nan -nan -nan 187298 107
-71.9011 -70.8064 39.6906 41.4375 2.7241e+06 1.00881e+06 16546 3479 0 5990.04 -nan -nan -nan -nan -nan -nan -nan -nan -nan -nan 453 219 1.3627e+06 33
-69.7479 -69.5435 40.7723 41.1982 179120 60574.4 460 1297 0 337.116 -nan -nan -nan -nan -nan -nan -nan -nan -nan -nan 3 1 36609 28
-69.7622 -68.7714 39.3632 40.9777 181760 65365.8 292.55 1626.61 17 365 13 55 -nan -nan -nan -nan -nan -nan -nan -nan -nan -nan 37457 375
-69.9282 -69.8283 40.3303 41.0556 180601 66288.1 322.702 1419.58 5 349 5 65 -nan -nan -nan -nan -nan -nan -nan -nan -nan -nan 36671 1
-69.7911 -68.489 40.2165 41.2228 183592 67302.2 281.108 1543.06 4 350 4 55 -nan -nan -nan -nan -nan -nan -nan -nan -nan -nan 36740 8
-70.0751 -69.5552 39.9732 40.5441 188494 68134.2 324.839 1419.53 6 351 6 55 -nan -nan -nan -nan -nan -nan -nan -nan -nan -nan 38143 2
-72.6556 -70.9484 40.8448 42.1376 5.68812e+08 9.75032e+07 2.18521e+06 13256 1.04307e+06 86314.6 943880 16485.5 162740 1.611e+06 3.67549e+07 1.03018e+06 342.266 3.79708e+07 182941 15.4951 51760 34970.5 1.77233e+08 174
-69.425 -69.3114 39.7267 41.3629 218579 77202.2 292.091 1511.65 0 364.018 -nan -nan -nan -nan -nan 235 3 19743 -nan -nan -nan -nan 40563 12
-70.9404 -69.4117 40.7387 42.7302 8.42467e+08 1.30747e+08 2.81179e+06 170926 1.44078e+06 30698.2 1.49296e+06 207.366 261877 2.01937e+06 5.21778e+07 1.61214e+06 356.95 4.97428e+07 161558 47.5172 138633 72277 2.4809e+08 49
-71.675 -70.8797 38.9601 40.6039 171448 60617.1 396.789 1279.7 0 357.111 -nan -nan -nan -nan 17135 39 3 16361 -nan -nan -nan -nan 38312 3
-70.2409 -69.3308 41.3318 43.14 6.33902e+07 2.30369e+07 380211 5292.88 184523 5480.64 211989 -nan -nan -nan 8.48686e+06 179848 114.312 7.8185e+06 13655.7 2.85948 12668.7 7067.53 3.42113e+07 265
-70.3791 -70.2045 40.4086 42.0772 3.60824e+07 1.30767e+07 157862 4682.26 120219 3650.65 0 -nan -nan -nan -nan -nan 172.556 4.10653e+06 10529.1 1.7959 5771.7 2542.99 2.10588e+07 96
-70.5418 -69.1658 41.044 41.1603 222250 66231.6 313.642 1332 66 375 53 -nan -nan -nan -nan -nan -nan -nan -nan -nan -nan -nan 37690 1
-70.312 -69.2769 40.8271 42.6142 1.60812e+08 2.55282e+07 528679 342174 161283 24820.5 229954 438.391 60388.2 422860 1.03598e+07 318129 165.771 9.93392e+06 17168.5 -nan -nan -nan 4.73216e+07 53
-70.1443 -69.1564 41.2963 42.4041 4.10209e+07 1.45933e+07 172853 4703.21 128549 3488.89 122626 -nan -nan -nan -nan -nan 247.319 5.22325e+06 16167.1 1.99952 8742.37 3987.09 2.35671e+07 135
-71.4133 -71.0741 40.0555 40.69 185747 68697.6 293.501 1335 18 368 15 -nan -nan -nan -nan -nan -nan -nan -nan -nan -nan -nan 38310 3
-70.1491 -68.5092 39.9336 41.0663 190659 70176.1 300.829 1335 3 366 3 -nan -nan -nan -nan -nan -nan -nan -nan -nan -nan -nan 36313 2
-69.9452 -68.4603 41.0779 41.8832 390111 145272 567.121 1371 342 533 340 -nan -nan -nan -nan -nan -nan -nan -nan -nan -nan -nan 134327 64
-70.8094 -68.8246 40.6341 40.6692 197493 71120.6 278.769 2014.57 46.8108 379.129 42.6767 -nan -nan -nan -nan -nan -nan -nan 4 0 -nan -nan 36647 120
-70.9776 -70.3858 41.302 42.9051 7.38059e+08 1.22103e+08 2.64429e+06 176722 1.14598e+06 63494.6 1.20353e+06 3753.17 236264 2.01723e+06 4.82737e+07 1.55838e+06 286.052 4.41186e+07 77115.2 16.7805 128781 71423.2 2.17472e+08 314
-69.8828 -68.5858 40.0814 40.6594 171446 61406.3 734.679 1155.57 0 329.17 0 -nan -nan -nan -nan -nan -nan -nan -nan 0 1 -nan 33891 2
-71.8081 -70.6064 40.2296 41.6641 1.18002e+08 1.95544e+07 274904 52443.4 201205 5297.19 206748 34.8666 35542.6 301917 7.86633e+06 231134 -nan -nan -nan 0 54393.1 14819.6 3.4694e+07 269
-70.1784 -68.7054 40.4184 41.5639 1.67874e+07 2.4505e+06 51746.7 85771.4 0 -nan -nan -nan -nan 40345 969103 30197 -nan -nan -nan -nan -nan -nan 5.17316e+06 196
-71.8157 -69.8858 39.3267 41.1012 182133 65766.6 411 1277.07 0 351.996 -nan -nan -nan -nan 17169 9 0 -nan -nan -nan -nan -nan 37082 50
-69.8197 -69.4901 41.3899 42.2213 210167 77250.3 366.551 2070 161 454 0 -nan -nan -nan -nan -nan -nan -nan -nan -nan -nan 2 49393 16
-69.4114 -69.31 41.009 42.37 199531 73522.2 309.059 1344 7 413 0 -nan -nan -nan -nan -nan -nan -nan -nan -nan -nan 3 40961 7
-70.6864 -69.792 40.0143 41.5028 6.50606e+07 9.5522e+06 68803.7 51031.8 98700.8 4696.78 110000 68.9414 9326.95 165283 -nan -nan -nan -nan -nan -nan -nan 8556.52 1.91437e+07 0
-70.3274 -70.0864 40.9822 41.2053 178326 65514 314.226 1421.88 0 -nan -nan 48 55 72 -nan -nan -nan -nan -nan -nan -nan -nan 39069 2
-71.4963 -70.7159 40.2621 41.3758 1.06673e+07 1.77434e+06 31118.1 50918.7 0 -nan -nan -nan -nan 24943 689065 16940 -nan -nan -nan -nan -nan -nan 3.20858e+06 37
-70.3857 -69.0008 40.0269 41.5082 9.60987e+06 3.33295e+06 55147 74235.8 0 23571.3 -nan -nan -nan -nan 925040 31604.4 40 1.02635e+06 1907.62 -nan -nan -nan 5.25702e+06 8
-70.7488 -70.2808 38.8824 40.7302 213957 59026.1 751.473 1312.6 69.8875 339.707 58.3049 -nan -nan -nan -nan -nan 2 16234 11 -nan -nan -nan 36873 45
-71.8646 -70.9432 40.4805 42.3894 9.26408e+08 1.37006e+08 2.9781e+06 381025 1.52851e+06 57633.8 1.57815e+06 222.293 218782 2.454e+06 5.65435e+07 1.77984e+06 365.339 5.57314e+07 161312 34.6385 155862 78899.7 2.72424e+08 26
-72.1581 -70.3327 41.0641 41.6822 2.37455e+08 3.32447e+07 803320 9250.25 432753 8536.25 426451 65.9228 83923.6 612901 1.41901e+07 465318 291.71 1.41682e+07 53251.5 11.691 21259.7 9529.42 6.99719e+07 3
-70.1835 -69.958 40.7285 41.3584 8.81661e+06 3.37886e+06 53856 61194.5 0 19344.5 -nan -nan -nan -nan -nan 29984.2 30 981994 1587.27 -nan -nan -nan 4.28844e+06 46
-71.6359 -70.9438 39.5577 40.5859 172603 61782 441 1183.65 0 337.5 -nan -nan -nan -nan -nan -nan 0 16329 2 -nan -nan -nan 35910 3
-70.6104 -70.5944 41.1051 42.8469 2.19479e+07 7.537e+06 122664 147996 2942.93 45106.3 -nan -nan -nan -nan -nan -nan 41.615 1.96806e+06 4516 1.83621 -nan -nan 1.07536e+07 42
-72.1336 -70.7294 40.7849 41.7953 1.59654e+08 2.4835e+07 489270 7613.84 271327 5648.86 272851 38.3204 38862.6 435400 9.74462e+06 296834 -nan -nan 59091.1 8.2133 33995.4 7457.78 4.70506e+07 45
-69.5595 -69.4675 40.2139 41.0021 189666 67596.3 648.744 1734.48 0 364.581 0 -nan -nan -nan 17134 41 3 16358 -nan -nan -nan -nan 39790 2
-70.6295 -70.2601 41.3596 42.6556 2.62502e+08 3.82452e+07 933788 10548.4 466095 8986.42 475881 53.3214 82773.5 706276 1.4688e+07 446613 147.584 1.44113e+07 44722.1 0 31309.8 13886 7.7158e+07 56
-71.1122 -70.4152 40.4215 42.2658 7.85948e+08 1.17867e+08 2.56277e+06 461583 1.32818e+06 27439 1.30249e+06 217.625 303152 1.79957e+06 4.45102e+07 1.42408e+06 399.528 4.52796e+07 142840 26.6412 165705 67836.6 2.31105e+08 30
-71.9959 -70.0372 41.1447 41.2492 1.7291e+06 594399 11066.7 15733 0 3270.34 0 -nan -nan -nan -nan -nan -nan -nan -nan 1 180 -nan 735737 23
-72.1305 -70.7489 40.9869 42.7698 1.94735e+09 3.04867e+08 6.43105e+06 535881 3.3502e+06 139455 3.31336e+06 13401.6 469293 5.19186e+06 1.27619e+08 3.58677e+06 881.798 1.26688e+08 250424 54.6558 237775 139369 5.81203e+08 38
-70.588 -70.0367 41.2411 42.9379 3.26723e+08 3.99776e+07 1.01775e+06 92515.3 444833 24175.3 473089 327.363 123681 802960 1.82565e+07 650685 295.509 2.08162e+07 34455.7 0 27637.7 13577.6 9.63396e+07 63
-70.0776 -68.5183 40.5986 41.6228 1.04759e+07 1.3474e+06 30539 50136.2 0 -nan -nan -nan -nan 23713 524170 18065.3 -nan -nan -nan -nan -nan -nan 3.17537e+06 15
-70.422 -70.2734 41.1809 42.2928 3.83327e+07 1.13328e+07 193898 288526 0 76882.8 -nan -nan -nan 123428 3.31915e+06 105496 28.208 3.47855e+06 6361.53 -nan -nan -nan 1.80895e+07 30
-70.2611 -70.0584 39.5282 40.5946 170424 60913 723.812 1327.03 0 341.719 0 -nan -nan -nan -nan -nan 2 16237 5 -nan -nan -nan 35567 249
-70.3915 -69.5527 38.919 40.8433 178483 63769.2 777.032 1288.17 0 345.141 0 -nan -nan -nan -nan -nan 0 16237 3 -nan -nan -nan 36977 3
-69.4113 -69.1054 41.2058 41.8473 221335 80624.2 354.463 1386.84 0 327.725 0 -nan -nan -nan -nan 6 0 19741 -nan -nan -nan -nan 42553 8
-70.2938 -69.9841 40.5287 41.4128 9.95813e+06 3.64252e+06 45461.4 90698.8 0 24247.6 0 -nan -nan -nan -nan -nan -nan 943299 2147 2 -nan -nan 5.57702e+06 122
-70.6366 -68.9095 40.3656 41.952 3.83354e+08 5.34368e+07 1.26451e+06 172211 683513 13869.9 668316 92.0179 164074 1.00369e+06 2.15358e+07 768849 141.557 2.5284e+07 55193.9 6.48128 95904 39876.1 1.12975e+08 152
-70.3569 -68.7788 40.8913 42.2209 1.6247e+08 3.10297e+07 578769 5751.28 280938 5937.17 283997 1548 -nan 356117 1.06042e+07 331601 32.4435 1.01179e+07 17598.9 8.6494 23078 10281.1 5.16568e+07 189
-71.632 -70.65 40.3445 40.8106 168264 60273.6 604.199 1438.56 19 371 16 59 -nan -nan -nan -nan -nan -nan -nan -nan -nan -nan 37624 115
-69.4232 -68.0092 40.6038 40.7979 169085 61106 587.05 1150.37 3 358 3 57 -nan -nan -nan -nan -nan -nan -nan -nan -nan -nan 36732 3
-70.5889 -69.9071 39.0401 40.8622 171152 61923 587.639 1178.83 4 354 4 59 -nan -nan -nan -nan -nan -nan -nan -nan -nan -nan 36905 2
-70.1019 -68.5277 41.0512 42.0182 8.62051e+07 1.19559e+07 264297 363597 71387 16326.2 120331 721.466 12501.8 200497 4.96418e+06 148176 -nan -nan -nan -nan -nan -nan 2.52739e+07 38
-69.9508 -68.4862 40.6906 41.6734 383467 118895 1765 2550.87 0 722.577 -nan -nan -nan 988 38847 970 -nan -nan -nan -nan -nan -nan 120466 39
-70.8278 -70.2001 40.5099 42.4232 5.80658e+08 7.55885e+07 1.86704e+06 17327.1 1.02618e+06 18157.6 1.00639e+06 64.3115 244531 1.47075e+06 3.27256e+07 967459 282.451 3.23339e+07 59233.6 5.2764 50744.4 23133.4 1.70978e+08 11
-71.9236 -71.0307 41.3729 42.6042 1.22891e+09 1.8164e+08 3.89598e+06 504104 1.89489e+06 104141 1.88848e+06 5156.57 307665 3.05879e+06 7.32061e+07 2.32104e+06 806.124 7.27288e+07 122107 41.1935 174626 94712 3.66791e+08 27
-69.7771 -69.5406 41.3333 41.4697 177339 63477.6 754 1324.54 0 373.175 -nan -nan -nan 215 20664 229 -nan -nan -nan -nan -nan -nan 40788 11
-71.7844 -70.1522 41.3268 43.2643 2.40993e+09 3.67109e+08 7.53982e+06 599339 3.95203e+06 138971 3.94774e+06 6736.48 577987 6.26303e+06 1.44273e+08 4.17166e+06 1319.1 1.47534e+08 348183 58.8283 288084 119958 7.18498e+08 99
-72.1042 -70.201 41.1933 42.2357 1.30891e+09 1.9469e+08 4.31879e+06 128537 2.21722e+06 71725.5 2.11027e+06 3437.82 407063 3.21316e+06 7.96063e+07 2.54346e+06 483.555 7.49505e+07 128862 13.0236 117387 56664.9 3.89834e+08 47
-70.4328 -70.0322 40.1907 41.5804 7.27559e+06 2.64088e+06 41915 60223.3 0 18341.8 -nan -nan -nan 30038.7 763490 24632 19.8959 -nan -nan -nan -nan -nan 4.09012e+06 26
-70.2587 -70.0571 40.5402 41.6122 4.4728e+06 1.62172e+06 26238.8 38316.2 0 11203.3 -nan -nan -nan -nan 667496 19321 22 739266 -nan -nan -nan -nan 2.47115e+06 1
-70.9643 -70.4544 40.7728 41.3916 1.93163e+07 7.09342e+06 88435.9 166341 0 47777.5 0 -nan -nan -nan 1.8109e+06 55252.7 16.414 1.98439e+06 3156.22 0 -nan -nan 1.07373e+07 93
-72.6423 -70.8859 39.8363 40.7151 190911 68936 799.558 1501.42 0 378.869 0 -nan -nan -nan -nan -nan -nan 19087 5 0 -nan -nan 43652 9
-69.4001 -68.0353 39.0794 40.8799 186987 69229.7 277.528 1348.5 0 345.328 0 -nan -nan -nan -nan -nan 2 16237 4 -nan -nan -nan 35563 22
-69.5663 -69.1562 40.8809 41.2693 211352 74059 350.008 1666.45 0 -nan -nan 56 152 220 -nan -nan -nan -nan -nan -nan -nan -nan 48146 4
-69.5642 -68.1625 41.2447 42.5253 176372 63018.7 730.833 1413 118 432 114 -nan -nan -nan -nan -nan -nan -nan -nan -nan -nan -nan 42853 11
-70.0263 -69.5519 41.1462 41.7275 9.08903e+06 2.83476e+06 51840 73696.8 0 22028.3 -nan -nan -nan 38904.4 986595 29636 40.6811 -nan -nan -nan -nan -nan 5.00852e+06 43
-70.6581 -69.2321 40.943 42.3326 4.66676e+08 7.12438e+07 1.59611e+06 13694.6 810917 13838.7 811699 107.685 196325 1.18763e+06 2.7266e+07 762221 410.83 2.6078e+07 53504.3 0 43785 19015.1 1.37643e+08 45
-70.4008 -68.4162 40.6576 41.3751 9.58147e+06 3.27783e+06 62046 79024 0 21907.6 -nan -nan -nan 36206.7 1.08566e+06 32881 37.5171 -nan -nan -nan -nan -nan 5.17526e+06 94
-72.9126 -71.0654 39.2747 40.8445 232836 83617.3 1121 1736.86 0 500.243 -nan -nan -nan -nan 27254 432 3 -nan -nan -nan -nan -nan 70619 74
-70.3957 -68.7336 39.7933 40.7927 183525 66553.6 405 1244.34 0 348.139 -nan -nan -nan -nan 17167 4 0 -nan -nan -nan -nan -nan 36890 3
-70.3176 -69.6301 40.9102 41.1819 178322 63923.8 448 1343.37 0 356.79 -nan -nan -nan -nan 17167 4 0 -nan -nan -nan -nan -nan 37761 1
-69.5716 -68.6102 41.3011 42.1219 196083 71484.9 698 1366.24 0 378.21 -nan -nan -nan -nan 20648 183 0 -nan -nan -nan -nan -nan 42695 10
-70.4769 -69.7925 39.8461 40.8833 168948 59209.8 703.858 1354.26 0 339.246 0 -nan -nan -nan -nan -nan -nan -nan 4 0 -nan -nan 34002 2
-71.1732 -71.085 40.5166 42.1566 7.734e+07 1.26575e+07 258679 359040 0 -nan -nan 1589.39 23434.7 202686 4.9413e+06 150642 51.6297 5.08441e+06 -nan -nan -nan -nan 2.31129e+07 26
-69.9772 -69.6534 40.7693 41.1661 178645 62217 723.659 1341.87 0 348.37 0 -nan -nan -nan -nan -nan -nan 16203 3 0 -nan -nan 37452 78
-70.6704 -69.5262 39.4698 40.6334 179064 65516 334.128 1426.3 0 -nan -nan 62 56 88 -nan -nan -nan -nan -nan -nan -nan -nan 37940 24
-71.2947 -70.7201 41.0836 43.0088 1.23533e+09 1.82399e+08 3.7083e+06 29733 2.06868e+06 40714.1 2.09171e+06 530.873 250300 2.93014e+06 7.07791e+07 1.9748e+06 499.536 6.91321e+07 151292 54.9999 103438 51694.1 3.65021e+08 55
-69.8651 -68.5993 40.0444 41.3267 207025 73888 780 1311.85 0 -nan -nan -nan -nan 241 20801 -nan -nan -nan -nan -nan -nan -nan 46422 14
