-70.6563 -69.8534 42.2156 42.7452 5.71686e+06 1.28235e+06 27308 7084 13169 -nan -nan -nan -nan -nan -nan -nan -nan -nan -nan -nan -nan -nan 1.6827e+06 0
-70.9751 -70.7236 40.5764 41.7964 6.4718e+07 1.82531e+07 337719 159500 140464 10558.2 162410 81.273 16881.3 216179 4.5583e+06 -nan -nan -nan -nan -nan -nan -nan 2.54757e+07 26
-71.0718 -69.3633 42.058 42.1777 1.09405e+08 2.1414e+07 438574 493659 0 -nan -nan 2291.63 27279.1 254188 6.20191e+06 189158 44.6703 6.81042e+06 11170.4 0 9945.25 5976.19 3.39547e+07 356
-71.275 -70.6275 40.6072 41.4557 1.80096e+07 6.52084e+06 59504.4 139718 0 5047.57 47308.1 75.3202 2843 79890.8 1.95421e+06 61089.6 -nan -nan -nan -nan -nan -nan 1.0484e+07 23
-70.7816 -69.4721 41.3101 41.6378 1.35538e+08 1.55437e+07 374105 12044.5 202129 -nan -nan -nan 33978.6 300642 7.49127e+06 215328 50.5461 7.48305e+06 12218.9 0 9153.91 3606.07 3.99651e+07 20
-70.7377 -70.4239 42.0297 43.9214 1.17257e+08 2.66673e+07 384157 79435.3 188670 13088 198102 48.3773 18442.6 444037 9.25406e+06 136663 35.2089 1.03366e+07 -nan -nan -nan -nan 4.05636e+07 71
-72.4795 -70.4961 41.4062 42.6818 2.76368e+09 3.82455e+08 8.17868e+06 586858 4.20594e+06 155479 4.17334e+06 16441.9 572676 6.59262e+06 1.47293e+08 4.62687e+06 886.951 1.49577e+08 426660 64.7988 411133 172016 8.2349e+08 105
-70.0927 -68.1583 40.9031 42.0508 4.80225e+07 1.29547e+07 259695 137408 106812 11237.5 127560 104.02 9930.5 186742 7.59428e+06 -nan -nan -nan -nan -nan -nan -nan 2.27065e+07 39
-70.4726 -69.6636 41.7573 43.4109 2.74754e+07 9.75694e+06 46024.3 235563 1139.46 -nan -nan 702.367 9596.8 113203 3.23779e+06 92119.5 5.51064 3.36863e+06 -nan -nan -nan -nan 1.50327e+07 3
-71.4054 -70.4497 40.8027 41.4697 6.18304e+07 9.38433e+06 190809 7746.45 99327.8 2762.24 106400 -nan -nan -nan -nan -nan -nan -nan -nan -nan 24590.4 7179.82 1.84754e+07 76
-69.8396 -69.3233 40.5966 41.4977 199707 73885.6 300.61 1255 116 402 113 -nan -nan -nan -nan -nan -nan -nan -nan -nan -nan -nan 44359 10
-70.0087 -69.7244 41.7647 42.0562 1.41048e+07 5.11566e+06 64112.4 157356 26566.6 6625 34443 750.153 2646.67 -nan -nan -nan -nan -nan -nan -nan -nan -nan 7.41486e+06 27
-71.3513 -69.8171 40.1154 41.5773 6.08465e+07 2.22168e+07 94480.2 522386 0 79380 88339 3575.26 26530.2 244675 6.67458e+06 220310 44.9329 7.7271e+06 14075.5 0 -nan -nan 3.24824e+07 52
-69.6441 -68.5844 42.1998 43.9243 1.86398e+06 692706 3619.65 14653.8 0 -nan -nan -nan -nan -nan -nan -nan -nan -nan 626 0 -nan -nan 1.01575e+06 12
-70.8515 -69.7316 40.1031 41.8108 4.59585e+08 7.21098e+07 1.44393e+06 58560.5 771575 13822.9 739772 116.297 111356 1.00303e+06 2.48433e+07 830741 73.2151 2.37922e+07 45214.1 7.57488 126381 56036 1.37565e+08 107
-70.5578 -70.4333 41.4083 41.4472 1.01395e+06 352105 1627.22 8297.07 127.146 -nan -nan -nan -nan -nan 79796.3 2780 4 82652 -nan -nan -nan -nan 504854 8
-71.1982 -70.7268 41.2711 43.0039 1.09704e+09 1.56817e+08 3.14785e+06 474573 1.54082e+06 89155.4 1.62449e+06 3852.44 214221 2.62889e+06 6.01632e+07 1.87108e+06 441.435 6.08958e+07 166981 28.2569 182825 80424.2 3.24859e+08 40
-70.9237 -70.469 41.1573 42.2685 5.98006e+08 7.81169e+07 1.88862e+06 12147.3 964611 33488.9 880401 7742.59 156046 1.38538e+06 3.10093e+07 957828 237.72 3.29644e+07 53809.9 20.9537 47194.2 21254.5 1.75719e+08 2
-69.8663 -69.3236 41.2304 42.0212 170569 61972.7 397.528 1213.34 0 -nan -nan -nan -nan -nan -nan -nan -nan 19685 2 0 -nan -nan 36594 5
-70.8874 -70.2077 41.5942 42.9127 6.38327e+08 9.27107e+07 2.16144e+06 398808 1.0252e+06 35178.2 1.03942e+06 158.06 215480 1.4927e+06 3.31668e+07 1.1532e+06 352.578 3.37978e+07 107376 28.2672 141589 60515.3 1.93389e+08 18
-70.6685 -69.9762 40.9172 42.6174 5.16893e+08 6.6083e+07 1.56727e+06 13736.9 834257 15011.3 813278 109.836 201658 1.22091e+06 2.84906e+07 816710 279.012 2.75019e+07 47846.6 6.36565 44396.7 21054.7 1.52554e+08 29
-70.7026 -69.1696 41.5137 42.8571 5.18008e+08 6.56322e+07 1.63662e+06 13967.7 847656 15191.2 832707 119.662 202247 1.28197e+06 2.70232e+07 821156 332.139 2.80632e+07 83028.8 6.47457 41353.3 18978.8 1.52795e+08 17
-71.4858 -69.5074 41.4082 42.637 2.03625e+09 2.69227e+08 5.69179e+06 382720 3.03855e+06 104395 3.03057e+06 16306.8 368612 4.72183e+06 1.09052e+08 3.39749e+06 836.844 1.06845e+08 280326 66.4677 249239 102299 6.04024e+08 47
-70.9235 -69.9397 42.1856 42.6204 8.81205e+07 1.36712e+07 274909 38373.1 137394 3537.55 147752 103.667 9652.83 218597 -nan -nan -nan -nan -nan -nan -nan 15030.6 2.75502e+07 78
-70.5702 -68.7434 41.1684 42.0854 3.5639e+08 4.43133e+07 1.06187e+06 11239.2 589061 10084.3 569905 1204.83 95432.4 753811 2.09858e+07 617679 82.3683 1.90725e+07 31930.6 14.733 26601.3 14240.3 1.05185e+08 28
-69.4031 -69.3964 40.7063 42.6398 186749 66874.1 338.441 1566.83 0 -nan -nan -nan -nan -nan -nan -nan -nan -nan -nan 0 4 -nan 43672 16
-69.4196 -69.0568 41.6308 42.5495 236780 78856 949 2153 144 468 -nan -nan -nan -nan -nan -nan -nan -nan -nan -nan -nan -nan 43423 41
-72.5681 -71.0829 40.4674 41.8063 3.59438e+07 9.12442e+06 168116 39647.8 83916.7 4627 91428.1 127.759 12576.9 -nan -nan -nan -nan -nan -nan -nan -nan -nan 1.60056e+07 130
-69.4786 -68.6795 40.6285 41.9332 180107 66013.3 281.515 1531.84 0 386 109 55 151 -nan -nan -nan -nan -nan -nan -nan -nan -nan 39876 7
-72.0046 -70.7981 40.6506 41.44 3.3042e+06 1.22517e+06 10721.5 32743 0 982.274 8011 79 712 11665.5 -nan -nan -nan -nan -nan -nan -nan -nan 1.81468e+06 181
-71.5895 -70.9161 40.5452 42.4674 1.00687e+09 1.30983e+08 2.89103e+06 23259.4 1.61447e+06 32824.5 1.57314e+06 5834.49 194005 2.3178e+06 5.33627e+07 1.49078e+06 334.114 5.31816e+07 206262 23.3765 79394.1 32764 2.96182e+08 93
-71.2134 -70.8345 42.1195 43.0773 6.28022e+08 8.51286e+07 1.81579e+06 16674.1 1.00366e+06 19661 982795 145.031 104839 1.47643e+06 3.41086e+07 906118 179.172 3.40645e+07 61571.8 20.6223 50227.4 27793.6 1.84965e+08 60
-72.4189 -70.8576 41.0508 42.5155 1.82839e+09 2.34979e+08 5.12834e+06 270260 2.7707e+06 96338.1 2.67314e+06 15838.6 354160 4.30537e+06 9.51504e+07 2.83886e+06 805.839 9.55886e+07 218681 19.3543 139710 70358.8 5.37958e+08 111
-70.3709 -68.9126 40.1673 42.1417 2.06822e+08 2.65838e+07 601685 5984.39 318832 6915.03 318887 3674.65 62565.1 427148 1.25073e+07 380388 72.6456 1.08577e+07 17728.5 0 15871.2 7247.82 6.09976e+07 158
-70.0616 -70.0595 39.6803 41.4419 835942 312553 1355.1 7415.97 2030 645 2023 54 -nan -nan -nan -nan -nan -nan -nan -nan -nan -nan 386814 54
-69.716 -68.0626 41.9562 42.283 177157 64186.8 609.162 1200.94 4 422 4 55 -nan -nan -nan -nan -nan -nan -nan -nan -nan -nan 41863 12
-69.5045 -69.024 42.1905 43.7757 351059 128674 1259.13 2380.26 577 480 573 55 -nan -nan -nan -nan -nan -nan -nan -nan -nan -nan 138070 79
-69.6204 -68.0836 42.0107 43.7729 216771 78907 736.044 1634.05 32 437 30 54 -nan -nan -nan -nan -nan -nan -nan -nan -nan -nan 62622 99
-71.1093 -70.9537 41.6301 43.1424 3.89932e+08 5.26979e+07 1.13039e+06 11777.5 599313 14134.2 569152 93.7084 67122.8 882617 2.17032e+07 590396 141.206 2.00916e+07 32953.1 9.6041 33109.2 16725.2 1.14992e+08 37
-73.0023 -71.12 42.1062 43.3579 1.9675e+09 2.7607e+08 5.69695e+06 419983 2.96491e+06 142593 2.87749e+06 20977.8 451812 5.05091e+06 1.20871e+08 3.35735e+06 578.336 1.13294e+08 294632 37.5002 259988 118038 5.8113e+08 58
-70.3457 -70.2855 40.0775 41.8788 1.33769e+07 4.92202e+06 36602.4 113233 0 -nan -nan -nan 10996.9 60649.7 1.46887e+06 47813 28.9612 1.62296e+06 -nan -nan -nan -nan 8.01844e+06 67
-70.4439 -69.1206 41.003 42.6625 2.2135e+08 3.33942e+07 769036 8370.73 369467 6899.49 329258 57.3519 18763.6 504372 1.20075e+07 257467 96.2292 1.27873e+07 23237.1 0 20922.4 9999.16 6.53761e+07 114
-71.2691 -70.2339 42.2142 42.3653 1.72268e+08 2.47992e+07 526015 5315.84 264080 9165.34 259615 18367.9 83551.9 274674 9.37205e+06 208576 89.1653 9.75193e+06 16546.5 0 15666 8209.93 5.058e+07 57
-69.6751 -68.435 41.3013 42.2806 204556 74651.1 342.074 1421.2 132 449 123 64 -nan -nan -nan -nan -nan -nan -nan -nan -nan -nan 44217 16
-70.3253 -69.9366 40.6848 42.5491 1.72123e+08 2.99834e+07 560246 106354 275249 5899.74 307174 48.0139 53465.4 444872 1.0874e+07 320882 37.7165 1.0325e+07 17341.4 0 -nan 28640.9 5.4642e+07 141
-69.6883 -68.4865 40.5623 41.9633 191979 68470.9 335.861 1487.52 0 -nan -nan -nan -nan -nan -nan -nan -nan 19687 5 0 -nan -nan 46311 13
-70.2987 -68.8443 42.1779 42.2669 195444 71434.7 468.963 1407.72 0 -nan -nan -nan -nan -nan -nan -nan -nan 23386 6 0 -nan -nan 51903 16
-69.928 -68.167 42.1898 43.1238 182411 65825 419.896 1467.48 0 -nan -nan -nan -nan -nan -nan -nan -nan -nan 5 0 -nan -nan 43445 13
-70.2371 -68.4352 41.0389 42.3592 1.5971e+08 2.05616e+07 475656 6155.72 249738 4851.48 231078 44.3447 12127.2 329813 7.54341e+06 291451 -nan -nan 54246.8 0 19640.4 5991.53 4.72396e+07 149
-71.1519 -70.5841 41.192 42.1889 7.11216e+08 9.45321e+07 2.1506e+06 15401.6 1.15869e+06 23991.5 1.13016e+06 376.626 203836 1.69129e+06 3.92482e+07 1.06247e+06 384.706 3.92122e+07 116099 11.6852 53287.6 19352.4 2.09693e+08 102
-72.296 -70.9022 41.7249 42.2736 8.32826e+08 1.08196e+08 2.42814e+06 20598 1.38454e+06 30012.3 1.41187e+06 1266.73 187669 2.03034e+06 4.75201e+07 1.29474e+06 226.572 4.56573e+07 152414 16.9258 65940.1 28370.9 2.45384e+08 208
-70.8183 -70.0372 41.379 43.1903 6.53586e+08 1.02915e+08 2.20272e+06 477664 1.03213e+06 28402.9 1.08299e+06 183.153 146056 1.60723e+06 3.72889e+07 1.21047e+06 438.351 3.96121e+07 65569.4 29.6562 133963 79436.9 2.03168e+08 36
-70.0636 -68.5524 42.1609 42.8745 194824 69755.5 317.611 1373.97 0 -nan -nan -nan -nan -nan -nan 167 0 23445 -nan -nan -nan -nan 48275 98
-70.2567 -68.7124 41.2246 41.762 1.00524e+08 1.50618e+07 323367 6389.31 158689 -nan -nan -nan -nan -nan -nan 93738.7 78.5607 5.69951e+06 12956.3 0 10199.1 4066.32 2.97006e+07 28
-70.8271 -69.7103 40.2074 41.6166 8.63279e+07 3.25661e+07 125675 279853 159273 14219.7 183867 253.763 28813.8 323311 7.11519e+06 248193 33.8581 7.51331e+06 12894 12.2177 -nan -nan 4.15391e+07 46
-71.423 -70.2955 41.114 42.3806 1.27091e+09 2.01675e+08 3.90189e+06 470934 1.90941e+06 75433.5 2.06924e+06 379.48 304405 3.12863e+06 7.12602e+07 2.39308e+06 469.543 7.30719e+07 150256 33.0326 182349 77590.8 3.77863e+08 39
-71.6996 -71.0604 41.3626 41.7547 4.3625e+07 6.46303e+06 134713 9262 73447.8 2014.79 -nan -nan -nan -nan -nan -nan -nan -nan -nan -nan -nan 4424.15 1.302e+07 14
-71.037 -70.8707 41.2389 41.7764 3.84033e+07 1.45794e+07 153823 19895.6 94609.7 3747.15 103279 72.1212 15024.8 154540 3.77329e+06 -nan -nan -nan -nan -nan -nan -nan 1.83821e+07 1
-71.0853 -70.6812 41.8349 43.7791 7.35429e+08 9.5492e+07 2.15147e+06 18091.4 1.16641e+06 24981.1 1.07839e+06 1531.11 136435 1.75985e+06 4.12719e+07 1.08052e+06 258.029 4.13282e+07 137590 18.3425 58525.4 27045.6 2.16076e+08 11
-71.5377 -69.5407 41.4526 43.4066 2.26253e+09 3.21931e+08 6.69262e+06 635133 3.4472e+06 162180 3.39376e+06 21983.6 652809 5.79329e+06 1.30721e+08 3.94687e+06 741.755 1.29121e+08 268536 84.3275 337553 149224 6.73421e+08 73
-71.7677 -70.7537 42.0761 42.946 1.45954e+09 2.05554e+08 4.47261e+06 365418 2.28595e+06 105458 2.20913e+06 5888.39 275041 3.42147e+06 8.43173e+07 2.26183e+06 505.181 8.82773e+07 186839 41.9488 121544 47769.1 4.28958e+08 735
-70.3692 -69.9663 41.9532 43.8437 4.65033e+07 1.30288e+07 286299 97647.1 102271 10035.1 112434 125.035 14375.8 291190 -nan -nan -nan -nan -nan -nan -nan -nan 2.17585e+07 64
-70.5521 -70.4103 40.584 42.0574 1.08861e+08 1.88409e+07 87048.8 446569 30315.4 -nan 108668 2166.5 44458.9 236252 5.3847e+06 193914 12.0703 6.10622e+06 11173.8 0 -nan -nan 3.20296e+07 16
-71.0175 -69.9548 40.4792 42.2288 8.80475e+08 1.32202e+08 2.80439e+06 448833 1.25926e+06 66737.3 1.39564e+06 417.467 291033 2.05578e+06 5.07546e+07 1.68873e+06 387.426 5.57268e+07 97467 32.9918 132774 68809.6 2.60888e+08 174
-71.3017 -70.1136 39.9994 41.5576 8.99394e+07 1.75486e+07 89813.8 427930 0 -nan -nan -nan 41878.6 206598 5.80395e+06 162571 34.9183 5.40209e+06 8609.99 6.81331 -nan -nan 2.65724e+07 16
-71.0922 -70.1921 41.634 43.1117 1.10615e+09 1.54125e+08 3.23351e+06 176204 1.64215e+06 90883.7 1.6097e+06 12642.7 306935 2.71765e+06 5.9479e+07 1.97948e+06 367.981 5.97561e+07 106692 40.8798 128150 80319.7 3.25671e+08 88
-72.2712 -71.1247 42.264 42.6459 8.12621e+08 1.05808e+08 2.36227e+06 18415.3 1.36791e+06 26847 1.3538e+06 196.096 221015 1.91647e+06 4.43743e+07 1.27656e+06 282.788 4.57417e+07 118817 11.8496 68358.9 32362.9 2.40466e+08 129
-70.6007 -68.7317 39.7926 41.5749 5.99308e+07 7.87235e+06 181276 6404.64 96984.6 -nan -nan -nan -nan -nan -nan -nan -nan -nan 13895.5 2.02236 4914.68 2225.62 1.81522e+07 10
-70.4034 -70.0076 41.2257 42.3444 1.54341e+08 3.41891e+07 512413 57957.9 235550 12121.6 273215 35.2503 64975.9 380732 9.28152e+06 307722 17.6185 9.94247e+06 16369.4 0 -nan -nan 4.69092e+07 39
-72.0404 -70.1032 40.8214 42.6922 2.64525e+09 3.71795e+08 7.95195e+06 665296 4.14202e+06 173578 4.14731e+06 23924.7 590873 6.47043e+06 1.47381e+08 4.51427e+06 621.97 1.44574e+08 378143 109.466 361872 156592 7.84097e+08 70
-69.6946 -69.5083 40.5336 42.3391 200700 69893.9 610.145 1688.43 0 -nan -nan -nan -nan -nan -nan -nan 11 19706 3 -nan -nan -nan 42621 8
-70.7327 -70.3725 42.0233 43.1216 4.29334e+07 7.89224e+06 49941.3 185203 0 -nan -nan -nan -nan -nan -nan -nan 39.9112 2.32656e+06 5316.15 1.37813 4282.57 -nan 1.2675e+07 81
-70.8368 -70.3224 41.1477 42.5475 5.22956e+08 6.70637e+07 1.62079e+06 12203.8 875330 27427 796693 3802.51 194847 1.18576e+06 2.95009e+07 961204 270.301 3.19259e+07 54765.7 12.8703 45750.9 20829.5 1.53873e+08 32
-71.9823 -70.7989 41.2211 42.2761 8.89818e+08 1.28056e+08 2.81602e+06 22901.2 1.54457e+06 28744.2 1.49244e+06 1047.68 171621 2.09066e+06 5.24002e+07 1.47106e+06 261.131 5.15179e+07 196818 30.3565 112012 40725 2.67816e+08 98
-70.8364 -69.7743 41.9079 43.0978 2.1709e+08 2.7141e+07 566249 74629.5 286450 19899.1 301149 68.1106 73881.8 534255 1.16011e+07 406809 12.0183 1.17519e+07 20662.8 16.0209 18343.9 8024.27 6.4017e+07 127
-71.2707 -69.4622 42.2398 42.2661 2.18796e+07 6.16268e+06 110969 3668 62171 2973.81 67075.1 -nan -nan -nan -nan -nan -nan -nan -nan -nan -nan 4708.46 1.21388e+07 18
-70.4759 -69.75 41.1296 42.9549 2.40882e+08 3.79254e+07 718227 76721.6 339274 19815.6 412283 62.2444 100319 602216 1.36295e+07 453222 62.2312 1.39489e+07 25037.8 11.8511 23044.2 15453.5 7.10092e+07 11
-70.2439 -69.569 41.8339 42.5802 1.55081e+07 4.69941e+06 97976 11955 43966 1616.83 -nan -nan -nan -nan -nan -nan -nan -nan -nan -nan -nan 2981.41 8.70217e+06 16
-72.4669 -70.5581 40.9461 41.9327 5.37262e+08 6.73111e+07 1.57782e+06 307482 779611 49431.1 742469 1100.58 161409 1.29901e+06 2.84367e+07 1.00111e+06 133.839 2.77753e+07 48426.9 13.2165 43293.5 21274.7 1.57959e+08 84
-69.8108 -68.6422 40.1843 42.0588 203853 71421.2 328.809 1773.48 0 422 116 48 152 -nan -nan -nan -nan -nan -nan -nan -nan -nan 52901 8
-70.2122 -69.9447 40.047 41.6435 1.02232e+07 3.77094e+06 17031.4 88870.9 0 -nan 27217.7 77 4495 41833 1.08212e+06 -nan -nan -nan -nan -nan -nan -nan 5.42983e+06 43
-70.595 -69.9149 40.6316 41.5955 3.16279e+07 1.16123e+07 91762.8 282539 0 -nan -nan 1773.13 19373.3 139444 3.32472e+06 112880 0 3.29385e+06 6614.33 -nan -nan -nan 1.8048e+07 8
-69.5768 -68.8216 41.4722 43.4087 184929 66292 425.8 1381.86 0 -nan -nan -nan -nan -nan -nan -nan 2 19712 4 -nan -nan -nan 43156 10
-72.6268 -71.0514 40.4705 41.5729 8.42667e+06 1.48788e+06 9991.86 34745.6 479.614 -nan -nan -nan -nan -nan -nan -nan -nan 492951 926 0 -nan -nan 2.47621e+06 23
-70.5034 -70.1405 40.9447 41.6704 8.12337e+07 1.09875e+07 261120 5095.03 135595 5520.76 -nan -nan -nan -nan -nan -nan -nan 5.88289e+06 13286.6 5.57555 6707.57 3192.99 2.40447e+07 258
-70.7443 -70.2734 41.4921 43.3563 4.16086e+08 5.19168e+07 1.28905e+06 100723 638165 32528.1 677139 107.522 201800 1.0771e+06 2.36602e+07 793384 180.464 2.57213e+07 47753.3 24.8917 34648.6 14856.6 1.22718e+08 122
-70.1392 -68.2226 41.1535 42.744 1.05981e+08 1.49194e+07 315715 11899.2 28161.5 -nan -nan -nan -nan 192340 5.98963e+06 152918 87.0874 5.46937e+06 9908.65 2.60784 9471.42 4298.74 3.1089e+07 61
-71.5848 -70.7573 40.3523 42.2541 7.57058e+08 1.06607e+08 2.15658e+06 505754 982252 108264 1.03845e+06 7080.95 170687 1.86449e+06 4.16809e+07 1.29362e+06 172.303 4.17716e+07 72414.3 31.0432 69335.1 44011.8 2.22147e+08 86
-71.0648 -69.8261 41.8518 42.725 6.69399e+08 9.30534e+07 2.02482e+06 570481 912623 74166.1 1.02621e+06 1383.83 171362 1.61594e+06 3.60706e+07 1.11731e+06 333.576 3.70592e+07 62845.6 32.1951 56035 34849.7 1.9662e+08 91
-71.1019 -70.2784 42.185 42.2155 2.54307e+07 4.72047e+06 32523.9 105311 0 -nan -nan -nan -nan -nan -nan -nan -nan 1.30518e+06 2846.5 3 2146.51 -nan 7.52055e+06 75
-70.2642 -70.2475 42.0448 42.4308 259750 76495.3 484.421 1572.49 0 -nan -nan -nan -nan -nan -nan -nan -nan -nan -nan 0 2 -nan 61392 41
-70.1741 -68.4029 41.33 42.3948 9.42972e+07 1.44707e+07 313215 3446.83 147599 3630.25 149452 939.133 -nan -nan -nan -nan -nan -nan -nan 0 16470.2 4118.91 2.81114e+07 154
-71.9221 -70.3922 41.2673 43.1507 2.56198e+09 3.83124e+08 8.2538e+06 720794 4.1016e+06 172516 4.03285e+06 11037.6 615755 6.52039e+06 1.51124e+08 4.30169e+06 981.756 1.48871e+08 376290 110.688 300239 133875 7.64835e+08 19
-70.711 -68.8645 41.4498 41.8555 4.01214e+08 6.52115e+07 1.28017e+06 254766 554890 31466.9 610330 103.69 116549 957627 2.05211e+07 734282 225.497 2.02407e+07 34360.1 0 33521 20712.5 1.18097e+08 0
-69.525 -68.8691 41.4611 42.9616 176795 63559.4 417.657 1312.57 0 -nan -nan -nan -nan -nan -nan -nan 3 19711 6 -nan -nan -nan 39506 10
-72.0615 -70.7045 41.9544 42.3409 8.91432e+08 1.32933e+08 2.60885e+06 101364 1.44849e+06 38851.2 1.50362e+06 322.976 200946 2.33713e+06 5.58134e+07 1.72114e+06 482.934 5.38243e+07 135032 17.1704 141469 68265.2 2.66414e+08 98
-71.229 -69.9502 41.2582 43.0585 1.69564e+09 2.45049e+08 5.44101e+06 760043 2.68848e+06 119917 2.66139e+06 9638.31 406610 4.04851e+06 9.93497e+07 2.98867e+06 833.574 9.84113e+07 234864 25.1113 239298 108987 5.08235e+08 47
-69.4445 -68.8248 42.0497 42.2897 170721 62196.1 301.171 1400.98 0 -nan -nan -nan -nan -nan -nan 5 0 19745 -nan -nan -nan -nan 36587 6
-70.576 -69.2027 41.3841 42.1003 3.34745e+08 4.17399e+07 1.01476e+06 11566.5 551444 9566.06 574792 80.7059 102067 822520 1.81541e+07 525925 340.142 1.96687e+07 59522.5 16.6885 28817.7 12407.8 9.88189e+07 37
-69.5978 -68.0322 41.7468 42.4776 203459 73809 815 1535 0 382.372 -nan -nan -nan -nan -nan -nan -nan -nan -nan -nan 3 1 48729 13
-69.6847 -67.9016 39.7678 41.4733 217394 73636 535 1507 8 358.562 -nan -nan -nan -nan -nan -nan -nan -nan -nan -nan -nan 1 42706 84
-70.3274 -69.6383 41.5528 43.2467 1.05236e+08 3.02152e+07 589191 269855 224489 13826.9 276744 42.6783 47872 394537 9.73299e+06 311330 46.2589 1.12826e+07 19581.3 -nan -nan 32098.4 4.82724e+07 65
-69.4891 -69.3949 40.8331 42.3438 180899 64114.2 393.248 1469.98 0 -nan -nan -nan -nan -nan -nan -nan 3 19706 4 -nan -nan -nan 41248 13
-70.4701 -68.8257 41.43 42.6185 2.25406e+08 2.93675e+07 716708 8566.62 393140 7296.47 390397 67.2102 48549.4 537560 1.28929e+07 376800 79.4863 1.29306e+07 69635.7 0 17079.6 8235.54 6.71271e+07 13
-69.7432 -69.5201 42.2378 42.3356 183839 65900.5 415.935 1464.91 0 -nan -nan -nan -nan -nan -nan -nan 3 19710 4 -nan -nan -nan 43455 1
-70.6591 -68.7639 41.978 42.2354 1.78069e+07 3.34242e+06 21254.4 76887.2 0 -nan -nan -nan -nan -nan -nan -nan 0 1.16443e+06 2417 4.63045 -nan -nan 5.299e+06 20
-70.7096 -70.3299 41.4821 42.3268 3.16448e+08 4.51957e+07 1.09624e+06 11974.6 559214 9882.07 550303 64.8046 91392.3 833066 1.86351e+07 656011 200.273 1.77983e+07 52412.3 4.47643 43290.3 13187.3 9.41166e+07 139
-71.6132 -70.1802 41.1982 42.1943 1.19281e+09 1.63123e+08 3.63982e+06 261373 1.90109e+06 80522.7 1.85133e+06 5127.37 330388 2.95525e+06 6.49294e+07 2.04383e+06 448.622 6.42211e+07 202632 17.2987 99035.3 46349 3.54679e+08 5
-71.9386 -70.6839 41.0385 41.5745 1.94258e+07 7.22736e+06 63710.2 160527 0 15078.5 51862.8 123.82 6830 91640 2.31931e+06 75779.7 -nan -nan -nan -nan -nan -nan 1.10276e+07 142
-72.2791 -70.5868 40.9455 42.3133 1.35755e+09 2.1127e+08 4.50084e+06 405627 2.28884e+06 69511.8 2.38712e+06 348.498 324579 3.4942e+06 8.46629e+07 2.43949e+06 674.797 8.12451e+07 218922 96.0366 207369 90762.5 4.02094e+08 4
-70.4864 -68.8947 39.9282 41.7896 2.29003e+08 3.01444e+07 644225 102624 290305 19724.9 334810 67.6239 104325 578471 1.31947e+07 423857 54.9407 1.18536e+07 19487.9 5.6335 19154.6 9278.1 6.74838e+07 110
-70.6683 -69.8397 42.0213 42.044 3.8418e+06 692002 14457 2307 8515 1042 -nan -nan -nan -nan -nan -nan -nan -nan -nan -nan -nan -nan 1.70275e+06 25
-70.6602 -68.8879 40.7931 41.9376 4.5641e+08 7.17754e+07 1.5898e+06 453608 619206 57928 666593 1482.25 133365 1.04753e+06 2.40228e+07 842121 130.526 2.43006e+07 41137.2 5.61373 41350.3 20203.7 1.33999e+08 10
-71.2044 -70.6931 41.9751 42.789 7.66387e+08 1.15596e+08 2.28685e+06 592187 1.09386e+06 66753.4 1.18436e+06 202.719 152735 1.94507e+06 4.41692e+07 1.33704e+06 457.236 4.29416e+07 72890 6.28461 94737 56578.3 2.25165e+08 72
-69.6384 -68.9355 40.9422 42.5644 180479 65682.9 524.379 1368.06 0 -nan 108 59 142 147 -nan -nan -nan -nan -nan -nan -nan -nan 44397 9
-69.4098 -68.618 41.806 42.6887 173161 63034 506.204 1365.26 0 -nan 5 57 47 16 -nan -nan -nan -nan -nan -nan -nan -nan 40008 6
-71.31 -70.165 41.5997 42.7342 1.52808e+09 2.23445e+08 4.81589e+06 563062 2.42935e+06 72007.2 2.57184e+06 1749.53 493680 3.73757e+06 8.83889e+07 2.67156e+06 539.436 9.24936e+07 231054 29.2501 220852 95455.2 4.55339e+08 1
-69.8475 -68.2115 40.9919 42.7681 245641 65861 331.382 1490.96 68.9373 -nan -nan -nan -nan -nan -nan -nan -nan -nan -nan 0 5 -nan 45826 13
-70.6727 -70.3239 40.9349 42.1128 3.19649e+08 4.48968e+07 1.04132e+06 34046 560456 11469.6 557554 77.5078 145445 825645 1.93982e+07 642856 339.824 1.80481e+07 30454.6 19.5829 58588.8 24394 9.5212e+07 22
-69.4858 -68.0186 41.9361 42.5148 193764 66525.7 495.71 1303.1 0 -nan -nan 48 143 169 20717 -nan -nan -nan -nan -nan -nan -nan 47891 12
-70.975 -70.1199 41.2591 42.032 6.41638e+08 9.82858e+07 2.21943e+06 18195.3 1.10995e+06 20519.8 1.159e+06 1527.82 232451 1.45978e+06 3.45035e+07 991701 295.715 3.38017e+07 69883.8 26.3144 58667.8 28258.5 1.8863e+08 17
-70.3852 -69.9085 41.0072 41.4314 1.94755e+07 3.25179e+06 15930.3 80057.2 4232.18 -nan -nan -nan -nan -nan -nan -nan 230.841 1.00118e+06 2236 1.12813 -nan -nan 5.72058e+06 144
-70.5912 -70.0249 41.443 41.4629 4.40552e+06 873489 4547.31 21923.8 0 -nan -nan -nan -nan -nan -nan -nan -nan -nan 427 0 -nan -nan 1.29299e+06 44
-70.9166 -70.3519 41.7269 42.2204 3.52775e+08 5.58685e+07 1.13843e+06 42707.2 629147 12813.3 631511 232.715 162853 912488 2.00647e+07 701409 182.174 2.06385e+07 41747.2 0 86925.2 34262.6 1.07458e+08 43
-70.2716 -69.1361 41.3353 42.202 1.45743e+08 2.25639e+07 474687 675855 0 -nan 132584 1023.22 41204.2 298211 7.46615e+06 266043 43.0538 8.50857e+06 14850.5 0 14290.2 7319.29 4.29721e+07 6
-71.0233 -70.1564 40.9377 42.9317 1.03983e+09 1.52582e+08 3.34774e+06 736152 1.5564e+06 110045 1.54421e+06 4363.64 317755 2.55688e+06 5.96868e+07 1.93584e+06 479.982 6.06183e+07 99035.4 31.9955 117374 65596.2 3.05596e+08 151
-71.1202 -70.4863 40.7936 41.8378 3.45697e+08 5.07771e+07 1.12211e+06 32859.6 523076 27273.6 523316 1047.19 145781 933760 2.05464e+07 684915 150.366 1.98209e+07 31649.1 0 32756.3 14472 1.01882e+08 10
-71.6864 -69.841 41.6053 42.9856 2.09016e+09 3.35652e+08 6.64704e+06 831092 3.29025e+06 151107 3.25983e+06 8319.95 520264 5.35676e+06 1.2972e+08 3.92412e+06 943.673 1.32071e+08 291924 75.3267 284874 114597 6.18055e+08 96
-72.1789 -70.2153 41.4166 41.9955 6.71025e+08 9.44949e+07 2.11242e+06 158946 1.05832e+06 55340.8 1.06708e+06 2659.71 266306 1.68717e+06 3.90776e+07 1.33806e+06 272.413 4.00247e+07 64247.8 46.7351 59871.9 27257 1.97563e+08 59
-70.7371 -70.0825 42.0193 42.7484 3.92484e+07 7.35827e+06 158948 29895.5 84064.6 2163.27 -nan -nan -nan -nan -nan -nan -nan -nan -nan -nan 9907.56 3176.01 1.43425e+07 80
-72.2669 -70.7468 41.4077 41.5571 9.22379e+06 3.44442e+06 41677.7 2005 25092 1424 26220.8 -nan -nan -nan -nan -nan -nan -nan -nan -nan -nan -nan 4.42046e+06 46
-69.4149 -67.6525 40.3594 42.2868 191873 70634.4 295.364 1309 4 407 3 -nan -nan -nan -nan -nan -nan -nan -nan -nan -nan -nan 38335 6
-71.2702 -69.797 41.0141 42.6708 1.56445e+09 2.32082e+08 5.31551e+06 166092 2.73149e+06 65886.1 2.62605e+06 2939.06 431303 3.91108e+06 9.55201e+07 2.78206e+06 725.707 9.54458e+07 254609 79.861 223295 93893.7 4.69624e+08 108
-70.6262 -70.3918 41.961 43.2806 1.15635e+07 1.90057e+06 10709.1 44313.4 2861.5 -nan -nan -nan -nan -nan -nan -nan -nan -nan 1287.89 2 1202.44 -nan 3.40871e+06 188
-70.0411 -68.386 41.4759 42.3946 2.61202e+07 6.74677e+06 136724 6953 77506.1 2391.51 80532.8 -nan -nan -nan -nan -nan -nan -nan -nan -nan 13130.8 3693.99 1.42083e+07 152
-69.8919 -68.1217 41.7667 42.9079 199160 73518.2 334.057 1316 111 422 108 -nan -nan -nan -nan -nan -nan -nan -nan -nan -nan -nan 45637 7
-71.7825 -70.799 41.2675 41.8756 1.70949e+08 2.54379e+07 576025 317530 167116 25553.6 231364 237.921 41123.9 417745 9.54037e+06 373213 186.425 1.36539e+07 20880.4 12.6229 15631.2 7212.31 5.03847e+07 138
-70.2602 -69.941 42.1171 43.8163 2.18972e+07 5.29161e+06 91670 3801.82 0 -nan -nan -nan -nan -nan -nan -nan -nan -nan -nan -nan 4296 1828 6.60996e+06 27
-70.5679 -69.4664 41.2377 42.6643 3.20131e+08 4.83032e+07 975577 93765 478403 19872.5 556320 172.052 146851 866712 1.93467e+07 667454 265.878 2.01966e+07 32091 7.87682 27969.4 13325.1 9.43434e+07 132
-71.3456 -70.7969 41.0505 42.8122 1.12774e+09 1.64229e+08 3.57952e+06 29554.4 1.95327e+06 39444.4 1.9295e+06 1228.35 240244 2.70032e+06 6.72758e+07 1.85403e+06 629.551 6.7961e+07 166710 5.70724 107639 51140.7 3.3455e+08 53
-69.9183 -68.2098 41.0832 41.7821 222363 73631 712 1327 118 356.72 -nan -nan -nan -nan -nan -nan -nan -nan -nan -nan -nan 4 43111 12
-70.9953 -69.8097 40.9712 42.8299 9.38113e+08 1.63872e+08 3.44598e+06 423321 1.46867e+06 80169 1.41982e+06 3378.24 308658 2.33697e+06 6.01675e+07 1.94276e+06 506.336 6.14069e+07 101396 35.6224 105893 66967.7 2.75913e+08 123
-72.3505 -70.3874 41.4735 42.4388 1.72242e+09 2.67779e+08 5.67523e+06 343641 2.9064e+06 119258 2.94068e+06 11820.2 484897 4.53919e+06 1.06636e+08 3.03611e+06 658.759 1.04618e+08 224589 66.3599 200018 100401 5.08503e+08 194
-71.3878 -69.671 40.8621 42.5437 1.6507e+09 2.28578e+08 4.97676e+06 188765 2.63093e+06 87099.7 2.60419e+06 3498.94 432657 3.85068e+06 9.30831e+07 2.72855e+06 633.277 9.60055e+07 162042 31.4171 144461 68626.3 4.85815e+08 41
-71.018 -70.3342 40.7853 41.9377 4.96671e+08 7.11527e+07 1.66411e+06 11509.3 891943 16736.9 841478 1103.7 209756 1.12755e+06 2.85436e+07 839785 166.753 2.92144e+07 49080.3 12.2236 46197.5 20352 1.46413e+08 26
-69.468 -68.8126 40.6183 41.4318 183419 66963 320.428 1476.24 0 -nan -nan 50 152 210 20707 -nan -nan -nan -nan -nan -nan -nan 43530 102
-69.7754 -67.7779 41.6949 42.1337 178373 63037.7 478.226 1341.49 0 -nan -nan -nan 138 225 20688 226 -nan -nan -nan -nan -nan -nan 41209 47
-71.562 -69.9907 40.9209 42.6689 1.96704e+09 2.92516e+08 6.18682e+06 545153 3.19898e+06 132356 3.14458e+06 12122.3 551692 5.04772e+06 1.19405e+08 3.67288e+06 937.252 1.16852e+08 264154 68.3561 260355 117692 5.83831e+08 22
-72.0993 -70.4508 41.8839 42.1546 5.27475e+08 7.45646e+07 1.66425e+06 15745.8 928702 18997 957971 147.052 171774 1.38116e+06 3.17254e+07 1.00182e+06 291.789 3.19602e+07 99113.5 14.8134 55790.9 20981.9 1.5663e+08 117
-71.5702 -70.7986 39.6274 41.4106 1.71673e+06 525319 9613 4063 2863.3 3565.49 -nan -nan -nan -nan -nan -nan -nan -nan -nan -nan 362.736 112 844248 27
-71.1754 -70.9055 40.9816 42.9089 7.13335e+08 1.05291e+08 2.21741e+06 580990 976136 71908.9 1.07772e+06 1251.73 151477 1.80526e+06 4.26192e+07 1.32036e+06 250.124 4.16183e+07 72041.9 25.9754 62427.6 49823.9 2.09533e+08 33
-70.093 -68.8636 41.729 43.4112 4.79897e+07 7.42098e+06 156601 9243.52 81988.8 1896.55 -nan -nan -nan -nan -nan -nan -nan -nan -nan -nan 8776.73 3076.34 1.54876e+07 82
-70.8052 -70.6798 41.3546 42.2108 1.54614e+08 3.79278e+07 422676 139018 206757 16093.8 238178 45.7195 60615.9 410550 9.25193e+06 316320 65.7122 9.17696e+06 14879.3 9.67555 -nan -nan 4.56231e+07 108
-70.8551 -70.7071 42.1633 42.6296 4.20918e+07 5.55362e+06 119824 14181.1 0 -nan -nan -nan -nan -nan -nan -nan -nan -nan 9232.02 0 3499.87 1563.28 1.24338e+07 55
-71.2236 -70.6694 41.8264 43.4684 1.02814e+09 1.42861e+08 2.98773e+06 226297 1.50614e+06 87140.3 1.51344e+06 14208.1 195893 2.4341e+06 5.90019e+07 1.85132e+06 351.005 5.92502e+07 99809.5 56.9138 99847.2 57534.2 3.02523e+08 45
-71.7521 -70.5875 41.0728 42.8888 2.07624e+09 3.06017e+08 6.54755e+06 825873 3.34248e+06 152962 3.22332e+06 19946.7 494525 5.29406e+06 1.27407e+08 3.64191e+06 951.362 1.25582e+08 300891 63.9579 264651 113950 6.14752e+08 36
-70.1015 -69.5059 41.8413 43.3366 1.53773e+07 3.68225e+06 73530 4981.99 22619.7 -nan -nan -nan -nan -nan -nan -nan -nan -nan -nan -nan 3280.71 1324 5.53209e+06 195
-69.6777 -68.2108 41.2866 41.6818 219767 73625 703 1398 112 364.227 -nan -nan -nan -nan -nan -nan -nan -nan -nan -nan -nan 5 44959 12
-71.5062 -70.6945 40.3246 42.059 4.90542e+08 7.09989e+07 1.49519e+06 492356 659230 51880.1 767001 181.103 123561 1.145e+06 2.73248e+07 903207 203.66 2.83331e+07 48834.9 36.2044 43271.4 26155.7 1.4396e+08 60
-69.7676 -69.7451 39.9377 41.5504 203001 73612 786 1392 121 372.724 -nan -nan -nan -nan -nan -nan -nan -nan -nan -nan -nan 2 47328 22
-69.4221 -68.1141 41.1771 43.1545 214722 73614 547 1315 6 347.616 -nan -nan -nan -nan -nan -nan -nan -nan -nan -nan -nan 1 40768 10
-71.7456 -69.8243 41.1128 42.8394 2.42531e+09 3.55318e+08 7.60944e+06 1.1826e+06 3.72947e+06 197120 3.8458e+06 16739.7 693729 6.22665e+06 1.37535e+08 4.29189e+06 1195.86 1.43109e+08 336162 54.6041 300773 139883 7.18098e+08 66
-70.3993 -69.4697 41.0573 42.4602 1.94196e+08 3.24758e+07 577637 170021 272085 19143.5 332389 46.6261 66537.2 499805 1.23223e+07 387854 35.8578 1.25909e+07 21339.5 0 17845.6 -nan 5.71545e+07 91
-70.9946 -70.7875 40.0082 41.4029 3.49528e+06 693916 3300.7 15091 0 -nan -nan -nan -nan -nan -nan -nan -nan -nan -nan 0 292 -nan 1.01806e+06 33
-71.7037 -70.2105 40.3583 41.6328 1.46565e+08 2.37612e+07 495236 6226.67 279322 5447.9 284779 40.5443 52792.5 423698 1.01319e+07 309778 185.706 -nan -nan 0 31576.6 11896.1 4.61483e+07 110
-71.2613 -69.6468 41.775 43.0374 1.11735e+09 1.67334e+08 3.64234e+06 331791 1.91261e+06 42961.1 1.98143e+06 317.516 262678 2.79254e+06 7.4374e+07 2.17392e+06 577.816 7.32131e+07 190862 28.1161 167432 76880 3.31636e+08 43
-71.0937 -69.694 42.1916 42.7206 3.22253e+08 4.26412e+07 958613 103637 459298 27774 446205 773.378 51760.3 775419 1.81325e+07 546092 64.3346 1.8311e+07 31020.3 39.6571 29077.1 12793.4 9.49145e+07 61
-71.2951 -69.4679 40.5362 42.3294 1.22605e+09 1.80586e+08 3.98793e+06 349518 2.05552e+06 48678.2 2.12062e+06 329.22 353054 3.10162e+06 7.5393e+07 2.17345e+06 635.997 7.3212e+07 215348 24.7621 216486 94651.1 3.6395e+08 8
-69.6517 -69.1 40.2961 41.6458 200317 68130.2 397.92 1503.78 0 396.799 -nan -nan -nan 153 21548 277 5 -nan -nan -nan -nan -nan 45828 12
-70.0323 -68.8275 41.6834 42.048 2.42027e+07 6.38892e+06 42762.4 157971 7442.4 43067 -nan -nan -nan -nan 2.22899e+06 61770.6 73.0031 2.32413e+06 4265.42 0 -nan -nan 1.18041e+07 35
-70.3277 -69.2622 42.1977 42.6979 207834 68954.4 428.619 1442.37 0 386.351 -nan -nan -nan -nan -nan -nan -nan 21732 6 0 -nan -nan 47799 23
-69.9608 -68.0019 41.7354 41.8001 1.82605e+06 639656 3199.47 1320 5077 765 5073 -nan -nan -nan -nan -nan -nan -nan -nan -nan -nan -nan 821182 124
-71.8878 -70.5376 40.2925 41.5158 6.09992e+07 1.38478e+07 64257.8 38013.3 86000.6 4098.31 95171.1 16.8975 9507.78 156940 3.8209e+06 -nan -nan -nan -nan -nan -nan -nan 1.79901e+07 39
-69.7801 -68.7716 41.9758 42.7827 213388 70558.8 347.268 1498.7 0 -nan -nan -nan 151 191 20711 -nan -nan -nan -nan -nan -nan -nan 48595 15
-70.6179 -68.6868 40.3946 42.1805 3.7349e+08 5.45725e+07 1.33162e+06 12105.7 668403 12288 680546 94.5384 119342 800502 2.51726e+07 675686 186.163 2.18016e+07 38259.9 14.5397 35054.2 16800.2 1.15516e+08 82
-70.5492 -70.394 41.6844 42.6878 3.65562e+07 7.41303e+06 35545.4 178395 9962.95 -nan -nan -nan -nan 103252 2.79856e+06 82629.4 43.4907 2.60648e+06 4115.76 -nan -nan -nan 1.29248e+07 16
-71.5506 -71.0966 41.0537 42.5794 7.00074e+08 1.05595e+08 2.24683e+06 741024 1.06132e+06 59071.2 1.20126e+06 176.57 130450 1.74085e+06 4.03786e+07 1.27405e+06 360.43 4.1279e+07 136698 17.621 137715 68063 2.05138e+08 8
-69.8817 -68.6202 40.712 42.239 252033 71640.3 532.946 2401.41 0 384.188 -nan -nan -nan -nan -nan 244 3 19754 -nan -nan -nan -nan 44955 14
-71.8553 -70.3521 42.1824 43.5666 1.31448e+09 2.24367e+08 4.58088e+06 41558.4 2.15103e+06 68214.9 2.06082e+06 3131.21 326940 3.38388e+06 8.91397e+07 2.12622e+06 569.213 8.84995e+07 276062 31.3497 131179 57882.2 3.92621e+08 149
-70.7779 -69.7402 40.6578 42.4835 6.33614e+08 8.5164e+07 2.01006e+06 16685.8 1.05853e+06 20789.9 1.06072e+06 338.585 284178 1.69399e+06 3.76194e+07 1.20667e+06 392.365 3.81905e+07 112644 37.3131 56230.8 25281.7 1.86742e+08 132
-70.1691 -69.6988 41.8119 43.7267 2.57931e+07 4.70765e+06 31588.7 142325 3203.28 2826.6 39526 74 3656 -nan -nan -nan -nan -nan -nan -nan -nan -nan 7.60912e+06 49
-72.4734 -71.0006 42.1704 42.7772 1.32429e+09 2.01615e+08 4.23846e+06 363597 2.16563e+06 98307.4 2.11737e+06 11052.6 347199 3.53276e+06 8.27582e+07 2.5043e+06 708.754 7.98417e+07 165853 75.6444 178799 82416 3.94692e+08 45
-72.4594 -70.9176 40.2231 41.5834 2.30447e+07 4.36328e+06 36460.9 106419 0 4051.56 34584.7 182 4967 30540.2 -nan -nan -nan -nan -nan -nan -nan -nan 6.75406e+06 5
-70.407 -69.4069 41.7382 42.5154 6.58857e+07 1.21805e+07 92692.3 269106 0 -nan -nan 665.129 18077.2 153837 3.76695e+06 109206 22.0483 3.94138e+06 -nan -nan -nan -nan 1.96116e+07 171
-72.4249 -70.9189 39.7454 41.5473 7.61731e+06 2.37125e+06 11493.5 57389.6 0 15107.4 -nan -nan -nan -nan -nan 22146 21 700130 -nan -nan -nan -nan 3.65908e+06 51
-71.0384 -69.6704 40.7937 42.3899 9.78943e+08 1.43766e+08 3.28797e+06 740602 1.52138e+06 74052.4 1.6155e+06 248.385 249300 2.33759e+06 5.75214e+07 1.88677e+06 504.405 5.74465e+07 178266 24.3054 148165 72646.5 2.87346e+08 66
-69.588 -67.7111 41.6011 42.8201 218494 66248.9 316.976 1436.04 0 358.614 -nan -nan -nan -nan -nan 238 3 19761 -nan -nan -nan -nan 42890 12
-72.2014 -70.7313 41.4851 42.8536 2.15015e+09 3.34626e+08 6.78424e+06 345115 3.46137e+06 141057 3.42404e+06 22663.3 526152 5.41669e+06 1.31177e+08 4.07655e+06 918.946 1.29472e+08 295669 60.0468 272540 129184 6.43294e+08 7
-71.1565 -69.6583 40.6116 42.4177 1.06923e+09 1.74821e+08 3.74407e+06 98020.3 1.6454e+06 37799.6 1.59525e+06 311.048 327121 2.27718e+06 6.58943e+07 1.94991e+06 701.373 6.58922e+07 162823 42.778 157840 62346.7 3.15226e+08 4
-70.5413 -69.1859 42.0141 43.4231 9.95999e+06 3.10072e+06 54246 4106 20471.6 21088.9 -nan -nan -nan -nan -nan -nan -nan -nan -nan -nan 2263.4 904 5.27201e+06 57
-71.414 -69.6025 41.935 42.0687 2.25689e+08 4.01919e+07 743522 320954 316686 28892.7 382456 58.3129 65388 542022 1.22569e+07 426327 95.767 1.31686e+07 22382.4 11.7562 20127.5 26636.1 6.61705e+07 22
-70.1495 -68.9075 42.0582 42.2607 603977 179774 858.604 4203.06 0 1081.81 -nan -nan -nan -nan -nan -nan -nan -nan -nan 1 59 -nan 219808 79
-69.8617 -68.5359 39.7244 41.4188 211529 78046.5 679.525 1690.01 0 369.025 -nan -nan -nan -nan -nan -nan -nan -nan -nan 26.6281 9 0 39130 7
-72.2618 -70.5677 40.5733 41.7494 2.50961e+08 4.1137e+07 817907 310384 361784 16975.5 425869 55.588 72125.1 619475 1.32299e+07 451236 148.199 1.46366e+07 27566.4 0 36132.4 30173.7 7.35014e+07 107
-70.6723 -69.8106 41.6229 42.6231 4.2365e+08 6.10721e+07 1.18185e+06 171888 627582 28187 743544 105.543 138475 1.04184e+06 2.30043e+07 811751 295.852 2.29017e+07 37684.4 52.107 34592 33133.6 1.24777e+08 135
-71.3185 -69.6593 41.9798 42.0367 4.93222e+07 1.22742e+07 268564 6004.27 128310 100864 -nan -nan -nan -nan -nan 108956 133.437 4.56622e+06 9941.98 2.03708 8192.14 3636.36 2.43918e+07 51
-70.804 -69.9462 41.2737 42.6099 6.70449e+08 1.01782e+08 2.1733e+06 222234 977923 71670.8 1.01914e+06 5528.38 274735 1.64996e+06 3.73663e+07 1.2552e+06 410.147 3.89343e+07 66065.5 16.4931 59467.7 31442 1.97076e+08 43
-70.2122 -69.5921 40.8782 42.2238 1.48457e+08 1.92737e+07 438085 4871.08 243281 4628.36 230549 171.808 11040.4 397798 -nan -nan 3448.91 8.37717e+06 37160.6 0 11343.9 5133.96 4.37344e+07 103
-69.553 -69.5439 41.1015 42.242 198869 67792.8 325.873 1409.21 0 -nan -nan 64 152 220 -nan -nan -nan -nan -nan -nan -nan -nan 44028 109
-70.4404 -68.6511 42.1766 44.1731 1.89936e+08 3.69976e+07 653651 5968.08 296738 10455.4 311657 3749.34 93888.5 502164 1.60392e+07 265931 87.4808 1.73553e+07 28994.4 0 25081.5 10676.6 5.81155e+07 44
-72.3127 -70.7278 40.2883 41.4432 8.74959e+06 2.37284e+06 11725.4 46801.8 17684 1612 20906 127 1001.17 -nan -nan -nan -nan -nan -nan -nan -nan -nan 4.06671e+06 7
-71.3068 -70.6608 41.1119 42.4847 1.02016e+09 1.36276e+08 3.05019e+06 21346.9 1.70159e+06 38970.1 1.64482e+06 3416.46 233264 2.44518e+06 5.65643e+07 1.63232e+06 459.108 5.81133e+07 138623 25.4908 83185.9 34641.2 3.0369e+08 17
-70.6331 -70.4699 40.4241 42.2213 1.97901e+08 2.91944e+07 682340 6050.75 348156 5624.23 348617 238.673 124270 332410 1.0179e+07 283873 184.429 1.02528e+07 18568.7 4.9512 18475.6 9119.31 5.93199e+07 19
-70.2127 -70.0143 41.3472 43.0016 9.27908e+07 1.88757e+07 91799.2 439727 0 -nan 95231.6 3101.64 33408.8 220499 5.15162e+06 164883 42.6689 5.47686e+06 9823.39 11.4559 -nan -nan 2.82631e+07 0
-70.8589 -70.7162 40.5729 41.4815 1.40535e+07 2.67691e+06 13192.6 64208.7 1012.93 -nan -nan -nan -nan 32754 862484 22164 20.6941 -nan -nan -nan -nan -nan 4.26209e+06 37
-70.7062 -69.4876 41.6603 41.7766 2.16573e+08 2.6507e+07 648577 7142.11 370781 7626.54 351582 47.9997 45272.7 489116 1.12581e+07 266878 96.3428 1.08962e+07 19343.4 0 17903.4 7804.74 6.38744e+07 35
-71.7016 -70.9852 41.8331 43.1261 1.31438e+09 1.93397e+08 4.07274e+06 276102 2.22247e+06 45028.9 2.19039e+06 332.619 226246 3.4815e+06 7.72976e+07 2.07063e+06 443.04 7.60273e+07 209459 23.7301 199850 81051.6 3.8942e+08 53
-72.3218 -70.6587 41.9865 42.7695 1.92067e+09 2.87713e+08 5.9778e+06 678648 3.06096e+06 100401 3.07283e+06 6561.89 375100 4.82732e+06 1.15165e+08 3.37573e+06 963.157 1.15893e+08 208068 87.0849 224628 100734 5.66803e+08 23
-71.4811 -70.9976 40.1393 41.8089 4.57184e+07 1.09716e+07 242094 3967.08 129059 4302.3 -nan -nan -nan -nan -nan -nan -nan 3.77614e+06 18437.5 5.15225 6650.76 2909.81 2.14673e+07 26
-71.0622 -69.8139 41.2253 41.7092 3.62371e+08 4.82285e+07 1.11918e+06 179180 518954 38111.2 515325 1185.58 122260 928018 2.2593e+07 713559 131.569 2.13032e+07 37169.1 17.8259 32177.8 13316.2 1.06473e+08 81
-72.4637 -71.111 40.1236 41.7635 1.87801e+07 5.73365e+06 24484.1 140050 0 37109 -nan -nan -nan -nan 1.81171e+06 54055 37 1.9309e+06 3486.45 -nan -nan -nan 8.9071e+06 92
-72.062 -70.583 41.6826 42.0923 6.15571e+08 8.12062e+07 1.75198e+06 46503.6 1.03364e+06 23344.9 1.08778e+06 307.962 250427 1.57517e+06 3.55619e+07 1.20235e+06 380.15 3.53925e+07 94395 35.7155 96428.9 36936.9 1.81561e+08 21
-70.5532 -70.381 41.986 43.4491 1.10724e+07 2.26869e+06 9514.44 52868.7 0 1783.09 12115 84 1905 -nan -nan -nan -nan -nan -nan -nan -nan -nan 3.27384e+06 63
-71.5429 -70.2375 41.9316 42.823 1.32578e+09 1.79511e+08 4.03863e+06 29994.9 2.22523e+06 40832.9 2.16589e+06 1503.81 273709 3.21713e+06 7.92104e+07 2.20471e+06 471.723 8.01684e+07 167663 75.8316 119722 56127.6 3.92869e+08 3
-71.4683 -70.9673 41.9625 43.7343 8.37698e+08 1.36773e+08 2.60623e+06 149615 1.36018e+06 40113 1.43455e+06 200.956 165846 2.12129e+06 5.09665e+07 1.55996e+06 417.363 5.0356e+07 113431 22.1912 137294 84424.8 2.4686e+08 32
-69.9106 -67.9969 42.0288 43.6924 213254 78373.8 356.35 1409 163 440 160 -nan -nan -nan -nan -nan -nan -nan -nan -nan -nan -nan 53151 8
-70.774 -70.2367 39.8498 41.6508 1.36314e+08 2.89577e+07 121182 629431 124184 15863.1 198603 253.832 51403.3 348396 8.13197e+06 268306 55.3387 7.56637e+06 12143.5 69.5673 -nan -nan 4.0203e+07 15
-70.6412 -70.6015 40.2826 41.5429 8.39372e+06 2.84785e+06 19304.3 65204.2 0 18727.5 -nan -nan -nan -nan -nan -nan -nan 779866 1638 1 -nan -nan 4.68998e+06 29
-70.931 -69.4326 41.3746 43.3721 8.82297e+08 1.42717e+08 2.97743e+06 23215.6 1.52179e+06 32839.1 1.53954e+06 1370.27 281113 2.09145e+06 5.35985e+07 1.49489e+06 362.716 5.14623e+07 124694 22.1675 85554 43462.3 2.64776e+08 33
-70.1275 -69.9146 41.2076 41.5103 1.0406e+07 2.48097e+06 49655 11751 24621 1704 -nan -nan -nan -nan -nan -nan -nan -nan -nan -nan -nan -nan 4.77079e+06 13
-70.1116 -69.2234 39.9693 41.695 1.51461e+07 5.7728e+06 89475.5 25463 35112 3618 40258.7 -nan -nan -nan -nan -nan -nan -nan -nan -nan -nan -nan 6.80728e+06 12
-71.3955 -70.3998 41.6559 42.256 8.54492e+08 1.15564e+08 2.66056e+06 19015.7 1.44391e+06 46714.7 1.38271e+06 3311.97 334749 2.02528e+06 4.79987e+07 1.47463e+06 503.292 4.89666e+07 87883.6 26.9029 73276 34830.4 2.54948e+08 237
-72.375 -70.4906 41.1744 42.6302 2.23743e+09 3.37246e+08 7.35678e+06 555143 3.67714e+06 127945 3.74674e+06 11982.5 535081 5.59581e+06 1.37561e+08 4.11741e+06 881.602 1.43487e+08 357622 28.0969 287937 104391 6.67419e+08 2
-70.9413 -70.4153 40.9277 42.5607 6.5775e+08 8.9947e+07 2.20353e+06 18350.7 1.11604e+06 46171.8 1.02408e+06 4152.14 196628 1.52682e+06 3.67499e+07 1.19609e+06 147.556 3.68466e+07 63374.1 27.3217 57531.9 27902.3 1.96098e+08 273
-69.6527 -68.5865 41.5287 41.9414 203358 75605.1 694 1681 116 428 -nan -nan -nan -nan -nan -nan -nan -nan -nan -nan -nan -nan 44215 15
-72.0163 -70.7181 40.6412 42.2105 7.49823e+08 1.17174e+08 2.53889e+06 63863.5 1.20312e+06 51593.8 1.07307e+06 5815.73 214537 1.94433e+06 5.06755e+07 1.55688e+06 130.14 4.87124e+07 83462.6 12.3925 68161.9 31751.4 2.22487e+08 84
-70.4513 -69.4517 40.968 42.7455 2.50935e+08 3.3479e+07 743186 9979.97 359853 18574.8 323420 1059.38 82633.9 593508 1.29148e+07 453517 115.787 1.26438e+07 21048.9 24.6959 19131.9 8539.58 7.39688e+07 108
-70.2474 -69.8957 40.4901 41.663 3.30479e+07 6.72934e+06 30490.6 185349 39166.6 2472.66 50899.9 123 8321.6 83914.5 -nan -nan -nan -nan -nan -nan -nan -nan 9.74606e+06 99
-70.9258 -69.8199 39.8857 41.7493 4.27125e+08 5.94806e+07 1.17151e+06 263083 587848 33139.2 695010 110.346 111334 1.02165e+06 2.22796e+07 755077 262 2.34931e+07 42093.8 10.5067 48450.9 39646.9 1.25667e+08 87
-71.2785 -69.612 41.7344 42.6728 1.30027e+09 1.80354e+08 4.00997e+06 445764 1.9673e+06 109492 1.90341e+06 20050.4 292247 3.25299e+06 7.28106e+07 2.33543e+06 472.829 7.36901e+07 175203 28.2153 176827 74250.7 3.91514e+08 83
-72.5654 -71.0316 41.4463 41.8727 8.38607e+07 1.67098e+07 73666.8 393755 0 22220.1 107934 583.536 20612.7 219237 5.07305e+06 156567 45.2319 5.09105e+06 -nan -nan -nan -nan 2.492e+07 10
-70.2752 -68.9946 40.6595 42.5384 7.89767e+07 2.68937e+07 570590 6278.58 244287 6002.07 228621 290.923 23275.2 -nan -nan 129111 201.168 8.53954e+06 24930.7 11.0068 14071.2 7506.15 4.36764e+07 26
-71.1064 -70.3832 41.9058 42.6808 5.95204e+08 9.06669e+07 1.74288e+06 213058 876509 38466.8 942286 291.022 185670 1.50078e+06 3.45114e+07 1.05316e+06 87.8662 3.33451e+07 57458.1 43.6953 84102.2 50395.3 1.75333e+08 17
-70.332 -69.4187 41.7984 41.8929 1.02956e+07 2.08252e+06 9835.73 47033.8 0 -nan -nan 103 2026 23707 -nan -nan -nan -nan -nan -nan -nan -nan 3.04385e+06 44
-70.2676 -69.8125 41.6311 42.6361 1.41897e+08 1.95887e+07 419718 7750.3 217296 -nan -nan -nan 53221.4 313847 8.11926e+06 269488 21.4579 8.0975e+06 14147.7 3.57515 12188.4 5782.72 4.28225e+07 48
-69.8307 -68.1859 40.9538 42.202 221240 73633 716 1438 114 361.561 -nan -nan -nan -nan -nan -nan -nan -nan -nan -nan -nan 1 44578 122
-69.6431 -69.6157 41.7624 42.8922 215032 73597 542 1369 8 344.382 -nan -nan -nan -nan -nan -nan -nan -nan -nan -nan -nan 0 40062 6
-69.5955 -68.2081 42.1957 43.0089 213186 73629 519 1435 4 341.899 -nan -nan -nan -nan 8777.99 29.9248 0 -nan -nan -nan -nan 1.78706 49507 4
-70.1828 -69.5814 41.8799 43.2201 1.31625e+07 5.00006e+06 58948 3742 31963 1431 33412.7 -nan -nan -nan -nan -nan -nan -nan -nan -nan -nan -nan 6.29412e+06 5
-69.421 -69.0753 40.7239 41.4648 191059 69883.8 306.948 1292 106 398 103 -nan -nan -nan -nan -nan -nan -nan -nan -nan -nan -nan 40312 6
-70.5107 -69.9677 39.8729 41.7657 2.33158e+08 3.03631e+07 674795 148003 294198 29381 294082 593.168 88262.2 596085 1.30697e+07 437668 17.2148 1.21024e+07 21349.7 5.7373 17907.6 8983.98 6.85706e+07 20
-70.838 -70.7488 40.4289 41.5879 6.29216e+06 2.34596e+06 28712.2 2046 14999 1105 16142 -nan -nan -nan -nan -nan -nan -nan -nan -nan -nan -nan 3.00047e+06 59
-70.1156 -68.9719 40.9349 42.6716 9.47706e+07 2.16993e+07 90620.6 92143.7 121219 7023.62 135828 27.9777 9040.16 219231 5.23964e+06 150726 64.256 -nan -nan -nan -nan -nan 2.79124e+07 74
-69.7896 -68.2979 40.9194 42.1623 218143 66341.4 298.605 1546.91 0 380.722 -nan -nan -nan 213 20649 233 3 -nan -nan -nan -nan -nan 44481 2
-71.2575 -70.3628 40.7858 42.4002 1.13172e+09 1.69759e+08 3.54868e+06 535060 1.76085e+06 60558.4 1.87315e+06 577.696 354160 2.72409e+06 6.62636e+07 2.05468e+06 293.085 6.48627e+07 194912 21.56 208973 67670.1 3.32322e+08 77
-71.1909 -70.7967 40.3675 41.9126 2.00903e+08 2.8762e+07 650987 7600.82 298645 40086.5 179148 3062.38 44068.7 507718 1.1789e+07 390887 75.9334 1.20043e+07 19800 5.06106 17708.7 8396.96 6.02038e+07 22
-69.4296 -68.4807 40.9758 42.2606 227472 68054 342.374 1514.89 0 373.928 -nan -nan -nan -nan -nan -nan -nan -nan 4 0 -nan -nan 45750 90
-69.8568 -69.7882 40.6982 41.5274 201209 63275.4 416.01 1454.44 0 345.872 -nan -nan -nan -nan -nan -nan -nan -nan 4 0 -nan -nan 39189 7
-70.6751 -69.8779 42.1841 42.6202 266217 84739.6 488.019 2018.32 0 478.47 -nan -nan -nan -nan -nan -nan -nan -nan 19.9538 0 2.0307 -nan 73112 35
-70.4032 -69.5091 41.0447 41.9181 1.76737e+08 3.01095e+07 475223 24042.4 268081 7106.33 297658 32.6133 49723.8 402164 1.18437e+07 375813 42.812 1.24026e+07 16885.2 -nan -nan 29937.5 5.21232e+07 62
-72.7078 -71.0914 40.7209 42.2598 8.17568e+08 1.19412e+08 2.69697e+06 718835 1.25964e+06 80689.6 1.31954e+06 1450.78 189510 2.1745e+06 4.89214e+07 1.54872e+06 306.185 4.83347e+07 139295 30.6524 151431 71088.3 2.39813e+08 42
-70.9946 -70.6949 40.5879 41.7545 1.00728e+08 2.30756e+07 305816 116667 138932 9577.66 165103 63.2173 25832.3 258746 6.60688e+06 206880 -nan -nan -nan -nan -nan -nan 2.95331e+07 70
-72.1961 -70.7655 41.9141 42.3377 8.84967e+08 1.332e+08 2.9599e+06 21212.3 1.58989e+06 32001.5 1.59286e+06 399.5 197220 2.27694e+06 5.35503e+07 1.46831e+06 255.909 5.6431e+07 146444 11.1021 111926 41235.8 2.62141e+08 322
-71.5947 -71.0464 41.5015 43.3872 9.67083e+08 1.81221e+08 3.59887e+06 21408.6 1.59702e+06 47515.6 1.50103e+06 2378.92 273120 2.35797e+06 5.95783e+07 1.72374e+06 396.307 6.31893e+07 112002 36.4848 115148 57149.2 2.90856e+08 58
-70.1816 -70.0407 41.9435 42.1912 1.17316e+07 2.31683e+06 10855 53632.7 0 -nan -nan 63 1668 27357 -nan -nan -nan -nan -nan -nan -nan -nan 3.45493e+06 211
-70.8534 -70.7028 40.8497 42.8173 1.81626e+08 2.99025e+07 636575 5937.98 340306 7897.77 329513 1497.24 84898.6 419412 1.33069e+07 377117 61.5661 1.3361e+07 21128.9 14.4838 18139.9 8617.72 5.76698e+07 59
-71.0176 -69.3905 41.242 43.1203 1.05155e+09 1.62407e+08 3.47454e+06 528717 1.60965e+06 81424.3 1.75741e+06 271.66 324941 2.79002e+06 6.9869e+07 2.21739e+06 561.161 6.52594e+07 168073 31.7637 144617 87092.4 3.09236e+08 31
-71.5973 -70.2325 42.1934 43.1244 1.06627e+09 1.55762e+08 3.32975e+06 235294 1.66866e+06 108820 1.55352e+06 14126.6 240036 2.68697e+06 6.40318e+07 1.92385e+06 358.93 6.13638e+07 103035 26.5838 91917.2 41073.6 3.17332e+08 179
-70.992 -69.7586 42.1324 42.9906 2.3784e+08 3.52988e+07 762084 7551.6 423560 9867.91 421215 219.666 30580.3 542841 1.44346e+07 371814 63.3171 1.42189e+07 24282.6 0 20150.5 9315.39 7.21148e+07 118
-71.0863 -69.6504 41.3687 41.9859 6.82335e+08 9.84006e+07 2.31996e+06 19723 1.24529e+06 25416.2 1.22819e+06 606.814 262397 1.68923e+06 4.0423e+07 1.15049e+06 339.8 4.0674e+07 103795 5.66283 64854.2 28041.4 2.03042e+08 249
-70.3411 -69.9136 41.8918 41.9045 1.39885e+06 299361 1544.57 6667.35 0 -nan -nan -nan 766 3383 101698 -nan -nan -nan -nan -nan -nan -nan 397264 32
-71.2122 -69.6214 41.987 43.7127 9.59571e+08 1.49969e+08 3.05286e+06 80674.1 1.53193e+06 46185.7 1.44373e+06 2103.2 236509 2.29826e+06 5.55493e+07 1.50148e+06 337.78 5.54736e+07 200177 54.9321 162444 50545.1 2.86267e+08 89
-71.2951 -70.0705 41.3621 42.7266 1.58775e+09 2.47328e+08 5.45565e+06 888140 2.65629e+06 105408 2.83753e+06 1836.29 415532 3.97772e+06 9.81407e+07 2.87678e+06 866.423 9.67642e+07 274782 41.8571 242045 109950 4.71049e+08 83
-70.3975 -69.3065 41.4635 42.6807 1.8381e+08 2.46249e+07 590797 6852.07 322969 6986.63 322548 57.666 38585.6 447497 1.11249e+07 304097 193.792 -nan -nan 0 38594.8 6292.13 5.42029e+07 284
-72.2781 -71.1558 42.2158 43.4954 1.00586e+09 1.62917e+08 3.28682e+06 69166.4 1.70694e+06 43079.4 1.6618e+06 241.345 203626 2.91973e+06 6.50673e+07 1.81512e+06 682.327 6.5709e+07 171056 12.6319 177866 86999.1 2.95592e+08 7
-70.9405 -70.1206 42.2013 43.491 2.13392e+08 4.09115e+07 797402 7587.59 315160 10636.6 276755 55.1837 18686.1 663723 1.54353e+07 262567 157.728 1.19661e+07 21660.7 0 22240.9 13946.2 6.29513e+07 31
-71.6719 -70.9326 40.6549 41.5847 9.5997e+06 2.94269e+06 18915.3 72380.5 1011.64 21734.8 -nan -nan -nan -nan -nan 27642.8 7 1.10507e+06 1835.68 -nan -nan -nan 5.03976e+06 1
-70.3246 -68.3312 40.7655 41.4788 8.94007e+06 3.30897e+06 20759.5 76185.4 0 20924.5 -nan -nan -nan -nan -nan -nan 79.8555 1.00758e+06 2019 3.06708 -nan -nan 5.03486e+06 7
-70.6195 -70.4616 41.0255 42.2494 1.63809e+08 2.2785e+07 544541 7170.96 294294 8677.07 306074 42.3357 86029.7 454519 9.64896e+06 355642 673.758 -nan 60819.4 7.62477 35983.1 6152.08 4.81673e+07 2
-71.653 -69.9604 40.0359 41.8357 5.63153e+08 8.50121e+07 1.83962e+06 17238.9 998356 22871.3 995494 140.331 179007 1.40148e+06 3.56254e+07 1.03412e+06 261.742 3.44093e+07 54416.3 39.4129 54463.1 24443 1.65954e+08 69
-71.1287 -70.2372 42.2082 42.4189 1.20303e+08 1.67107e+07 369144 5415.32 193568 6138.47 191216 158.732 17240.5 -nan -nan -nan -nan 6.83687e+06 33655.9 3.4818 10384.9 5098.74 3.56678e+07 44
-70.7615 -69.791 40.0417 41.4208 5.00052e+07 8.34749e+06 58595.8 189016 0 -nan -nan -nan -nan 124643 3.23389e+06 98931 21.5176 3.47344e+06 -nan -nan -nan -nan 1.55421e+07 135
-70.378 -69.4156 40.9916 41.6392 1.17077e+07 4.24859e+06 27162.6 99048.4 0 28644.3 -nan -nan -nan -nan -nan 38534.2 30 1.40373e+06 2352.16 -nan -nan -nan 6.44174e+06 82
-70.7414 -70.3229 41.1763 42.361 4.13162e+08 5.58085e+07 1.41611e+06 107520 767794 17148.6 760165 110.592 179993 1.02637e+06 2.35083e+07 799691 237.174 2.41843e+07 83583.6 16.3153 89633.6 28480.5 1.21521e+08 18
-70.6529 -69.6444 40.6259 41.9226 4.31137e+08 6.78528e+07 1.4642e+06 15006.3 765050 17385.3 759575 269.086 195144 1.00714e+06 2.6113e+07 686929 145.932 2.38521e+07 41198.1 5.30524 37678.3 19618 1.26551e+08 86
-71.8366 -69.9445 40.7751 41.804 5.23672e+08 8.49001e+07 1.83344e+06 14546.1 939877 22582 880536 1266.6 208794 1.30129e+06 3.16814e+07 1.00313e+06 300.017 3.29101e+07 57623.8 39.4677 50090.3 23412 1.57405e+08 269
-71.5369 -69.9616 39.8692 41.6427 1.65575e+08 3.35869e+07 671296 6116.39 353006 8476.44 356516 309.673 45305 364929 1.11211e+07 315332 191.776 1.23049e+07 21431.3 33.9632 19305.1 9066.52 5.75839e+07 106
-69.7122 -69.6357 42.0491 43.9817 2.15406e+06 781801 4542.16 16596.3 0 5129.06 -nan -nan -nan -nan -nan -nan 50.6308 269091 511 0 -nan -nan 1.11747e+06 126
-71.9011 -70.8064 39.6906 41.4375 2.7241e+06 1.00881e+06 16546 3479 0 5990.04 -nan -nan -nan -nan -nan -nan -nan -nan -nan -nan 453 219 1.3627e+06 33
-71.1928 -71.0942 41.458 43.1195 2.76666e+08 4.19751e+07 1.01751e+06 524904 362048 56921.3 429198 1843.5 67910.9 739512 1.69474e+07 498370 49.0296 1.61088e+07 27950.1 6.80827 23434.5 25441.3 8.05525e+07 122
-72.6556 -70.9484 40.8448 42.1376 5.68812e+08 9.75032e+07 2.18521e+06 13256 1.04307e+06 86314.6 943880 16485.5 162740 1.611e+06 3.67549e+07 1.03018e+06 342.266 3.79708e+07 182941 15.4951 51760 34970.5 1.77233e+08 174
-70.9404 -69.4117 40.7387 42.7302 8.42467e+08 1.30747e+08 2.81179e+06 170926 1.44078e+06 30698.2 1.49296e+06 207.366 261877 2.01937e+06 5.21778e+07 1.61214e+06 356.95 4.97428e+07 161558 47.5172 138633 72277 2.4809e+08 49
-70.2409 -69.3308 41.3318 43.14 6.33902e+07 2.30369e+07 380211 5292.88 184523 5480.64 211989 -nan -nan -nan 8.48686e+06 179848 114.312 7.8185e+06 13655.7 2.85948 12668.7 7067.53 3.42113e+07 265
-72.5871 -70.9358 41.4328 41.5309 4.79535e+06 1.32879e+06 6896.03 32389.7 1595.25 7296.57 1065.62 -nan -nan -nan -nan -nan 15 382715 450 -nan -nan -nan 2.01546e+06 24
-70.3791 -70.2045 40.4086 42.0772 3.60824e+07 1.30767e+07 157862 4682.26 120219 3650.65 0 -nan -nan -nan -nan -nan 172.556 4.10653e+06 10529.1 1.7959 5771.7 2542.99 2.10588e+07 96
-70.312 -69.2769 40.8271 42.6142 1.60812e+08 2.55282e+07 528679 342174 161283 24820.5 229954 438.391 60388.2 422860 1.03598e+07 318129 165.771 9.93392e+06 17168.5 -nan -nan -nan 4.73216e+07 53
-70.1443 -69.1564 41.2963 42.4041 4.10209e+07 1.45933e+07 172853 4703.21 128549 3488.89 122626 -nan -nan -nan -nan -nan 247.319 5.22325e+06 16167.1 1.99952 8742.37 3987.09 2.35671e+07 135
-69.9452 -68.4603 41.0779 41.8832 390111 145272 567.121 1371 342 533 340 -nan -nan -nan -nan -nan -nan -nan -nan -nan -nan -nan 134327 64
-70.8438 -70.7336 42.1645 42.3794 9.73827e+06 3.67018e+06 14538.7 10268.3 26225 1717 26195 30.1201 -nan -nan -nan -nan -nan -nan -nan -nan -nan -nan 4.66513e+06 366
-71.0445 -69.8041 41.4424 42.2739 8.79533e+08 1.26708e+08 2.72775e+06 18751.2 1.56399e+06 53024 1.43684e+06 5649.42 284656 2.06069e+06 4.86045e+07 1.55744e+06 373.207 5.23646e+07 91817.2 13.2005 93103.6 46403.5 2.6435e+08 360
-70.9776 -70.3858 41.302 42.9051 7.38059e+08 1.22103e+08 2.64429e+06 176722 1.14598e+06 63494.6 1.20353e+06 3753.17 236264 2.01723e+06 4.82737e+07 1.55838e+06 286.052 4.41186e+07 77115.2 16.7805 128781 71423.2 2.17472e+08 314
-69.9329 -68.2189 41.711 42.0528 192831 70754.2 314.417 1274.05 0 353.183 0 -nan -nan -nan -nan -nan -nan -nan -nan 0 2 -nan 39094 12
-71.8081 -70.6064 40.2296 41.6641 1.18002e+08 1.95544e+07 274904 52443.4 201205 5297.19 206748 34.8666 35542.6 301917 7.86633e+06 231134 -nan -nan -nan 0 54393.1 14819.6 3.4694e+07 269
-70.1784 -68.7054 40.4184 41.5639 1.67874e+07 2.4505e+06 51746.7 85771.4 0 -nan -nan -nan -nan 40345 969103 30197 -nan -nan -nan -nan -nan -nan 5.17316e+06 196
-70.3021 -69.186 41.9743 42.7098 7.98493e+06 2.39713e+06 45422 71246.9 0 18541.1 -nan -nan -nan 32255.7 920941 23504 0 -nan -nan -nan -nan -nan 4.29996e+06 65
-69.6638 -68.1086 41.5686 42.6348 189656 66939.7 695 1374.55 0 384.188 -nan -nan -nan -nan 21567 279 9 -nan -nan -nan -nan -nan 47420 162
-71.2332 -71.0676 42.2468 43.7294 2.86579e+08 3.70815e+07 859454 14437.1 457144 14308.2 458304 63.5062 51014.8 684480 1.56355e+07 508065 232.824 1.54461e+07 46723.8 0 38415 12320.8 8.44197e+07 43
-69.8197 -69.4901 41.3899 42.2213 210167 77250.3 366.551 2070 161 454 0 -nan -nan -nan -nan -nan -nan -nan -nan -nan -nan 2 49393 16
-69.4114 -69.31 41.009 42.37 199531 73522.2 309.059 1344 7 413 0 -nan -nan -nan -nan -nan -nan -nan -nan -nan -nan 3 40961 7
-70.6864 -69.792 40.0143 41.5028 6.50606e+07 9.5522e+06 68803.7 51031.8 98700.8 4696.78 110000 68.9414 9326.95 165283 -nan -nan -nan -nan -nan -nan -nan 8556.52 1.91437e+07 0
-70.7364 -70.0274 41.911 41.9712 4.56074e+07 6.04427e+06 154351 208713 0 -nan -nan 444.67 23531.5 114867 2.4272e+06 89265.7 -nan -nan -nan -nan -nan -nan 1.35204e+07 47
-69.6525 -68.8318 41.6735 43.2976 211918 78795 901 2817.4 79.032 425.195 -nan -nan -nan 149 20766 196 -nan -nan -nan -nan -nan -nan 42745 7
-70.4736 -69.9484 41.4699 42.925 9.91455e+07 3.4494e+07 655104 5786.97 273124 6881.3 287855 276.825 7013.47 336826 1.16299e+07 333618 40.181 1.38238e+07 25297.1 8.92679 19328.7 10256.4 5.34448e+07 169
-72.8056 -70.9756 42.1618 44.0285 1.73479e+09 2.70586e+08 5.68009e+06 251038 2.82819e+06 81062 2.86624e+06 2447.6 394237 4.4211e+06 1.06281e+08 3.13621e+06 1222.81 1.09286e+08 264904 98.678 251040 116526 5.13364e+08 45
-70.9969 -70.9408 41.5116 41.6402 1.35313e+07 2.42382e+06 51872.1 55104.1 0 -nan -nan -nan -nan 32427 967071 30521 -nan -nan -nan -nan -nan -nan 4.09666e+06 1
-70.3873 -70.1521 41.4228 42.5903 9.98484e+07 1.40243e+07 316938 462665 0 29232.6 119965 971.055 41753.4 247954 5.77005e+06 186292 72.6031 -nan -nan -nan -nan -nan 2.9635e+07 0
-70.3857 -69.0008 40.0269 41.5082 9.60987e+06 3.33295e+06 55147 74235.8 0 23571.3 -nan -nan -nan -nan 925040 31604.4 40 1.02635e+06 1907.62 -nan -nan -nan 5.25702e+06 8
-71.8646 -70.9432 40.4805 42.3894 9.26408e+08 1.37006e+08 2.9781e+06 381025 1.52851e+06 57633.8 1.57815e+06 222.293 218782 2.454e+06 5.65435e+07 1.77984e+06 365.339 5.57314e+07 161312 34.6385 155862 78899.7 2.72424e+08 26
-71.0608 -70.2924 41.4342 42.4737 8.40059e+08 1.13304e+08 2.50272e+06 22423.3 1.50535e+06 29477.2 1.4931e+06 191.251 269772 2.04177e+06 4.54838e+07 1.40657e+06 428.332 4.65049e+07 136862 5.21393 74975.4 38012.9 2.47572e+08 45
-71.6377 -70.9086 41.6847 42.1977 4.11185e+08 6.00283e+07 1.32976e+06 485954 542601 50172.9 615201 909.795 92019.6 1.07408e+06 2.49032e+07 784835 104.616 2.62592e+07 47628.8 20.2369 61371.3 39547.6 1.20858e+08 30
-72.1581 -70.3327 41.0641 41.6822 2.37455e+08 3.32447e+07 803320 9250.25 432753 8536.25 426451 65.9228 83923.6 612901 1.41901e+07 465318 291.71 1.41682e+07 53251.5 11.691 21259.7 9529.42 6.99719e+07 3
-69.4215 -68.3916 41.9627 43.0528 201346 74412.4 697 1332.65 0 357.467 -nan -nan -nan -nan -nan -nan 3 19809 4 -nan -nan -nan 40359 13
-70.6104 -70.5944 41.1051 42.8469 2.19479e+07 7.537e+06 122664 147996 2942.93 45106.3 -nan -nan -nan -nan -nan -nan 41.615 1.96806e+06 4516 1.83621 -nan -nan 1.07536e+07 42
-72.1336 -70.7294 40.7849 41.7953 1.59654e+08 2.4835e+07 489270 7613.84 271327 5648.86 272851 38.3204 38862.6 435400 9.74462e+06 296834 -nan -nan 59091.1 8.2133 33995.4 7457.78 4.70506e+07 45
-70.4005 -69.7533 41.9355 42.2536 1.10252e+07 4.00514e+06 64011 94282.4 0 30443.5 -nan -nan -nan 45707.4 1.26607e+06 34014 21.1843 -nan -nan -nan -nan -nan 6.37858e+06 37
-70.6295 -70.2601 41.3596 42.6556 2.62502e+08 3.82452e+07 933788 10548.4 466095 8986.42 475881 53.3214 82773.5 706276 1.4688e+07 446613 147.584 1.44113e+07 44722.1 0 31309.8 13886 7.7158e+07 56
-71.1122 -70.4152 40.4215 42.2658 7.85948e+08 1.17867e+08 2.56277e+06 461583 1.32818e+06 27439 1.30249e+06 217.625 303152 1.79957e+06 4.45102e+07 1.42408e+06 399.528 4.52796e+07 142840 26.6412 165705 67836.6 2.31105e+08 30
-70.6722 -69.8196 42.0761 42.5015 2.10212e+06 780608 3286.96 15113.2 0 4455.79 0 -nan -nan -nan -nan -nan -nan -nan -nan 0 357 -nan 1.00777e+06 136
-70.6555 -68.6931 41.8518 42.1529 8.40667e+07 1.20378e+07 203392 39976 142310 3254.88 149430 95.1872 53697.9 208610 -nan -nan -nan -nan -nan 0 23332.9 5891.8 2.47445e+07 37
-69.7828 -68.5812 42.0549 42.4911 210300 74067 336.8 1709.49 0 -nan -nan 65 152 199 -nan -nan -nan -nan -nan -nan -nan -nan 47156 13
-70.9456 -70.7263 42.1878 42.408 4.12196e+07 6.15431e+06 133655 405962 18901.5 -nan -nan 301.918 6421.49 96691 2.84924e+06 79436.9 -nan -nan -nan -nan -nan -nan 1.21834e+07 85
-71.5775 -69.6325 41.6906 42.7248 1.73263e+09 2.47366e+08 5.25295e+06 467614 2.92205e+06 105425 2.91563e+06 2913.07 425678 4.38699e+06 9.80628e+07 2.96771e+06 1168.87 1.03033e+08 250289 111.415 209734 104521 5.10193e+08 174
-72.1305 -70.7489 40.9869 42.7698 1.94735e+09 3.04867e+08 6.43105e+06 535881 3.3502e+06 139455 3.31336e+06 13401.6 469293 5.19186e+06 1.27619e+08 3.58677e+06 881.798 1.26688e+08 250424 54.6558 237775 139369 5.81203e+08 38
-72.6437 -70.7198 42.0446 42.0617 3.34315e+07 1.22247e+07 154953 4841.27 122687 7135.29 103430 -nan -nan -nan -nan -nan -nan 3.87618e+06 12700.6 0 6073.17 3288.22 1.885e+07 102
-70.588 -70.0367 41.2411 42.9379 3.26723e+08 3.99776e+07 1.01775e+06 92515.3 444833 24175.3 473089 327.363 123681 802960 1.82565e+07 650685 295.509 2.08162e+07 34455.7 0 27637.7 13577.6 9.63396e+07 63
-70.0776 -68.5183 40.5986 41.6228 1.04759e+07 1.3474e+06 30539 50136.2 0 -nan -nan -nan -nan 23713 524170 18065.3 -nan -nan -nan -nan -nan -nan 3.17537e+06 15
-70.422 -70.2734 41.1809 42.2928 3.83327e+07 1.13328e+07 193898 288526 0 76882.8 -nan -nan -nan 123428 3.31915e+06 105496 28.208 3.47855e+06 6361.53 -nan -nan -nan 1.80895e+07 30
-70.6771 -70.6512 41.4733 42.3274 2.32377e+07 8.53116e+06 106605 190646 0 56491.9 0 -nan -nan -nan -nan -nan 28.7159 2.44792e+06 5252.58 5.28116 3599.84 -nan 1.28252e+07 35
-71.5787 -70.8001 42.0312 42.8876 1.16038e+09 1.70078e+08 3.57891e+06 168700 1.79277e+06 61556.4 1.77108e+06 2662.82 240360 2.98783e+06 7.04405e+07 2.11614e+06 682.137 7.12941e+07 118392 34.3623 152415 79630.4 3.4363e+08 137
-69.8916 -68.5743 41.6237 43.4122 229402 76782.6 314.926 1491.19 30.97 389.919 30.14 -nan -nan -nan -nan 245 1 19755 -nan -nan -nan -nan 46652 16
-69.4113 -69.1054 41.2058 41.8473 221335 80624.2 354.463 1386.84 0 327.725 0 -nan -nan -nan -nan 6 0 19741 -nan -nan -nan -nan 42553 8
-69.9886 -68.3255 41.6988 43.5118 9.42682e+06 3.54512e+06 14591.2 73470.2 0 20469.3 0 -nan -nan -nan -nan 17380.5 11.6785 935018 1612.45 0 -nan -nan 4.54092e+06 5
-70.2938 -69.9841 40.5287 41.4128 9.95813e+06 3.64252e+06 45461.4 90698.8 0 24247.6 0 -nan -nan -nan -nan -nan -nan 943299 2147 2 -nan -nan 5.57702e+06 122
-70.6366 -68.9095 40.3656 41.952 3.83354e+08 5.34368e+07 1.26451e+06 172211 683513 13869.9 668316 92.0179 164074 1.00369e+06 2.15358e+07 768849 141.557 2.5284e+07 55193.9 6.48128 95904 39876.1 1.12975e+08 152
-70.3569 -68.7788 40.8913 42.2209 1.6247e+08 3.10297e+07 578769 5751.28 280938 5937.17 283997 1548 -nan 356117 1.06042e+07 331601 32.4435 1.01179e+07 17598.9 8.6494 23078 10281.1 5.16568e+07 189
-70.1019 -68.5277 41.0512 42.0182 8.62051e+07 1.19559e+07 264297 363597 71387 16326.2 120331 721.466 12501.8 200497 4.96418e+06 148176 -nan -nan -nan -nan -nan -nan 2.52739e+07 38
-69.9508 -68.4862 40.6906 41.6734 383467 118895 1765 2550.87 0 722.577 -nan -nan -nan 988 38847 970 -nan -nan -nan -nan -nan -nan 120466 39
-70.0038 -68.1891 41.696 43.4057 1.38189e+07 3.78513e+06 76435 114763 0 30748.6 -nan -nan -nan 57518 1.46424e+06 44006 -nan -nan -nan -nan -nan -nan 7.06235e+06 22
-70.8278 -70.2001 40.5099 42.4232 5.80658e+08 7.55885e+07 1.86704e+06 17327.1 1.02618e+06 18157.6 1.00639e+06 64.3115 244531 1.47075e+06 3.27256e+07 967459 282.451 3.23339e+07 59233.6 5.2764 50744.4 23133.4 1.70978e+08 11
-71.9236 -71.0307 41.3729 42.6042 1.22891e+09 1.8164e+08 3.89598e+06 504104 1.89489e+06 104141 1.88848e+06 5156.57 307665 3.05879e+06 7.32061e+07 2.32104e+06 806.124 7.27288e+07 122107 41.1935 174626 94712 3.66791e+08 27
-69.7771 -69.5406 41.3333 41.4697 177339 63477.6 754 1324.54 0 373.175 -nan -nan -nan 215 20664 229 -nan -nan -nan -nan -nan -nan 40788 11
-70.1909 -68.3419 41.9977 43.556 5.96816e+06 2.21297e+06 30000 46944.7 111.558 14018.6 -nan -nan -nan 22875.4 612103 16299 10.9517 -nan -nan -nan -nan -nan 3.0175e+06 45
-70.8968 -69.6577 41.5926 41.7411 2.66115e+08 3.58239e+07 773847 9667.13 428587 8999.61 435349 58.9607 75136.8 631709 1.41146e+07 391787 201.719 1.35977e+07 24345.1 0 25470.6 11453.4 7.8354e+07 112
-71.0369 -70.514 41.6304 42.8422 7.97672e+08 1.08184e+08 2.48363e+06 20102.3 1.35498e+06 26582.4 1.33571e+06 181.582 252942 1.979e+06 4.46188e+07 1.34704e+06 454.983 4.51824e+07 134569 28.4251 70999.1 35717.8 2.35086e+08 46
-70.6626 -69.0819 41.5033 43.2901 4.5674e+08 6.00622e+07 1.46703e+06 63241 762608 15231.6 776342 105.387 167949 1.12714e+06 2.47776e+07 842901 194.941 2.35633e+07 77534.3 18.9465 86372 34108.3 1.34624e+08 26
-71.7844 -70.1522 41.3268 43.2643 2.40993e+09 3.67109e+08 7.53982e+06 599339 3.95203e+06 138971 3.94774e+06 6736.48 577987 6.26303e+06 1.44273e+08 4.17166e+06 1319.1 1.47534e+08 348183 58.8283 288084 119958 7.18498e+08 99
-72.1042 -70.201 41.1933 42.2357 1.30891e+09 1.9469e+08 4.31879e+06 128537 2.21722e+06 71725.5 2.11027e+06 3437.82 407063 3.21316e+06 7.96063e+07 2.54346e+06 483.555 7.49505e+07 128862 13.0236 117387 56664.9 3.89834e+08 47
-70.2321 -70.2116 42.1315 42.2709 217051 83165 1055 1572.83 0 -nan -nan -nan -nan 311 24475 -nan -nan -nan -nan -nan -nan -nan 49768 18
-70.6204 -70.0648 41.6373 42.1158 2.73083e+08 3.86848e+07 859587 10147.5 461537 9179.5 457752 76.0737 122665 643318 1.48974e+07 480734 101.404 1.41458e+07 24307.6 0 22658.6 11242 8.09684e+07 355
-70.4328 -70.0322 40.1907 41.5804 7.27559e+06 2.64088e+06 41915 60223.3 0 18341.8 -nan -nan -nan 30038.7 763490 24632 19.8959 -nan -nan -nan -nan -nan 4.09012e+06 26
-70.2587 -70.0571 40.5402 41.6122 4.4728e+06 1.62172e+06 26238.8 38316.2 0 11203.3 -nan -nan -nan -nan 667496 19321 22 739266 -nan -nan -nan -nan 2.47115e+06 1
-69.7211 -69.63 42.1275 42.2355 196117 70581.8 614.558 1579.1 0 387.367 0 -nan -nan -nan 20600 233 0 19824 -nan -nan -nan -nan 47403 13
-69.546 -68.1124 42.0183 42.9781 185816 66166.6 756.899 1402.49 0 375.114 0 -nan -nan -nan -nan -nan -nan 19693 5 1 -nan -nan 42842 10
-69.6891 -67.9036 41.5405 41.6504 230638 62955.4 707.401 1433.12 192 425 181 72 -nan -nan -nan -nan -nan -nan -nan -nan -nan -nan 48179 89
-69.5642 -68.1625 41.2447 42.5253 176372 63018.7 730.833 1413 118 432 114 -nan -nan -nan -nan -nan -nan -nan -nan -nan -nan -nan 42853 11
-70.0263 -69.5519 41.1462 41.7275 9.08903e+06 2.83476e+06 51840 73696.8 0 22028.3 -nan -nan -nan 38904.4 986595 29636 40.6811 -nan -nan -nan -nan -nan 5.00852e+06 43
-70.6581 -69.2321 40.943 42.3326 4.66676e+08 7.12438e+07 1.59611e+06 13694.6 810917 13838.7 811699 107.685 196325 1.18763e+06 2.7266e+07 762221 410.83 2.6078e+07 53504.3 0 43785 19015.1 1.37643e+08 45
-69.5716 -68.6102 41.3011 42.1219 196083 71484.9 698 1366.24 0 378.21 -nan -nan -nan -nan 20648 183 0 -nan -nan -nan -nan -nan 42695 10
-69.5125 -69.4318 41.6278 41.9132 183787 65906.7 602 1364.95 0 368.592 -nan -nan -nan -nan 20635 7 0 -nan -nan -nan -nan -nan 40478 4
-70.7336 -69.445 41.5463 42.1086 5.15654e+08 6.87628e+07 1.68542e+06 14277 904616 15974.6 889021 118.983 163192 1.30618e+06 2.88328e+07 868693 279.796 2.91479e+07 62912.7 0 45196.6 22409.6 1.51811e+08 87
-70.6798 -69.2472 42.0578 42.9519 8.37848e+06 3.06834e+06 37632 73998.2 0 21012.9 0 -nan -nan -nan -nan -nan -nan -nan 2558.91 2 1195.98 -nan 4.69652e+06 9
-71.0288 -69.8069 42.1504 43.035 2.89671e+08 4.059e+07 861422 195016 426092 20047.2 474001 80.2332 38552.7 726338 1.64177e+07 534535 112.3 1.70452e+07 29230.9 6.48161 52710.7 28741.8 8.52331e+07 85
-71.5957 -70.448 41.6385 42.7789 1.78022e+09 2.59936e+08 5.56997e+06 393048 2.91888e+06 127979 2.88883e+06 8618.6 505617 4.5139e+06 1.04615e+08 3.24416e+06 915.851 1.03718e+08 224398 78.8352 245093 102818 5.30846e+08 50
-69.6293 -69.5612 41.9735 42.9372 193140 70489.9 286.169 1634.68 125 418 122 56 -nan -nan -nan -nan -nan -nan -nan -nan -nan -nan 44381 45
-71.1732 -71.085 40.5166 42.1566 7.734e+07 1.26575e+07 258679 359040 0 -nan -nan 1589.39 23434.7 202686 4.9413e+06 150642 51.6297 5.08441e+06 -nan -nan -nan -nan 2.31129e+07 26
-71.2947 -70.7201 41.0836 43.0088 1.23533e+09 1.82399e+08 3.7083e+06 29733 2.06868e+06 40714.1 2.09171e+06 530.873 250300 2.93014e+06 7.07791e+07 1.9748e+06 499.536 6.91321e+07 151292 54.9999 103438 51694.1 3.65021e+08 55
-72.2178 -70.4138 41.5887 42.368 1.33993e+09 2.15708e+08 4.70279e+06 1.19002e+06 2.26292e+06 100149 2.36001e+06 584.671 471967 3.62103e+06 9.36305e+07 2.68458e+06 833.669 9.94904e+07 237390 49.7203 208655 102163 3.94232e+08 86374
