-70.6563 -69.8534 42.2156 42.7452 5.71686e+06 1.28235e+06 27308 7084 13169 -nan -nan -nan -nan -nan -nan -nan -nan -nan -nan -nan -nan -nan 1.6827e+06 0
-70.0249 -69.855 42.4385 42.6185 190152 78620 682 1397 73 -nan -nan -nan -nan -nan -nan -nan -nan -nan -nan -nan -nan -nan 42045 7
-71.7977 -70.6251 42.6036 43.5502 4.66329e+08 7.52621e+07 1.23099e+06 195533 602167 26060.1 635288 117.44 72644.2 1.3218e+06 2.85896e+07 693121 304.469 3.07346e+07 48499.4 13.4595 67980.3 42220.1 1.38988e+08 25
-70.0501 -69.3996 43.0471 43.4743 179361 65043.8 335.273 1312.54 0 -nan -nan -nan -nan -nan -nan -nan -nan -nan -nan 0 2 -nan 40386 47
-70.147 -68.4955 42.4648 43.1035 194247 70912.6 344.257 1673.21 0 -nan -nan -nan -nan -nan -nan -nan -nan -nan -nan 0 5 -nan 49403 21
-71.1359 -70.1726 42.6739 42.8251 7.91777e+07 1.05636e+07 227743 4150.48 129539 3450.54 135942 -nan -nan -nan -nan -nan -nan -nan -nan 0 32393.7 6731.48 2.35895e+07 10
-71.9421 -71.1329 43.0211 44.807 1.49445e+07 5.61213e+06 23615.7 28458.8 29484.1 2902 29303 62.1716 2656.51 -nan -nan -nan -nan -nan -nan -nan -nan -nan 7.60515e+06 49
-70.7377 -70.4239 42.0297 43.9214 1.17257e+08 2.66673e+07 384157 79435.3 188670 13088 198102 48.3773 18442.6 444037 9.25406e+06 136663 35.2089 1.03366e+07 -nan -nan -nan -nan 4.05636e+07 71
-70.5953 -69.8447 42.6538 42.9347 252481 92278.8 653.12 1943.45 0 -nan -nan -nan -nan -nan 27187 575 3 26408 -nan -nan -nan -nan 89087 81
-72.4795 -70.4961 41.4062 42.6818 2.76368e+09 3.82455e+08 8.17868e+06 586858 4.20594e+06 155479 4.17334e+06 16441.9 572676 6.59262e+06 1.47293e+08 4.62687e+06 886.951 1.49577e+08 426660 64.7988 411133 172016 8.2349e+08 105
-70.4726 -69.6636 41.7573 43.4109 2.74754e+07 9.75694e+06 46024.3 235563 1139.46 -nan -nan 702.367 9596.8 113203 3.23779e+06 92119.5 5.51064 3.36863e+06 -nan -nan -nan -nan 1.50327e+07 3
-72.339 -71.124 42.9131 43.3536 7.36857e+07 1.4749e+07 232937 317011 0 -nan -nan -nan -nan -nan -nan 87151 97.7584 5.92728e+06 10838.9 0 9346.06 3947.73 2.20237e+07 25
-69.6441 -68.5844 42.1998 43.9243 1.86398e+06 692706 3619.65 14653.8 0 -nan -nan -nan -nan -nan -nan -nan -nan -nan 626 0 -nan -nan 1.01575e+06 12
-70.9647 -69.9075 42.8358 44.4078 3.54554e+08 7.04597e+07 1.14117e+06 117242 419752 17783.7 438162 301.822 59918.4 1.47245e+06 3.01156e+07 526375 163.391 3.07072e+07 111485 19.6482 103314 46258.1 1.07989e+08 188
-70.1003 -68.5952 42.9583 44.8256 1.75376e+08 3.26634e+07 558002 11214.8 78123.2 37287.7 179021 1027.69 41972.3 622582 1.42189e+07 296657 61.6442 1.56755e+07 28934.5 17.2982 21235 10358 5.18081e+07 62
-72.5786 -71.0648 42.3989 42.7934 8.53354e+08 1.09886e+08 2.32556e+06 408892 1.1131e+06 111443 1.07571e+06 17265.6 152120 1.99394e+06 4.53552e+07 1.35254e+06 296.937 4.29381e+07 68783.6 14.0343 62159.2 23177.7 2.50374e+08 162
-71.1982 -70.7268 41.2711 43.0039 1.09704e+09 1.56817e+08 3.14785e+06 474573 1.54082e+06 89155.4 1.62449e+06 3852.44 214221 2.62889e+06 6.01632e+07 1.87108e+06 441.435 6.08958e+07 166981 28.2569 182825 80424.2 3.24859e+08 40
-70.8874 -70.2077 41.5942 42.9127 6.38327e+08 9.27107e+07 2.16144e+06 398808 1.0252e+06 35178.2 1.03942e+06 158.06 215480 1.4927e+06 3.31668e+07 1.1532e+06 352.578 3.37978e+07 107376 28.2672 141589 60515.3 1.93389e+08 18
-70.6685 -69.9762 40.9172 42.6174 5.16893e+08 6.6083e+07 1.56727e+06 13736.9 834257 15011.3 813278 109.836 201658 1.22091e+06 2.84906e+07 816710 279.012 2.75019e+07 47846.6 6.36565 44396.7 21054.7 1.52554e+08 29
-70.7026 -69.1696 41.5137 42.8571 5.18008e+08 6.56322e+07 1.63662e+06 13967.7 847656 15191.2 832707 119.662 202247 1.28197e+06 2.70232e+07 821156 332.139 2.80632e+07 83028.8 6.47457 41353.3 18978.8 1.52795e+08 17
-71.4858 -69.5074 41.4082 42.637 2.03625e+09 2.69227e+08 5.69179e+06 382720 3.03855e+06 104395 3.03057e+06 16306.8 368612 4.72183e+06 1.09052e+08 3.39749e+06 836.844 1.06845e+08 280326 66.4677 249239 102299 6.04024e+08 47
-70.9235 -69.9397 42.1856 42.6204 8.81205e+07 1.36712e+07 274909 38373.1 137394 3537.55 147752 103.667 9652.83 218597 -nan -nan -nan -nan -nan -nan -nan 15030.6 2.75502e+07 78
-69.4031 -69.3964 40.7063 42.6398 186749 66874.1 338.441 1566.83 0 -nan -nan -nan -nan -nan -nan -nan -nan -nan -nan 0 4 -nan 43672 16
-72.4127 -70.6781 42.4886 42.8483 7.20816e+08 1.11876e+08 2.32651e+06 906518 910495 106997 1.02337e+06 2104.01 116281 1.81862e+06 4.34349e+07 1.29777e+06 361.896 4.30831e+07 69681.4 30.2834 94373.6 62608.6 2.20726e+08 19
-72.653 -70.8957 42.7703 42.8157 2.7866e+07 5.27357e+06 91699 3239 35102.9 -nan -nan -nan -nan -nan -nan -nan -nan -nan -nan -nan 7370.11 1939.52 8.25598e+06 65
-69.4196 -69.0568 41.6308 42.5495 236780 78856 949 2153 144 468 -nan -nan -nan -nan -nan -nan -nan -nan -nan -nan -nan -nan 43423 41
-70.0793 -69.6616 42.8138 42.9292 174601 63241.7 513.854 1393.8 0 -nan 45 66 72 61 -nan -nan -nan -nan -nan -nan -nan -nan 41295 13
-71.5895 -70.9161 40.5452 42.4674 1.00687e+09 1.30983e+08 2.89103e+06 23259.4 1.61447e+06 32824.5 1.57314e+06 5834.49 194005 2.3178e+06 5.33627e+07 1.49078e+06 334.114 5.31816e+07 206262 23.3765 79394.1 32764 2.96182e+08 93
-71.2134 -70.8345 42.1195 43.0773 6.28022e+08 8.51286e+07 1.81579e+06 16674.1 1.00366e+06 19661 982795 145.031 104839 1.47643e+06 3.41086e+07 906118 179.172 3.40645e+07 61571.8 20.6223 50227.4 27793.6 1.84965e+08 60
-72.4189 -70.8576 41.0508 42.5155 1.82839e+09 2.34979e+08 5.12834e+06 270260 2.7707e+06 96338.1 2.67314e+06 15838.6 354160 4.30537e+06 9.51504e+07 2.83886e+06 805.839 9.55886e+07 218681 19.3543 139710 70358.8 5.37958e+08 111
-70.3787 -70.3339 42.6507 42.8165 254999 66968.8 313.713 1483.35 99.7785 -nan 71.944 70 198 464 33755.5 -nan -nan -nan -nan -nan -nan -nan 45614 13
-71.1685 -71.1288 42.9653 43.0081 182122 64936.6 515.252 1646.24 0 -nan -nan 55 100 94 23002 -nan -nan -nan -nan -nan -nan -nan 44431 13
-69.716 -68.0626 41.9562 42.283 177157 64186.8 609.162 1200.94 4 422 4 55 -nan -nan -nan -nan -nan -nan -nan -nan -nan -nan 41863 12
-69.5045 -69.024 42.1905 43.7757 351059 128674 1259.13 2380.26 577 480 573 55 -nan -nan -nan -nan -nan -nan -nan -nan -nan -nan 138070 79
-69.6204 -68.0836 42.0107 43.7729 216771 78907 736.044 1634.05 32 437 30 54 -nan -nan -nan -nan -nan -nan -nan -nan -nan -nan 62622 99
-70.3586 -68.4419 42.5923 43.302 192850 69923.6 687.358 1324.44 10.0839 422 17 56 75.3923 -nan -nan -nan -nan -nan -nan -nan -nan -nan 44493 14
-70.7554 -70.5034 42.8581 43.6353 3.04277e+07 9.52892e+06 157457 588395 0 8763.41 52943.7 167.26 5827 155930 3.99132e+06 54985.7 -nan -nan -nan -nan -nan -nan 1.51325e+07 34
-71.1093 -70.9537 41.6301 43.1424 3.89932e+08 5.26979e+07 1.13039e+06 11777.5 599313 14134.2 569152 93.7084 67122.8 882617 2.17032e+07 590396 141.206 2.00916e+07 32953.1 9.6041 33109.2 16725.2 1.14992e+08 37
-70.9377 -70.7997 42.9929 43.2685 2.34559e+06 690437 11288 4891 4220 1032.89 -nan -nan -nan -nan -nan -nan -nan -nan -nan -nan -nan -nan 1.1307e+06 43
-70.3684 -68.938 42.4874 42.5744 245515 78570 777 1298 78 449 -nan -nan -nan -nan -nan -nan -nan -nan -nan -nan -nan -nan 55445 68
-71.7056 -69.9916 42.7746 42.8547 3.73404e+07 8.62393e+06 149032 5483.34 78365.8 4251 77790.7 76.1488 6343.24 -nan -nan -nan -nan -nan -nan -nan -nan -nan 1.70446e+07 17
-73.0023 -71.12 42.1062 43.3579 1.9675e+09 2.7607e+08 5.69695e+06 419983 2.96491e+06 142593 2.87749e+06 20977.8 451812 5.05091e+06 1.20871e+08 3.35735e+06 578.336 1.13294e+08 294632 37.5002 259988 118038 5.8113e+08 58
-71.419 -70.5595 42.4497 42.8196 5.04932e+08 6.79192e+07 1.52375e+06 12845.8 833017 15591.8 811750 483.376 99128.8 1.0941e+06 2.59054e+07 633612 202.518 2.67512e+07 59632.2 6.21817 41923.2 18842.3 1.47835e+08 7
-70.4439 -69.1206 41.003 42.6625 2.2135e+08 3.33942e+07 769036 8370.73 369467 6899.49 329258 57.3519 18763.6 504372 1.20075e+07 257467 96.2292 1.27873e+07 23237.1 0 20922.4 9999.16 6.53761e+07 114
-71.2691 -70.2339 42.2142 42.3653 1.72268e+08 2.47992e+07 526015 5315.84 264080 9165.34 259615 18367.9 83551.9 274674 9.37205e+06 208576 89.1653 9.75193e+06 16546.5 0 15666 8209.93 5.058e+07 57
-69.6751 -68.435 41.3013 42.2806 204556 74651.1 342.074 1421.2 132 449 123 64 -nan -nan -nan -nan -nan -nan -nan -nan -nan -nan 44217 16
-70.7669 -69.5223 42.5641 43.7229 1.69625e+08 3.08908e+07 442981 130084 119291 99831.2 105563 16689.8 26514.5 447831 1.26619e+07 253693 34.5749 1.44077e+07 22036.5 4.18981 18777.8 7740.79 4.84799e+07 109
-70.3253 -69.9366 40.6848 42.5491 1.72123e+08 2.99834e+07 560246 106354 275249 5899.74 307174 48.0139 53465.4 444872 1.0874e+07 320882 37.7165 1.0325e+07 17341.4 0 -nan 28640.9 5.4642e+07 141
-69.588 -69.4367 42.6401 44.1277 4.35387e+06 1.61868e+06 10970.3 33302.7 0 -nan -nan -nan -nan -nan -nan -nan -nan 607489 1211 1 -nan -nan 2.53922e+06 43
-69.928 -68.167 42.1898 43.1238 182411 65825 419.896 1467.48 0 -nan -nan -nan -nan -nan -nan -nan -nan -nan 5 0 -nan -nan 43445 13
-70.2371 -68.4352 41.0389 42.3592 1.5971e+08 2.05616e+07 475656 6155.72 249738 4851.48 231078 44.3447 12127.2 329813 7.54341e+06 291451 -nan -nan 54246.8 0 19640.4 5991.53 4.72396e+07 149
-72.296 -70.9022 41.7249 42.2736 8.32826e+08 1.08196e+08 2.42814e+06 20598 1.38454e+06 30012.3 1.41187e+06 1266.73 187669 2.03034e+06 4.75201e+07 1.29474e+06 226.572 4.56573e+07 152414 16.9258 65940.1 28370.9 2.45384e+08 208
-70.8183 -70.0372 41.379 43.1903 6.53586e+08 1.02915e+08 2.20272e+06 477664 1.03213e+06 28402.9 1.08299e+06 183.153 146056 1.60723e+06 3.72889e+07 1.21047e+06 438.351 3.96121e+07 65569.4 29.6562 133963 79436.9 2.03168e+08 36
-70.4254 -70.0933 42.6939 43.5159 2.27844e+06 833146 5830.26 21454.6 0 -nan -nan -nan -nan -nan -nan 6175 21 367911 -nan -nan -nan -nan 1.30931e+06 3
-70.0636 -68.5524 42.1609 42.8745 194824 69755.5 317.611 1373.97 0 -nan -nan -nan -nan -nan -nan 167 0 23445 -nan -nan -nan -nan 48275 98
-71.0213 -69.8097 42.5167 43.5901 2.63209e+08 4.55817e+07 695239 91505.1 304390 26307.8 403458 63.1877 27259.4 622992 1.48874e+07 442177 87.4648 1.46554e+07 25925.3 6.47763 28583 12825.4 7.75671e+07 67
-71.423 -70.2955 41.114 42.3806 1.27091e+09 2.01675e+08 3.90189e+06 470934 1.90941e+06 75433.5 2.06924e+06 379.48 304405 3.12863e+06 7.12602e+07 2.39308e+06 469.543 7.30719e+07 150256 33.0326 182349 77590.8 3.77863e+08 39
-71.0853 -70.6812 41.8349 43.7791 7.35429e+08 9.5492e+07 2.15147e+06 18091.4 1.16641e+06 24981.1 1.07839e+06 1531.11 136435 1.75985e+06 4.12719e+07 1.08052e+06 258.029 4.13282e+07 137590 18.3425 58525.4 27045.6 2.16076e+08 11
-69.9337 -69.5269 42.5517 43.947 8.19893e+06 3.05293e+06 23302.9 67111.7 0 -nan -nan -nan 6073.6 55597 1.39261e+06 28939 17.5967 -nan -nan -nan -nan -nan 4.7452e+06 118
-71.5377 -69.5407 41.4526 43.4066 2.26253e+09 3.21931e+08 6.69262e+06 635133 3.4472e+06 162180 3.39376e+06 21983.6 652809 5.79329e+06 1.30721e+08 3.94687e+06 741.755 1.29121e+08 268536 84.3275 337553 149224 6.73421e+08 73
-71.8116 -70.4947 42.7309 43.7926 2.62128e+08 4.67569e+07 750986 91172.5 385252 9811.5 361410 69.1068 38370.3 971750 2.12811e+07 357780 93.7691 2.3934e+07 43772.4 0 50157.7 36713.4 7.87681e+07 209
-69.6187 -67.8067 43.1282 43.352 228652 73897 731 1574.05 4.85978 -nan -nan -nan -nan -nan -nan -nan -nan -nan -nan -nan 3 3 50321 34
-69.803 -67.9481 42.4053 43.9662 6.65398e+06 2.46086e+06 43456 11248 14813.7 13812.6 -nan -nan -nan -nan -nan -nan -nan -nan -nan -nan 1862.67 814 3.88256e+06 115
-71.7677 -70.7537 42.0761 42.946 1.45954e+09 2.05554e+08 4.47261e+06 365418 2.28595e+06 105458 2.20913e+06 5888.39 275041 3.42147e+06 8.43173e+07 2.26183e+06 505.181 8.82773e+07 186839 41.9488 121544 47769.1 4.28958e+08 735
-70.3692 -69.9663 41.9532 43.8437 4.65033e+07 1.30288e+07 286299 97647.1 102271 10035.1 112434 125.035 14375.8 291190 -nan -nan -nan -nan -nan -nan -nan -nan 2.17585e+07 64
-69.8391 -69.2904 42.8854 43.9934 1.59154e+07 3.04514e+06 50310.6 67866.9 1405.14 -nan -nan -nan -nan -nan -nan -nan -nan -nan -nan 0 2290 902.442 4.71345e+06 23
-71.0922 -70.1921 41.634 43.1117 1.10615e+09 1.54125e+08 3.23351e+06 176204 1.64215e+06 90883.7 1.6097e+06 12642.7 306935 2.71765e+06 5.9479e+07 1.97948e+06 367.981 5.97561e+07 106692 40.8798 128150 80319.7 3.25671e+08 88
-72.2712 -71.1247 42.264 42.6459 8.12621e+08 1.05808e+08 2.36227e+06 18415.3 1.36791e+06 26847 1.3538e+06 196.096 221015 1.91647e+06 4.43743e+07 1.27656e+06 282.788 4.57417e+07 118817 11.8496 68358.9 32362.9 2.40466e+08 129
-69.946 -69.0651 42.6232 43.0335 282599 78530 909 1328 231 459 -nan -nan -nan -nan -nan -nan -nan -nan -nan -nan -nan -nan 49272 10
-70.4034 -70.0076 41.2257 42.3444 1.54341e+08 3.41891e+07 512413 57957.9 235550 12121.6 273215 35.2503 64975.9 380732 9.28152e+06 307722 17.6185 9.94247e+06 16369.4 0 -nan -nan 4.69092e+07 39
-72.0404 -70.1032 40.8214 42.6922 2.64525e+09 3.71795e+08 7.95195e+06 665296 4.14202e+06 173578 4.14731e+06 23924.7 590873 6.47043e+06 1.47381e+08 4.51427e+06 621.97 1.44574e+08 378143 109.466 361872 156592 7.84097e+08 70
-69.6946 -69.5083 40.5336 42.3391 200700 69893.9 610.145 1688.43 0 -nan -nan -nan -nan -nan -nan -nan 11 19706 3 -nan -nan -nan 42621 8
-70.7327 -70.3725 42.0233 43.1216 4.29334e+07 7.89224e+06 49941.3 185203 0 -nan -nan -nan -nan -nan -nan -nan 39.9112 2.32656e+06 5316.15 1.37813 4282.57 -nan 1.2675e+07 81
-71.5187 -69.5378 42.7109 43.8921 3.44738e+08 6.48864e+07 1.08962e+06 120731 463725 14928 498301 283.764 54653.1 1.22996e+06 2.7885e+07 532477 70.5152 3.0763e+07 49439.9 7.01484 85091.6 46972.7 1.02206e+08 15
-70.8368 -70.3224 41.1477 42.5475 5.22956e+08 6.70637e+07 1.62079e+06 12203.8 875330 27427 796693 3802.51 194847 1.18576e+06 2.95009e+07 961204 270.301 3.19259e+07 54765.7 12.8703 45750.9 20829.5 1.53873e+08 32
-70.0739 -69.1389 42.3906 42.5442 211560 76575.1 349.499 1625.4 0 -nan -nan 55 188 299 22750 -nan -nan -nan -nan -nan -nan -nan 57951 19
-71.9823 -70.7989 41.2211 42.2761 8.89818e+08 1.28056e+08 2.81602e+06 22901.2 1.54457e+06 28744.2 1.49244e+06 1047.68 171621 2.09066e+06 5.24002e+07 1.47106e+06 261.131 5.15179e+07 196818 30.3565 112012 40725 2.67816e+08 98
-70.8364 -69.7743 41.9079 43.0978 2.1709e+08 2.7141e+07 566249 74629.5 286450 19899.1 301149 68.1106 73881.8 534255 1.16011e+07 406809 12.0183 1.17519e+07 20662.8 16.0209 18343.9 8024.27 6.4017e+07 127
-71.0121 -70.8695 42.7177 42.982 1.92118e+07 7.09737e+06 85937.8 76924.6 53660.7 3401.51 56870 38.0563 4320.72 92400.1 -nan -nan -nan -nan -nan -nan -nan -nan 1.10626e+07 3
-70.7429 -69.9246 42.2772 43.8902 1.8039e+08 3.24428e+07 475049 20921.8 182302 -nan 175091 2933.8 46474.1 543913 1.45534e+07 291289 59.9604 1.58162e+07 28615.8 0 22748.2 10084.5 5.29668e+07 150
-70.4759 -69.75 41.1296 42.9549 2.40882e+08 3.79254e+07 718227 76721.6 339274 19815.6 412283 62.2444 100319 602216 1.36295e+07 453222 62.2312 1.39489e+07 25037.8 11.8511 23044.2 15453.5 7.10092e+07 11
-70.2439 -69.569 41.8339 42.5802 1.55081e+07 4.69941e+06 97976 11955 43966 1616.83 -nan -nan -nan -nan -nan -nan -nan -nan -nan -nan -nan 2981.41 8.70217e+06 16
-69.8711 -69.7128 42.5147 42.798 179990 65567.7 506.611 1608.39 0 -nan -nan 48 148 235 20704 -nan -nan -nan -nan -nan -nan -nan 46042 16
-70.8389 -68.8882 42.9659 43.1404 4.15716e+06 1.53237e+06 9866.15 35285.5 0 -nan -nan -nan -nan -nan -nan -nan 3 606305 1109 -nan -nan -nan 2.4934e+06 36
-69.5768 -68.8216 41.4722 43.4087 184929 66292 425.8 1381.86 0 -nan -nan -nan -nan -nan -nan -nan 2 19712 4 -nan -nan -nan 43156 10
-70.7443 -70.2734 41.4921 43.3563 4.16086e+08 5.19168e+07 1.28905e+06 100723 638165 32528.1 677139 107.522 201800 1.0771e+06 2.36602e+07 793384 180.464 2.57213e+07 47753.3 24.8917 34648.6 14856.6 1.22718e+08 122
-71.0229 -70.7305 42.5808 44.3791 1.66709e+08 2.80746e+07 574143 5809.67 269595 7269.77 230292 39.0927 20495.1 561152 1.3513e+07 201649 779.933 1.00016e+07 67885.5 0 30980.4 7818.36 5.17828e+07 89
-70.1392 -68.2226 41.1535 42.744 1.05981e+08 1.49194e+07 315715 11899.2 28161.5 -nan -nan -nan -nan 192340 5.98963e+06 152918 87.0874 5.46937e+06 9908.65 2.60784 9471.42 4298.74 3.1089e+07 61
-71.0648 -69.8261 41.8518 42.725 6.69399e+08 9.30534e+07 2.02482e+06 570481 912623 74166.1 1.02621e+06 1383.83 171362 1.61594e+06 3.60706e+07 1.11731e+06 333.576 3.70592e+07 62845.6 32.1951 56035 34849.7 1.9662e+08 91
-70.5643 -70.3441 42.6542 42.7819 245880 74415.4 469.41 1594.86 0 -nan -nan -nan -nan -nan -nan -nan -nan 21806 5 0 -nan -nan 57797 31
-70.2642 -70.2475 42.0448 42.4308 259750 76495.3 484.421 1572.49 0 -nan -nan -nan -nan -nan -nan -nan -nan -nan -nan 0 2 -nan 61392 41
-70.1741 -68.4029 41.33 42.3948 9.42972e+07 1.44707e+07 313215 3446.83 147599 3630.25 149452 939.133 -nan -nan -nan -nan -nan -nan -nan 0 16470.2 4118.91 2.81114e+07 154
-71.9221 -70.3922 41.2673 43.1507 2.56198e+09 3.83124e+08 8.2538e+06 720794 4.1016e+06 172516 4.03285e+06 11037.6 615755 6.52039e+06 1.51124e+08 4.30169e+06 981.756 1.48871e+08 376290 110.688 300239 133875 7.64835e+08 19
-69.525 -68.8691 41.4611 42.9616 176795 63559.4 417.657 1312.57 0 -nan -nan -nan -nan -nan -nan -nan 3 19711 6 -nan -nan -nan 39506 10
-72.0615 -70.7045 41.9544 42.3409 8.91432e+08 1.32933e+08 2.60885e+06 101364 1.44849e+06 38851.2 1.50362e+06 322.976 200946 2.33713e+06 5.58134e+07 1.72114e+06 482.934 5.38243e+07 135032 17.1704 141469 68265.2 2.66414e+08 98
-71.229 -69.9502 41.2582 43.0585 1.69564e+09 2.45049e+08 5.44101e+06 760043 2.68848e+06 119917 2.66139e+06 9638.31 406610 4.04851e+06 9.93497e+07 2.98867e+06 833.574 9.84113e+07 234864 25.1113 239298 108987 5.08235e+08 47
-70.5219 -70.1042 42.9311 43.1859 176562 63968.3 287.079 1470.65 0 -nan -nan -nan -nan -nan -nan 229 3 19755 -nan -nan -nan -nan 39804 13
-69.4445 -68.8248 42.0497 42.2897 170721 62196.1 301.171 1400.98 0 -nan -nan -nan -nan -nan -nan 5 0 19745 -nan -nan -nan -nan 36587 6
-69.5978 -68.0322 41.7468 42.4776 203459 73809 815 1535 0 382.372 -nan -nan -nan -nan -nan -nan -nan -nan -nan -nan 3 1 48729 13
-70.2845 -69.9377 42.7491 43.1975 197494 73812 583 1783 0 375.76 -nan -nan -nan -nan -nan -nan -nan -nan -nan -nan 7.16221 2 46283 39
-70.3274 -69.6383 41.5528 43.2467 1.05236e+08 3.02152e+07 589191 269855 224489 13826.9 276744 42.6783 47872 394537 9.73299e+06 311330 46.2589 1.12826e+07 19581.3 -nan -nan 32098.4 4.82724e+07 65
-69.4891 -69.3949 40.8331 42.3438 180899 64114.2 393.248 1469.98 0 -nan -nan -nan -nan -nan -nan -nan 3 19706 4 -nan -nan -nan 41248 13
-69.4853 -67.5543 42.8086 43.7602 360549 84155.5 620.08 1835.38 75.0415 -nan -nan -nan -nan -nan -nan -nan -nan 32096 16 0 -nan -nan 81886 17
-69.5218 -67.8605 42.4502 43.1186 201443 66435.3 339.108 1436.37 0 -nan -nan -nan -nan -nan -nan -nan -nan 19784 4 0 -nan -nan 43998 10
-70.4701 -68.8257 41.43 42.6185 2.25406e+08 2.93675e+07 716708 8566.62 393140 7296.47 390397 67.2102 48549.4 537560 1.28929e+07 376800 79.4863 1.29306e+07 69635.7 0 17079.6 8235.54 6.71271e+07 13
-69.7432 -69.5201 42.2378 42.3356 183839 65900.5 415.935 1464.91 0 -nan -nan -nan -nan -nan -nan -nan 3 19710 4 -nan -nan -nan 43455 1
-70.7096 -70.3299 41.4821 42.3268 3.16448e+08 4.51957e+07 1.09624e+06 11974.6 559214 9882.07 550303 64.8046 91392.3 833066 1.86351e+07 656011 200.273 1.77983e+07 52412.3 4.47643 43290.3 13187.3 9.41166e+07 139
-72.4966 -71.0699 43.0207 44.0304 2.15065e+07 6.37974e+06 114617 7388.37 39240 3311 40161.4 372.948 -nan -nan -nan -nan -nan -nan -nan -nan -nan -nan 1.01662e+07 4
-72.2791 -70.5868 40.9455 42.3133 1.35755e+09 2.1127e+08 4.50084e+06 405627 2.28884e+06 69511.8 2.38712e+06 348.498 324579 3.4942e+06 8.46629e+07 2.43949e+06 674.797 8.12451e+07 218922 96.0366 207369 90762.5 4.02094e+08 4
-71.2044 -70.6931 41.9751 42.789 7.66387e+08 1.15596e+08 2.28685e+06 592187 1.09386e+06 66753.4 1.18436e+06 202.719 152735 1.94507e+06 4.41692e+07 1.33704e+06 457.236 4.29416e+07 72890 6.28461 94737 56578.3 2.25165e+08 72
-70.4435 -70.1772 42.5847 43.6798 1.9847e+07 7.99009e+06 134664 4934 54429 2817.97 62303.8 -nan -nan -nan -nan -nan -nan -nan -nan -nan -nan 8416.66 1.09576e+07 127
-69.4558 -68.7171 42.6158 44.3407 1.37443e+07 5.17314e+06 21589 8664 35767 2559 35692 60.2175 4117.57 -nan -nan -nan -nan -nan -nan -nan -nan -nan 6.68071e+06 108
-70.783 -69.4293 42.4723 43.1088 9.80182e+06 3.63996e+06 32420.7 75058.4 0 2034.53 28329 69 2910 52168.1 -nan -nan -nan -nan -nan -nan -nan -nan 5.56026e+06 157
-69.6384 -68.9355 40.9422 42.5644 180479 65682.9 524.379 1368.06 0 -nan 108 59 142 147 -nan -nan -nan -nan -nan -nan -nan -nan 44397 9
-69.9553 -68.4085 42.8226 43.1811 177442 64567.8 527.4 1404.18 0 -nan 7 58 57 18 -nan -nan -nan -nan -nan -nan -nan -nan 42455 10
-70.29 -69.7404 42.3661 43.4824 186697 67946.5 563.088 1444.44 0 -nan 58 48 93 90 -nan -nan -nan -nan -nan -nan -nan -nan 47794 54
-69.4098 -68.618 41.806 42.6887 173161 63034 506.204 1365.26 0 -nan 5 57 47 16 -nan -nan -nan -nan -nan -nan -nan -nan 40008 6
-71.31 -70.165 41.5997 42.7342 1.52808e+09 2.23445e+08 4.81589e+06 563062 2.42935e+06 72007.2 2.57184e+06 1749.53 493680 3.73757e+06 8.83889e+07 2.67156e+06 539.436 9.24936e+07 231054 29.2501 220852 95455.2 4.55339e+08 1
-69.8475 -68.2115 40.9919 42.7681 245641 65861 331.382 1490.96 68.9373 -nan -nan -nan -nan -nan -nan -nan -nan -nan -nan 0 5 -nan 45826 13
-70.9072 -69.5682 42.3042 42.6358 2.79365e+07 1.0645e+07 48788 187356 67916 5771.71 75095.4 47.8202 4195.77 117574 2.7571e+06 -nan -nan -nan -nan -nan -nan -nan 1.47563e+07 4
-69.4858 -68.0186 41.9361 42.5148 193764 66525.7 495.71 1303.1 0 -nan -nan 48 143 169 20717 -nan -nan -nan -nan -nan -nan -nan 47891 12
-71.0471 -69.7762 42.9625 44.7919 3.92513e+08 7.92386e+07 1.30898e+06 232226 494883 38320.5 503454 221.237 55898.5 1.39419e+06 3.3588e+07 514774 348.253 3.22758e+07 60908.2 0 55662.9 32301.3 1.155e+08 52
-71.0233 -70.1564 40.9377 42.9317 1.03983e+09 1.52582e+08 3.34774e+06 736152 1.5564e+06 110045 1.54421e+06 4363.64 317755 2.55688e+06 5.96868e+07 1.93584e+06 479.982 6.06183e+07 99035.4 31.9955 117374 65596.2 3.05596e+08 151
-71.6864 -69.841 41.6053 42.9856 2.09016e+09 3.35652e+08 6.64704e+06 831092 3.29025e+06 151107 3.25983e+06 8319.95 520264 5.35676e+06 1.2972e+08 3.92412e+06 943.673 1.32071e+08 291924 75.3267 284874 114597 6.18055e+08 96
-70.7371 -70.0825 42.0193 42.7484 3.92484e+07 7.35827e+06 158948 29895.5 84064.6 2163.27 -nan -nan -nan -nan -nan -nan -nan -nan -nan -nan 9907.56 3176.01 1.43425e+07 80
-69.5518 -68.7884 42.4307 42.6096 204091 74332.9 309.912 1319 122 425 119 -nan -nan -nan -nan -nan -nan -nan -nan -nan -nan -nan 46332 229
-70.9885 -69.9696 43.0105 43.023 244291 87933.3 1034.41 1295 242 476 240 -nan -nan -nan -nan -nan -nan -nan -nan -nan -nan -nan 77495 24
-69.4149 -67.6525 40.3594 42.2868 191873 70634.4 295.364 1309 4 407 3 -nan -nan -nan -nan -nan -nan -nan -nan -nan -nan -nan 38335 6
-71.2702 -69.797 41.0141 42.6708 1.56445e+09 2.32082e+08 5.31551e+06 166092 2.73149e+06 65886.1 2.62605e+06 2939.06 431303 3.91108e+06 9.55201e+07 2.78206e+06 725.707 9.54458e+07 254609 79.861 223295 93893.7 4.69624e+08 108
-70.6262 -70.3918 41.961 43.2806 1.15635e+07 1.90057e+06 10709.1 44313.4 2861.5 -nan -nan -nan -nan -nan -nan -nan -nan -nan 1287.89 2 1202.44 -nan 3.40871e+06 188
-71.5702 -69.8239 42.4885 43.1454 5.15272e+08 8.53423e+07 1.55756e+06 194484 840413 19773.3 896219 105.012 130880 1.36951e+06 3.04953e+07 919380 171.822 3.12702e+07 58955.8 22.9338 89387.3 51248.9 1.52349e+08 71
-70.0411 -68.386 41.4759 42.3946 2.61202e+07 6.74677e+06 136724 6953 77506.1 2391.51 80532.8 -nan -nan -nan -nan -nan -nan -nan -nan -nan 13130.8 3693.99 1.42083e+07 152
-69.8919 -68.1217 41.7667 42.9079 199160 73518.2 334.057 1316 111 422 108 -nan -nan -nan -nan -nan -nan -nan -nan -nan -nan -nan 45637 7
-70.2602 -69.941 42.1171 43.8163 2.18972e+07 5.29161e+06 91670 3801.82 0 -nan -nan -nan -nan -nan -nan -nan -nan -nan -nan -nan 4296 1828 6.60996e+06 27
-70.4666 -69.6263 42.37 43.5471 7.00721e+06 2.41047e+06 35696 2025 14972 14942.7 -nan -nan -nan -nan -nan -nan -nan -nan -nan -nan -nan 691 3.75279e+06 222
-70.5679 -69.4664 41.2377 42.6643 3.20131e+08 4.83032e+07 975577 93765 478403 19872.5 556320 172.052 146851 866712 1.93467e+07 667454 265.878 2.01966e+07 32091 7.87682 27969.4 13325.1 9.43434e+07 132
-71.3456 -70.7969 41.0505 42.8122 1.12774e+09 1.64229e+08 3.57952e+06 29554.4 1.95327e+06 39444.4 1.9295e+06 1228.35 240244 2.70032e+06 6.72758e+07 1.85403e+06 629.551 6.7961e+07 166710 5.70724 107639 51140.7 3.3455e+08 53
-70.9953 -69.8097 40.9712 42.8299 9.38113e+08 1.63872e+08 3.44598e+06 423321 1.46867e+06 80169 1.41982e+06 3378.24 308658 2.33697e+06 6.01675e+07 1.94276e+06 506.336 6.14069e+07 101396 35.6224 105893 66967.7 2.75913e+08 123
-72.3505 -70.3874 41.4735 42.4388 1.72242e+09 2.67779e+08 5.67523e+06 343641 2.9064e+06 119258 2.94068e+06 11820.2 484897 4.53919e+06 1.06636e+08 3.03611e+06 658.759 1.04618e+08 224589 66.3599 200018 100401 5.08503e+08 194
-71.3878 -69.671 40.8621 42.5437 1.6507e+09 2.28578e+08 4.97676e+06 188765 2.63093e+06 87099.7 2.60419e+06 3498.94 432657 3.85068e+06 9.30831e+07 2.72855e+06 633.277 9.60055e+07 162042 31.4171 144461 68626.3 4.85815e+08 41
-71.5479 -70.2226 42.7282 43.0304 1.09212e+08 1.80307e+07 366485 4581.8 173630 4653.85 158419 137.568 18112.2 404800 -nan -nan -nan -nan -nan 0 23880.5 8919.41 3.3875e+07 144
-71.3619 -70.8348 42.8304 43.3332 8.66821e+06 3.24267e+06 15723.7 73928.6 0 -nan -nan 72.2579 2058 40250 1.04839e+06 25203.9 -nan -nan -nan -nan -nan -nan 4.70906e+06 34
-71.562 -69.9907 40.9209 42.6689 1.96704e+09 2.92516e+08 6.18682e+06 545153 3.19898e+06 132356 3.14458e+06 12122.3 551692 5.04772e+06 1.19405e+08 3.67288e+06 937.252 1.16852e+08 264154 68.3561 260355 117692 5.83831e+08 22
-70.6297 -69.4621 42.8107 43.5502 3.30169e+07 6.70074e+06 98219.4 6021.95 0 -nan -nan -nan -nan -nan -nan -nan -nan -nan -nan 3.06851 5372 2042.66 9.84573e+06 106
-69.8026 -69.6716 43.0876 43.1534 197877 73798 572 1348 0 345.153 -nan -nan -nan -nan -nan -nan -nan -nan -nan -nan 5 3 39487 9
-71.1754 -70.9055 40.9816 42.9089 7.13335e+08 1.05291e+08 2.21741e+06 580990 976136 71908.9 1.07772e+06 1251.73 151477 1.80526e+06 4.26192e+07 1.32036e+06 250.124 4.16183e+07 72041.9 25.9754 62427.6 49823.9 2.09533e+08 33
-70.093 -68.8636 41.729 43.4112 4.79897e+07 7.42098e+06 156601 9243.52 81988.8 1896.55 -nan -nan -nan -nan -nan -nan -nan -nan -nan -nan 8776.73 3076.34 1.54876e+07 82
-70.0206 -68.9311 42.6049 43.0008 213633 79079.8 902 1286 169 427 -nan -nan -nan -nan -nan -nan -nan -nan -nan -nan -nan -nan 47972 18
-70.8551 -70.7071 42.1633 42.6296 4.20918e+07 5.55362e+06 119824 14181.1 0 -nan -nan -nan -nan -nan -nan -nan -nan -nan 9232.02 0 3499.87 1563.28 1.24338e+07 55
-71.2236 -70.6694 41.8264 43.4684 1.02814e+09 1.42861e+08 2.98773e+06 226297 1.50614e+06 87140.3 1.51344e+06 14208.1 195893 2.4341e+06 5.90019e+07 1.85132e+06 351.005 5.92502e+07 99809.5 56.9138 99847.2 57534.2 3.02523e+08 45
-71.8117 -71.0776 43.0834 43.3551 3.07371e+06 995483 4861.87 21276.1 5937 889 5906 48 -nan -nan -nan -nan -nan -nan -nan -nan -nan -nan 1.46228e+06 23
-71.7521 -70.5875 41.0728 42.8888 2.07624e+09 3.06017e+08 6.54755e+06 825873 3.34248e+06 152962 3.22332e+06 19946.7 494525 5.29406e+06 1.27407e+08 3.64191e+06 951.362 1.25582e+08 300891 63.9579 264651 113950 6.14752e+08 36
-70.1015 -69.5059 41.8413 43.3366 1.53773e+07 3.68225e+06 73530 4981.99 22619.7 -nan -nan -nan -nan -nan -nan -nan -nan -nan -nan -nan 3280.71 1324 5.53209e+06 195
-69.4221 -68.1141 41.1771 43.1545 214722 73614 547 1315 6 347.616 -nan -nan -nan -nan -nan -nan -nan -nan -nan -nan -nan 1 40768 10
-71.7456 -69.8243 41.1128 42.8394 2.42531e+09 3.55318e+08 7.60944e+06 1.1826e+06 3.72947e+06 197120 3.8458e+06 16739.7 693729 6.22665e+06 1.37535e+08 4.29189e+06 1195.86 1.43109e+08 336162 54.6041 300773 139883 7.18098e+08 66
-70.3993 -69.4697 41.0573 42.4602 1.94196e+08 3.24758e+07 577637 170021 272085 19143.5 332389 46.6261 66537.2 499805 1.23223e+07 387854 35.8578 1.25909e+07 21339.5 0 17845.6 -nan 5.71545e+07 91
-71.2613 -69.6468 41.775 43.0374 1.11735e+09 1.67334e+08 3.64234e+06 331791 1.91261e+06 42961.1 1.98143e+06 317.516 262678 2.79254e+06 7.4374e+07 2.17392e+06 577.816 7.32131e+07 190862 28.1161 167432 76880 3.31636e+08 43
-71.0937 -69.694 42.1916 42.7206 3.22253e+08 4.26412e+07 958613 103637 459298 27774 446205 773.378 51760.3 775419 1.81325e+07 546092 64.3346 1.8311e+07 31020.3 39.6571 29077.1 12793.4 9.49145e+07 61
-69.4765 -67.7547 42.3568 42.4227 179796 65038.7 449.673 1410.81 0 -nan -nan -nan -nan 205 20660 232 3 -nan -nan -nan -nan -nan 44625 62
-71.2951 -69.4679 40.5362 42.3294 1.22605e+09 1.80586e+08 3.98793e+06 349518 2.05552e+06 48678.2 2.12062e+06 329.22 353054 3.10162e+06 7.5393e+07 2.17345e+06 635.997 7.3212e+07 215348 24.7621 216486 94651.1 3.6395e+08 8
-70.3277 -69.2622 42.1977 42.6979 207834 68954.4 428.619 1442.37 0 386.351 -nan -nan -nan -nan -nan -nan -nan 21732 6 0 -nan -nan 47799 23
-71.5628 -70.7938 42.5902 43.2723 3.36032e+08 5.24343e+07 1.01287e+06 11580.5 507496 14447 537530 68.2444 76162 810327 1.92241e+07 588559 204.7 2.00417e+07 72172.7 17.2724 46339.5 15925.5 9.89426e+07 40
-70.7669 -70.7652 42.5559 43.4639 1.78111e+06 654464 7349.92 1440 4623 1407 4608 -nan -nan -nan -nan -nan -nan -nan -nan -nan -nan -nan 937936 47
-69.7801 -68.7716 41.9758 42.7827 213388 70558.8 347.268 1498.7 0 -nan -nan -nan 151 191 20711 -nan -nan -nan -nan -nan -nan -nan 48595 15
-70.701 -68.7893 43.0115 44.5549 3.5737e+08 7.52866e+07 1.30638e+06 236713 457944 36202.9 489760 95.638 52914.2 1.3318e+06 2.99494e+07 518798 105.51 2.86532e+07 52476.1 0 46586.1 30591.9 1.05049e+08 202
-70.5492 -70.394 41.6844 42.6878 3.65562e+07 7.41303e+06 35545.4 178395 9962.95 -nan -nan -nan -nan 103252 2.79856e+06 82629.4 43.4907 2.60648e+06 4115.76 -nan -nan -nan 1.29248e+07 16
-71.5506 -71.0966 41.0537 42.5794 7.00074e+08 1.05595e+08 2.24683e+06 741024 1.06132e+06 59071.2 1.20126e+06 176.57 130450 1.74085e+06 4.03786e+07 1.27405e+06 360.43 4.1279e+07 136698 17.621 137715 68063 2.05138e+08 8
-71.627 -70.5215 42.5396 44.2551 6.10475e+08 9.69066e+07 1.85769e+06 48539.3 925457 22959 994110 135.2 96156.4 1.78516e+06 4.11624e+07 959396 364.061 3.88408e+07 120762 20.9316 126208 44435.8 1.79678e+08 27
-71.8553 -70.3521 42.1824 43.5666 1.31448e+09 2.24367e+08 4.58088e+06 41558.4 2.15103e+06 68214.9 2.06082e+06 3131.21 326940 3.38388e+06 8.91397e+07 2.12622e+06 569.213 8.84995e+07 276062 31.3497 131179 57882.2 3.92621e+08 149
-70.7779 -69.7402 40.6578 42.4835 6.33614e+08 8.5164e+07 2.01006e+06 16685.8 1.05853e+06 20789.9 1.06072e+06 338.585 284178 1.69399e+06 3.76194e+07 1.20667e+06 392.365 3.81905e+07 112644 37.3131 56230.8 25281.7 1.86742e+08 132
-70.1691 -69.6988 41.8119 43.7267 2.57931e+07 4.70765e+06 31588.7 142325 3203.28 2826.6 39526 74 3656 -nan -nan -nan -nan -nan -nan -nan -nan -nan 7.60912e+06 49
-71.7008 -69.9325 43.1035 43.4788 4.95596e+07 1.05388e+07 81891.1 267557 0 -nan -nan -nan 29542.3 150488 4.46186e+06 65490.1 16.4888 4.91097e+06 9592.77 -nan -nan -nan 1.61979e+07 8
-72.4734 -71.0006 42.1704 42.7772 1.32429e+09 2.01615e+08 4.23846e+06 363597 2.16563e+06 98307.4 2.11737e+06 11052.6 347199 3.53276e+06 8.27582e+07 2.5043e+06 708.754 7.98417e+07 165853 75.6444 178799 82416 3.94692e+08 45
-70.6882 -70.0406 42.3632 42.4806 233091 85170 387.146 2262.92 0 471 329 57 249 -nan -nan -nan -nan -nan -nan -nan -nan -nan 71641 67
-70.407 -69.4069 41.7382 42.5154 6.58857e+07 1.21805e+07 92692.3 269106 0 -nan -nan 665.129 18077.2 153837 3.76695e+06 109206 22.0483 3.94138e+06 -nan -nan -nan -nan 1.96116e+07 171
-71.0384 -69.6704 40.7937 42.3899 9.78943e+08 1.43766e+08 3.28797e+06 740602 1.52138e+06 74052.4 1.6155e+06 248.385 249300 2.33759e+06 5.75214e+07 1.88677e+06 504.405 5.74465e+07 178266 24.3054 148165 72646.5 2.87346e+08 66
-69.588 -67.7111 41.6011 42.8201 218494 66248.9 316.976 1436.04 0 358.614 -nan -nan -nan -nan -nan 238 3 19761 -nan -nan -nan -nan 42890 12
-72.2014 -70.7313 41.4851 42.8536 2.15015e+09 3.34626e+08 6.78424e+06 345115 3.46137e+06 141057 3.42404e+06 22663.3 526152 5.41669e+06 1.31177e+08 4.07655e+06 918.946 1.29472e+08 295669 60.0468 272540 129184 6.43294e+08 7
-71.1565 -69.6583 40.6116 42.4177 1.06923e+09 1.74821e+08 3.74407e+06 98020.3 1.6454e+06 37799.6 1.59525e+06 311.048 327121 2.27718e+06 6.58943e+07 1.94991e+06 701.373 6.58922e+07 162823 42.778 157840 62346.7 3.15226e+08 4
-70.5413 -69.1859 42.0141 43.4231 9.95999e+06 3.10072e+06 54246 4106 20471.6 21088.9 -nan -nan -nan -nan -nan -nan -nan -nan -nan -nan 2263.4 904 5.27201e+06 57
-69.6178 -68.0711 42.5461 42.771 200547 64030.7 409.489 1390.1 0 348.501 -nan -nan -nan -nan -nan -nan -nan -nan -nan 0 3 -nan 39687 10
-70.6723 -69.8106 41.6229 42.6231 4.2365e+08 6.10721e+07 1.18185e+06 171888 627582 28187 743544 105.543 138475 1.04184e+06 2.30043e+07 811751 295.852 2.29017e+07 37684.4 52.107 34592 33133.6 1.24777e+08 135
-70.5307 -70.2766 42.3985 42.7284 246598 78701 888 1402 220 405.403 -nan -nan -nan -nan -nan -nan -nan -nan -nan -nan -nan 1 56637 29
-70.804 -69.9462 41.2737 42.6099 6.70449e+08 1.01782e+08 2.1733e+06 222234 977923 71670.8 1.01914e+06 5528.38 274735 1.64996e+06 3.73663e+07 1.2552e+06 410.147 3.89343e+07 66065.5 16.4931 59467.7 31442 1.97076e+08 43
-70.7662 -69.9889 42.3547 43.0937 6.96739e+06 2.22404e+06 15314 65770 0 14803.5 -nan -nan -nan -nan -nan -nan 19 794459 1565 -nan -nan -nan 3.5467e+06 190
-70.4404 -68.6511 42.1766 44.1731 1.89936e+08 3.69976e+07 653651 5968.08 296738 10455.4 311657 3749.34 93888.5 502164 1.60392e+07 265931 87.4808 1.73553e+07 28994.4 0 25081.5 10676.6 5.81155e+07 44
-71.3068 -70.6608 41.1119 42.4847 1.02016e+09 1.36276e+08 3.05019e+06 21346.9 1.70159e+06 38970.1 1.64482e+06 3416.46 233264 2.44518e+06 5.65643e+07 1.63232e+06 459.108 5.81133e+07 138623 25.4908 83185.9 34641.2 3.0369e+08 17
-70.2127 -70.0143 41.3472 43.0016 9.27908e+07 1.88757e+07 91799.2 439727 0 -nan 95231.6 3101.64 33408.8 220499 5.15162e+06 164883 42.6689 5.47686e+06 9823.39 11.4559 -nan -nan 2.82631e+07 0
-71.9569 -70.9448 42.921 43.9055 3.68671e+07 1.45693e+07 230414 4219.42 84437.3 5206.53 -nan -nan -nan -nan -nan -nan -nan 3.99148e+06 20509.4 4.4719 9425.5 4574.18 2.05926e+07 162
-69.9793 -68.2152 42.6419 44.4543 9.61341e+07 1.86591e+07 316311 34636.2 131573 8288.97 147468 23.0607 15661.6 330448 1.18084e+07 46586.7 0 4.53161e+06 -nan -nan -nan -nan 2.83226e+07 76
-71.7016 -70.9852 41.8331 43.1261 1.31438e+09 1.93397e+08 4.07274e+06 276102 2.22247e+06 45028.9 2.19039e+06 332.619 226246 3.4815e+06 7.72976e+07 2.07063e+06 443.04 7.60273e+07 209459 23.7301 199850 81051.6 3.8942e+08 53
-72.3218 -70.6587 41.9865 42.7695 1.92067e+09 2.87713e+08 5.9778e+06 678648 3.06096e+06 100401 3.07283e+06 6561.89 375100 4.82732e+06 1.15165e+08 3.37573e+06 963.157 1.15893e+08 208068 87.0849 224628 100734 5.66803e+08 23
-70.5532 -70.381 41.986 43.4491 1.10724e+07 2.26869e+06 9514.44 52868.7 0 1783.09 12115 84 1905 -nan -nan -nan -nan -nan -nan -nan -nan -nan 3.27384e+06 63
-71.5429 -70.2375 41.9316 42.823 1.32578e+09 1.79511e+08 4.03863e+06 29994.9 2.22523e+06 40832.9 2.16589e+06 1503.81 273709 3.21713e+06 7.92104e+07 2.20471e+06 471.723 8.01684e+07 167663 75.8316 119722 56127.6 3.92869e+08 3
-71.4683 -70.9673 41.9625 43.7343 8.37698e+08 1.36773e+08 2.60623e+06 149615 1.36018e+06 40113 1.43455e+06 200.956 165846 2.12129e+06 5.09665e+07 1.55996e+06 417.363 5.0356e+07 113431 22.1912 137294 84424.8 2.4686e+08 32
-69.9106 -67.9969 42.0288 43.6924 213254 78373.8 356.35 1409 163 440 160 -nan -nan -nan -nan -nan -nan -nan -nan -nan -nan -nan 53151 8
-71.5911 -71.0061 42.6831 44.0913 1.30647e+08 2.09723e+07 420925 4367.57 186804 6358.41 185948 205.396 23205.7 -nan -nan -nan -nan -nan 46888.5 7.90786 13237 6464.32 3.88274e+07 160
-70.931 -69.4326 41.3746 43.3721 8.82297e+08 1.42717e+08 2.97743e+06 23215.6 1.52179e+06 32839.1 1.53954e+06 1370.27 281113 2.09145e+06 5.35985e+07 1.49489e+06 362.716 5.14623e+07 124694 22.1675 85554 43462.3 2.64776e+08 33
-72.375 -70.4906 41.1744 42.6302 2.23743e+09 3.37246e+08 7.35678e+06 555143 3.67714e+06 127945 3.74674e+06 11982.5 535081 5.59581e+06 1.37561e+08 4.11741e+06 881.602 1.43487e+08 357622 28.0969 287937 104391 6.67419e+08 2
-70.9413 -70.4153 40.9277 42.5607 6.5775e+08 8.9947e+07 2.20353e+06 18350.7 1.11604e+06 46171.8 1.02408e+06 4152.14 196628 1.52682e+06 3.67499e+07 1.19609e+06 147.556 3.68466e+07 63374.1 27.3217 57531.9 27902.3 1.96098e+08 273
-70.4702 -70.4132 42.4722 43.8075 1.04509e+07 3.3663e+06 57918 11510 22774 2596.98 -nan -nan -nan -nan -nan -nan -nan -nan -nan -nan 5702.54 1222.42 5.73518e+06 10
-70.4513 -69.4517 40.968 42.7455 2.50935e+08 3.3479e+07 743186 9979.97 359853 18574.8 323420 1059.38 82633.9 593508 1.29148e+07 453517 115.787 1.26438e+07 21048.9 24.6959 19131.9 8539.58 7.39688e+07 108
-72.0479 -70.8821 42.5336 42.9039 4.9674e+08 8.15018e+07 1.55908e+06 13909.7 814301 21043.4 821923 619.373 112052 1.12666e+06 2.87233e+07 800818 290.658 2.92733e+07 52561.5 18.636 48146.2 26578.7 1.48728e+08 131
-71.5449 -70.8608 42.4395 43.9355 5.97814e+08 8.00202e+07 1.72564e+06 16667.1 1.00391e+06 17649.3 1.02193e+06 122.526 133119 1.41081e+06 3.28944e+07 892469 173.391 3.49306e+07 78429.6 4.94918 54211.3 24426.9 1.77727e+08 0
-71.2785 -69.612 41.7344 42.6728 1.30027e+09 1.80354e+08 4.00997e+06 445764 1.9673e+06 109492 1.90341e+06 20050.4 292247 3.25299e+06 7.28106e+07 2.33543e+06 472.829 7.36901e+07 175203 28.2153 176827 74250.7 3.91514e+08 83
-70.2752 -68.9946 40.6595 42.5384 7.89767e+07 2.68937e+07 570590 6278.58 244287 6002.07 228621 290.923 23275.2 -nan -nan 129111 201.168 8.53954e+06 24930.7 11.0068 14071.2 7506.15 4.36764e+07 26
-70.4283 -68.8173 43.0748 44.0722 1.60359e+08 3.48912e+07 616628 21391 0 38854.9 156046 1080.48 38387.4 641890 1.34407e+07 243936 104.51 1.23274e+07 21698.3 11.941 21799 10960 4.76469e+07 44
-69.4018 -67.6709 42.5007 42.5542 196719 73821 780 1405 0 369.204 -nan -nan -nan -nan -nan -nan -nan -nan -nan -nan 1 0 45209 18
-71.7915 -70.1724 42.4385 42.5452 2.33627e+08 4.03522e+07 664037 95175.5 338948 14483.6 377966 60.3824 36143.4 577451 1.46147e+07 445783 21.5607 1.39031e+07 23272.2 17.6156 36687.6 39586.8 6.88462e+07 41
-71.1064 -70.3832 41.9058 42.6808 5.95204e+08 9.06669e+07 1.74288e+06 213058 876509 38466.8 942286 291.022 185670 1.50078e+06 3.45114e+07 1.05316e+06 87.8662 3.33451e+07 57458.1 43.6953 84102.2 50395.3 1.75333e+08 17
-70.0587 -69.1898 42.3839 42.9017 215367 68546.3 423.797 2171.76 0 -nan -nan 30.5952 175 274 22747 -nan -nan -nan -nan -nan -nan -nan 46986 56
-70.2676 -69.8125 41.6311 42.6361 1.41897e+08 1.95887e+07 419718 7750.3 217296 -nan -nan -nan 53221.4 313847 8.11926e+06 269488 21.4579 8.0975e+06 14147.7 3.57515 12188.4 5782.72 4.28225e+07 48
-69.6431 -69.6157 41.7624 42.8922 215032 73597 542 1369 8 344.382 -nan -nan -nan -nan -nan -nan -nan -nan -nan -nan -nan 0 40062 6
-69.5955 -68.2081 42.1957 43.0089 213186 73629 519 1435 4 341.899 -nan -nan -nan -nan 8777.99 29.9248 0 -nan -nan -nan -nan 1.78706 49507 4
-70.1828 -69.5814 41.8799 43.2201 1.31625e+07 5.00006e+06 58948 3742 31963 1431 33412.7 -nan -nan -nan -nan -nan -nan -nan -nan -nan -nan -nan 6.29412e+06 5
-69.5478 -69.1731 42.4539 42.4881 196612 72581.9 314.727 1375 91 413 88 -nan -nan -nan -nan -nan -nan -nan -nan -nan -nan -nan 42363 4
-69.851 -68.7959 42.3089 42.5477 179957 64704.8 728.02 1366 6 396 6 -nan -nan -nan -nan -nan -nan -nan -nan -nan -nan -nan 41455 97
-70.1156 -68.9719 40.9349 42.6716 9.47706e+07 2.16993e+07 90620.6 92143.7 121219 7023.62 135828 27.9777 9040.16 219231 5.23964e+06 150726 64.256 -nan -nan -nan -nan -nan 2.79124e+07 74
-71.2575 -70.3628 40.7858 42.4002 1.13172e+09 1.69759e+08 3.54868e+06 535060 1.76085e+06 60558.4 1.87315e+06 577.696 354160 2.72409e+06 6.62636e+07 2.05468e+06 293.085 6.48627e+07 194912 21.56 208973 67670.1 3.32322e+08 77
-71.1786 -69.4362 42.4222 43.5298 4.28897e+08 5.272e+07 1.17504e+06 162770 579269 33911.7 621616 622.297 75843.1 1.05199e+06 2.46361e+07 692910 225.536 2.78665e+07 50472.1 13.005 33534.7 15937.2 1.26319e+08 52
-70.6751 -69.8779 42.1841 42.6202 266217 84739.6 488.019 2018.32 0 478.47 -nan -nan -nan -nan -nan -nan -nan -nan 19.9538 0 2.0307 -nan 73112 35
-70.0076 -68.626 42.3648 42.7038 203466 66083.2 412.799 1490.69 0 362.499 -nan -nan -nan -nan -nan -nan -nan -nan -nan 0 5 -nan 42921 11
-70.8285 -70.794 42.3057 44.0702 1.68597e+07 4.48401e+06 77819.9 5439.02 28557.5 34543.9 -nan -nan -nan -nan -nan -nan -nan -nan -nan 0 3551.38 1227.42 8.4678e+06 23
-72.1961 -70.7655 41.9141 42.3377 8.84967e+08 1.332e+08 2.9599e+06 21212.3 1.58989e+06 32001.5 1.59286e+06 399.5 197220 2.27694e+06 5.35503e+07 1.46831e+06 255.909 5.6431e+07 146444 11.1021 111926 41235.8 2.62141e+08 322
-71.5947 -71.0464 41.5015 43.3872 9.67083e+08 1.81221e+08 3.59887e+06 21408.6 1.59702e+06 47515.6 1.50103e+06 2378.92 273120 2.35797e+06 5.95783e+07 1.72374e+06 396.307 6.31893e+07 112002 36.4848 115148 57149.2 2.90856e+08 58
-72.1232 -70.3315 42.3431 43.1192 9.79066e+08 1.76115e+08 3.53603e+06 19835.6 1.72917e+06 46858.5 1.63832e+06 3715.05 228888 2.68838e+06 6.47727e+07 1.57986e+06 508.752 6.13699e+07 143208 42.8701 105946 50588.5 2.92433e+08 69
-70.8534 -70.7028 40.8497 42.8173 1.81626e+08 2.99025e+07 636575 5937.98 340306 7897.77 329513 1497.24 84898.6 419412 1.33069e+07 377117 61.5661 1.3361e+07 21128.9 14.4838 18139.9 8617.72 5.76698e+07 59
-71.1874 -69.5155 42.4932 43.0004 2.76457e+08 3.55717e+07 811607 5463.34 461331 24540.7 395784 2781.61 56293.1 685466 1.65224e+07 533421 116.021 1.67709e+07 27889 0 22500.7 10597.8 8.36721e+07 37
-71.2008 -70.0065 42.8314 43.4365 6.35505e+07 1.2619e+07 65478.3 308320 0 -nan -nan -nan 24096.7 162120 4.665e+06 85741.2 62.549 5.16271e+06 10111.6 -nan -nan -nan 1.9005e+07 33
-71.0176 -69.3905 41.242 43.1203 1.05155e+09 1.62407e+08 3.47454e+06 528717 1.60965e+06 81424.3 1.75741e+06 271.66 324941 2.79002e+06 6.9869e+07 2.21739e+06 561.161 6.52594e+07 168073 31.7637 144617 87092.4 3.09236e+08 31
-71.5973 -70.2325 42.1934 43.1244 1.06627e+09 1.55762e+08 3.32975e+06 235294 1.66866e+06 108820 1.55352e+06 14126.6 240036 2.68697e+06 6.40318e+07 1.92385e+06 358.93 6.13638e+07 103035 26.5838 91917.2 41073.6 3.17332e+08 179
-69.6534 -68.8318 42.7484 44.0593 9.98221e+06 1.95905e+06 9616.29 46707.9 0 -nan -nan 172.292 1696 31988 1.32159e+06 -nan -nan -nan -nan -nan -nan -nan 2.94668e+06 4
-70.992 -69.7586 42.1324 42.9906 2.3784e+08 3.52988e+07 762084 7551.6 423560 9867.91 421215 219.666 30580.3 542841 1.44346e+07 371814 63.3171 1.42189e+07 24282.6 0 20150.5 9315.39 7.21148e+07 118
-71.3708 -70.1824 42.799 43.241 4.1103e+07 8.36241e+06 37034.9 208014 7268.97 7031.6 65324.7 78.7093 6019 129625 3.30756e+06 -nan -nan -nan -nan -nan -nan -nan 1.2102e+07 19
-71.861 -71.0057 42.4873 42.8774 3.84002e+08 6.74373e+07 1.36359e+06 11372.3 706053 17382 711741 99.8322 105076 926204 2.51596e+07 661887 168.986 2.93814e+07 53716 28.5158 42413.1 21045.1 1.13917e+08 93
-71.0022 -70.2363 42.7888 44.6449 2.84036e+08 5.25498e+07 891727 196111 309353 34428.6 360847 743.553 37788.8 1.2035e+06 2.54499e+07 445909 110.104 2.96771e+07 56166.2 13.9795 36787.7 15600.4 8.33939e+07 98
-71.2122 -69.6214 41.987 43.7127 9.59571e+08 1.49969e+08 3.05286e+06 80674.1 1.53193e+06 46185.7 1.44373e+06 2103.2 236509 2.29826e+06 5.55493e+07 1.50148e+06 337.78 5.54736e+07 200177 54.9321 162444 50545.1 2.86267e+08 89
-71.2951 -70.0705 41.3621 42.7266 1.58775e+09 2.47328e+08 5.45565e+06 888140 2.65629e+06 105408 2.83753e+06 1836.29 415532 3.97772e+06 9.81407e+07 2.87678e+06 866.423 9.67642e+07 274782 41.8571 242045 109950 4.71049e+08 83
-70.3975 -69.3065 41.4635 42.6807 1.8381e+08 2.46249e+07 590797 6852.07 322969 6986.63 322548 57.666 38585.6 447497 1.11249e+07 304097 193.792 -nan -nan 0 38594.8 6292.13 5.42029e+07 284
-72.2781 -71.1558 42.2158 43.4954 1.00586e+09 1.62917e+08 3.28682e+06 69166.4 1.70694e+06 43079.4 1.6618e+06 241.345 203626 2.91973e+06 6.50673e+07 1.81512e+06 682.327 6.5709e+07 171056 12.6319 177866 86999.1 2.95592e+08 7
-72.4288 -70.4793 42.4534 44.2476 1.052e+09 1.82708e+08 4.20012e+06 1.54854e+06 1.51283e+06 196676 1.55274e+06 28996.7 237395 3.26925e+06 7.26696e+07 1.7155e+06 598.184 7.24213e+07 200808 23.0344 186708 112868 3.20225e+08 16
-71.8749 -70.6563 42.9533 43.8381 1.11654e+08 2.32856e+07 132713 537643 117961 30023.8 136415 1257.27 16850 406774 9.98078e+06 135848 106.921 9.66107e+06 -nan -nan -nan -nan 3.2633e+07 44
-69.7026 -67.9582 42.5167 42.9848 185262 65869.9 373.067 1381.03 0 379.778 -nan -nan -nan -nan 20625 204 0 19849 -nan -nan -nan -nan 43191 5
-70.9405 -70.1206 42.2013 43.491 2.13392e+08 4.09115e+07 797402 7587.59 315160 10636.6 276755 55.1837 18686.1 663723 1.54353e+07 262567 157.728 1.19661e+07 21660.7 0 22240.9 13946.2 6.29513e+07 31
-70.5335 -69.6502 43.0927 43.6188 3.44722e+07 6.75608e+06 34961.7 163975 0 -nan -nan -nan -nan 114297 2.72166e+06 49341 22.9714 -nan -nan -nan -nan -nan 1.04044e+07 5
-71.1287 -70.2372 42.2082 42.4189 1.20303e+08 1.67107e+07 369144 5415.32 193568 6138.47 191216 158.732 17240.5 -nan -nan -nan -nan 6.83687e+06 33655.9 3.4818 10384.9 5098.74 3.56678e+07 44
-71.6312 -69.75 42.8357 42.9654 3.82055e+07 7.43324e+06 59550.1 168182 0 -nan 45478 145.494 6745.98 142874 3.45403e+06 68825.9 -nan -nan -nan -nan -nan -nan 1.13082e+07 201
-70.7414 -70.3229 41.1763 42.361 4.13162e+08 5.58085e+07 1.41611e+06 107520 767794 17148.6 760165 110.592 179993 1.02637e+06 2.35083e+07 799691 237.174 2.41843e+07 83583.6 16.3153 89633.6 28480.5 1.21521e+08 18
-70.6743 -70.3202 42.5406 44.0055 1.13209e+08 2.39963e+07 124213 549852 0 33693.5 109032 2072.89 34263.9 434654 1.08771e+07 183112 89.5214 1.02598e+07 18691.8 -nan -nan -nan 3.46617e+07 71
-69.7122 -69.6357 42.0491 43.9817 2.15406e+06 781801 4542.16 16596.3 0 5129.06 -nan -nan -nan -nan -nan -nan 50.6308 269091 511 0 -nan -nan 1.11747e+06 126
-71.359 -70.2795 42.4294 42.4536 1.84435e+07 6.22854e+06 44361.1 143109 0 44839.5 -nan -nan -nan -nan -nan -nan -nan 2.05443e+06 4715.29 3 2754.64 -nan 1.03977e+07 9
-70.6811 -70.4348 42.2791 43.1226 4.35738e+06 1.4975e+06 24939 2319.14 0 10648 -nan -nan -nan -nan -nan -nan -nan -nan -nan 0 776 248.471 2.46805e+06 83
-71.1928 -71.0942 41.458 43.1195 2.76666e+08 4.19751e+07 1.01751e+06 524904 362048 56921.3 429198 1843.5 67910.9 739512 1.69474e+07 498370 49.0296 1.61088e+07 27950.1 6.80827 23434.5 25441.3 8.05525e+07 122
-70.9404 -69.4117 40.7387 42.7302 8.42467e+08 1.30747e+08 2.81179e+06 170926 1.44078e+06 30698.2 1.49296e+06 207.366 261877 2.01937e+06 5.21778e+07 1.61214e+06 356.95 4.97428e+07 161558 47.5172 138633 72277 2.4809e+08 49
-70.9458 -70.8278 42.3276 44.0104 1.15347e+08 1.78354e+07 114882 119414 125752 13706 169205 156.373 21307.5 322055 8.22793e+06 185517 57.3206 9.59268e+06 -nan -nan -nan -nan 3.40005e+07 37
-70.2409 -69.3308 41.3318 43.14 6.33902e+07 2.30369e+07 380211 5292.88 184523 5480.64 211989 -nan -nan -nan 8.48686e+06 179848 114.312 7.8185e+06 13655.7 2.85948 12668.7 7067.53 3.42113e+07 265
-71.774 -69.7849 42.5676 42.9236 3.88719e+08 6.24402e+07 1.264e+06 117205 528300 41777.9 554029 1316.45 89019 1.20974e+06 2.73314e+07 677043 118.902 2.48765e+07 39429.1 9.56503 38476.5 21520 1.14467e+08 52
-70.312 -69.2769 40.8271 42.6142 1.60812e+08 2.55282e+07 528679 342174 161283 24820.5 229954 438.391 60388.2 422860 1.03598e+07 318129 165.771 9.93392e+06 17168.5 -nan -nan -nan 4.73216e+07 53
-70.1443 -69.1564 41.2963 42.4041 4.10209e+07 1.45933e+07 172853 4703.21 128549 3488.89 122626 -nan -nan -nan -nan -nan 247.319 5.22325e+06 16167.1 1.99952 8742.37 3987.09 2.35671e+07 135
-70.8438 -70.7336 42.1645 42.3794 9.73827e+06 3.67018e+06 14538.7 10268.3 26225 1717 26195 30.1201 -nan -nan -nan -nan -nan -nan -nan -nan -nan -nan 4.66513e+06 366
-71.0445 -69.8041 41.4424 42.2739 8.79533e+08 1.26708e+08 2.72775e+06 18751.2 1.56399e+06 53024 1.43684e+06 5649.42 284656 2.06069e+06 4.86045e+07 1.55744e+06 373.207 5.23646e+07 91817.2 13.2005 93103.6 46403.5 2.6435e+08 360
-70.7539 -69.5161 42.3316 42.934 5.17737e+06 1.94634e+06 9135.95 38744.6 0 11301.9 0 -nan -nan -nan -nan -nan -nan -nan 894 0 -nan -nan 2.51411e+06 38
-70.9776 -70.3858 41.302 42.9051 7.38059e+08 1.22103e+08 2.64429e+06 176722 1.14598e+06 63494.6 1.20353e+06 3753.17 236264 2.01723e+06 4.82737e+07 1.55838e+06 286.052 4.41186e+07 77115.2 16.7805 128781 71423.2 2.17472e+08 314
-70.3034 -70.1761 42.7277 42.9314 211592 79093 928 1584.36 0 424.038 -nan -nan -nan 322 22801 324 -nan -nan -nan -nan -nan -nan 51182 22
-70.3021 -69.186 41.9743 42.7098 7.98493e+06 2.39713e+06 45422 71246.9 0 18541.1 -nan -nan -nan 32255.7 920941 23504 0 -nan -nan -nan -nan -nan 4.29996e+06 65
-69.6638 -68.1086 41.5686 42.6348 189656 66939.7 695 1374.55 0 384.188 -nan -nan -nan -nan 21567 279 9 -nan -nan -nan -nan -nan 47420 162
-71.0071 -69.8315 42.5728 43.8297 3.03111e+08 6.51241e+07 877779 11651 463826 14108.1 442103 67.1619 56275.3 1.16489e+06 2.40198e+07 419261 216.239 2.08808e+07 48283.8 18.5359 27110.5 14266.2 8.9388e+07 5
-71.2332 -71.0676 42.2468 43.7294 2.86579e+08 3.70815e+07 859454 14437.1 457144 14308.2 458304 63.5062 51014.8 684480 1.56355e+07 508065 232.824 1.54461e+07 46723.8 0 38415 12320.8 8.44197e+07 43
-70.3947 -70.0732 42.8763 42.9438 198751 73068.6 315.445 1292 9 422 0 -nan -nan -nan -nan -nan -nan -nan -nan -nan -nan 2 42587 10
-69.4114 -69.31 41.009 42.37 199531 73522.2 309.059 1344 7 413 0 -nan -nan -nan -nan -nan -nan -nan -nan -nan -nan 3 40961 7
-71.1113 -69.2244 42.5219 43.991 4.6388e+08 8.27521e+07 1.50665e+06 13610.4 710627 18793.1 666720 115.625 53118.3 1.3508e+06 3.42906e+07 618162 113.854 3.31536e+07 77423.3 11.416 52634.7 23270 1.36553e+08 78
-69.6525 -68.8318 41.6735 43.2976 211918 78795 901 2817.4 79.032 425.195 -nan -nan -nan 149 20766 196 -nan -nan -nan -nan -nan -nan 42745 7
-70.4736 -69.9484 41.4699 42.925 9.91455e+07 3.4494e+07 655104 5786.97 273124 6881.3 287855 276.825 7013.47 336826 1.16299e+07 333618 40.181 1.38238e+07 25297.1 8.92679 19328.7 10256.4 5.34448e+07 169
-72.8056 -70.9756 42.1618 44.0285 1.73479e+09 2.70586e+08 5.68009e+06 251038 2.82819e+06 81062 2.86624e+06 2447.6 394237 4.4211e+06 1.06281e+08 3.13621e+06 1222.81 1.09286e+08 264904 98.678 251040 116526 5.13364e+08 45
-69.8334 -69.6626 42.8189 43.0635 216812 74057 327.467 1636.7 0 -nan -nan -nan -nan 251 20756 231 -nan -nan -nan -nan -nan -nan 47264 18
-71.3221 -69.9091 42.6674 43.5086 9.52403e+07 3.11283e+07 566074 6600.8 197248 9329.67 196633 462.948 18116.8 359706 1.16301e+07 304743 71.0888 1.14047e+07 19885.9 0 20439.6 10186.2 5.40978e+07 18
-70.3873 -70.1521 41.4228 42.5903 9.98484e+07 1.40243e+07 316938 462665 0 29232.6 119965 971.055 41753.4 247954 5.77005e+06 186292 72.6031 -nan -nan -nan -nan -nan 2.9635e+07 0
-71.8646 -70.9432 40.4805 42.3894 9.26408e+08 1.37006e+08 2.9781e+06 381025 1.52851e+06 57633.8 1.57815e+06 222.293 218782 2.454e+06 5.65435e+07 1.77984e+06 365.339 5.57314e+07 161312 34.6385 155862 78899.7 2.72424e+08 26
-71.0608 -70.2924 41.4342 42.4737 8.40059e+08 1.13304e+08 2.50272e+06 22423.3 1.50535e+06 29477.2 1.4931e+06 191.251 269772 2.04177e+06 4.54838e+07 1.40657e+06 428.332 4.65049e+07 136862 5.21393 74975.4 38012.9 2.47572e+08 45
-69.8445 -69.4686 42.8773 43.7373 413772 149677 1894 2765.92 0 774.521 -nan -nan -nan -nan -nan -nan 3 46392 42 -nan -nan -nan 137518 52
-69.4215 -68.3916 41.9627 43.0528 201346 74412.4 697 1332.65 0 357.467 -nan -nan -nan -nan -nan -nan 3 19809 4 -nan -nan -nan 40359 13
-70.6104 -70.5944 41.1051 42.8469 2.19479e+07 7.537e+06 122664 147996 2942.93 45106.3 -nan -nan -nan -nan -nan -nan 41.615 1.96806e+06 4516 1.83621 -nan -nan 1.07536e+07 42
-70.6295 -70.2601 41.3596 42.6556 2.62502e+08 3.82452e+07 933788 10548.4 466095 8986.42 475881 53.3214 82773.5 706276 1.4688e+07 446613 147.584 1.44113e+07 44722.1 0 31309.8 13886 7.7158e+07 56
-70.6722 -69.8196 42.0761 42.5015 2.10212e+06 780608 3286.96 15113.2 0 4455.79 0 -nan -nan -nan -nan -nan -nan -nan -nan 0 357 -nan 1.00777e+06 136
-69.7828 -68.5812 42.0549 42.4911 210300 74067 336.8 1709.49 0 -nan -nan 65 152 199 -nan -nan -nan -nan -nan -nan -nan -nan 47156 13
-70.9456 -70.7263 42.1878 42.408 4.12196e+07 6.15431e+06 133655 405962 18901.5 -nan -nan 301.918 6421.49 96691 2.84924e+06 79436.9 -nan -nan -nan -nan -nan -nan 1.21834e+07 85
-71.5775 -69.6325 41.6906 42.7248 1.73263e+09 2.47366e+08 5.25295e+06 467614 2.92205e+06 105425 2.91563e+06 2913.07 425678 4.38699e+06 9.80628e+07 2.96771e+06 1168.87 1.03033e+08 250289 111.415 209734 104521 5.10193e+08 174
-72.1305 -70.7489 40.9869 42.7698 1.94735e+09 3.04867e+08 6.43105e+06 535881 3.3502e+06 139455 3.31336e+06 13401.6 469293 5.19186e+06 1.27619e+08 3.58677e+06 881.798 1.26688e+08 250424 54.6558 237775 139369 5.81203e+08 38
-70.0766 -68.1687 42.3325 43.597 214223 77728.9 346.141 1734.78 0 394.53 0 -nan -nan -nan -nan -nan -nan 21738 4 0 -nan -nan 47551 19
-70.588 -70.0367 41.2411 42.9379 3.26723e+08 3.99776e+07 1.01775e+06 92515.3 444833 24175.3 473089 327.363 123681 802960 1.82565e+07 650685 295.509 2.08162e+07 34455.7 0 27637.7 13577.6 9.63396e+07 63
-70.422 -70.2734 41.1809 42.2928 3.83327e+07 1.13328e+07 193898 288526 0 76882.8 -nan -nan -nan 123428 3.31915e+06 105496 28.208 3.47855e+06 6361.53 -nan -nan -nan 1.80895e+07 30
-70.6771 -70.6512 41.4733 42.3274 2.32377e+07 8.53116e+06 106605 190646 0 56491.9 0 -nan -nan -nan -nan -nan 28.7159 2.44792e+06 5252.58 5.28116 3599.84 -nan 1.28252e+07 35
-71.5787 -70.8001 42.0312 42.8876 1.16038e+09 1.70078e+08 3.57891e+06 168700 1.79277e+06 61556.4 1.77108e+06 2662.82 240360 2.98783e+06 7.04405e+07 2.11614e+06 682.137 7.12941e+07 118392 34.3623 152415 79630.4 3.4363e+08 137
-71.4274 -70.9258 42.9583 43.4297 3.09879e+06 1.17046e+06 4428.27 22298 0 6570.2 0 -nan -nan -nan -nan 7534 21 393600 -nan -nan -nan -nan 1.51369e+06 120
-69.8916 -68.5743 41.6237 43.4122 229402 76782.6 314.926 1491.19 30.97 389.919 30.14 -nan -nan -nan -nan 245 1 19755 -nan -nan -nan -nan 46652 16
-70.386 -69.4824 42.8041 43.0134 194862 71561.7 295.347 1397.66 0 358.112 0 -nan -nan -nan -nan 6 0 19764 -nan -nan -nan -nan 38236 4
-69.9886 -68.3255 41.6988 43.5118 9.42682e+06 3.54512e+06 14591.2 73470.2 0 20469.3 0 -nan -nan -nan -nan 17380.5 11.6785 935018 1612.45 0 -nan -nan 4.54092e+06 5
-69.7474 -67.8931 42.9048 43.4954 208859 76964.5 327.602 1500.86 0 386.795 0 -nan -nan -nan -nan -nan -nan 19697 4 0 -nan -nan 44163 18
-69.9499 -67.951 42.6797 42.7668 205848 74954.1 719.393 1677.67 202 432 202 59 -nan -nan -nan -nan -nan -nan -nan -nan -nan -nan 57088 153
-70.0038 -68.1891 41.696 43.4057 1.38189e+07 3.78513e+06 76435 114763 0 30748.6 -nan -nan -nan 57518 1.46424e+06 44006 -nan -nan -nan -nan -nan -nan 7.06235e+06 22
-70.8278 -70.2001 40.5099 42.4232 5.80658e+08 7.55885e+07 1.86704e+06 17327.1 1.02618e+06 18157.6 1.00639e+06 64.3115 244531 1.47075e+06 3.27256e+07 967459 282.451 3.23339e+07 59233.6 5.2764 50744.4 23133.4 1.70978e+08 11
-69.8478 -68.3021 43.104 43.4504 198091 72988.4 309.675 1448.32 0 363.617 0 -nan -nan -nan -nan -nan -nan -nan -nan 0 6 -nan 41755 12
-71.9236 -71.0307 41.3729 42.6042 1.22891e+09 1.8164e+08 3.89598e+06 504104 1.89489e+06 104141 1.88848e+06 5156.57 307665 3.05879e+06 7.32061e+07 2.32104e+06 806.124 7.27288e+07 122107 41.1935 174626 94712 3.66791e+08 27
-71.1917 -70.8909 42.3492 43.08 3.62987e+08 4.80385e+07 1.04355e+06 302908 482646 44688.9 512870 1350.21 70485.9 875623 1.99416e+07 631691 174.187 1.92634e+07 32708.5 0 28626.1 24181.9 1.06669e+08 23
-70.1966 -69.4728 42.4035 42.9003 198688 71091.7 767 1359.56 0 417.791 -nan -nan -nan 144 22713 102 -nan -nan -nan -nan -nan -nan 49441 27
-70.1909 -68.3419 41.9977 43.556 5.96816e+06 2.21297e+06 30000 46944.7 111.558 14018.6 -nan -nan -nan 22875.4 612103 16299 10.9517 -nan -nan -nan -nan -nan 3.0175e+06 45
-71.0369 -70.514 41.6304 42.8422 7.97672e+08 1.08184e+08 2.48363e+06 20102.3 1.35498e+06 26582.4 1.33571e+06 181.582 252942 1.979e+06 4.46188e+07 1.34704e+06 454.983 4.51824e+07 134569 28.4251 70999.1 35717.8 2.35086e+08 46
-70.6626 -69.0819 41.5033 43.2901 4.5674e+08 6.00622e+07 1.46703e+06 63241 762608 15231.6 776342 105.387 167949 1.12714e+06 2.47776e+07 842901 194.941 2.35633e+07 77534.3 18.9465 86372 34108.3 1.34624e+08 26
-70.8052 -69.9609 42.5429 44.2118 3.14193e+08 6.19923e+07 1.0941e+06 13186.2 401813 15635.1 414363 69.6136 49531.9 1.18326e+06 2.5014e+07 453211 260.586 2.15379e+07 60807.9 8.97548 44761.4 20436.4 9.22451e+07 35
-69.5536 -68.4588 42.8865 44.6886 3.26854e+07 1.19261e+07 150862 3865.58 98446.4 3823.27 96464.8 159.325 13132.1 -nan -nan -nan -nan -nan -nan 0 14697.2 3958.79 1.94361e+07 129
-71.7844 -70.1522 41.3268 43.2643 2.40993e+09 3.67109e+08 7.53982e+06 599339 3.95203e+06 138971 3.94774e+06 6736.48 577987 6.26303e+06 1.44273e+08 4.17166e+06 1319.1 1.47534e+08 348183 58.8283 288084 119958 7.18498e+08 99
-70.2321 -70.2116 42.1315 42.2709 217051 83165 1055 1572.83 0 -nan -nan -nan -nan 311 24475 -nan -nan -nan -nan -nan -nan -nan 49768 18
-69.546 -68.1124 42.0183 42.9781 185816 66166.6 756.899 1402.49 0 375.114 0 -nan -nan -nan -nan -nan -nan 19693 5 1 -nan -nan 42842 10
-71.0367 -69.3078 42.6729 44.612 5.24566e+08 8.77964e+07 1.63311e+06 723070 573336 85238.1 630396 3860.01 97441.9 1.60989e+06 3.96298e+07 806990 261.697 4.23392e+07 75929.3 22.2386 104382 45629.8 1.53892e+08 16
-70.755 -68.8147 42.8263 44.7084 4.00031e+08 9.00038e+07 1.3846e+06 10712.2 549058 39899.6 516032 2006.15 90623.9 1.49552e+06 3.35395e+07 590631 424.973 3.22433e+07 59081.8 19.9571 56007.2 25994.4 1.19371e+08 162
-71.6623 -71.119 42.6921 43.159 1.1617e+08 2.21992e+07 264054 5283.02 174681 6628.72 169163 133.714 17724.9 467273 -nan -nan -nan 6.211e+06 44227.5 3.62246 13137.3 6787.26 3.42779e+07 106
-70.8401 -69.4998 42.7585 43.8667 1.88919e+08 3.60359e+07 619800 7898.2 191219 9790.61 206236 1979.97 86789.6 553121 1.54915e+07 319325 138.022 1.8602e+07 30495.3 0 22671.3 11264 5.65437e+07 353
-69.5642 -68.1625 41.2447 42.5253 176372 63018.7 730.833 1413 118 432 114 -nan -nan -nan -nan -nan -nan -nan -nan -nan -nan -nan 42853 11
-69.8184 -68.0233 42.5379 42.9815 191944 70729.4 272.112 1271 4 397 4 -nan -nan -nan -nan -nan -nan -nan -nan -nan -nan -nan 39393 12
-71.0283 -70.0322 42.3259 43.6663 3.38709e+08 5.97324e+07 997759 31112.8 411734 31898.1 384815 1313.53 65358.3 939146 2.12647e+07 577121 50.3192 1.99932e+07 35313.4 0 30599.6 14615.1 1.00375e+08 59
-70.6581 -69.2321 40.943 42.3326 4.66676e+08 7.12438e+07 1.59611e+06 13694.6 810917 13838.7 811699 107.685 196325 1.18763e+06 2.7266e+07 762221 410.83 2.6078e+07 53504.3 0 43785 19015.1 1.37643e+08 45
-71.3107 -70.5463 42.83 43.3271 2.67147e+07 9.99483e+06 38933.7 244030 0 60477.8 0 -nan -nan -nan 2.59843e+06 63245.4 69.6394 2.94299e+06 5864.74 2.42534 -nan -nan 1.3532e+07 63
-70.6798 -69.2472 42.0578 42.9519 8.37848e+06 3.06834e+06 37632 73998.2 0 21012.9 0 -nan -nan -nan -nan -nan -nan -nan 2558.91 2 1195.98 -nan 4.69652e+06 9
-71.0288 -69.8069 42.1504 43.035 2.89671e+08 4.059e+07 861422 195016 426092 20047.2 474001 80.2332 38552.7 726338 1.64177e+07 534535 112.3 1.70452e+07 29230.9 6.48161 52710.7 28741.8 8.52331e+07 85
-70.8547 -70.5125 42.598 44.2028 1.39128e+08 3.13452e+07 509307 139784 145703 18235.5 188522 588.845 23168.6 497319 1.20471e+07 164836 130.822 1.1871e+07 -nan -nan -nan -nan 4.0981e+07 136
-71.5957 -70.448 41.6385 42.7789 1.78022e+09 2.59936e+08 5.56997e+06 393048 2.91888e+06 127979 2.88883e+06 8618.6 505617 4.5139e+06 1.04615e+08 3.24416e+06 915.851 1.03718e+08 224398 78.8352 245093 102818 5.30846e+08 50
-69.6293 -69.5612 41.9735 42.9372 193140 70489.9 286.169 1634.68 125 418 122 56 -nan -nan -nan -nan -nan -nan -nan -nan -nan -nan 44381 45
-71.3074 -70.7971 42.3249 43.3939 5.09662e+08 7.98123e+07 1.53644e+06 10683.3 827606 29346 762543 3854.92 121880 1.27739e+06 3.00128e+07 939038 351.202 3.14977e+07 54605.3 39.0145 48949.7 22365.6 1.55264e+08 6
-70.7817 -69.7364 42.4308 43.2901 2.15119e+07 8.00937e+06 29026.9 162962 0 49139.5 0 -nan -nan -nan 2.10674e+06 54521.2 38.5481 2.3946e+06 4943.54 10.7516 -nan -nan 1.12663e+07 32
-70.8854 -70.6552 42.5813 44.2015 1.24705e+08 2.44834e+07 288034 5771.22 159332 6645.11 136645 118.564 11098.4 408385 -nan -nan -nan 6.9858e+06 36218.5 0 11400.6 6027.75 3.68171e+07 18
-71.2947 -70.7201 41.0836 43.0088 1.23533e+09 1.82399e+08 3.7083e+06 29733 2.06868e+06 40714.1 2.09171e+06 530.873 250300 2.93014e+06 7.07791e+07 1.9748e+06 499.536 6.91321e+07 151292 54.9999 103438 51694.1 3.65021e+08 55
-70.2993 -69.2473 42.4226 42.7408 239550 78990 728 1633.4 0 -nan -nan -nan -nan 162 22847 -nan -nan -nan -nan -nan -nan -nan 56856 29
-72.2178 -70.4138 41.5887 42.368 1.33993e+09 2.15708e+08 4.70279e+06 1.19002e+06 2.26292e+06 100149 2.36001e+06 584.671 471967 3.62103e+06 9.36305e+07 2.68458e+06 833.669 9.94904e+07 237390 49.7203 208655 102163 3.94232e+08 86374
