5302 5307 81730 81774 3.42221e+08 1.06857e+06 1.28799e+07 315605 338726 5959.59 1.00997e+08 
9953 9991 89313 89370 3.36545e+08 631804 1.13404e+07 342925 358499 5986.02 9.93224e+07 
6466 6497 83992 84019 3.50447e+08 1.46433e+06 1.33702e+07 313734 347122 8523.82 1.03453e+08 
4275 4284 89048 89050 4.13838e+08 841789 1.56344e+07 387463 407127 6859.54 1.22126e+08 
6995 7020 85129 85204 3.3966e+08 643313 1.32867e+07 323425 346347 7467.03 1.00234e+08 
446 499 85703 85794 4.2523e+08 653054 1.55297e+07 383545 411337 8315.42 1.25488e+08 
1405 1487 86656 86697 4.25357e+08 718116 1.58823e+07 382149 411850 7829.9 1.2553e+08 
6600 6611 85800 85853 3.51744e+08 608521 1.32642e+07 330199 363826 7036.16 1.03808e+08 
2416 2424 86072 86077 1.55027e+08 294000 1.63866e+07 340469 244329 6984.27 4.57572e+07 
4374 4450 89636 89698 4.24518e+08 732003 1.55093e+07 393494 418294 8472.12 1.25268e+08 
7012 7111 89062 89108 3.86616e+08 618522 1.47663e+07 359761 385921 8427.67 1.1409e+08 
4606 4681 89755 89838 1.63164e+08 477459 1.07396e+07 385923 350390 3653.08 4.81768e+07 
707 711 85093 85145 4.137e+08 729209 1.53291e+07 376561 401699 8667.46 1.22092e+08 
6368 6425 82411 82420 3.3855e+08 691273 1.26704e+07 301050 329937 6957.27 9.99092e+07 
9553 9648 89293 89304 3.70468e+08 1.1518e+06 1.31658e+07 347256 366656 7563.11 1.09312e+08 
3429 3503 84646 84689 3.79437e+08 573480 1.39691e+07 357459 366366 8338.28 1.11975e+08 
4194 4253 86474 86488 3.87015e+08 627492 1.43718e+07 368678 390454 6131.71 1.14209e+08 
1077 1108 88910 88998 4.44226e+08 812056 1.634e+07 408295 445331 8206.78 1.31097e+08 
8681 8725 89002 89070 3.75189e+08 852154 1.22933e+07 364851 377380 6259.67 1.1074e+08 
9390 9466 85780 85825 3.28582e+08 642738 1.25091e+07 311077 331112 6997.74 9.69812e+07 
1922 2016 85339 85433 3.73348e+08 697396 1.45488e+07 361036 389649 6942.25 1.10175e+08 
5393 5447 84315 84387 3.63619e+08 792610 1.17626e+07 332527 356017 6553.05 1.0731e+08 
8310 8315 85685 85773 3.5119e+08 648870 1.13576e+07 319964 342461 6164.77 1.03639e+08 
9603 9623 88139 88238 3.59066e+08 882601 1.37383e+07 335658 346328 7909.09 1.0596e+08 
7909 7915 81308 81322 2.97735e+08 560834 1.19081e+07 291224 298582 6863.8 8.78634e+07 
7999 8091 82417 82511 3.2061e+08 646000 1.22529e+07 299313 311040 6529.08 9.46174e+07 
3621 3667 87812 87895 3.84969e+08 778895 1.55295e+07 359347 402537 6338.05 1.13609e+08 
3618 3712 89275 89316 4.30667e+08 845571 1.58334e+07 389114 407199 7829.73 1.27095e+08 
3441 3535 87637 87723 4.00284e+08 823819 1.3278e+07 379081 400634 6411.27 1.18126e+08 
6954 6972 85749 85840 2.60951e+08 456756 1.19755e+07 332411 335243 4742.68 7.70112e+07 
3248 3286 85861 85960 3.29987e+08 769912 1.47923e+07 347421 387602 9174.84 9.73704e+07 
4387 4408 89500 89591 3.98348e+08 697682 1.54484e+07 393069 419273 8768.89 1.17557e+08 
8078 8097 80796 80814 2.78969e+08 523046 1.07097e+07 288455 306012 6042.06 8.23293e+07 
2506 2544 80920 80950 3.29122e+08 633702 1.31351e+07 332680 351225 5623.14 9.713e+07 
8738 8790 89484 89535 3.61895e+08 858023 1.41723e+07 358964 377092 6207.38 1.06844e+08 
9377 9406 85508 85522 3.32985e+08 601982 1.25629e+07 315998 333913 7824.89 9.82715e+07 
2049 2120 85286 85357 4.06488e+08 601227 1.47498e+07 373766 401373 8364.95 1.19961e+08 
87 110 89377 89387 4.59616e+08 1.09879e+06 1.67407e+07 426576 443275 8533.12 1.35683e+08 
114 194 82892 82917 2.7687e+08 547473 1.48636e+07 268690 365154 8068.51 8.17274e+07 
7796 7836 84516 84523 3.38896e+08 555624 1.26988e+07 323333 343051 8017.57 1.00031e+08 
6457 6462 89830 89919 4.03274e+08 728986 1.48948e+07 365020 400982 9320.63 1.19011e+08 
7262 7309 87063 87143 3.73166e+08 650043 1.37435e+07 336538 367075 8415.43 1.10128e+08 
7852 7862 88184 88266 3.78439e+08 1.07616e+06 1.43063e+07 353594 375600 8317.2 1.11685e+08 
9891 9978 89524 89613 3.68032e+08 712046 1.37258e+07 347049 364831 6081.6 1.08621e+08 
5233 5248 82993 83075 3.49576e+08 747809 1.33138e+07 323971 335715 8754.01 1.03163e+08 
1713 1780 83827 83907 3.97053e+08 764681 1.27083e+07 360387 386062 6017.01 1.17173e+08 
9718 9732 88633 88725 3.54618e+08 923297 1.37401e+07 338827 359303 6272.68 1.04649e+08 
1144 1164 85331 85352 4.04785e+08 830529 1.51742e+07 383035 405407 9233.05 1.19447e+08 
2706 2781 87580 87641 3.93181e+08 813113 1.37258e+07 401520 404526 6378.91 1.1605e+08 
1006 1076 87420 87450 4.37937e+08 1.311e+06 1.64538e+07 401565 431418 7814.34 1.29278e+08 
6978 7045 81046 81086 3.2135e+08 662363 1.20716e+07 295673 306693 7512.99 9.48384e+07 
992 1060 81030 81107 3.78078e+08 791653 1.38895e+07 341563 364358 7965.53 1.11576e+08 
7675 7745 81879 81898 3.21141e+08 644969 1.20267e+07 297011 316529 5064.54 9.47785e+07 
1556 1593 84700 84715 3.43692e+08 676940 1.5036e+07 368524 390595 8363.77 1.01426e+08 
7439 7519 86908 87000 3.75401e+08 654114 1.37367e+07 340893 364784 7542.28 1.10784e+08 
2371 2400 84038 84076 3.88933e+08 696839 1.45517e+07 346350 378384 7396.81 1.14777e+08 
9553 9601 85447 85517 3.37027e+08 588211 1.24344e+07 313670 333810 8012.68 9.94631e+07 
9346 9354 84322 84348 3.27536e+08 535195 1.23808e+07 302673 321468 7127.86 9.66577e+07 
6061 6128 82181 82220 3.36068e+08 657431 1.279e+07 311239 330242 7993.02 9.91785e+07 
2376 2443 89742 89808 4.4603e+08 845725 1.44288e+07 415598 440261 6720.61 1.31645e+08 
1812 1828 80426 80467 1.47662e+08 343405 1.04091e+07 335872 300281 4200.1 4.35817e+07 
3283 3314 80378 80449 6.96004e+07 179382 7.89419e+06 332501 273023 4305.84 2.05419e+07 
8435 8504 88094 88131 3.17665e+08 502976 1.38345e+07 347251 362799 8195.53 9.3742e+07 
2907 2956 84433 84435 3.37012e+08 657998 1.39727e+07 356191 381414 5524.9 9.94589e+07 
9416 9509 81581 81652 2.80939e+08 456753 9.90225e+06 283554 297953 4837.34 8.29055e+07 
3569 3615 80368 80452 1.77997e+08 410577 1.05305e+07 320496 294454 3488.16 5.25432e+07 
161 238 85332 85421 4.20928e+08 1.14364e+06 1.42165e+07 394861 418070 7451.55 1.24262e+08 
6326 6409 81419 81448 2.75152e+08 502971 1.24922e+07 295546 305954 8312.99 8.11994e+07 
9816 9890 89908 89988 3.55522e+08 704047 1.38229e+07 347064 365900 7653.4 1.04911e+08 
4715 4720 88381 88436 3.92927e+08 976266 1.49895e+07 361867 400473 9584.65 1.15991e+08 
2650 2660 81782 81847 3.6248e+08 599356 1.33733e+07 342549 357284 7436.71 1.0698e+08 
3554 3618 86767 86858 3.91898e+08 728179 1.30588e+07 381567 401874 6645.54 1.15653e+08 
7648 7672 81482 81489 3.17921e+08 630046 1.10628e+07 297458 314425 5051.88 9.38258e+07 
9365 9370 87973 87991 3.57803e+08 705862 1.34701e+07 337812 356747 6194.43 1.0559e+08 
8849 8930 80001 80047 2.87446e+08 618772 1.12288e+07 272251 290441 6650.76 8.48293e+07 
4774 4780 81254 81287 8.05799e+07 265279 9.59357e+06 317454 280199 5832.68 2.37825e+07 
456 536 81255 81323 3.89579e+08 1.23169e+06 1.40548e+07 350839 372458 8501.86 1.14941e+08 
7748 7838 88247 88293 3.85166e+08 703399 1.23311e+07 350475 370961 6348.22 1.13667e+08 
5558 5593 83583 83651 3.54395e+08 759851 1.32761e+07 314633 348927 7300.6 1.04587e+08 
1821 1836 86286 86362 4.17317e+08 2.66395e+06 1.5629e+07 407067 426286 6584.77 1.23233e+08 
3983 3997 87642 87687 4.03096e+08 1.05879e+06 1.49776e+07 384406 402942 5884.52 1.18999e+08 
5318 5327 89478 89486 3.24682e+08 546162 1.5001e+07 389606 400021 8266.42 9.58255e+07 
8436 8462 83017 83113 3.17083e+08 699449 1.20831e+07 310148 325889 5115.95 9.35837e+07 
462 509 82711 82811 4.00322e+08 1.11476e+06 1.41938e+07 372557 392480 8974.94 1.18125e+08 
332 423 83556 83580 3.91465e+08 705898 1.44799e+07 367035 388748 8226.97 1.15529e+08 
9146 9223 84400 84484 3.21574e+08 524015 1.22987e+07 314092 330760 8000.56 9.49295e+07 
2061 2144 82270 82334 3.77144e+08 1.76267e+06 1.37006e+07 353271 375061 6694.83 1.1134e+08 
131 171 80666 80764 3.76285e+08 777602 1.3753e+07 340467 368497 7500.34 1.11049e+08 
6573 6599 83131 83186 3.43573e+08 704568 1.10703e+07 316781 336568 5999.4 1.01401e+08 
114 146 88111 88121 4.48512e+08 755611 1.64381e+07 407324 434044 6951.87 1.3236e+08 
2881 2892 83580 83580 3.69386e+08 683689 1.41269e+07 344426 367721 5830.44 1.09008e+08 
2823 2909 86537 86582 4.11215e+08 934844 1.49562e+07 383288 407020 6570.59 1.21363e+08 
1151 1230 81068 81148 3.69314e+08 644561 1.37009e+07 346398 367978 6932.07 1.08991e+08 
2364 2446 83974 84031 3.8358e+08 771977 1.44678e+07 347756 385073 8815.03 1.13216e+08 
2739 2782 89341 89341 4.09604e+08 754500 1.61531e+07 400592 424628 8547.41 1.20873e+08 
3380 3451 88469 88549 4.20608e+08 763151 1.57962e+07 373228 406612 7849.36 1.24127e+08 
5827 5915 88315 88329 3.92355e+08 1.11241e+06 1.33871e+07 367371 385051 6070.96 1.15792e+08 
5935 5979 80834 80845 1.63902e+08 789038 1.33369e+07 283057 200956 6197.72 4.83846e+07 
2027 2044 89715 89771 4.518e+08 1.24408e+06 1.67672e+07 411842 438725 6849.49 1.33334e+08 
4715 4799 82776 82860 3.59514e+08 905591 1.32609e+07 317362 350725 8275.72 1.06106e+08 
1642 1725 85348 85443 4.16704e+08 5.17567e+06 1.45185e+07 404047 431669 9405.27 1.23076e+08 
968 1044 86534 86618 2.4113e+08 568174 1.67359e+07 360800 323980 8936.35 7.11757e+07 
1941 2005 87571 87615 3.08454e+08 1.19288e+06 1.6692e+07 351913 393768 10700.1 9.10567e+07 
6902 6955 85211 85224 3.65728e+08 1.0358e+06 1.33459e+07 322997 363168 9020.03 1.08002e+08 
7637 7685 89177 89187 3.88091e+08 2.18492e+06 1.36892e+07 381033 395244 8026.33 1.14541e+08 
5577 5675 83197 83263 3.4675e+08 679301 1.32231e+07 324027 346100 9289.81 1.02331e+08 
7152 7211 87431 87526 3.7608e+08 581955 1.42595e+07 342216 367549 8281.5 1.10985e+08 
6688 6788 81934 81982 3.21477e+08 611047 1.24167e+07 303406 323796 5123.15 9.4873e+07 
301 393 89565 89606 1.83745e+08 470686 1.42443e+07 403984 377537 4556.48 5.42356e+07 
1299 1350 86766 86778 4.3564e+08 989665 1.58712e+07 392017 418724 9180.3 1.28557e+08 
5198 5247 84482 84572 3.59671e+08 617148 1.37727e+07 335900 346689 7889.29 1.06137e+08 
945 1043 87493 87533 1.01193e+08 751854 1.74086e+07 371959 322181 9827.6 2.98444e+07 
3877 3914 86460 86511 3.92364e+08 644634 1.48618e+07 358595 382651 7364.27 1.15782e+08 
3170 3235 81222 81258 2.3337e+08 529942 1.16844e+07 319216 310993 4865.85 6.88779e+07 
520 578 87376 87437 4.28172e+08 765209 1.60997e+07 384814 422583 6980.91 1.2635e+08 
9459 9462 86578 86675 3.38883e+08 574141 1.31565e+07 314312 336010 7479.34 1.00004e+08 
5011 5020 89073 89098 4.04341e+08 592809 1.5404e+07 374150 396206 7938.08 1.19317e+08 
8444 8489 86254 86335 3.46714e+08 535912 1.34825e+07 321844 343296 7657.52 1.02317e+08 
7889 7968 82031 82045 3.12765e+08 750831 1.21349e+07 297892 313350 7846 9.22846e+07 
1973 2037 81283 81376 3.56507e+08 822437 1.19187e+07 335709 354505 5987.44 1.0522e+08 
4946 4953 82764 82857 2.26129e+08 460155 1.18952e+07 317586 313517 6364.55 6.67344e+07 
5943 5945 82660 82666 3.4221e+08 791488 1.11018e+07 316129 337599 6310.29 1.00992e+08 
2447 2521 80190 80235 3.49786e+08 588288 1.14094e+07 322025 343479 5601.19 1.03227e+08 
2126 2205 87230 87312 2.83912e+08 507615 1.61777e+07 391675 319414 8311.94 8.37925e+07 
