5400 5459 91632 91643 3.83204e+07 1.59611e+07 363378 13194 182921 6525.23 215463 -nan -nan -nan -nan -nan -nan -nan -nan -nan -nan -nan 1.14195e+07 
7490 7501 90048 90096 1.99096e+07 7.58208e+06 26743.4 16385.2 162796 6862 165618 28.6464 34998.5 -nan -nan -nan -nan -nan -nan -nan -nan -nan 9.61859e+06 
7549 7625 96710 96802 1.96638e+07 7.37615e+06 63875.9 199097 0 26406.4 191467 72.1996 39182 322026 6.36121e+06 170078 -nan -nan -nan -nan -nan -nan 1.13607e+07 
5409 5451 90312 90312 2.0982e+07 7.89092e+06 57579.6 192398 0 -nan -nan -nan 37632.1 287527 6.36847e+06 183456 10.8977 5.7913e+06 -nan -nan -nan -nan 1.21587e+07 
3553 3568 90851 90894 2.27303e+07 7.85692e+06 44532.4 206179 0 52695.1 -nan -nan -nan -nan -nan 196257 26.1459 6.62297e+06 44086 0 -nan -nan 1.26678e+07 
5523 5543 97323 97381 2.48298e+07 1.57012e+07 384778 4068.8 192856 55560.6 -nan -nan -nan -nan -nan -nan -nan -nan 44929.6 2.02592 47483.3 45726.4 1.39617e+07 
7421 7450 98874 98938 3.07828e+08 9.34698e+06 450469 20872.2 249026 9997.53 285465 145.694 58445.1 518800 6.43579e+06 143772 28.398 3.82042e+06 33162.5 0 32256.4 36663.9 9.08514e+07 
436 454 97359 97384 5.60649e+08 1.72999e+07 479084 11215.7 233845 16491.3 250155 540.359 51272.8 480600 7.37361e+06 268642 157.616 7.16677e+06 62947 0 62209.2 51250 1.65503e+08 
5052 5082 99195 99250 5.22742e+08 1.63889e+07 449489 13819.4 218568 8456.9 219216 154.461 43352.1 457571 1.00745e+07 277954 163.759 7.09229e+06 58175.7 0 57484.7 47747.1 1.5442e+08 
8742 8825 98062 98152 4.73654e+08 1.50994e+07 412332 14011.3 201235 8686.61 205634 148.586 39433.4 402271 6.11934e+06 231039 140.526 8.83428e+06 57094.6 0 54022.3 44017.8 1.39803e+08 
3636 3698 94352 94435 4.89378e+08 2.29501e+07 415628 19666.3 201902 7556.1 207160 216.72 40331.3 419423 6.54028e+06 236678 239.216 8.72957e+06 61143.6 0 55509.6 45820 1.44433e+08 
7745 7808 99350 99385 4.9602e+08 2.31431e+07 421318 13713.6 205388 8960.57 205944 155.59 40060.5 426488 6.55154e+06 242239 151.867 8.8974e+06 58768 0 53866.6 45011.5 1.46396e+08 
1614 1692 93561 93653 5.00416e+08 2.26296e+07 426985 14485.8 214366 7531.43 218570 152.354 42359.2 431678 6.5988e+06 241408 141.911 8.51193e+06 61356.3 0 57349.9 45762 1.47701e+08 
9730 9818 92640 92656 4.12484e+08 1.28922e+07 369903 14217 177124 7723.16 173596 125.618 35242.8 356130 5.47279e+06 198675 30.4484 8.01738e+06 53823.1 0 46047.8 39376.6 1.21769e+08 
3984 4027 91963 91964 4.53736e+08 2.1496e+07 403062 17893.9 199385 7078.38 190795 285.71 37713.4 466160 9.68168e+06 260288 43.6365 6.18757e+06 53189.6 0 48404.8 42276.1 1.34223e+08 
7284 7355 92436 92477 4.28707e+08 1.35186e+07 394248 23200.6 187209 7018.52 174084 577.628 46914.2 411947 7.91178e+06 210617 15.8271 5.7455e+06 48609 0 48468.4 41631.2 1.26587e+08 
5159 5239 92543 92562 4.51367e+08 1.4547e+07 459652 31954.5 218506 18129.1 204333 133.248 38301.3 385317 5.92484e+06 220899 36.6442 6.15405e+06 50918.8 0 48979.1 40914.7 1.33223e+08 
138 141 95641 95738 5.38774e+08 1.68662e+07 522814 16567.3 228791 8339.26 226249 236.411 43566.8 454285 6.97183e+06 260495 63.6349 7.0566e+06 59897.5 6.62654 63030.1 51201.6 1.5905e+08 
5785 5877 97759 97803 4.96097e+08 1.59664e+07 439563 10815.4 231336 16259.1 236458 488.439 42062.9 432932 6.54282e+06 244328 36.6203 6.63108e+06 55281.7 0 58892.5 49298.1 1.46462e+08 
8910 9002 91973 92041 3.80365e+08 1.29013e+07 386323 10603.3 173363 15083.3 197191 260.148 42561 353410 5.37983e+06 194199 22.4623 5.46216e+06 48777.4 18.2897 46183.3 41227.8 1.12291e+08 
1846 1932 94572 94608 5.01582e+08 1.70697e+07 446294 13111 214578 7345.62 209971 152.731 42341.9 434121 6.83783e+06 262261 55.5316 8.93595e+06 66691.7 5.27431 57319.9 48467.4 1.48055e+08 
3126 3224 94777 94806 4.98686e+08 1.5719e+07 456126 13596.7 215282 7388.9 218216 253.073 51475.3 434074 6.52678e+06 242396 51.5284 6.50424e+06 62259.9 10.8207 56369 49009.7 1.47194e+08 
3854 3897 93809 93898 4.80492e+08 1.5289e+07 440772 16660.5 207233 6972 208632 239.406 48728.2 417746 6.17808e+06 234322 28.3707 6.38088e+06 53732.8 32.4683 72523.1 45294.2 1.4182e+08 
7275 7339 98411 98437 4.86883e+08 1.60267e+07 438256 12674.6 206487 6796.24 204830 143.759 42078.4 421818 6.52848e+06 247333 14.3739 6.69855e+06 57812.2 6.05726 64620.5 48718.2 1.43717e+08 
1807 1844 96527 96546 5.34467e+08 1.68616e+07 464081 16839.1 225745 9580.52 225547 162.731 44291.1 447542 6.89925e+06 258040 23.6694 7.15588e+06 61878.9 5.5598 58723.4 47732.2 1.57773e+08 
1176 1254 90211 90308 4.70527e+08 1.52378e+07 510570 42790.9 230263 15141.7 203423 247.429 43153 408713 6.29915e+06 233011 59.034 6.28387e+06 52549.9 5.78654 51177.8 41999.6 1.38873e+08 
7223 7260 98558 98609 5.03684e+08 1.59723e+07 522140 37878.2 237728 10194 212248 148.705 41514.3 418161 6.41752e+06 244235 59.4747 6.71185e+06 57106.2 0 55584.8 56832.7 1.48664e+08 
2285 2302 96057 96115 5.20635e+08 1.63155e+07 536690 44513.5 238289 14142.3 224880 287.473 46316.9 452678 6.93105e+06 250995 49.9545 6.76319e+06 57372.2 6.4032 58493.8 48923.2 1.53678e+08 
5279 5337 93955 94053 4.70966e+08 1.4696e+07 401036 10398.4 209482 16116.8 226158 724.083 43633.2 403927 6.12955e+06 228588 34.766 6.11108e+06 51570.6 11.5865 51214.2 42021.1 1.39045e+08 
5910 5989 93711 93797 4.62079e+08 1.45302e+07 397736 66957.7 219873 17820.7 222213 225.998 38485.1 386861 5.83162e+06 224606 129.658 6.12368e+06 51120.4 5.68355 51868.5 42671.7 1.36408e+08 
8215 8306 98932 99016 4.99229e+08 1.56064e+07 510449 51492.9 231659 14319.4 212899 156.602 40230.6 421528 6.3729e+06 239320 73.683 6.55384e+06 55344.2 0 54643.6 45222.2 1.47352e+08 
8391 8490 98357 98418 4.84131e+08 1.52736e+07 434888 57521.8 233580 15381.7 229543 151.863 39770.4 414067 6.38085e+06 233106 39.3043 6.37414e+06 53446.4 5.95372 55431.3 45559.3 1.42894e+08 
7811 7837 92529 92569 4.0782e+08 1.34824e+07 403797 47169 207998 15323.5 190804 127.933 34316.3 358287 5.53972e+06 200794 39.1284 5.73549e+06 49229.4 0 52348.8 43573 1.20372e+08 
1678 1746 94028 94047 4.70327e+08 1.63181e+07 456206 11782.5 220187 7297.68 211409 347.286 44422.9 418025 6.34785e+06 244947 120.874 7.03955e+06 68995.9 7.01605 58001 48358.1 1.38824e+08 
676 699 90181 90268 4.53767e+08 1.61609e+07 404741 12396.5 193756 6403.98 192222 422.855 48316.1 423771 6.82892e+06 247273 147.516 8.73499e+06 63684.5 11.1656 51189.3 45957.7 1.33929e+08 
8145 8202 95315 95351 4.40687e+08 2.25467e+07 404007 12952.6 194457 8549.06 196495 130.139 38852.7 389366 5.96764e+06 261493 33.9623 7.91921e+06 51091.5 10.8419 51398.7 42384.9 1.30099e+08 
9928 9983 90351 90401 3.6063e+08 1.63702e+07 321561 12087.2 159324 6680.29 173391 381.867 36904.1 401637 7.69763e+06 211059 21.3945 4.97808e+06 43650.5 4.63377 43105.8 35838.2 1.06906e+08 
9821 9877 92058 92119 3.94029e+08 1.28222e+07 412917 15096 176411 8542.48 170836 665.321 49377.6 346100 5.46401e+06 199740 194.518 5.24007e+06 45130 28.1711 63742.5 40638.4 1.16309e+08 
3246 3338 91140 91176 4.55379e+08 2.19557e+07 417488 11048.4 200087 9027.86 194925 226.898 41522.6 383425 9.05017e+06 254415 54.6381 8.05623e+06 53226.9 28.0027 52003 44638.7 1.34393e+08 
1330 1404 94098 94190 5.1358e+08 2.21073e+07 450652 13446 214093 7794.6 217423 156.529 45053.7 479334 9.10674e+06 281262 174.362 6.87459e+06 58111.8 6.32439 58181 49514.1 1.51776e+08 
1469 1549 93982 93985 5.00293e+08 2.27317e+07 437556 14087.1 203913 7735.01 204709 258.466 45774.1 427808 9.16894e+06 277332 155.526 8.96803e+06 61457.7 12.3043 59479.1 48863.3 1.47646e+08 
7360 7442 91618 91641 4.27734e+08 2.26044e+07 381955 14109.2 182804 7971.02 181808 185.542 36005.5 358027 5.55769e+06 233936 69.0071 7.70461e+06 50376.3 15.787 49003.2 41695.3 1.26156e+08 
3435 3461 96752 96780 5.15081e+08 1.64388e+07 457344 12703.3 221778 8153.53 220286 152.228 54210.2 475395 9.32163e+06 255571 141.035 6.79634e+06 58735.5 6.34094 58102.8 48726.3 1.52182e+08 
8312 8374 97556 97630 4.82956e+08 2.14949e+07 419788 20320 206946 7892.31 202005 151.758 40357 410569 8.89242e+06 268361 209.677 6.38499e+06 55557.3 5.94993 53660 44886 1.42787e+08 
8468 8556 97675 97752 4.72359e+08 2.35173e+07 418879 11086.8 201830 7070.08 197304 139.733 39043.5 410855 9.70173e+06 262821 18.3245 6.43654e+06 52837.2 0 51682 43193.2 1.39689e+08 
418 487 96299 96345 5.47636e+08 2.36669e+07 477648 14633.5 226897 7065.4 227467 273.508 47996.3 504552 9.74593e+06 279927 127.687 7.11279e+06 60353.8 13.5036 62077.8 51398.3 1.6202e+08 
1588 1673 93352 93410 5.04575e+08 1.56919e+07 448333 19566.7 211554 7686.44 211631 265.347 44980 425407 6.62015e+06 238066 57.5338 8.65442e+06 57011.2 17.9135 58144 47859.9 1.48918e+08 
689 753 94617 94668 5.22795e+08 1.65092e+07 458278 17538.9 219041 7502.27 223418 154.359 43486.2 449094 6.78613e+06 251925 27.0116 9.2834e+06 60974.4 0 57594.5 47842.7 1.54325e+08 
1751 1786 93664 93734 4.98237e+08 1.57549e+07 531330 66313.4 216565 8568.2 211550 151.692 41616 424236 6.51028e+06 237969 58.8417 6.79842e+06 57842.8 6.12741 61107.9 48975.3 1.47043e+08 
3345 3410 98879 98886 5.37831e+08 1.66684e+07 547455 47844.1 237588 9320.27 229002 158.779 44181.8 459867 7.1247e+06 258455 71.4479 7.02719e+06 59360.5 0 66627.9 53003.1 1.58747e+08 
6010 6098 91144 91209 4.02185e+08 1.35524e+07 381509 33990.6 217881 18658.5 207152 256.148 39773.6 368976 5.64388e+06 203600 14.84 5.74657e+06 49985.1 8.16064 47574.4 40231.7 1.18694e+08 
8048 8141 98589 98629 4.53005e+08 1.53795e+07 429475 11974.1 206368 8923 202703 142.08 40008.3 411142 6.47736e+06 231906 81.0092 6.44632e+06 59318.6 7.02551 54503.3 46826.2 1.33668e+08 
8027 8036 97574 97610 4.41893e+08 2.54767e+07 405470 11512.4 199511 7798.74 203001 134.538 39198.9 399693 6.48538e+06 236852 113.463 9.14191e+06 56313.2 0 53010.3 44693.5 1.30422e+08 
9765 9842 92865 92879 3.74518e+08 1.80612e+07 364118 13506.7 169236 6691.96 165180 110.847 33528.5 346836 8.1043e+06 214833 11.7759 5.42242e+06 46906.2 0 45442.1 37809 1.10799e+08 
5366 5430 96541 96592 4.57865e+08 1.53464e+07 536263 25104 235209 14962.7 208612 135.15 41262.9 419926 6.43745e+06 233496 43.9252 6.4924e+06 56069.2 0 54259 45582.9 1.35107e+08 
2296 2385 91238 91291 4.4372e+08 1.50044e+07 489782 47194 201817 7545.96 199189 130.986 38608.9 397674 6.31681e+06 229730 69.0135 6.07999e+06 50834.1 0 59572.4 46197.6 1.30941e+08 
8195 8222 96648 96734 4.29007e+08 1.46069e+07 399183 12691.4 196975 7487.93 199173 126.663 39027.8 397193 6.07575e+06 221663 5.28684 9.49617e+06 53699.9 5.5875 50970.1 42156.6 1.26607e+08 
692 695 99603 99676 5.37238e+08 2.57399e+07 493445 14372.7 239231 7849.77 241251 272.555 48611 489288 1.08806e+07 288979 26.9096 9.56436e+06 64360.8 0 63776 53636.3 1.58551e+08 
8173 8267 90740 90748 3.7359e+08 1.28635e+07 355856 12543.6 172206 6787.39 171594 157.701 33689.7 344058 5.4745e+06 196078 5.51589 8.13809e+06 47661.3 4.93995 44833.7 37543.6 1.10282e+08 
501 535 90246 90325 4.40437e+08 1.49047e+07 411764 10801.1 198944 6285.13 196840 981.681 49018.5 431402 6.1958e+06 227320 6.50806 6.2411e+06 53629.3 0 52056.9 43441.9 1.30131e+08 
6669 6715 96203 96258 4.36193e+08 1.52058e+07 413706 12310.6 231487 18302.9 223348 626.673 39149.2 393161 6.27302e+06 229415 9.6582 6.37135e+06 53493.9 0 52153.4 43157.3 1.28744e+08 
5487 5533 92755 92797 4.19038e+08 1.39931e+07 486810 44169.3 208799 8396.62 188150 123.689 38648.3 383681 5.99279e+06 212572 13.6172 5.90721e+06 50428.2 0 49863.9 44927.7 1.23658e+08 
4752 4769 90199 90247 3.75756e+08 1.32042e+07 386998 11142.5 186790 6408.92 186507 283.283 36163.9 356703 5.72052e+06 205171 47.3273 7.81139e+06 47838.1 0 48262.2 39788.1 1.10945e+08 
8543 8634 92429 92516 3.69382e+08 1.35956e+07 357019 8924.18 176449 11321.7 208656 561.35 48443 381412 5.47758e+06 202761 10.9054 5.85444e+06 50582.2 0 48301.4 37811.4 1.09003e+08 
4752 4820 93244 93277 3.976e+08 1.44623e+07 407829 10512.7 193437 7145.08 189048 278.804 40432.5 363347 5.6708e+06 216861 5.86857 9.19645e+06 61195.6 0 56673.7 44637.7 1.17346e+08 
7414 7428 95987 96002 4.55036e+08 1.73889e+07 416606 11043.6 200131 6791.69 198990 430.954 51970 572043 9.59004e+06 245446 43.8945 6.20848e+06 52723.5 0 50501.4 42634.7 1.34983e+08 
3116 3119 94103 94144 4.77647e+08 1.54762e+07 429463 10591.8 202584 6740.07 233044 509.498 55617.6 468423 6.52078e+06 238343 35.2622 6.59307e+06 58095.8 17.637 54835.2 46691.6 1.4101e+08 
3195 3262 98592 98679 5.15833e+08 1.77649e+07 463597 9915.67 223059 12668.2 246395 525.16 62590.7 472568 7.27518e+06 272704 22.8478 7.50346e+06 65040.9 0 60337.4 49615 1.52282e+08 
3363 3450 91547 91605 4.63918e+08 1.44255e+07 405966 12006.1 198906 6723.91 192474 630.793 58502.6 442517 8.22433e+06 225334 17.1509 6.08351e+06 55063.7 0 50506.4 43337.8 1.37175e+08 
8785 8878 92861 92880 4.13987e+08 1.38309e+07 372149 13938.5 179082 5460.93 202170 3886.27 47341.9 448327 5.61598e+06 213421 49.0173 5.92521e+06 48887.7 15.3127 47195 38629 1.22409e+08 
9601 9688 96629 96724 4.19079e+08 1.50323e+07 597040 119502 216549 8024.54 193229 461.329 48455.4 399131 6.21452e+06 229973 111.803 6.2158e+06 53130.9 10.3079 49185.9 57272.1 1.23577e+08 
3335 3415 90505 90534 4.29864e+08 1.38914e+07 406385 13837.2 198086 8028.32 198229 210.203 44064.8 372576 5.74555e+06 214584 204.957 8.48969e+06 57432.7 0 53589.5 44267 1.26895e+08 
2512 2597 99428 99469 5.40557e+08 2.27721e+07 497485 13828.2 239549 8508.71 239332 159.877 47463.6 481697 9.80718e+06 295929 151.678 7.15824e+06 61257.8 13.3199 64613.2 53519.6 1.5983e+08 
5110 5148 95453 95534 4.64269e+08 1.57218e+07 430680 16320.3 201951 7241 194230 162.771 42900.5 403388 6.3988e+06 237870 149.206 8.90863e+06 60557.1 5.7106 56939.1 47512.1 1.37034e+08 
5551 5590 91469 91479 4.42595e+08 2.18744e+07 387347 14605.4 182814 8662.53 185341 130.684 37423.8 372849 5.74037e+06 253784 31.4912 7.89699e+06 49815.4 0 50259.8 42281 1.30645e+08 
640 716 90273 90354 4.67687e+08 2.16622e+07 409992 10063.8 205059 7956.77 208328 151.328 41444.4 406903 9.14121e+06 266918 24.6294 6.25352e+06 53511.7 5.76363 54865.7 45386.1 1.38326e+08 
7137 7179 97261 97296 4.75772e+08 2.1004e+07 428450 11605.1 206618 7352.98 205802 140.812 42520.8 468816 9.02471e+06 261334 10.56 6.28442e+06 55647.7 0 53167 45233.1 1.40759e+08 
468 498 92989 93077 4.95417e+08 2.16069e+07 470889 12976.2 215953 8000.52 207795 324.977 43106.5 462724 8.88038e+06 273933 21.9674 6.71119e+06 59908.9 6.10119 60775.1 53344.9 1.46422e+08 
2339 2377 93870 93886 4.90043e+08 2.1866e+07 436879 12361.1 213331 7912.96 213742 144.866 42419.4 422389 8.98129e+06 272077 131.211 6.48276e+06 56128.5 0 56931.3 47764.7 1.44824e+08 
2883 2968 96754 96802 5.16297e+08 2.20779e+07 463752 16736.7 222333 7613.22 223432 424.518 46547 462070 9.19768e+06 284453 116.15 6.80736e+06 58471.7 0 59829.5 50165.2 1.52596e+08 
1362 1366 93914 93982 5.1262e+08 2.21315e+07 450427 13611.4 218145 6936.15 215902 156.085 44090.5 444682 6.74658e+06 248871 134.19 8.57117e+06 64589.3 18.9417 57997.2 49436.9 1.51308e+08 
7584 7628 99777 99813 5.05452e+08 1.55602e+07 436392 12546.2 211411 7650.21 214459 153.893 43965.2 428669 6.41043e+06 239185 26.0411 8.39579e+06 60818.9 5.12557 56381.7 48536 1.49185e+08 
2183 2255 96356 96358 5.25726e+08 1.66162e+07 472960 22533.8 221993 7847.45 219662 155.217 43773.1 448171 6.91875e+06 257053 73.7229 6.9266e+06 62835.8 20.6048 60366.7 50632.3 1.55178e+08 
3103 3158 93438 93479 4.76928e+08 1.52876e+07 495488 20623 229359 8486.27 207581 149.596 39757.6 412431 6.37018e+06 235145 24.6371 6.30879e+06 53599.6 0 53938.7 43392.5 1.40765e+08 
3760 3828 98616 98663 5.37787e+08 1.67036e+07 539068 19710.7 247146 10163.5 230823 220.695 44880.4 456169 6.93399e+06 254657 51.5987 7.06439e+06 60964.5 0 62037.9 52026.8 1.5874e+08 
7636 7709 95111 95202 4.56436e+08 1.44865e+07 402408 11140.7 198699 18546.2 224155 519.097 48638.1 400363 5.96374e+06 221083 40.4306 6.10069e+06 51471.4 0 52630.5 43128.4 1.34741e+08 
8730 8785 91842 91913 4.10029e+08 1.30037e+07 484073 18256 207791 12714.2 180317 128.604 37494.1 353228 5.37444e+06 196427 105.921 5.47231e+06 47279.6 0 47424.9 39003.1 1.21016e+08 
4693 4738 93626 93631 4.69003e+08 1.48391e+07 404578 17659.4 194888 6827.26 195050 229.394 38979 405520 6.19002e+06 228397 307.005 9.17615e+06 53003.7 0 53164.3 44110.7 1.38457e+08 
8264 8277 94529 94558 4.44347e+08 1.67375e+07 383257 11261.2 185529 8407.79 192798 131.2 38212.7 381524 5.91315e+06 213417 77.7893 8.42786e+06 50904 0 49388.9 42198.7 1.31151e+08 
8839 8901 95832 95927 4.47625e+08 2.12227e+07 382721 10454 189799 8031.45 190491 332.665 37881.2 389630 9.5213e+06 249359 5.52007 6.05039e+06 52652.2 5.52195 50130.4 40830.9 1.32496e+08 
9349 9416 96421 96445 4.54649e+08 1.41645e+07 392832 11592.1 189296 6467.59 191364 211.329 50086.1 429748 8.18353e+06 221611 39.2127 5.98215e+06 50963.4 5.59884 50090.7 41439 1.34386e+08 
8655 8704 96104 96170 4.63502e+08 1.44894e+07 395821 9443.92 190794 6785.07 217812 698.535 48073.3 432478 5.9553e+06 221774 45.6218 6.0356e+06 51418 0 50430.2 41703.6 1.36856e+08 
7003 7008 93071 93073 4.42876e+08 1.35858e+07 398369 14366.8 217914 16588.9 212230 410.959 37163.3 372201 5.64502e+06 210353 27.2469 5.88954e+06 48814.7 0 49284.9 42308.5 1.30766e+08 
8194 8241 91180 91234 4.12981e+08 1.31765e+07 423734 15405.9 190505 6784.73 169811 121.923 34505.2 356360 5.53886e+06 201498 303.975 5.4328e+06 46777.6 0 44369.2 39642.8 1.21891e+08 
8773 8871 90831 90841 3.99752e+08 2.31295e+07 349181 10390.3 176271 7568.89 175062 336.264 33767.3 343449 5.32118e+06 194275 149.877 7.56148e+06 46608.2 0 43465.4 36455.2 1.18062e+08 
9390 9456 93312 93378 4.0862e+08 1.33444e+07 370959 14322.4 177409 5880.15 173024 828.434 42552.3 382089 5.47748e+06 203332 85.5322 5.58213e+06 47220.9 0 46497.2 39717.3 1.20726e+08 
1610 1642 99135 99219 5.7458e+08 1.77012e+07 578358 50896.3 256014 10741.2 239476 216.853 46624 490601 7.24167e+06 273166 77.7456 7.47582e+06 63186.3 7.06699 62234.8 55621.2 1.69605e+08 
9887 9975 98519 98533 4.65763e+08 1.47138e+07 411666 10192.7 193880 6664.77 197219 203.068 46905.6 439528 9.01381e+06 227059 28.6815 6.2717e+06 51994.9 0 53164.5 43627 1.37656e+08 
9943 9964 91818 91884 3.94133e+08 1.26288e+07 356000 18320.8 174032 5734.15 179942 485.738 53306.3 375787 5.20654e+06 195057 14.5486 5.20372e+06 45280 14.5968 45175.5 37989.5 1.16376e+08 
6869 6903 94970 94998 3.73406e+08 2.11546e+07 404580 33538.9 161862 6078.53 156196 117.149 38494.7 533353 9.94675e+06 328580 55.1241 4.8048e+06 41594.9 0 46762.9 37785.5 1.10222e+08 
1619 1651 97769 97769 5.52756e+08 2.42247e+07 475071 13737.9 233898 7452.39 230168 163.342 43576.9 496557 1.00266e+07 286928 201.632 7.40449e+06 61771.6 0 61023 51424.6 1.63313e+08 
1209 1239 97503 97579 5.48023e+08 1.73055e+07 496731 19837.9 243510 7829.46 236508 161.803 46326.8 480799 7.39098e+06 267309 194.811 9.67479e+06 62303.7 0 60809.1 51896.5 1.61779e+08 
705 742 98786 98796 5.75878e+08 1.78029e+07 583649 29858.6 267812 10884.1 247866 223.991 49724.7 503846 7.45041e+06 276568 49.5876 7.46737e+06 65845.2 0 64904.2 61102 1.69988e+08 
1963 1993 99506 99561 5.59465e+08 1.80019e+07 497008 12507.7 237399 8074.2 229304 730.319 66074.9 526354 8.14994e+06 278921 256.408 7.41756e+06 63925.1 0 65467.2 54646.2 1.65269e+08 
8922 9009 98229 98276 4.75133e+08 2.2484e+07 427065 13631.2 203237 8726.97 203498 140.261 40318.1 403695 6.2559e+06 236329 225.948 8.85878e+06 58515.5 0 54545.9 46252.8 1.40203e+08 
8357 8384 96408 96461 4.58592e+08 2.28822e+07 411455 17066.4 199360 8062.41 195403 139.64 38983.5 392030 6.15716e+06 251383 45.1099 6.5089e+06 56689.8 0 51019.6 43341.6 1.35366e+08 
5914 5961 98765 98796 4.96044e+08 2.18401e+07 441087 11457 210339 8327.3 205597 151.218 49526.3 495008 9.53648e+06 267165 42.7495 6.65528e+06 61711.9 6.10892 57300.7 47794.6 1.46591e+08 
2843 2869 94215 94222 4.92638e+08 2.30273e+07 435158 13044.6 208479 8044.68 210854 163.639 42367.6 430020 9.26834e+06 260843 30.2905 6.42503e+06 58401.3 0 55087.9 47957.2 1.4541e+08 
7933 8008 93998 93998 4.31079e+08 2.22055e+07 379618 12555.4 188952 8059.74 189962 244.856 37374.8 377003 5.89279e+06 257229 42.4143 5.72932e+06 53137.8 0 49559.9 41118.4 1.27259e+08 
3269 3270 96864 96887 5.22822e+08 1.63754e+07 464945 10797.2 221857 6862.03 218809 1288.05 49717.4 480984 6.90179e+06 254458 64.4218 6.83645e+06 58223.7 0 57910.2 49575.4 1.54578e+08 
2428 2460 90347 90440 4.53933e+08 2.22484e+07 398940 11764 194499 7017.35 198333 362.655 42608.6 420012 9.48591e+06 253771 39.164 5.92315e+06 52945.5 0 49929.9 41143.9 1.34262e+08 
8508 8533 92312 92344 4.05794e+08 1.32097e+07 371068 13630.4 179287 5527.99 183401 461.985 52490.2 401767 5.50089e+06 201319 24.9982 5.65431e+06 46628.3 0 47489.7 41078.8 1.19969e+08 
340 428 98641 98664 5.7953e+08 1.73785e+07 586873 53455.6 260102 10360.9 244333 178.241 47177.1 487014 7.36379e+06 269594 21.3872 7.539e+06 63457.6 0 63320.6 56713.4 1.71077e+08 
3609 3639 98487 98491 5.36258e+08 1.74493e+07 460192 17646 224927 9333 223628 475.329 51168.4 489818 9.54679e+06 269464 46.2054 7.12765e+06 61068.8 0 60481.3 49453.6 1.58405e+08 
7532 7584 99546 99603 5.02072e+08 2.28698e+07 432486 12269.9 202520 8205.64 209548 152.861 40553.2 421041 6.4227e+06 257848 228.341 6.64175e+06 58263 6.17526 57383.7 47178.1 1.48192e+08 
1005 1055 96503 96503 5.62158e+08 2.2445e+07 483720 24727.1 233833 8134.48 229971 165.959 44434.3 467877 7.20719e+06 267130 218.719 1.00092e+07 81412.5 13.831 61478 52171.2 1.6581e+08 
2880 2977 90566 90577 4.62896e+08 1.45085e+07 511732 59646.2 219997 7774.59 196326 136.646 37385.9 382691 5.91141e+06 222533 28.463 6.09267e+06 50562.8 12.2393 51278 46467.1 1.36618e+08 
5576 5663 94707 94789 4.64751e+08 1.48999e+07 414982 14046.3 205143 7082.07 200137 141.503 39002.9 401809 6.33509e+06 226852 178.728 6.31974e+06 52372.3 31.9222 56133.7 43200.2 1.37177e+08 
5186 5244 95163 95188 4.80714e+08 1.54251e+07 429513 14288.8 203402 6720.32 198254 141.922 39093 413193 6.50009e+06 235259 276.938 9.33055e+06 54034.8 19.4359 56517.2 46500.4 1.41891e+08 
2416 2493 96576 96613 5.31475e+08 1.66834e+07 464775 17354.5 224850 7454.74 222376 161.798 43107.7 452952 6.97798e+06 257709 128.011 9.72912e+06 58374.5 13.9553 58663.9 49164.8 1.56839e+08 
6948 7008 95380 95381 4.61524e+08 1.47284e+07 497186 58879.2 209489 7809.06 196587 136.259 39656.3 406863 6.1619e+06 224503 39.7313 6.07532e+06 50420.6 34.0289 52922.8 44549.5 1.36219e+08 
2422 2510 96368 96441 5.13835e+08 1.65441e+07 479087 22113.6 231729 8279.38 224480 246.518 44394.5 446005 6.91873e+06 253061 63.2009 6.76538e+06 57701.6 23.3415 61608.2 51177 1.51665e+08 
9103 9136 92135 92146 3.6469e+08 1.37232e+07 441790 29684.5 195887 7302.08 169544 188.43 37120.4 350128 5.75704e+06 211691 278.949 5.57168e+06 48942.5 0 47170.5 46124.1 1.07633e+08 
5840 5849 96086 96110 4.3361e+08 2.16661e+07 399784 9350.46 209125 7381.53 217571 301.125 42531.2 439237 9.75454e+06 269577 74.7986 6.32175e+06 62481.8 0 53173.2 45296.7 1.28259e+08 
8366 8399 95414 95477 4.0695e+08 1.43291e+07 417523 13942.8 197617 6550.28 216825 315.418 49837.4 411149 5.86823e+06 218771 15.022 5.97322e+06 51086.5 0 53579 45494.6 1.20152e+08 
7178 7269 95334 95427 4.23284e+08 1.48686e+07 489018 35907.6 207344 7319.16 193053 124.975 39879.3 398204 6.19975e+06 227396 237.456 6.33262e+06 53868.3 10.4108 57817.5 44025.2 1.24916e+08 
2583 2640 90124 90203 4.24734e+08 1.40306e+07 401314 11731.8 194627 7414.78 195771 125.393 40080.8 386724 5.92641e+06 215456 43.7878 8.86078e+06 51788.3 5.62209 51746.2 42967.6 1.25353e+08 
6016 6101 90222 90237 3.76431e+08 1.9093e+07 380189 14650.8 185721 7753.32 181323 111.177 35690.9 365002 8.72296e+06 233195 32.4092 5.50009e+06 50962.3 4.62972 48577.5 41052.6 1.11088e+08 
9625 9684 90150 90242 3.63678e+08 1.23372e+07 339723 16304.2 193486 11824.7 191469 107.37 34658.7 328432 4.96939e+06 186703 8.94536 5.25507e+06 44104.7 0 44257.9 36805.2 1.07333e+08 
4636 4724 96444 96454 4.91665e+08 2.16994e+07 441001 12850.9 208796 7418.55 210306 254.017 43499.6 430353 6.56469e+06 242322 196.274 9.06694e+06 61935.2 0 58792.4 49056.3 1.45121e+08 
1973 1979 93089 93099 4.79324e+08 2.22716e+07 434274 12390.9 206771 7520.88 208051 154.836 42427.5 424879 6.52419e+06 239980 190.796 9.4733e+06 59884.5 0 56601.4 47278.3 1.41473e+08 
7873 7900 94563 94604 4.31414e+08 2.34846e+07 384028 14455.2 189210 8491.06 193057 246.818 41943.1 391093 6.06251e+06 227953 27.5944 8.06345e+06 61394.3 21.2267 51390.5 41133.7 1.27346e+08 
6952 7028 90409 90488 3.77711e+08 1.68404e+07 376037 13747.8 182163 6492.77 185455 774.867 48614.1 379842 7.161e+06 214088 60.493 5.60012e+06 45630.8 4.65276 49859.2 41235.8 1.11663e+08 
7372 7447 91892 91991 3.6689e+08 1.32033e+07 455175 15029.9 211618 8406.81 186471 179.398 39268.6 356164 5.39235e+06 200972 9.02612 5.47335e+06 48462.9 9.02442 46986.1 42744 1.08285e+08 
410 441 95078 95120 5.14303e+08 2.37102e+07 480613 14261.4 230548 7772.57 224014 264.376 50212 468593 9.55008e+06 285937 308.551 6.96839e+06 76206.8 19.2237 58915.8 52603.2 1.53539e+08 
8203 8253 97357 97395 4.76702e+08 2.13184e+07 417653 12414.2 209979 8402.07 211200 167.124 41271.8 406304 6.15767e+06 260005 35.1671 6.20127e+06 61763.4 0 53270.4 44536.5 1.40687e+08 
1888 1922 92937 92996 4.88752e+08 2.21121e+07 426642 13854.2 209943 7701.05 213611 243.504 46019.6 421980 9.2052e+06 274726 30.0487 6.4992e+06 59342.4 0 56110.9 47826.8 1.4425e+08 
110 210 95337 95430 5.0928e+08 2.23741e+07 478583 17828 226109 7395.83 220435 155.044 43868.6 448091 9.33026e+06 282305 230.905 7.23961e+06 68608.5 0 63595.3 52521 1.50312e+08 
3164 3206 96734 96813 4.7443e+08 2.31995e+07 457007 12141.4 214450 7721.67 215527 240.73 45872.2 434908 6.72192e+06 249051 54.4721 9.61621e+06 64419.1 0 61383.8 51108.4 1.40024e+08 
2307 2361 94836 94839 4.9366e+08 2.2278e+07 445423 12473.8 210796 7713.18 211112 150.302 44442.6 447497 6.85237e+06 275458 48.558 6.81149e+06 62292.5 0 56026.1 47946.6 1.45711e+08 
9787 9813 95387 95442 4.33008e+08 2.19506e+07 380529 11708.6 182641 8682.71 183671 131.852 36672.7 367059 5.5897e+06 246477 69.228 6.43876e+06 55066.1 0 50533.2 41706.3 1.27816e+08 
5855 5907 94350 94430 4.35172e+08 1.85486e+07 413702 9295.61 196214 6680.38 198231 324.607 48957.5 463093 8.64582e+06 246532 37.5706 6.14608e+06 51393.4 0 54426.1 45136.6 1.28788e+08 
7239 7333 93223 93276 4.39405e+08 1.41208e+07 377897 15308.4 182087 18578.4 220750 297.046 50541.7 375697 5.94215e+06 219136 27.0311 5.8625e+06 51680.2 0 50694.6 42757.3 1.29727e+08 
8137 8173 90503 90544 4.02924e+08 1.34559e+07 457673 26656.5 198597 7669.51 171110 122.661 35704.7 347026 5.58912e+06 205239 310.53 5.21469e+06 47612.6 9.90998 46610.1 43543.4 1.18901e+08 
6444 6516 96999 97070 4.40594e+08 2.28465e+07 400038 11549.1 190901 7618.81 201128 235.81 49536.3 465917 6.31909e+06 222536 47.2011 8.59762e+06 58544.4 0 53262.8 43713.9 1.30059e+08 
7370 7448 90171 90197 4.02131e+08 1.80092e+07 363794 16950.7 172074 5931.92 169406 119.082 35780.1 353538 7.89561e+06 230941 183.716 5.40514e+06 50529.6 4.96002 45595.8 38188.5 1.1903e+08 
3427 3429 92752 92775 4.79141e+08 1.49204e+07 408111 10789.4 233247 16514.7 237437 346.805 41173.1 410859 6.22972e+06 228048 47.1528 6.42811e+06 54258.9 0 53890.4 45096.9 1.41435e+08 
874 916 97278 97318 5.48602e+08 1.71582e+07 496429 27984.9 265937 14414.7 260115 165.348 48087.4 472632 7.07911e+06 262909 53.986 7.33713e+06 63378.1 0 62741.8 54103.6 1.6193e+08 
3064 3080 98848 98860 5.51849e+08 1.7489e+07 486958 14199.9 233627 9625.03 230862 163.121 60453.3 514776 9.31161e+06 273440 67.9563 7.12691e+06 63073.7 0 62214.9 53117.4 1.63082e+08 
3678 3752 90407 90478 4.42067e+08 2.19896e+07 391168 12690.9 194284 7652.89 193230 146.833 39139.8 383927 5.81172e+06 222130 114.621 8.04024e+06 56457.5 0 50346.5 42262.3 1.30464e+08 
3707 3716 98192 98249 5.30944e+08 2.24435e+07 491435 17431 225719 8239.6 222632 161.844 45669.3 462604 9.30272e+06 290084 232.641 6.91344e+06 63491.1 0 60797 53325.9 1.56893e+08 
552 651 99722 99769 5.86861e+08 2.73218e+07 511947 19165.6 245480 8494.48 240295 178.706 48300.4 499446 7.62925e+06 281806 24.88 1.00283e+07 67525.8 4.81225 65867.1 56832.4 1.73245e+08 
9263 9313 90992 91029 3.98848e+08 1.31253e+07 456426 17836.3 196964 15717 169417 117.736 33146.7 334728 5.25993e+06 200489 216.677 5.52172e+06 47148.1 0 44319.6 37515.3 1.17712e+08 
7283 7383 90241 90284 3.77899e+08 1.3619e+07 374584 10540.9 173836 6063.71 174693 252.72 35968.5 367035 5.54708e+06 207272 46.2392 7.66086e+06 75087.8 4.6505 46494.5 39601 1.11544e+08 
6330 6402 91704 91778 2.36096e+08 7.79906e+06 196329 6041.6 219380 15540.9 517785 476.307 95397.9 253465 3.22824e+06 120663 5.81303 3.10144e+06 27813.4 0 26298.2 21235 6.97302e+07 
8021 8114 95445 95493 4.60899e+08 1.4265e+07 395360 10064.1 189396 11402 229624 1121.77 58639 421510 5.92272e+06 220261 28.3505 6.05878e+06 51717.1 0 53156.8 43869.7 1.3598e+08 
1785 1788 99601 99643 5.70602e+08 1.79171e+07 490146 12366 269651 14056 270116 370.506 49282.6 481581 7.42029e+06 277140 7.01964 7.36339e+06 66085.6 0 62944 53839.9 1.68443e+08 
1380 1469 91392 91487 4.83312e+08 2.31449e+07 424437 22081.2 203705 8288.31 205711 147.342 42163.5 415906 9.29827e+06 269510 29.753 6.35093e+06 56314.5 5.95163 54996 44938.8 1.42844e+08 
2255 2328 91337 91397 4.64923e+08 2.22583e+07 419193 12278.7 199534 8359.57 195932 146.064 38756.1 395406 9.29717e+06 267034 17.1755 6.2725e+06 56757.4 0 54018.2 45608.3 1.37432e+08 
1250 1336 94761 94787 5.14764e+08 1.66397e+07 443762 10484.5 219313 8425 225102 223.456 61802.2 488410 9.18539e+06 260608 241.051 6.74978e+06 59242.9 0 59055.5 49228.3 1.52106e+08 
5588 5595 97387 97462 5.02044e+08 2.25119e+07 441832 14577.7 212086 7690.7 210662 157.902 41818.3 427098 9.16304e+06 279802 37.1333 6.65728e+06 60550.4 0 57798.3 49994.6 1.48544e+08 
6462 6502 95237 95304 4.64643e+08 2.26993e+07 411303 11666.2 200161 8619.92 200018 137.206 39632.4 401644 6.84373e+06 268707 28.5706 6.20287e+06 57224.6 0 53434.6 45432.8 1.37121e+08 
6043 6061 91507 91513 4.2775e+08 2.25408e+07 377369 9081.7 182416 7047.84 178289 194.163 34492.4 368936 9.72555e+06 246397 21.2479 5.83157e+06 57101 0 47895.1 39528.7 1.27422e+08 
3192 3253 96042 96071 5.17794e+08 1.60652e+07 451369 11433.3 216322 7130.08 231889 424.505 57953.1 480182 6.81465e+06 250482 25.4845 6.81252e+06 58529.7 0 59376 48314.5 1.52881e+08 
3730 3829 98359 98379 5.36236e+08 2.36732e+07 458906 14444 222015 8636.1 222446 153.502 43940.5 486850 9.56839e+06 277520 433.858 7.10318e+06 60295.2 0 58602.5 47742.1 1.58416e+08 
9477 9479 98866 98918 4.72566e+08 2.26709e+07 416695 17184.4 204159 8867.59 203026 143.88 41899.1 403383 6.18442e+06 225319 37.2887 9.05917e+06 53828 0 52525.3 44299.8 1.39477e+08 
2061 2071 95685 95754 5.0409e+08 2.26172e+07 468791 15369.5 224486 7650.48 218918 246.54 47844.1 444358 6.98641e+06 284579 187.378 6.98278e+06 63536 0 59680.5 49330.6 1.48816e+08 
7295 7380 99843 99926 5.07477e+08 1.68674e+07 449857 13221.4 208243 6903.23 208430 252.828 42538.4 430934 6.56744e+06 245779 216.135 9.0444e+06 61572.9 0 59251.9 50286.9 1.49779e+08 
6454 6491 91102 91156 4.31699e+08 1.3558e+07 372568 11282.7 180541 7364.45 181027 127.436 37513.6 368573 5.67359e+06 206570 98.2354 8.71523e+06 49210.3 5.72571 48117.5 40920 1.27406e+08 
7650 7732 94570 94656 4.51712e+08 2.17275e+07 401727 16378 189794 8092.37 188259 137.53 38645.1 393164 9.43274e+06 266250 22.2199 5.95235e+06 54971.4 0 51695.6 43381.6 1.33322e+08 
4443 4453 97594 97642 5.23377e+08 1.64697e+07 454089 17668.3 217377 8396.95 218044 154.648 51762 485276 9.37164e+06 259080 57.982 6.65593e+06 57687.9 25.7764 58230.1 47943.5 1.54601e+08 
6301 6387 93482 93544 4.43373e+08 2.24707e+07 392806 10103.6 192353 8087.14 190210 130.922 37152.2 388348 9.82079e+06 243608 10.9052 5.83927e+06 51688 0 49988.1 41317.3 1.30886e+08 
2527 2529 91315 91318 4.65069e+08 1.47494e+07 409359 11690.9 196284 6577.46 194829 213.692 46643.8 441033 8.97033e+06 231483 28.6363 6.01763e+06 52051.3 0 52172.4 43585.9 1.37435e+08 
9869 9961 90940 91039 3.89398e+08 1.25122e+07 338592 10180.9 167259 5455.71 180065 607.693 41027.9 369106 5.06573e+06 190913 23.9535 5.27427e+06 44045.2 0 43571.6 36964.8 1.14965e+08 
9175 9259 95376 95452 4.41177e+08 1.40808e+07 382671 14974 182392 6522.27 188552 207.56 38022 380817 5.82204e+06 214460 196.091 6.03704e+06 50500.9 0 58881.1 40687.1 1.30183e+08 
940 1024 93647 93684 5.1638e+08 1.59431e+07 445793 15281.9 215500 7120.53 209983 152.448 40487.6 423459 6.70377e+06 246700 64.898 9.20861e+06 59190.6 5.09609 57870.6 47307.8 1.52421e+08 
4449 4466 97806 97890 5.2064e+08 1.69007e+07 447690 16741.2 216241 6856.2 218904 158.515 42597 446252 7.02052e+06 257663 12.8077 9.40828e+06 58282.7 0 58514.1 46980.8 1.53675e+08 
4889 4989 92086 92165 4.59164e+08 1.4586e+07 496260 19738.3 217583 8096.92 189634 220.841 37683.4 388696 6.01309e+06 223543 39.5291 5.86655e+06 50451.9 0 50104.2 44108.2 1.35512e+08 
1217 1273 98678 98758 5.62317e+08 1.76966e+07 510888 16332.4 244470 10657.5 238187 251.156 46615.7 483284 7.39389e+06 269276 48.4157 7.62227e+06 62717.3 12.9618 64694 53199.1 1.65974e+08 
2491 2531 97181 97246 5.3885e+08 1.68576e+07 460262 10342.7 226004 14450.7 242586 376.57 49594.9 464291 7.14865e+06 262414 13.2589 6.88534e+06 60168.4 0 58437.6 48382.3 1.59081e+08 
7782 7882 99003 99086 5.02766e+08 2.26919e+07 441064 18025.4 210851 8728.51 207311 157.877 39988 449133 9.18273e+06 263609 43.3336 6.48265e+06 56077.8 0 55415.4 46767 1.48548e+08 
3617 3625 93193 93233 4.77302e+08 2.29973e+07 426685 12361.6 199664 7668.44 193648 141.1 38253.1 406477 9.34115e+06 258740 11.7537 6.38731e+06 56358.4 0 52555.4 45277.1 1.41062e+08 
2994 3040 95889 95924 5.11911e+08 2.36419e+07 442777 13399.3 211426 7938.61 212944 146.55 41374 436753 9.40586e+06 275857 37.8143 6.78655e+06 59565.1 0 56783.7 47147.9 1.51258e+08 
998 1045 98519 98589 5.66219e+08 2.60005e+07 495087 15065.4 239991 7496.56 241578 172.387 46576.4 486278 7.82175e+06 298644 51.0724 7.37179e+06 64879.5 0 62390.6 53643.7 1.67136e+08 
3408 3455 90840 90897 4.52875e+08 1.44498e+07 405997 19448 198087 7451.15 191492 321.726 38139.5 379811 5.93036e+06 219697 211.397 6.15815e+06 50504 0 52010.5 41369.9 1.33664e+08 
5346 5380 98354 98424 5.08372e+08 1.64733e+07 446511 14692.3 213460 7206.74 209272 154.781 42727 445024 6.96004e+06 251294 16.8037 9.38774e+06 57811.5 0 57742.7 48684.1 1.50054e+08 
5812 5899 92978 92991 4.44603e+08 1.43542e+07 391794 11720.2 188979 6424.28 190616 131.264 36899.7 375267 5.95789e+06 219842 305.769 7.28998e+06 51394.1 0 53558.5 42510.1 1.31228e+08 
9870 9919 99337 99426 4.7552e+08 1.53378e+07 420695 19623.1 200660 8393.05 199835 267.872 39083 403395 6.24046e+06 229267 213.235 9.40239e+06 55359.5 0 52114.1 44858.3 1.40354e+08 
1262 1290 95059 95074 5.26632e+08 2.43698e+07 457226 15452.4 218002 7309.08 216244 155.474 42152.5 446102 6.78793e+06 249341 53.6942 9.53806e+06 60260.8 5.41203 59278 47628.3 1.55434e+08 
8420 8465 99029 99055 4.88459e+08 1.54987e+07 416128 14113.8 201622 7508.49 205924 144.2 41667.3 428006 6.60054e+06 235250 84.1072 9.32446e+06 55159.8 5.96201 55699.3 44972.7 1.44173e+08 
2322 2357 95059 95101 5.01511e+08 1.62113e+07 455799 14028.5 216610 6941.79 213378 152.701 42295.1 439193 6.83202e+06 248104 43.1829 9.34545e+06 56859.8 15.84 59104.8 47737.5 1.48027e+08 
788 847 91113 91145 4.82906e+08 1.51097e+07 428265 17942.4 207885 7776.3 203648 147.015 39789.5 411238 6.23266e+06 229140 35.6357 6.43786e+06 53801.5 6.32436 55590.3 43550.7 1.42528e+08 
584 610 99275 99338 5.79651e+08 1.8247e+07 497034 14308.4 241086 8648.36 238571 308.868 46965.7 495918 7.63947e+06 281136 49.9122 7.53912e+06 64286.2 12.845 66588.6 52957.8 1.71099e+08 
1157 1238 91525 91609 4.81069e+08 1.51652e+07 428627 14826.5 206530 7345.79 224419 902.061 47793.2 454062 6.42397e+06 233631 23.6779 6.32776e+06 53872.8 11.8365 53392.5 45990.3 1.42038e+08 
4162 4169 93281 93380 4.76174e+08 1.48005e+07 411662 9664.18 199655 15745.7 227089 624.23 52641.1 405600 6.30284e+06 231554 52.7231 6.12696e+06 53540.6 11.7145 53145.2 44863.4 1.40575e+08 
1164 1165 95691 95755 5.35339e+08 1.64925e+07 462750 8859.91 231197 15334.3 242202 638.64 48614 462586 7.08546e+06 254979 6.58514 6.97048e+06 59743 0 58671.9 48794.2 1.58045e+08 
2831 2870 96272 96344 5.19031e+08 1.64494e+07 442263 13576.7 214671 8138.61 221107 148.577 50537.7 478863 9.4166e+06 255321 44.727 6.71148e+06 57946.9 0 58475.8 46905.8 1.53332e+08 
6545 6628 96569 96661 4.83898e+08 2.33554e+07 417007 12473.2 200285 8208.87 205219 143.067 40026.6 418118 9.45122e+06 259818 47.6676 6.35452e+06 57117.2 5.95986 53064.3 44354.7 1.43032e+08 
7414 7416 93701 93718 3.95562e+08 1.93292e+07 397114 9834.34 240450 9629.39 234293 347.105 33178.8 349978 8.89839e+06 216860 24.3802 5.10417e+06 46298.1 0 43674.5 36642.1 1.17047e+08 
4938 4957 94788 94883 4.85296e+08 1.4894e+07 414482 11176.1 222833 15754.7 227808 828.531 39991 412334 6.23325e+06 230737 53.7304 6.37368e+06 52868.8 5.96963 53720.1 43174.7 1.43274e+08 
399 467 90055 90114 4.78222e+08 1.44503e+07 414589 14344 217819 12438.7 221563 708.113 39329.4 411923 6.07643e+06 224589 41.1769 6.27668e+06 51945.8 17.6529 53820.6 45168.6 1.41171e+08 
3760 3775 94116 94191 4.83423e+08 1.51469e+07 430895 54056.4 226495 15704 227932 156.106 39916.1 415198 6.37508e+06 234322 11.893 6.43519e+06 53927.7 0 54664 45662.8 1.42688e+08 
8929 8951 98300 98321 4.77662e+08 1.55522e+07 413505 52263.7 224674 14621.4 220328 295.281 41450.5 413382 6.34688e+06 236560 35.2548 6.5565e+06 53777.4 5.8753 53649.5 43362.1 1.41005e+08 
6753 6774 94347 94347 4.57723e+08 1.45135e+07 540785 71464.2 227824 14893 200633 135.137 37609.2 389875 5.91451e+06 221966 33.7729 6.02583e+06 50439.7 0 50259.5 44111.1 1.35085e+08 
2768 2802 90403 90474 4.58014e+08 1.47381e+07 494843 52136.7 197695 7762.81 191556 143.673 37749.5 388043 6.09699e+06 228857 28.1677 6.1236e+06 51103.3 24.063 54302.9 43941.1 1.35185e+08 
305 404 94481 94523 5.23017e+08 1.68201e+07 462258 17574 223256 7211.17 219469 361.932 45897.1 448977 6.92707e+06 255978 64.3301 9.5749e+06 59377 9.98532 66343.5 49030.6 1.54386e+08 
3448 3489 95779 95875 5.0534e+08 1.60515e+07 526546 54145.6 239549 9940.84 215306 167.835 42139.1 433711 6.61781e+06 244087 55.9354 6.8627e+06 57797.1 0 56395.7 49295.1 1.49149e+08 
6040 6073 91398 91438 4.30151e+08 1.3665e+07 503002 57387.9 210727 14088.7 189473 206.359 36195.5 369460 5.67308e+06 210500 42.3254 5.8174e+06 48485.9 7.36956 46522.1 40076.6 1.2695e+08 
4631 4651 98594 98663 5.31445e+08 1.70287e+07 464106 21030.3 223990 7762.85 222725 166.709 43080.4 451932 7.09326e+06 259566 32.6862 9.95333e+06 58925.2 15.8872 73843.8 49465.8 1.56801e+08 
189 269 97022 97116 5.46546e+08 1.69883e+07 481349 56259.8 250287 12558.4 236784 286.527 45459.1 468725 7.07209e+06 260986 53.7876 7.07907e+06 61386.8 0 61026.9 53071.5 1.61345e+08 
4963 5060 99283 99342 5.16482e+08 1.65053e+07 468636 12600 222074 6981.69 217822 460.849 53263.9 496053 7.03631e+06 256320 69.9355 6.7514e+06 58684.7 0 58666.5 50593.4 1.52571e+08 
6668 6747 90156 90181 3.98423e+08 1.82017e+07 361299 12485 176223 5858.03 177166 117.922 35904 412007 7.89578e+06 232453 29.4772 5.48235e+06 47838.7 0 46049 39609.6 1.17882e+08 
6000 6095 96034 96127 4.81256e+08 1.50798e+07 425423 30311.3 248460 17993.9 243161 150.964 41356.9 421495 6.3585e+06 232950 11.8382 6.27994e+06 54665.8 0 54181.2 47767 1.42052e+08 
1396 1466 98258 98277 5.68602e+08 1.76819e+07 506855 31020.8 270910 15019 239164 167.881 48614.4 485303 7.3819e+06 275491 20.9825 7.3492e+06 64772.5 0 64545.7 60332.7 1.67841e+08 
8870 8966 94010 94042 4.31771e+08 1.37487e+07 383041 12767.3 183944 6420.53 183284 470.967 54893.9 435526 8.24407e+06 216090 21.273 5.60815e+06 48521.4 21.2815 48295.2 41415 1.27623e+08 
9050 9053 97316 97372 4.64072e+08 1.46522e+07 408007 10562.3 216114 20597.9 225978 307.386 40400.5 401215 6.19266e+06 225634 51.3798 6.1729e+06 51221.6 0 51827.6 42867.4 1.37006e+08 
8333 8346 91319 91379 4.07522e+08 1.33436e+07 353415 31852.1 209265 13877.4 199373 127.838 35008.9 357404 5.5011e+06 207470 171.083 5.46832e+06 47439.9 0 45279.9 38784.4 1.20279e+08 
9587 9624 93076 93165 4.14803e+08 1.31502e+07 395250 12532.6 176494 6997.85 176742 126.304 36316.5 361163 5.49672e+06 202491 19.0028 8.44835e+06 47819.4 0 49808 40174.9 1.22419e+08 
1850 1863 90540 90637 4.66394e+08 2.30883e+07 407834 12894 204156 8092.47 202781 241.937 40274.3 406696 9.35669e+06 265215 34.5398 6.04847e+06 55528.6 5.75851 51913.4 44496.7 1.38179e+08 
5626 5647 97471 97475 5.00212e+08 2.30402e+07 450670 20623.4 211197 7156.74 204927 147.84 40725.5 466470 9.3191e+06 272691 92.3893 6.50707e+06 56584.5 18.5393 56639 46433.5 1.47808e+08 
5001 5052 91243 91254 4.34399e+08 2.16087e+07 383042 13239.1 183933 6822.63 184193 194.887 35757 375430 9.44384e+06 240351 53.5424 5.82807e+06 51211.9 0 48570.9 39770.3 1.28535e+08 
9728 9774 92570 92606 4.02048e+08 1.30989e+07 368375 13892.3 170471 5358.91 174657 429.465 53121.9 392831 5.38658e+06 202870 39.6286 5.44697e+06 46271.7 0 47129.9 41149.4 1.18872e+08 
7218 7249 97290 97369 4.85265e+08 1.56274e+07 497132 35337.2 238691 8259.25 201277 147.73 40947.3 419698 6.40827e+06 243290 23.8743 6.28798e+06 55649.9 0 54409.4 52610.8 1.43218e+08 
4609 4651 90598 90667 4.39466e+08 1.4527e+07 471086 30231.2 213023 7790.62 186591 381.095 36543.3 376424 5.96013e+06 220528 182.963 5.86452e+06 50337 0 49609 42752.3 1.29702e+08 
608 624 95699 95741 3.18799e+08 9.78015e+06 328131 14407 421631 17338.5 394481 205.977 27804.3 279532 4.03082e+06 151327 298.867 7.24543e+06 35161.1 4.6435 36335.2 54412 9.41264e+07 
7988 8056 92295 92345 4.20485e+08 1.37065e+07 368497 107211 212223 19343.3 203611 139.664 35070.6 361415 5.64828e+06 208285 41.3744 5.72672e+06 47491.6 6.48423 47707.7 38622.3 1.24081e+08 
5933 6013 95886 95900 4.80945e+08 1.54547e+07 499090 13883 202525 6626.09 200338 142.002 39245 415855 6.39248e+06 238508 35.4947 9.24673e+06 54936.2 38.7663 56928.2 44668.9 1.4196e+08 
4409 4481 97101 97169 5.07999e+08 1.61136e+07 511569 16372.3 211580 7209.62 213245 154.669 44518 441677 6.80371e+06 248202 56.2298 9.11811e+06 58758.4 5.00502 63515.5 48642.3 1.49943e+08 
8141 8145 93847 93884 4.34423e+08 1.38641e+07 459556 23990.7 186480 6295.33 185984 128.261 36761.3 381075 5.94259e+06 211861 211.057 5.74689e+06 48940 30.9561 52417.9 40630.9 1.28224e+08 
3839 3843 95035 95056 5.03358e+08 1.56035e+07 439073 19004.9 211973 7834.78 209791 158.062 40957.9 433408 6.596e+06 242028 285.486 9.04411e+06 56527.7 0 54804.9 46138.2 1.48573e+08 
2946 3021 96776 96850 5.14824e+08 1.63203e+07 464842 17380.4 220176 7392.79 218020 156.744 43159.2 451734 6.92551e+06 252699 203.691 9.40664e+06 57513.1 19.0166 57928.7 48813.9 1.51956e+08 
769 810 94801 94803 5.15557e+08 1.65141e+07 514835 18049.5 226189 8578.09 219178 156.974 42906.2 446750 6.75145e+06 251532 50.7252 6.97537e+06 58159.5 12.0155 60546 48220.1 1.52169e+08 
6939 6995 94416 94491 4.59618e+08 1.46754e+07 435349 166068 231047 18513.6 201752 144.167 38629.2 392809 5.98565e+06 225284 39.5718 6.09733e+06 52053.6 0 52910.9 47457.1 1.3549e+08 
