3 2 0 3 2 3 0 2 2 2 2 0 0 2 0 0
0 1 0 0 0 0 3 2 2 0 2 2 0 2 0 3
2 0 0 1 2 3 3 0 0 1 2 1 1 0 1 2
3 1 3 3 2 3 2 0 2 0 1 0 0 2 0 3
1 2 0 2 3 2 1 0 3 0 2 0 0 1 0 1
0 0 2 3 1 3 3 0 0 3 2 3 0 0 3 0
0 1 1 2 3 3 1 3 1 0 3 1 2 2 1 0
3 2 2 1 1 0 2 1 2 1 0 1 2 2 1 2
2 3 2 0 2 2 3 0 2 1 2 2 1 3 3 2
2 3 2 2 3 0 3 3 3 1 1 0 1 3 1 2
3 1 0 2 3 0 2 0 1 2 3 0 3 3 0 2
0 2 1 0 1 2 0 3 1 1 2 1 0 1 3 2
3 2 3 2 0 0 1 1 3 1 2 1 1 1 3 2
3 0 3 3 3 3 0 1 0 3 0 0 0 2 0 1
2 1 2 1 0 1 3 1 1 3 3 2 2 0 1 3
2 0 3 2 3 3 2 1 1 1 3 2 1 0 0 0
81 53 4 76 52 79 6 52 51 56 53 3 4 52 9 9
3 27 3 4 9 7 79 56 57 4 53 52 3 57 4 79
51 4 8 28 56 77 81 7 4 30 53 27 31 7 32 56
81 33 77 76 53 76 52 7 53 4 33 5 8 55 6 76
28 54 3 57 75 57 29 3 79 4 53 5 9 30 8 31
9 7 52 78 28 81 75 3 5 78 52 76 7 6 77 9
8 32 29 52 78 80 28 76 27 7 81 32 53 57 32 3
75 52 55 31 27 9 56 29 56 28 7 30 55 52 29 57
56 79 55 8 51 53 78 9 52 28 55 57 31 79 77 51
56 77 57 51 79 9 81 78 76 27 32 6 28 79 29 55
77 29 8 53 78 3 51 5 31 57 78 5 78 81 4 55
8 51 28 8 29 51 3 79 29 31 55 30 9 33 81 56
76 56 76 54 3 7 30 33 80 29 55 30 30 31 79 55
81 9 75 76 78 78 4 30 8 76 4 7 9 52 6 32
56 32 54 28 4 32 81 33 27 76 77 53 51 3 33 81
55 5 81 52 76 78 57 33 29 29 75 57 32 7 9 8
