0 0 0 0 0 0 0 0 0 0 0 0 0 0 0 0
0 0 0 0 0 0 0 0 0 0 0 0 0 0 0 0
0 0 0 0 0 0 0 0 0 0 0 0 0 0 0 0
0 0 0 0 0 0 0 0 0 0 0 0 0 0 0 0
1 1 1 1 1 1 1 1 1 1 1 1 1 1 1 1
1 1 1 1 1 1 1 1 1 1 1 1 1 1 1 1
1 1 1 1 1 1 1 1 1 1 1 1 1 1 1 1
1 1 1 1 1 1 1 1 1 1 1 1 1 1 1 1
2 2 2 2 2 2 2 2 2 2 2 2 2 2 2 2
2 2 2 2 2 2 2 2 2 2 2 2 2 2 2 2
2 2 2 2 2 2 2 2 2 2 2 2 2 2 2 2
2 2 2 2 2 2 2 2 2 2 2 2 2 2 2 2
3 3 3 3 3 3 3 3 3 3 3 3 3 3 3 3
3 3 3 3 3 3 3 3 3 3 3 3 3 3 3 3
3 3 3 3 3 3 3 3 3 3 3 3 3 3 3 3
3 3 3 3 3 3 3 3 3 3 3 3 3 3 3 3
3 4 5 6 7 8 9 3 4 5 6 7 8 9 3 4
5 6 7 8 9 3 4 5 6 7 8 9 3 4 5 6
7 8 9 3 4 5 6 7 8 9 3 4 5 6 7 8
9 3 4 5 6 7 8 9 3 4 5 6 7 8 9 3
27 28 29 30 31 32 33 27 28 29 30 31 32 33 27 28
29 30 31 32 33 27 28 29 30 31 32 33 27 28 29 30
31 32 33 27 28 29 30 31 32 33 27 28 29 30 31 32
33 27 28 29 30 31 32 33 27 28 29 30 31 32 33 27
51 52 53 54 55 56 57 51 52 53 54 55 56 57 51 52
53 54 55 56 57 51 52 53 54 55 56 57 51 52 53 54
55 56 57 51 52 53 54 55 56 57 51 52 53 54 55 56
57 51 52 53 54 55 56 57 51 52 53 54 55 56 57 51
75 76 77 78 79 80 81 75 76 77 78 79 80 81 75 76
77 78 79 80 81 75 76 77 78 79 80 81 75 76 77 78
79 80 81 75 76 77 78 79 80 81 75 76 77 78 79 80
81 75 76 77 78 79 80 81 75 76 77 78 79 80 81 75
