2 0 2 3 1 3 0 0 2 2 0 3 1 3 3 3
3 0 1 2 1 0 0 1 0 3 3 3 1 2 2 2
1 1 3 0 3 0 2 3 2 2 0 1 3 0 1 0
3 1 1 1 2 3 3 3 1 1 0 3 2 0 2 0
0 2 1 0 3 2 1 2 3 0 0 2 2 2 0 0
2 1 1 1 0 2 2 3 2 2 1 1 2 2 3 1
0 1 2 2 3 0 3 2 1 0 2 2 0 2 3 2
1 2 2 2 0 0 2 0 1 2 2 3 3 0 3 2
3 2 2 3 0 2 2 2 3 3 2 2 3 1 2 3
2 2 2 2 0 3 2 3 3 1 2 0 0 1 3 3
0 3 1 3 0 1 3 3 3 1 1 3 2 2 0 0
2 3 1 2 3 2 3 0 3 2 3 3 0 2 1 2
2 3 0 1 1 1 2 1 1 3 2 2 0 2 1 2
1 1 0 3 0 1 0 0 3 2 2 1 0 2 0 0
1 1 0 1 0 1 1 3 2 2 1 2 3 1 1 0
2 3 0 0 3 1 3 3 1 0 3 1 0 3 0 0
51 9 56 79 30 75 3 6 52 52 7 79 29 76 78 79
79 4 32 54 33 9 8 29 7 81 81 79 32 54 54 53
30 31 76 9 77 6 54 75 53 51 8 27 81 7 28 8
78 30 31 27 57 78 79 75 32 27 5 77 57 7 57 5
8 52 29 3 79 52 30 52 76 7 4 53 56 55 3 3
54 27 33 33 6 51 55 79 56 51 29 27 54 54 80 33
4 27 55 54 81 3 76 57 33 7 52 54 7 56 75 54
30 55 52 52 7 9 57 6 32 51 57 81 81 9 76 54
78 53 57 80 9 56 53 53 75 81 57 52 77 33 53 81
51 53 57 57 5 78 56 81 81 28 52 9 8 29 77 81
9 75 27 79 7 28 80 75 81 32 28 77 57 57 7 9
51 78 33 54 81 55 78 6 81 56 75 76 3 57 29 54
56 78 9 32 30 27 54 31 33 80 56 57 7 52 28 56
33 27 6 75 4 33 7 5 75 56 57 29 5 54 8 7
30 33 3 33 9 29 32 75 53 54 33 53 79 33 29 3
57 77 5 9 77 30 80 81 29 6 77 30 9 79 8 7
