0 0 0 0 0 0 0 0 0 0 0 0 0 0 0 0
1 1 1 1 1 1 1 1 1 1 1 1 1 1 1 1
2 2 2 2 2 2 2 2 2 2 2 2 2 2 2 2
3 3 3 3 3 3 3 3 3 3 3 3 3 3 3 3
0 0 0 0 0 0 0 0 0 0 0 0 0 0 0 0
1 1 1 1 1 1 1 1 1 1 1 1 1 1 1 1
2 2 2 2 2 2 2 2 2 2 2 2 2 2 2 2
3 3 3 3 3 3 3 3 3 3 3 3 3 3 3 3
0 0 0 0 0 0 0 0 0 0 0 0 0 0 0 0
1 1 1 1 1 1 1 1 1 1 1 1 1 1 1 1
2 2 2 2 2 2 2 2 2 2 2 2 2 2 2 2
3 3 3 3 3 3 3 3 3 3 3 3 3 3 3 3
0 0 0 0 0 0 0 0 0 0 0 0 0 0 0 0
1 1 1 1 1 1 1 1 1 1 1 1 1 1 1 1
2 2 2 2 2 2 2 2 2 2 2 2 2 2 2 2
3 3 3 3 3 3 3 3 3 3 3 3 3 3 3 3
3 4 5 6 7 8 9 3 4 5 6 7 8 9 3 4
27 28 29 30 31 32 33 27 28 29 30 31 32 33 27 28
51 52 53 54 55 56 57 51 52 53 54 55 56 57 51 52
75 76 77 78 79 80 81 75 76 77 78 79 80 81 75 76
5 6 7 8 9 3 4 5 6 7 8 9 3 4 5 6
29 30 31 32 33 27 28 29 30 31 32 33 27 28 29 30
53 54 55 56 57 51 52 53 54 55 56 57 51 52 53 54
77 78 79 80 81 75 76 77 78 79 80 81 75 76 77 78
7 8 9 3 4 5 6 7 8 9 3 4 5 6 7 8
31 32 33 27 28 29 30 31 32 33 27 28 29 30 31 32
55 56 57 51 52 53 54 55 56 57 51 52 53 54 55 56
79 80 81 75 76 77 78 79 80 81 75 76 77 78 79 80
9 3 4 5 6 7 8 9 3 4 5 6 7 8 9 3
33 27 28 29 30 31 32 33 27 28 29 30 31 32 33 27
57 51 52 53 54 55 56 57 51 52 53 54 55 56 57 51
81 75 76 77 78 79 80 81 75 76 77 78 79 80 81 75
