1 0 1 1 0 3 3 2 0 1 3 1 1 3 3 0
1 2 3 1 1 3 2 2 1 0 3 0 2 2 3 2
3 1 0 0 1 1 2 3 2 3 1 1 0 1 2 3
2 0 0 2 1 1 2 1 3 2 0 0 1 1 2 3
2 3 2 1 1 2 0 2 0 3 1 2 1 1 1 3
3 2 2 3 2 3 3 3 3 1 1 2 3 3 0 3
2 2 2 3 2 0 1 0 3 2 1 2 1 3 1 0
3 2 3 2 3 2 1 3 1 0 1 2 0 3 3 1
1 1 2 3 1 2 0 1 1 1 3 2 2 2 3 3
1 1 1 1 0 1 1 2 1 2 0 0 1 2 0 2
0 0 1 2 1 0 1 2 2 0 2 2 3 1 2 3
1 1 0 1 0 1 3 2 3 0 2 0 3 0 0 0
0 3 1 3 0 2 2 1 2 0 0 1 0 2 1 2
1 2 0 2 0 0 1 1 3 1 0 0 2 0 3 3
1 3 3 2 3 2 2 0 2 0 1 2 2 2 0 1
2 1 2 2 0 2 3 0 2 0 1 1 3 0 0 0
31 6 32 32 8 81 75 56 9 33 80 30 31 80 77 3
29 55 81 29 33 79 53 52 32 4 80 4 55 51 76 53
75 32 8 6 29 28 51 79 55 78 28 31 4 33 51 77
55 5 3 56 32 31 57 30 80 57 3 5 27 28 51 75
54 77 57 33 30 52 8 55 8 79 29 57 29 32 33 77
77 53 53 76 57 79 81 81 79 28 28 57 76 75 6 78
57 54 54 79 51 3 31 9 78 56 33 54 32 75 33 3
75 56 77 53 76 51 27 78 28 9 28 55 8 76 77 27
32 29 55 75 31 57 5 29 29 32 81 52 54 51 75 75
29 30 28 33 6 29 32 55 32 53 6 9 33 53 6 52
3 6 28 54 31 5 30 55 52 6 51 54 78 30 54 81
29 29 8 27 3 28 75 52 81 8 51 5 76 3 5 8
6 75 33 79 7 51 57 29 57 4 3 30 6 52 30 55
31 56 5 52 3 7 29 27 81 32 8 6 53 6 75 80
28 80 78 51 80 57 55 8 53 6 32 56 51 53 3 28
56 28 55 54 5 55 75 4 52 5 29 27 76 5 6 5
