2 2 0 2 2 1 2 2 0 2 3 2 1 1 1 2
1 2 1 1 1 2 1 1 2 1 0 1 0 3 1 0
2 3 3 3 3 3 3 0 0 1 1 2 2 0 2 0
0 3 1 2 0 1 3 2 2 0 1 1 0 3 3 1
2 0 0 3 0 2 0 0 2 1 1 0 1 1 1 1
2 0 3 0 1 2 3 0 1 0 2 0 3 0 2 3
3 1 2 0 1 0 2 3 0 3 1 3 2 2 2 3
1 0 2 0 1 2 2 2 3 1 2 0 1 2 3 1
3 1 2 1 2 0 0 1 3 2 1 1 3 1 0 3
0 0 1 0 3 3 2 3 0 0 3 1 2 3 3 2
3 0 1 2 1 1 0 0 3 0 2 2 0 3 3 2
2 3 3 1 3 1 1 1 3 0 3 2 2 1 3 3
1 0 1 0 3 1 2 3 0 0 3 2 3 0 2 2
1 0 2 2 0 2 1 2 1 3 3 0 0 0 2 3
1 3 1 3 2 2 1 2 0 1 1 3 3 3 2 0
3 2 2 1 0 1 1 2 0 0 0 0 0 0 1 3
53 52 3 52 51 29 57 52 8 56 75 54 30 28 32 53
27 55 32 33 29 55 28 33 56 27 7 33 3 76 27 4
54 81 75 76 76 78 76 7 4 31 27 54 51 7 53 4
8 75 27 55 5 31 77 51 55 9 31 29 3 81 79 32
55 3 6 81 4 52 3 3 54 32 30 3 28 33 29 30
54 7 80 5 27 56 79 9 33 9 52 6 79 8 51 81
81 32 53 3 28 9 57 77 5 80 27 78 51 56 55 75
30 4 54 7 33 57 56 52 75 33 57 4 31 51 76 32
77 31 54 32 53 9 8 28 78 52 31 30 81 30 5 77
4 8 33 6 77 77 53 78 7 4 81 32 52 75 75 56
75 7 33 52 29 30 5 7 78 9 53 55 7 76 76 57
57 75 76 29 81 28 33 29 76 5 81 56 55 29 81 80
28 4 28 5 76 29 57 81 3 5 77 55 81 6 53 57
29 5 53 52 7 53 28 56 33 79 77 4 7 7 57 79
30 77 29 77 56 56 32 54 5 30 32 77 79 76 57 5
81 55 57 32 5 33 33 54 4 4 9 7 3 6 28 75
