3 3 2 2 0 3 2 3 1 3 2 3 0 3 1 2
1 1 1 0 2 2 1 1 3 2 2 2 1 0 2 2
3 2 1 3 3 3 0 3 0 2 1 0 3 2 3 2
2 3 3 0 3 0 3 3 3 3 2 2 2 0 3 1
1 2 1 2 0 0 2 0 2 3 2 1 2 0 3 1
3 2 2 0 1 3 3 0 2 2 0 3 1 1 0 0
1 2 2 2 1 0 0 0 2 0 0 2 3 0 1 0
1 3 1 1 3 0 1 1 2 0 0 3 0 1 1 0
2 3 3 2 2 2 1 1 0 1 2 3 1 3 3 0
0 2 2 2 2 1 2 1 3 3 3 2 0 1 2 1
1 2 3 0 2 0 3 2 0 1 0 3 2 1 3 2
1 2 1 3 0 1 2 2 1 2 3 0 1 3 0 1
0 0 3 2 0 2 0 0 1 3 3 3 1 2 0 2
0 1 3 0 0 3 0 2 0 1 2 3 3 2 2 1
1 1 2 3 1 0 0 1 0 2 0 3 0 0 0 0
2 2 3 1 2 1 0 0 2 2 0 1 1 0 1 0
79 75 51 51 4 75 55 78 32 78 53 80 5 79 29 57
29 28 33 6 55 51 30 32 81 52 55 56 27 7 55 54
80 57 28 77 80 78 7 75 4 57 33 3 77 56 81 55
55 81 79 5 76 4 80 76 78 77 51 52 57 6 77 31
33 54 33 57 7 8 53 5 55 81 52 27 56 8 77 33
77 57 56 4 33 75 78 3 56 54 5 75 32 31 4 7
27 53 56 56 33 9 9 5 54 6 7 57 76 9 29 6
31 75 31 31 77 5 31 28 52 9 5 77 7 30 30 9
51 77 80 55 57 53 27 33 7 31 57 80 32 80 77 7
7 55 54 56 53 32 55 28 75 77 81 51 3 27 57 29
33 51 77 7 53 7 81 53 9 33 7 75 55 28 81 56
27 51 28 78 3 32 53 57 29 56 80 7 28 75 3 29
3 3 79 51 4 52 5 8 32 81 78 79 28 54 3 57
4 33 81 6 3 75 7 52 5 31 56 81 76 52 51 30
28 29 56 81 28 4 3 30 6 54 8 76 3 4 8 9
56 52 81 30 55 29 6 3 54 56 6 27 32 3 27 5
