2 3 3 2 2 2 3 0 3 3 3 3 1 3 0 1
0 0 0 1 0 2 2 2 3 3 0 2 3 2 1 2
1 0 3 0 0 0 1 3 1 1 3 2 3 1 0 3
0 3 2 1 0 0 3 3 0 2 0 0 0 2 0 1
3 0 2 1 2 2 0 1 1 1 2 1 3 1 2 2
0 2 3 1 2 3 1 3 1 1 1 3 2 2 3 3
3 0 2 1 2 2 0 0 0 3 1 1 0 2 2 1
0 3 0 0 1 2 3 0 1 1 2 0 1 0 0 2
2 1 0 2 1 2 0 2 2 0 1 0 1 3 3 1
0 3 3 2 3 2 3 1 0 3 0 1 0 2 2 3
3 3 3 1 1 3 0 3 0 0 0 3 3 0 2 1
0 1 1 0 0 3 1 0 2 2 2 1 2 0 1 0
3 0 1 1 0 3 1 2 0 3 3 3 0 2 2 3
1 0 0 1 1 2 1 3 0 2 1 1 3 2 3 0
0 3 0 1 2 1 1 2 0 0 3 3 3 0 1 3
3 3 2 2 2 3 3 0 0 3 2 1 1 2 2 0
56 81 81 54 56 57 78 9 81 76 77 80 31 76 4 28
9 7 6 33 4 53 51 54 77 76 9 55 81 55 32 53
30 4 80 5 6 7 33 76 33 28 76 53 80 32 8 75
5 80 53 29 7 8 78 76 9 55 6 3 5 56 6 27
79 4 52 29 51 53 5 32 33 31 57 33 75 27 56 55
8 57 77 29 56 79 30 79 33 32 29 81 53 54 78 77
76 5 51 32 56 54 9 9 8 76 33 30 7 53 52 27
3 77 6 5 32 54 78 3 27 30 56 8 33 6 3 57
57 28 6 53 32 52 4 55 52 6 33 6 31 77 78 32
7 77 76 57 76 57 80 28 3 80 8 30 6 56 56 77
81 77 81 32 28 75 8 79 9 9 9 79 80 5 57 27
9 27 29 7 8 77 30 4 51 54 54 30 57 6 33 5
76 3 30 29 7 78 29 55 7 75 79 75 4 57 52 79
30 3 9 31 28 51 32 75 5 51 28 31 75 51 78 6
9 80 8 30 53 33 29 55 5 9 77 78 80 3 32 79
78 80 51 57 53 81 81 9 5 76 56 33 33 51 56 8
