2 2 0 0 0 0 0 1 1 2 0 2 2 3 2 1
1 2 3 2 3 0 2 2 0 0 3 1 3 1 1 1
3 3 3 3 1 0 1 3 1 1 1 3 3 2 0 0
3 3 2 0 1 0 1 0 0 1 0 1 1 0 1 2
2 1 3 0 1 0 3 3 1 2 1 3 3 3 2 1
0 2 1 3 1 0 0 3 3 0 1 2 1 3 2 2
3 1 2 0 0 2 1 0 1 0 2 0 0 0 1 2
0 3 1 1 2 0 1 2 1 2 2 0 2 0 3 1
2 1 1 0 1 1 3 3 2 1 2 3 2 3 2 0
3 1 2 0 0 3 0 2 3 3 3 2 3 3 0 1
0 1 0 1 2 0 2 0 3 3 3 3 2 2 1 0
3 3 3 3 2 0 1 1 1 2 1 3 2 3 1 3
3 2 0 2 3 1 0 1 2 0 2 0 1 3 1 0
1 2 1 1 0 2 0 2 2 2 0 0 1 3 0 3
3 3 1 1 2 3 2 1 1 3 0 0 2 1 3 0
2 1 3 3 1 0 1 3 0 0 0 1 3 3 3 1
55 57 3 9 9 3 5 30 30 57 7 53 54 81 55 28
32 54 75 53 79 4 52 55 6 3 75 27 78 33 28 30
81 75 79 79 33 5 30 81 31 33 31 78 80 56 7 8
78 79 51 9 33 4 28 5 3 27 8 32 31 6 33 56
52 29 75 7 29 8 75 79 31 55 32 80 81 76 54 28
3 53 33 78 30 5 9 75 75 3 30 52 31 77 52 55
78 32 54 3 6 57 30 8 31 9 57 9 7 8 29 56
4 79 28 33 56 9 32 54 33 52 51 5 54 6 79 28
53 33 28 9 31 33 81 77 52 27 53 80 53 77 55 3
80 31 53 3 8 78 3 54 75 77 79 56 81 75 4 33
5 33 4 32 57 3 54 6 79 75 80 78 52 51 29 4
76 80 81 81 54 4 28 32 27 57 28 77 53 77 33 78
75 56 7 56 77 33 9 27 54 4 53 4 28 81 29 5
27 54 30 29 9 55 7 57 52 54 8 3 31 81 3 75
76 78 32 33 56 79 53 32 29 75 3 8 57 32 80 9
53 32 81 79 31 4 28 75 7 3 3 28 77 80 78 29
