2 0 0 2 1 2 0 0 1 2 1 0 2 1 3 1
3 1 3 2 2 3 1 1 2 2 2 1 0 3 0 2
3 3 3 2 3 0 3 3 1 3 1 2 3 1 3 0
1 3 0 3 0 0 2 0 2 1 2 0 2 2 0 0
3 1 3 3 1 3 0 0 2 2 3 1 0 2 3 1
2 0 3 2 1 0 2 3 0 1 3 3 1 0 1 3
3 2 3 2 0 1 3 2 3 2 0 0 2 0 1 1
2 2 1 2 2 0 0 2 2 0 2 3 1 3 0 0
3 0 3 0 2 0 0 1 2 0 0 3 1 0 3 2
2 0 3 0 2 3 3 1 1 2 3 0 0 3 2 1
2 3 0 2 2 1 0 2 0 1 2 1 0 0 0 2
2 0 2 1 2 0 2 0 2 0 0 0 2 2 3 2
3 0 1 0 2 2 0 3 2 3 1 0 2 0 1 0
3 3 0 3 0 2 2 1 3 0 0 3 3 0 0 2
2 2 0 3 2 3 3 0 2 3 1 2 1 1 2 2
1 2 1 3 2 2 1 3 3 0 2 1 2 2 0 1
57 4 4 51 31 56 5 3 32 54 33 3 54 33 78 30
77 32 77 52 51 79 28 28 55 51 54 32 7 79 4 55
78 77 75 53 81 8 76 81 29 75 27 53 76 27 79 4
29 81 6 77 3 9 57 4 53 29 53 3 57 54 8 5
78 30 77 80 30 79 7 8 52 51 79 32 3 52 75 32
51 6 78 57 29 4 57 79 4 30 78 79 29 9 29 77
81 56 77 57 3 28 78 52 77 53 3 7 57 8 29 32
51 53 31 51 56 8 9 56 53 3 54 77 32 79 7 5
77 6 76 3 57 9 5 31 53 7 5 79 27 8 77 56
52 9 75 9 54 78 78 31 29 52 75 5 7 76 57 33
57 78 5 52 53 27 7 51 3 27 53 27 9 6 5 54
55 4 52 30 57 9 55 7 52 4 6 3 54 57 80 52
75 4 28 6 57 52 4 75 54 81 33 3 51 5 27 4
75 80 4 77 9 54 55 32 80 3 3 80 78 4 7 52
51 57 6 77 56 79 81 6 57 75 29 53 29 32 53 55
29 51 27 81 51 54 31 81 78 6 51 28 53 54 5 31
