1 1 1 2 2 2 3 1 3 2 1 3 0 1 2 3
0 1 0 2 1 0 2 3 2 1 2 2 2 3 0 2
1 3 3 3 3 3 1 2 0 0 3 2 2 0 0 0
2 0 2 1 0 3 2 2 2 2 0 2 2 1 0 2
3 3 1 2 2 3 1 1 0 3 0 1 0 0 1 2
3 2 0 2 0 1 2 0 1 2 1 0 1 2 0 1
2 0 3 1 1 3 1 3 1 1 3 2 3 1 1 3
0 3 2 0 3 1 0 1 1 2 1 3 2 1 1 3
0 3 3 3 2 2 0 0 2 1 2 2 0 3 3 3
2 0 3 3 1 3 2 1 3 1 1 2 2 1 0 0
1 1 0 0 3 3 2 3 2 1 3 3 2 1 1 1
1 1 1 2 0 0 2 3 2 2 2 1 2 0 2 0
2 3 2 1 1 1 0 2 0 0 1 1 3 1 2 3
3 3 0 1 2 2 0 1 0 0 1 1 0 1 0 2
1 1 0 2 0 0 2 3 0 0 0 1 1 3 0 0
0 0 1 1 0 1 1 1 2 2 3 1 2 3 2 2
30 31 27 52 53 56 80 31 80 57 33 79 8 31 57 76
9 30 8 52 29 8 56 75 55 30 54 55 52 75 5 56
30 78 81 76 79 77 28 51 5 9 79 51 56 8 4 5
52 8 52 33 4 80 56 55 57 54 7 51 56 27 5 55
80 81 28 56 56 79 27 30 5 81 8 28 5 3 32 54
76 51 7 56 6 31 57 8 27 57 30 3 29 51 6 28
55 7 76 29 27 78 29 78 29 31 77 53 81 27 30 79
6 79 51 9 80 30 8 31 31 51 28 78 52 32 27 76
5 80 75 75 56 51 7 7 55 27 52 57 7 80 75 75
55 9 79 79 30 77 51 28 78 32 33 52 57 33 6 7
29 31 8 8 79 76 53 77 54 28 78 75 57 31 29 33
27 30 31 54 4 3 51 80 54 52 57 28 55 9 55 9
53 81 54 29 28 33 4 54 4 5 30 33 75 29 55 81
75 77 4 28 55 55 7 30 8 7 27 33 3 32 5 55
29 29 4 53 3 3 56 75 7 4 6 31 29 77 8 6
4 4 27 29 6 28 32 27 55 54 77 27 56 76 55 51
