2 1 1 0 2 1 0 0 0 2 2 3 3 3 1 3
0 0 0 1 1 3 2 1 3 1 3 1 3 3 2 2
2 0 1 0 3 1 3 2 3 3 2 0 1 1 1 3
2 3 2 3 0 3 3 1 3 3 1 0 3 2 2 2
1 1 0 2 3 2 2 0 0 3 0 2 2 1 3 0
0 0 2 1 2 0 2 0 3 3 3 1 1 3 1 2
1 0 3 1 1 2 1 2 0 3 1 0 3 3 2 0
1 0 1 0 0 0 0 1 3 2 1 1 2 0 3 2
1 3 1 3 2 1 1 1 0 2 2 2 2 0 3 2
0 1 0 1 2 2 3 3 0 0 1 2 1 0 1 3
2 1 2 2 2 2 0 3 0 0 3 0 2 3 2 0
1 3 3 3 2 2 0 1 2 3 3 2 1 0 0 0
1 3 0 1 2 0 0 2 3 0 2 3 0 2 0 0
3 1 0 0 1 2 1 0 1 1 3 3 3 2 2 0
0 3 3 0 1 1 0 3 3 1 1 0 0 3 3 2
3 3 1 1 1 1 1 0 3 3 0 3 0 3 2 1
53 31 30 4 56 28 6 8 6 51 55 77 78 81 33 76
9 8 8 33 30 81 56 28 81 32 80 32 75 78 51 57
52 5 30 9 78 30 76 55 79 75 51 8 28 33 30 81
55 80 55 80 5 80 75 30 80 76 28 9 81 52 55 57
33 28 6 56 81 54 55 4 7 75 7 51 56 30 78 4
3 3 51 30 55 8 55 6 79 75 80 32 33 76 28 51
30 3 80 31 33 56 30 53 9 75 30 7 80 77 55 5
32 8 31 5 4 3 6 32 76 54 27 29 57 6 77 53
27 80 31 75 54 27 31 28 7 55 57 52 53 8 76 54
4 33 3 29 53 52 79 80 8 7 32 51 27 8 33 80
56 27 56 51 55 51 8 80 9 4 81 9 52 78 53 5
33 77 77 77 56 56 3 32 55 81 78 55 30 5 8 9
28 77 4 27 55 5 4 52 76 5 56 75 8 54 4 8
81 29 5 6 27 55 31 8 29 29 78 75 75 53 56 6
4 80 78 9 27 29 8 78 81 33 33 7 5 78 79 55
75 77 28 31 32 33 29 7 76 81 7 81 9 78 54 33
