0 0 3 0 0 0 0 0 1 2 3 2 1 0 2 0
3 0 3 1 3 0 2 2 3 3 2 2 3 2 3 0
3 3 2 1 3 2 0 0 3 0 0 3 3 3 0 2
1 2 1 2 2 0 1 0 2 0 1 3 3 0 3 1
3 2 1 0 3 1 1 0 2 0 3 2 0 0 1 2
3 3 3 0 1 0 0 2 3 2 1 0 1 2 2 3
1 3 3 2 2 3 3 3 0 1 1 2 3 1 1 2
2 1 0 2 3 3 0 0 1 2 0 3 2 2 1 2
0 2 3 1 3 2 0 0 1 1 2 0 3 3 0 3
3 3 2 2 0 2 3 0 3 0 3 2 2 0 1 3
1 3 1 2 0 3 3 0 1 2 2 2 1 2 3 1
3 3 1 3 0 2 1 3 3 3 0 1 3 1 2 2
2 0 1 0 2 1 0 2 2 1 0 3 0 2 2 0
0 0 3 3 3 2 2 0 1 3 2 1 2 3 0 0
3 3 2 2 3 3 2 2 2 1 1 0 3 3 0 1
3 1 2 1 2 2 2 2 1 1 1 2 2 0 3 3
7 6 81 7 5 6 8 6 33 57 77 52 29 9 56 9
76 8 80 33 75 5 57 52 76 80 56 54 77 51 78 8
78 79 52 33 75 56 9 6 79 7 5 75 77 77 8 57
30 56 33 51 57 7 29 8 53 8 30 77 80 6 75 32
75 51 27 8 78 33 27 3 56 4 77 53 7 9 31 52
79 78 77 5 30 7 5 57 78 53 29 4 33 52 51 79
27 77 76 54 56 80 75 80 5 30 32 56 78 29 33 53
53 27 9 55 81 77 5 6 27 56 9 75 51 54 31 57
8 51 78 29 78 56 3 5 27 27 55 4 78 79 7 81
78 81 53 53 8 51 81 8 75 6 81 56 56 8 30 79
32 76 30 55 3 77 81 3 31 55 52 53 30 54 78 27
81 80 32 79 4 56 28 77 76 81 3 28 79 31 57 56
56 7 29 7 57 30 3 56 51 32 3 75 3 57 54 9
3 6 78 78 80 53 55 8 31 77 53 31 51 78 9 4
76 79 54 53 78 75 56 53 57 31 30 9 80 80 5 32
75 30 55 31 57 56 57 55 27 28 28 53 54 9 78 76
