2 2 3 2 1 3 1 1 2 2 0 3 0 2 1 3
1 0 2 3 2 0 1 3 3 0 2 3 1 0 0 0
2 2 0 0 2 0 0 0 2 0 3 2 0 0 0 0
0 2 0 3 1 3 0 1 3 0 0 2 3 1 1 2
0 2 2 2 1 0 1 1 3 2 0 1 1 1 3 2
3 2 3 3 1 3 1 0 1 0 3 0 2 3 0 3
3 1 1 3 0 0 1 0 3 0 2 2 3 0 2 3
3 3 0 1 0 2 2 2 2 0 0 2 3 2 2 1
2 1 3 2 3 0 3 3 3 2 0 0 2 3 1 1
3 2 2 2 1 0 1 1 3 0 3 2 1 1 1 0
3 0 2 1 2 2 1 1 3 3 1 3 2 2 2 1
3 1 1 1 3 3 1 0 1 3 1 0 2 1 2 3
0 0 2 1 3 0 0 1 1 1 0 1 0 1 1 1
2 1 1 3 0 2 1 2 2 2 0 0 1 3 0 3
2 3 0 1 1 2 1 3 2 0 1 0 1 1 2 1
1 1 0 2 0 1 0 3 3 3 0 2 2 0 2 2
56 53 79 53 31 81 30 27 56 53 9 81 9 53 27 77
28 3 55 75 55 8 27 78 77 7 53 75 32 8 3 9
57 52 3 8 53 3 4 4 51 9 75 54 4 4 9 5
7 52 8 77 30 81 9 30 78 3 5 56 80 32 27 51
6 57 55 56 29 7 31 29 77 54 9 29 27 28 76 56
78 52 75 77 28 79 33 7 33 9 80 8 51 76 5 80
77 28 32 75 3 8 28 6 76 5 56 52 81 5 55 76
75 78 5 31 5 54 55 51 53 7 3 52 78 52 51 29
57 30 79 53 78 9 77 81 77 56 9 6 56 80 32 33
75 54 53 57 28 7 28 31 76 7 81 56 30 31 33 7
76 7 54 27 57 54 33 31 77 76 28 80 52 54 51 32
79 31 31 27 76 81 30 6 28 75 27 9 56 31 55 78
8 7 55 29 78 8 7 33 33 33 4 31 9 33 31 31
53 27 28 81 6 53 32 53 51 55 7 5 28 79 3 75
53 78 8 31 29 57 29 80 51 8 33 8 27 32 52 30
33 33 8 57 7 29 4 80 76 78 5 51 57 6 54 57
