0 2 1 3 1 1 0 2 1 2 0 2 2 3 2 0
3 2 2 0 1 3 2 2 3 3 3 0 3 0 0 0
3 1 1 2 0 2 2 0 0 0 0 2 3 2 0 1
1 2 2 0 2 0 1 3 2 0 1 0 1 2 2 0
3 3 3 2 1 0 2 3 3 2 0 3 2 2 1 3
2 3 2 0 1 1 2 1 0 0 0 0 2 2 0 1
0 0 3 1 0 3 1 1 0 1 3 2 0 3 1 0
0 0 1 1 1 1 3 3 3 1 2 3 2 1 0 2
3 0 1 2 2 1 2 2 3 2 2 3 2 1 2 3
0 0 1 3 1 3 3 1 3 1 3 2 1 3 2 1
2 3 0 2 3 0 1 2 3 1 0 3 2 3 2 1
3 0 1 2 1 2 1 2 1 2 0 0 2 2 1 2
0 2 1 3 0 1 2 0 2 0 3 1 0 2 2 2
1 1 3 2 3 1 3 0 3 3 2 3 0 1 0 2
3 1 1 0 3 3 0 1 0 2 3 2 3 2 0 0
2 0 3 0 0 2 1 3 2 0 1 3 1 3 2 1
9 57 33 81 28 33 8 53 33 54 7 57 56 79 54 3
79 56 51 3 30 75 52 53 76 80 78 7 79 4 6 7
77 29 31 55 8 55 56 6 8 9 5 54 77 55 5 33
30 54 52 9 57 8 33 75 57 6 27 4 27 53 54 3
77 78 77 56 28 7 51 78 81 52 3 76 56 54 29 77
51 81 54 7 27 29 53 31 5 3 9 8 57 57 8 31
8 9 79 31 5 76 27 28 3 33 79 51 6 75 27 5
3 7 28 28 29 28 80 79 78 28 55 75 56 28 3 57
77 7 30 52 51 29 53 55 79 52 55 80 56 33 57 79
5 9 32 76 29 80 79 30 81 32 76 55 28 77 56 29
51 77 4 55 81 9 27 53 79 30 9 79 51 80 54 33
75 4 28 56 30 54 29 51 33 57 7 3 52 55 30 54
7 57 30 81 9 28 55 7 52 3 77 29 4 52 55 55
29 31 80 54 77 32 77 6 79 81 52 80 4 29 9 57
75 29 28 3 80 77 5 33 9 56 75 55 78 51 8 7
57 9 79 6 8 54 32 75 56 7 30 80 31 80 52 31
