1 2 0 2 1 2 2 0 1 1 0 3 2 2 2 2
0 3 1 0 3 1 2 0 0 2 1 0 2 3 3 0
1 2 2 2 0 0 0 0 2 0 1 2 1 1 0 3
3 0 3 0 3 3 0 2 2 3 0 3 2 0 3 1
1 0 1 1 3 2 3 1 3 1 3 1 3 3 3 0
2 1 3 0 0 0 2 3 3 0 2 0 3 3 1 2
3 1 3 0 3 0 1 3 0 0 3 1 1 2 2 3
2 0 1 0 2 3 1 1 3 1 0 3 1 2 0 2
0 1 1 1 2 1 1 2 3 1 3 1 0 1 0 0
2 2 3 3 0 0 2 0 3 3 3 0 0 3 1 2
2 1 1 0 1 0 0 2 2 0 1 2 1 2 0 1
2 0 3 1 3 0 2 0 0 2 2 0 0 1 0 1
1 3 0 1 3 0 0 1 0 2 1 0 1 2 2 0
2 1 3 2 0 3 2 2 1 3 1 2 1 1 3 0
3 0 3 2 3 2 2 0 1 0 1 3 3 1 1 1
3 0 0 0 2 1 2 3 2 1 3 1 1 0 1 0
30 55 8 54 32 53 54 7 29 33 9 78 54 54 51 55
3 81 27 8 80 28 52 7 8 51 28 7 57 76 78 4
32 53 57 51 5 4 9 4 56 6 29 55 33 33 3 80
81 3 81 4 80 75 5 56 54 81 6 80 56 7 80 29
33 7 33 28 75 56 79 27 81 33 81 29 81 78 81 5
57 30 78 7 9 8 56 79 77 6 54 3 78 80 27 55
76 28 78 7 80 7 30 75 3 8 80 30 27 52 55 77
56 5 28 8 56 76 31 28 80 29 4 78 30 55 7 56
5 27 29 32 55 30 31 56 77 33 77 28 9 30 3 5
56 51 75 78 3 4 57 7 80 79 80 3 9 79 27 57
57 29 30 8 32 8 5 51 55 9 29 52 30 53 6 32
57 8 80 32 77 3 51 5 9 54 55 5 9 33 7 27
27 78 4 28 79 4 8 29 5 51 27 8 30 51 57 5
52 33 75 53 8 75 54 53 30 77 33 57 31 27 76 8
78 9 77 56 80 57 55 6 27 6 28 80 79 28 30 27
78 3 7 7 53 33 56 78 51 31 79 28 28 8 29 3
