0 1 0 1 0 2 1 0 1 0 2 0 3 3 1 0
2 1 2 3 1 3 0 0 1 1 0 3 3 3 1 0
2 2 2 3 1 3 1 2 2 3 0 0 0 1 2 0
1 2 3 3 1 0 0 1 3 2 3 2 3 3 0 2
3 3 3 0 3 0 1 0 3 1 0 1 3 0 0 3
1 3 1 1 3 3 2 0 1 1 1 2 0 3 0 1
2 3 3 1 1 0 0 0 3 3 0 3 3 2 3 2
3 3 3 2 1 1 2 3 3 3 3 3 0 2 0 3
2 3 0 3 2 3 0 1 2 2 2 0 3 3 3 0
3 2 3 1 3 3 0 2 3 3 3 0 0 2 0 1
2 3 0 3 0 3 2 2 3 1 2 0 2 1 2 1
3 2 3 0 1 1 2 3 0 0 2 0 3 1 1 1
2 0 1 2 2 0 1 0 3 3 0 0 2 3 0 3
0 0 3 1 3 3 2 3 2 1 2 0 0 2 2 1
1 3 3 0 1 2 3 0 2 1 2 3 3 0 2 2
2 2 3 3 0 0 2 0 2 2 1 2 3 1 2 0
4 30 5 32 7 52 29 4 29 8 52 6 78 80 30 9
52 28 52 75 29 78 8 3 29 29 3 76 79 80 28 4
57 55 53 76 29 75 31 56 53 77 3 5 7 27 53 8
30 51 76 81 28 5 9 31 80 56 80 53 75 79 3 53
78 79 77 9 81 5 32 8 75 32 4 33 75 6 6 79
27 77 32 31 79 79 54 9 30 33 27 52 9 81 6 29
53 79 79 31 32 8 6 4 76 75 8 75 81 51 80 57
77 75 80 53 28 32 56 79 78 78 78 78 7 54 3 80
55 76 4 78 55 80 3 28 52 55 54 8 77 77 77 9
81 57 81 29 75 79 3 56 76 75 76 3 8 53 4 28
51 75 4 75 7 77 53 55 78 30 57 8 51 32 53 32
75 51 75 7 32 32 54 77 4 5 54 5 80 27 30 30
53 6 31 51 52 9 27 5 77 76 4 7 57 79 5 77
5 6 76 33 79 75 56 77 52 31 54 6 4 53 56 33
29 80 79 4 32 51 78 6 52 33 56 78 81 9 57 57
55 54 80 81 7 6 57 6 53 52 32 53 79 31 53 6
