2 0 2 0 0 2 3 2 1 0 1 1 3 0 2 3
2 2 2 2 3 3 2 1 0 1 3 0 0 1 3 0
2 0 3 2 2 2 1 2 0 1 2 3 1 2 3 3
1 2 2 1 1 3 2 2 2 0 2 1 3 2 1 0
0 3 0 1 1 0 0 1 2 2 3 2 0 0 0 3
2 0 0 0 3 2 0 1 0 3 1 3 2 3 2 3
2 0 2 1 2 2 2 0 2 0 2 1 1 3 0 1
1 3 0 0 0 1 0 1 3 3 3 3 3 2 3 1
3 2 1 2 3 0 2 0 0 1 0 0 0 1 3 3
1 0 1 3 3 1 2 0 3 3 1 0 3 1 0 3
2 3 3 1 1 3 0 1 2 0 3 0 2 2 0 3
1 0 0 0 2 0 1 0 1 3 3 3 0 2 1 3
3 0 0 3 0 2 2 3 3 1 0 3 1 3 3 1
3 1 0 1 3 0 1 3 2 0 0 2 3 0 3 2
2 2 0 0 0 1 1 1 1 1 3 0 0 2 3 3
0 0 1 0 3 2 2 3 1 3 1 1 2 3 0 0
57 7 53 7 9 51 77 52 31 4 29 30 76 6 54 76
53 56 56 52 75 80 52 32 5 29 76 3 6 31 78 6
55 3 81 54 55 51 28 57 8 32 53 75 33 55 75 80
33 57 52 32 29 80 51 52 53 3 52 31 75 53 33 8
9 78 9 29 33 5 9 33 51 52 77 53 9 7 7 76
52 4 6 4 77 56 8 30 3 79 28 75 57 75 57 78
53 6 55 30 54 51 56 5 55 4 53 28 27 78 9 27
33 76 6 9 9 30 7 31 77 75 78 76 81 51 75 27
81 51 29 53 78 9 54 8 9 28 8 6 6 30 79 79
31 3 33 76 78 29 51 3 77 77 32 7 79 31 9 80
52 80 77 27 33 79 3 30 57 8 78 7 57 55 9 75
32 4 9 8 55 7 32 6 32 80 81 75 4 53 33 79
76 6 3 79 3 55 56 78 79 30 4 78 30 80 76 32
78 28 5 32 78 4 28 78 54 3 3 54 79 3 78 54
51 52 7 5 9 27 32 33 31 28 75 5 9 52 78 78
6 5 33 9 76 53 53 77 27 78 29 31 53 77 7 8
