2 0 2 0 1 3 0 3 2 3 0 1 3 1 3 1
1 1 2 2 0 1 2 3 0 3 3 2 2 0 1 1
3 1 1 1 3 3 2 0 0 1 3 3 1 2 1 0
0 2 0 1 2 2 2 1 0 2 0 1 3 3 3 0
3 2 0 1 2 0 3 1 3 2 3 2 2 1 0 2
3 0 0 1 1 1 3 2 0 0 2 1 1 1 2 0
0 2 0 3 1 3 1 3 3 2 2 0 1 0 2 1
2 3 2 1 0 2 1 2 2 1 0 3 0 0 3 1
2 0 2 3 0 2 3 3 1 0 0 0 1 2 0 2
1 3 3 3 2 0 0 2 2 2 1 0 0 0 3 2
1 0 1 2 0 3 0 2 2 2 0 1 3 2 0 1
0 1 0 0 1 2 1 0 2 0 3 0 3 0 3 2
3 2 3 0 1 1 1 0 1 3 3 0 1 3 1 2
1 0 0 2 3 0 0 1 1 1 0 2 0 0 0 0
1 0 3 2 0 1 2 2 1 1 0 0 0 0 0 0
1 3 1 3 2 1 1 2 0 3 0 0 2 1 2 0
54 7 52 5 33 75 4 77 52 78 4 32 77 29 76 27
33 32 57 53 7 29 57 76 3 77 77 53 57 8 28 32
81 28 27 31 81 79 51 8 9 28 77 79 31 53 28 3
4 54 6 30 54 54 57 27 5 51 9 28 81 80 78 7
75 57 4 29 57 5 77 31 78 56 76 54 54 29 3 56
76 8 3 30 30 28 81 52 4 8 54 32 29 28 55 7
4 53 9 79 28 79 32 79 79 51 56 7 29 7 57 27
51 80 57 31 8 53 33 54 53 31 9 80 5 8 78 30
57 9 54 78 3 55 78 76 32 8 8 9 28 57 5 57
32 77 75 76 56 6 4 53 56 51 32 3 5 7 76 53
31 3 32 56 4 78 5 53 54 54 9 27 80 52 7 28
7 30 5 5 28 56 31 6 53 6 81 9 80 6 77 54
79 56 77 5 32 31 29 7 31 80 77 5 28 80 32 56
31 4 8 53 79 5 9 30 29 29 8 57 3 7 9 6
31 3 77 54 3 28 53 54 30 33 5 9 9 4 3 8
33 80 31 77 51 32 32 56 5 80 3 9 53 29 55 9
