0 1 3 3 2 3 0 1 3 2 1 2 3 3 2 2
0 1 1 0 3 3 2 1 2 2 2 2 3 3 3 1
3 0 0 3 2 0 1 2 2 2 2 3 0 3 1 1
2 2 0 2 1 3 1 3 1 3 3 0 3 2 2 2
2 2 0 3 2 3 2 0 0 3 1 2 3 0 0 1
0 1 2 2 0 1 2 0 2 3 3 3 1 3 3 3
3 0 2 3 2 2 2 3 1 3 3 1 0 1 0 0
2 2 2 3 1 0 3 2 1 1 2 2 2 2 3 1
3 3 3 3 2 2 0 2 2 0 1 1 1 1 0 3
0 3 3 1 0 3 3 0 2 2 1 1 3 2 3 3
2 2 2 3 1 3 1 0 0 3 3 1 3 1 2 1
2 0 2 2 1 2 0 3 1 3 1 3 2 0 2 0
3 3 0 3 2 0 2 1 1 2 0 2 0 1 2 3
0 3 0 3 2 2 2 3 1 3 3 1 0 3 0 3
1 1 3 3 2 1 0 2 1 2 3 1 2 2 3 2
2 2 3 2 1 1 3 1 1 1 1 1 2 1 1 1
5 33 78 77 57 75 9 27 79 54 30 53 75 77 51 52
3 32 30 8 77 78 51 27 55 57 57 53 77 77 81 31
75 9 8 81 54 7 29 55 56 53 51 75 4 77 29 30
56 52 6 56 31 81 30 80 30 79 78 8 80 55 55 57
52 56 7 78 57 79 55 4 8 78 31 54 75 5 9 31
4 31 52 56 7 30 55 3 56 76 81 78 30 75 80 78
79 9 51 80 54 57 55 80 30 78 76 30 8 27 5 6
54 57 53 76 27 7 76 54 31 33 56 55 54 53 80 27
78 79 80 76 53 57 7 55 54 3 31 33 33 31 4 79
6 78 80 30 9 80 78 7 51 52 33 32 80 53 79 75
56 52 52 77 30 81 33 5 3 79 80 33 78 31 54 29
52 7 55 52 32 54 7 77 30 80 31 77 51 8 56 7
79 78 9 78 51 6 53 30 29 54 4 55 5 30 52 76
4 78 4 80 55 57 57 79 30 81 75 27 7 80 7 81
29 33 79 76 54 28 6 57 27 56 77 33 56 56 75 55
53 57 80 55 29 33 79 28 28 27 33 28 54 30 30 29
