3 1 0 1 2 0 2 2 2 1 1 3 2 2 0 2
1 3 2 3 2 3 0 0 0 3 2 0 3 3 3 0
3 1 2 3 0 2 3 3 0 1 2 1 3 3 3 2
0 2 3 2 1 0 2 0 3 1 0 1 1 2 0 1
0 3 2 1 0 0 0 1 0 1 1 2 2 1 3 2
0 0 1 3 0 0 1 2 0 2 1 0 2 2 1 3
1 1 3 0 0 1 2 2 1 0 3 1 2 2 2 0
2 0 0 1 0 3 2 3 2 2 2 1 0 0 1 2
2 1 3 2 0 2 0 2 0 1 3 1 2 2 0 3
3 2 0 3 0 2 0 2 1 1 1 2 1 1 3 1
3 3 3 3 1 1 1 0 3 3 0 0 0 3 3 0
1 3 3 0 3 0 3 1 3 2 0 1 1 0 2 1
2 1 2 1 2 0 3 2 0 1 3 3 1 0 3 2
0 3 1 1 0 0 2 0 0 0 3 0 1 0 2 1
0 0 1 3 1 0 2 1 3 2 1 2 2 0 2 0
0 3 3 0 3 2 0 1 0 1 0 3 0 0 2 3
76 31 3 28 56 3 56 51 54 33 30 75 56 53 6 56
32 81 52 81 53 77 3 4 4 81 57 4 78 81 77 4
79 31 53 78 9 51 77 78 5 29 56 28 80 77 80 54
5 52 78 52 27 4 51 9 80 29 5 33 33 51 3 31
6 76 51 29 4 7 5 27 7 27 29 52 52 29 79 52
6 9 31 81 6 9 30 51 6 53 29 6 54 57 27 81
30 29 78 9 4 30 57 51 27 3 77 32 57 54 53 7
52 4 5 29 7 79 51 75 52 51 54 30 5 5 32 55
57 31 79 56 6 53 8 52 5 33 79 32 52 57 5 75
77 56 5 78 7 55 4 53 29 32 33 55 28 29 81 31
76 77 81 80 30 30 31 8 75 78 3 3 6 80 77 7
31 78 80 5 77 4 75 27 77 52 3 30 27 6 51 28
57 29 51 30 51 8 81 55 5 27 77 78 28 3 78 57
3 80 27 28 3 3 53 5 9 6 76 3 32 4 53 32
9 6 28 79 28 5 53 29 75 55 28 52 54 6 51 9
6 76 76 7 80 57 3 32 6 27 6 78 3 6 57 78
