2 3 3 1 1 1 1 0 0 0 0 2 0 1 3 3
2 3 2 3 2 1 0 1 3 3 1 3 3 2 3 1
1 2 0 0 0 3 0 1 3 2 0 3 2 1 3 1
3 0 1 0 1 0 2 1 1 1 1 0 0 3 2 1
2 1 2 1 0 0 2 0 3 2 1 2 1 1 1 2
1 2 1 1 1 3 1 0 1 2 3 1 3 2 0 0
1 2 0 3 1 2 3 3 0 3 2 0 1 2 1 1
2 0 1 2 3 0 1 2 3 2 0 2 3 1 0 2
1 1 3 0 0 0 1 0 0 2 0 1 0 3 3 3
1 0 1 3 3 2 3 1 3 0 1 1 1 1 1 1
3 2 3 0 1 2 2 0 2 0 1 3 1 0 3 3
2 2 2 3 3 2 2 0 3 0 0 1 3 1 0 0
0 2 3 0 3 3 3 3 0 2 0 0 3 1 3 3
0 2 1 1 0 0 2 2 2 1 2 3 3 1 3 3
2 0 2 1 1 3 3 0 1 0 3 1 3 1 0 1
0 1 2 2 2 1 1 0 0 1 3 0 3 2 1 0
57 80 75 31 27 30 31 3 6 4 5 57 7 29 76 76
53 79 53 75 53 29 7 28 77 77 32 78 78 52 75 28
30 55 9 8 8 77 6 33 79 53 6 77 51 28 76 27
80 3 28 3 30 6 54 31 29 27 32 6 6 75 56 30
51 29 53 27 9 9 54 3 78 57 29 52 31 27 31 56
29 53 32 27 31 79 32 8 33 55 78 31 79 57 6 4
28 57 5 77 29 51 80 76 5 80 54 7 32 56 29 29
54 5 32 54 79 9 32 56 78 51 8 56 76 29 7 51
27 31 80 3 9 5 29 8 4 52 9 29 5 75 77 80
28 9 29 80 75 56 79 29 80 3 27 27 32 28 32 28
77 54 78 7 31 53 55 7 55 8 28 80 31 3 79 78
53 51 52 75 76 55 55 3 80 3 9 31 78 31 4 7
5 51 78 8 78 77 75 79 5 57 8 6 78 33 75 81
3 52 33 33 9 8 52 53 57 28 54 78 76 32 75 80
57 6 52 29 32 80 79 6 31 8 80 30 81 31 3 33
6 30 53 52 56 27 32 3 8 30 81 7 77 51 30 4
