0 3 3 3 3 0 0 3 1 0 0 0 2 3 2 1
3 3 2 3 2 3 1 1 1 1 1 2 2 3 0 3
2 1 3 1 1 0 1 1 3 2 0 0 0 1 1 1
1 0 3 2 3 2 2 1 2 1 3 2 2 2 3 0
1 3 3 0 3 0 0 2 0 2 1 1 1 2 2 3
0 1 3 0 2 2 3 1 0 0 2 0 2 0 1 0
3 3 2 2 2 1 0 3 2 3 0 0 0 1 2 1
3 2 0 1 2 1 0 1 2 0 0 0 3 0 0 1
2 2 0 1 0 2 0 3 0 1 3 3 3 0 0 2
3 2 0 0 0 1 0 2 1 2 3 2 1 1 3 2
2 1 1 0 1 1 0 1 1 1 1 0 3 1 0 3
3 3 2 1 1 3 3 1 0 1 1 3 3 1 2 3
2 0 2 3 1 1 2 1 2 3 1 2 1 2 2 3
2 0 1 3 1 3 0 2 3 0 2 1 0 3 1 2
1 2 0 3 0 2 0 1 0 2 3 0 3 3 3 2
0 2 0 2 0 3 1 1 3 1 3 1 2 3 1 1
8 79 79 77 80 3 3 77 27 7 6 8 54 80 56 32
77 75 54 79 52 77 29 30 31 33 30 57 51 77 3 76
54 27 78 27 31 6 30 31 75 53 6 5 6 30 33 31
27 5 79 53 80 53 56 29 56 30 77 55 55 54 79 4
33 75 78 5 78 8 7 51 6 52 31 31 33 51 56 77
9 27 78 4 52 56 80 31 5 3 55 9 51 7 30 9
75 80 52 53 54 29 5 76 56 75 5 9 8 28 52 32
77 53 9 27 53 30 4 33 53 9 6 7 81 3 9 32
51 53 5 29 6 54 9 79 8 32 75 81 77 9 9 51
80 57 3 9 4 33 6 53 31 57 79 56 32 27 76 55
57 31 33 8 30 28 9 31 27 29 30 7 75 29 5 79
75 81 52 33 31 75 76 31 4 32 33 79 76 27 55 78
55 4 51 75 33 33 57 27 51 80 32 54 30 54 51 78
54 9 30 78 29 75 9 52 78 9 54 30 6 79 32 55
31 52 6 75 5 56 7 33 6 56 78 4 81 81 81 54
6 55 3 56 9 77 33 30 80 27 78 31 52 80 29 28
