1 2 0 0 0 0 2 3 1 3 3 1 3 2 1 1
2 1 0 3 3 2 2 3 0 3 0 1 0 0 1 0
2 3 2 2 3 0 3 2 3 3 1 1 2 3 1 1
0 3 0 0 1 3 2 0 3 2 2 2 1 0 3 0
3 3 1 3 1 1 3 2 0 3 3 3 3 0 0 0
3 1 0 0 3 3 3 2 0 3 2 2 1 1 3 2
1 3 0 1 0 0 3 1 3 2 0 1 3 3 3 0
3 1 1 0 1 0 3 3 2 0 1 0 2 1 0 1
0 1 3 3 1 1 0 1 0 0 3 2 0 3 2 2
0 1 0 1 3 1 2 1 0 2 0 3 3 0 1 0
1 0 3 2 2 0 2 1 2 1 3 1 2 2 0 1
1 1 0 3 3 1 0 0 0 3 2 0 2 0 2 2
0 1 2 0 3 2 1 0 2 2 3 0 2 1 1 1
0 2 0 3 0 2 2 2 2 3 3 0 1 3 2 3
3 0 0 0 2 3 3 1 3 1 3 2 0 1 0 3
1 1 2 0 0 1 0 0 2 0 3 2 0 3 0 2
29 53 9 5 7 5 56 79 29 80 81 33 76 52 31 33
56 30 7 78 81 55 53 79 7 75 3 28 7 3 32 6
51 76 53 57 78 7 75 53 79 80 33 28 52 79 29 30
8 78 5 4 27 78 54 9 80 51 51 53 31 3 80 9
76 79 32 75 33 32 81 53 8 80 78 79 80 4 8 5
77 33 8 9 77 78 77 51 7 79 54 57 31 31 80 53
29 78 6 27 9 4 81 29 79 57 7 27 78 78 80 4
79 33 30 6 28 4 80 75 52 8 33 8 56 31 3 29
5 29 76 79 30 32 3 30 6 8 77 57 9 76 57 56
5 29 5 31 75 31 56 31 6 55 8 80 80 5 27 6
30 8 80 57 55 7 56 30 56 28 76 33 53 55 3 32
28 30 9 79 76 29 4 9 5 77 57 5 51 7 55 51
9 29 51 3 75 53 29 6 51 57 76 3 51 28 31 29
4 55 4 75 5 54 55 57 55 81 78 7 30 75 53 76
76 4 9 5 55 76 76 33 80 29 81 56 9 28 6 81
32 33 55 6 6 27 5 8 54 3 77 51 9 75 6 56
