2 1 3 0 1 3 2 1 1 3 0 2 2 3 0 3
3 0 3 2 0 2 0 2 0 3 3 1 2 1 3 2
1 0 2 1 2 2 1 3 0 3 0 0 0 0 1 1
1 0 1 3 1 1 3 1 2 3 0 3 0 1 0 0
1 2 2 2 1 0 2 0 0 3 3 1 2 3 1 3
1 2 2 1 1 0 2 3 3 3 3 1 0 1 0 3
0 3 3 2 3 1 2 3 3 0 3 2 2 1 0 1
0 1 0 1 1 1 2 0 2 1 3 2 2 3 3 0
0 1 1 0 3 0 1 0 1 2 2 2 1 1 0 2
2 1 3 2 0 2 1 3 2 1 0 0 2 3 0 0
1 1 2 3 2 0 3 1 1 1 2 3 1 3 1 1
1 3 2 0 2 0 2 3 1 2 2 0 0 3 0 0
3 1 3 2 0 3 2 3 2 3 2 2 1 3 1 2
3 0 0 1 0 2 1 1 1 0 0 0 0 3 2 2
0 3 2 3 0 2 3 3 2 1 2 1 1 0 0 3
2 2 1 0 3 0 1 1 2 0 2 3 0 2 3 0
56 29 77 9 28 81 55 29 28 80 6 52 57 81 6 76
77 3 76 55 4 55 7 56 6 79 78 31 54 30 77 55
33 6 51 29 56 55 31 75 5 81 3 5 4 5 33 30
30 8 27 81 33 27 81 29 55 78 7 76 6 32 4 9
29 51 51 57 32 8 55 9 9 79 78 30 53 80 30 75
33 56 51 28 31 7 56 79 77 79 80 31 4 29 7 78
8 76 75 56 76 28 52 75 76 4 79 53 57 30 9 29
4 31 3 29 27 30 54 7 51 31 75 57 54 81 79 5
4 29 33 8 78 9 31 8 28 55 55 57 29 30 5 57
55 31 79 54 8 52 33 75 55 28 4 5 53 79 3 4
33 31 56 77 51 4 79 31 29 28 57 81 28 81 27 29
28 77 56 6 57 5 54 80 32 51 57 5 8 78 8 6
75 27 75 56 4 77 51 78 57 78 53 56 33 76 33 54
78 5 7 28 9 54 29 28 33 6 3 4 4 80 57 57
5 75 57 80 8 52 75 77 51 33 51 32 30 6 9 79
56 55 29 5 79 6 29 27 55 9 54 79 7 51 81 6
