0 0 0 0 0 0 0 0 0 0 0 0 0 0 0 0
0 0 0 0 0 0 0 0 0 0 0 0 0 0 0 0
0 0 0 0 0 0 0 0 0 0 0 0 0 0 0 0
0 0 0 0 0 0 0 0 0 0 0 0 0 0 0 0
1 1 1 1 1 1 1 1 1 1 1 1 1 1 1 1
1 1 1 1 1 1 1 1 1 1 1 1 1 1 1 1
1 1 1 1 1 1 1 1 1 1 1 1 1 1 1 1
1 1 1 1 1 1 1 1 1 1 1 1 1 1 1 1
2 2 2 2 2 2 2 2 2 2 2 2 2 2 2 2
2 2 2 2 2 2 2 2 2 2 2 2 2 2 2 2
2 2 2 2 2 2 2 2 2 2 2 2 2 2 2 2
2 2 2 2 2 2 2 2 2 2 2 2 2 2 2 2
3 3 3 3 3 3 3 3 3 3 3 3 3 3 3 3
3 3 3 3 3 3 3 3 3 3 3 3 3 3 3 3
3 3 3 3 3 3 3 3 3 3 3 3 3 3 3 3
3 3 3 3 3 3 3 3 3 3 3 3 3 3 3 3
6 6 7 3 9 4 9 5 7 7 9 5 9 3 4 3
5 7 4 5 8 5 5 3 6 4 6 8 7 8 8 6
6 8 6 4 5 7 3 8 6 8 8 4 6 5 7 7
9 6 7 5 7 8 4 8 7 9 9 7 3 6 7 6
33 29 28 29 27 31 29 31 32 32 29 31 29 32 29 32
31 30 29 32 32 27 33 32 30 31 32 32 29 32 33 27
32 30 30 28 31 27 28 30 28 28 31 30 28 33 29 29
32 29 30 28 31 33 29 28 28 33 31 30 28 31 28 30
57 52 53 54 51 54 54 51 54 51 54 54 52 52 53 55
57 53 51 57 56 55 57 51 54 55 57 51 53 54 57 56
55 54 54 52 56 52 56 54 51 55 56 53 57 55 53 52
52 55 55 55 57 54 56 53 56 55 51 52 52 51 57 52
78 76 76 76 78 79 81 77 76 76 75 80 75 77 76 78
77 76 81 79 78 81 81 81 80 76 75 78 78 78 80 79
75 80 77 80 78 76 76 75 79 80 80 75 79 81 80 81
80 81 75 78 78 78 77 81 76 80 76 80 81 76 78 78
