0 0 0 0 0 0 0 0 0 0 0 0 0 0 0 0
0 0 0 0 0 0 0 0 0 0 0 0 0 0 0 0
0 0 0 0 0 0 0 0 0 0 0 0 0 0 0 0
0 0 0 0 0 0 0 0 0 0 0 0 0 0 0 0
1 1 1 1 1 1 1 1 1 1 1 1 1 1 1 1
1 1 1 1 1 1 1 1 1 1 1 1 1 1 1 1
1 1 1 1 1 1 1 1 1 1 1 1 1 1 1 1
1 1 1 1 1 1 1 1 1 1 1 1 1 1 1 1
2 2 2 2 2 2 2 2 2 2 2 2 2 2 2 2
2 2 2 2 2 2 2 2 2 2 2 2 2 2 2 2
2 2 2 2 2 2 2 2 2 2 2 2 2 2 2 2
2 2 2 2 2 2 2 2 2 2 2 2 2 2 2 2
3 3 3 3 3 3 3 3 3 3 3 3 3 3 3 3
3 3 3 3 3 3 3 3 3 3 3 3 3 3 3 3
3 3 3 3 3 3 3 3 3 3 3 3 3 3 3 3
3 3 3 3 3 3 3 3 3 3 3 3 3 3 3 3
7 4 3 4 8 5 8 9 6 4 7 9 6 4 7 3
9 7 9 5 7 8 4 6 8 7 8 4 7 9 4 4
4 3 6 8 7 4 6 5 5 9 5 9 3 7 9 5
3 5 6 8 3 7 8 8 5 9 8 4 9 8 4 6
28 29 31 29 30 31 28 33 29 28 33 28 33 28 29 31
27 30 27 31 31 28 29 29 32 28 28 33 31 27 28 28
27 31 32 33 33 31 28 31 29 27 31 31 30 28 31 32
32 33 32 29 29 33 32 33 33 30 31 31 33 30 32 30
54 53 52 53 56 57 57 54 51 52 52 57 54 51 52 53
55 51 56 56 52 55 52 52 53 57 54 56 53 51 52 53
57 53 54 56 55 57 53 53 54 51 56 53 54 55 51 54
51 52 54 51 55 52 55 52 53 51 55 56 54 57 53 57
77 80 76 79 75 79 76 75 76 75 81 77 81 78 76 78
75 79 77 77 81 78 80 76 75 76 77 75 78 75 75 78
80 78 76 75 76 75 80 79 79 79 79 78 76 81 78 78
80 79 79 75 75 78 75 76 76 78 78 77 81 80 79 76
