0 0 0 0 0 0 0 0 0 0 0 0 0 0 0 0
0 0 0 0 0 0 0 0 0 0 0 0 0 0 0 0
0 0 0 0 0 0 0 0 0 0 0 0 0 0 0 0
0 0 0 0 0 0 0 0 0 0 0 0 0 0 0 0
1 1 1 1 1 1 1 1 1 1 1 1 1 1 1 1
1 1 1 1 1 1 1 1 1 1 1 1 1 1 1 1
1 1 1 1 1 1 1 1 1 1 1 1 1 1 1 1
1 1 1 1 1 1 1 1 1 1 1 1 1 1 1 1
2 2 2 2 2 2 2 2 2 2 2 2 2 2 2 2
2 2 2 2 2 2 2 2 2 2 2 2 2 2 2 2
2 2 2 2 2 2 2 2 2 2 2 2 2 2 2 2
2 2 2 2 2 2 2 2 2 2 2 2 2 2 2 2
3 3 3 3 3 3 3 3 3 3 3 3 3 3 3 3
3 3 3 3 3 3 3 3 3 3 3 3 3 3 3 3
3 3 3 3 3 3 3 3 3 3 3 3 3 3 3 3
3 3 3 3 3 3 3 3 3 3 3 3 3 3 3 3
9 8 3 4 7 6 9 4 6 5 5 9 9 9 3 8
4 5 5 4 8 9 5 3 5 7 7 5 6 6 9 7
4 9 9 4 4 5 7 3 8 9 3 9 9 7 8 4
5 6 8 7 4 8 6 9 8 4 4 8 9 9 6 3
33 32 31 29 33 27 27 30 27 27 27 30 33 32 27 31
30 32 32 27 31 30 33 28 27 27 29 32 28 29 31 29
31 28 32 29 27 27 30 32 31 28 32 29 31 30 31 28
30 30 32 33 28 27 27 27 29 33 33 28 33 31 28 30
53 53 54 55 55 53 56 52 57 52 51 55 53 56 53 57
51 57 51 56 52 57 56 55 54 54 55 56 51 51 56 55
57 55 56 57 57 53 51 53 57 51 57 52 53 57 52 57
54 51 57 53 51 54 54 57 54 57 55 54 57 56 55 52
77 79 76 80 75 79 81 78 78 79 77 80 77 81 80 77
77 77 76 79 80 79 77 78 80 78 79 77 78 78 76 80
81 77 79 77 77 78 80 81 79 75 80 75 78 77 75 81
78 78 76 81 77 81 78 76 80 78 76 79 75 76 80 76
