0 0 0 0 0 0 0 0 0 0 0 0 0 0 0 0
0 0 0 0 0 0 0 0 0 0 0 0 0 0 0 0
0 0 0 0 0 0 0 0 0 0 0 0 0 0 0 0
0 0 0 0 0 0 0 0 0 0 0 0 0 0 0 0
1 1 1 1 1 1 1 1 1 1 1 1 1 1 1 1
1 1 1 1 1 1 1 1 1 1 1 1 1 1 1 1
1 1 1 1 1 1 1 1 1 1 1 1 1 1 1 1
1 1 1 1 1 1 1 1 1 1 1 1 1 1 1 1
2 2 2 2 2 2 2 2 2 2 2 2 2 2 2 2
2 2 2 2 2 2 2 2 2 2 2 2 2 2 2 2
2 2 2 2 2 2 2 2 2 2 2 2 2 2 2 2
2 2 2 2 2 2 2 2 2 2 2 2 2 2 2 2
3 3 3 3 3 3 3 3 3 3 3 3 3 3 3 3
3 3 3 3 3 3 3 3 3 3 3 3 3 3 3 3
3 3 3 3 3 3 3 3 3 3 3 3 3 3 3 3
3 3 3 3 3 3 3 3 3 3 3 3 3 3 3 3
7 4 9 6 9 9 6 8 3 3 8 7 3 9 9 7
7 9 8 7 9 3 6 3 6 8 3 4 4 9 7 3
4 7 7 3 7 9 7 3 6 3 4 9 6 4 3 6
6 9 7 6 9 5 8 9 8 5 3 6 8 7 9 9
31 29 32 33 31 32 28 28 32 32 32 31 31 27 31 27
32 30 33 27 33 31 28 27 33 31 30 32 29 28 32 29
32 32 27 33 31 27 32 29 27 28 32 30 33 33 30 29
29 32 31 30 28 29 28 33 32 31 33 33 28 32 33 29
56 51 56 53 56 56 53 51 52 57 55 56 51 55 54 57
51 52 53 55 55 53 52 51 56 55 56 51 52 53 57 57
54 56 51 56 54 55 56 57 55 51 56 57 53 54 53 56
54 56 55 56 53 53 55 57 55 53 51 55 52 57 51 57
78 81 81 79 76 78 81 79 78 80 79 81 80 77 79 81
76 78 81 78 80 78 76 81 81 77 78 77 77 77 81 79
77 78 78 78 79 78 76 81 81 76 79 75 76 76 76 80
80 78 78 77 81 78 75 80 76 78 78 77 79 77 75 81
