0 0 0 0 0 0 0 0 0 0 0 0 0 0 0 0
0 0 0 0 0 0 0 0 0 0 0 0 0 0 0 0
0 0 0 0 0 0 0 0 0 0 0 0 0 0 0 0
0 0 0 0 0 0 0 0 0 0 0 0 0 0 0 0
1 1 1 1 1 1 1 1 1 1 1 1 1 1 1 1
1 1 1 1 1 1 1 1 1 1 1 1 1 1 1 1
1 1 1 1 1 1 1 1 1 1 1 1 1 1 1 1
1 1 1 1 1 1 1 1 1 1 1 1 1 1 1 1
2 2 2 2 2 2 2 2 2 2 2 2 2 2 2 2
2 2 2 2 2 2 2 2 2 2 2 2 2 2 2 2
2 2 2 2 2 2 2 2 2 2 2 2 2 2 2 2
2 2 2 2 2 2 2 2 2 2 2 2 2 2 2 2
3 3 3 3 3 3 3 3 3 3 3 3 3 3 3 3
3 3 3 3 3 3 3 3 3 3 3 3 3 3 3 3
3 3 3 3 3 3 3 3 3 3 3 3 3 3 3 3
3 3 3 3 3 3 3 3 3 3 3 3 3 3 3 3
4 9 6 8 6 6 6 4 3 3 8 6 9 6 9 9
8 8 4 3 4 3 7 4 3 8 5 4 4 7 6 3
5 5 5 4 8 4 8 7 8 9 9 5 6 4 3 9
4 5 7 3 6 6 4 7 7 4 9 5 4 3 8 6
29 27 30 27 28 29 30 33 30 32 28 31 32 28 31 31
28 31 30 33 31 32 27 27 31 31 33 30 27 33 32 29
29 27 29 31 31 31 28 29 30 32 31 28 32 33 33 32
30 27 28 27 30 32 30 30 29 30 30 27 31 30 31 28
57 54 51 55 56 54 51 56 53 54 55 55 52 57 57 52
55 51 55 56 57 56 56 55 54 54 52 51 51 56 51 56
54 51 52 55 55 55 54 56 56 56 56 54 57 51 53 54
52 52 54 55 56 52 52 52 54 51 57 52 55 55 56 54
80 80 80 79 75 76 75 81 75 80 75 76 78 81 79 79
77 79 79 77 76 75 77 79 76 79 79 81 81 81 77 79
81 77 81 79 75 75 75 81 79 78 75 76 80 80 80 80
78 76 81 80 78 78 77 75 78 80 79 76 81 80 81 80
