0 0 0 0 0 0 0 0 0 0 0 0 0 0 0 0
0 0 0 0 0 0 0 0 0 0 0 0 0 0 0 0
0 0 0 0 0 0 0 0 0 0 0 0 0 0 0 0
0 0 0 0 0 0 0 0 0 0 0 0 0 0 0 0
1 1 1 1 1 1 1 1 1 1 1 1 1 1 1 1
1 1 1 1 1 1 1 1 1 1 1 1 1 1 1 1
1 1 1 1 1 1 1 1 1 1 1 1 1 1 1 1
1 1 1 1 1 1 1 1 1 1 1 1 1 1 1 1
2 2 2 2 2 2 2 2 2 2 2 2 2 2 2 2
2 2 2 2 2 2 2 2 2 2 2 2 2 2 2 2
2 2 2 2 2 2 2 2 2 2 2 2 2 2 2 2
2 2 2 2 2 2 2 2 2 2 2 2 2 2 2 2
3 3 3 3 3 3 3 3 3 3 3 3 3 3 3 3
3 3 3 3 3 3 3 3 3 3 3 3 3 3 3 3
3 3 3 3 3 3 3 3 3 3 3 3 3 3 3 3
3 3 3 3 3 3 3 3 3 3 3 3 3 3 3 3
7 8 4 9 8 5 6 3 5 8 7 3 8 4 4 4
7 9 8 9 9 8 5 3 5 7 6 7 7 4 5 6
6 3 8 5 9 4 8 6 4 6 4 8 7 9 4 4
4 3 4 6 8 9 6 7 5 6 7 6 5 8 3 7
32 30 27 31 28 28 33 31 27 33 29 32 32 33 29 29
29 27 30 28 27 30 30 28 31 33 28 32 28 31 29 31
31 27 27 28 29 29 30 30 31 28 27 29 33 27 29 31
31 32 33 32 32 29 27 27 31 29 32 27 32 27 32 33
55 53 57 56 53 56 51 56 56 57 56 55 52 53 53 53
52 51 51 55 55 51 55 53 54 52 56 51 51 52 54 57
51 53 51 51 54 52 56 56 54 52 51 52 55 51 51 51
54 53 56 57 51 51 52 57 51 51 53 54 57 52 52 54
79 80 75 80 80 76 77 78 75 79 78 81 81 77 80 81
79 80 76 81 81 76 77 79 77 81 78 76 80 80 75 76
79 76 75 79 80 77 75 77 78 76 76 76 80 75 81 78
77 75 77 75 77 78 79 77 77 81 80 80 80 77 77 80
