0 0 0 0 0 0 0 0 0 0 0 0 0 0 0 0
0 0 0 0 0 0 0 0 0 0 0 0 0 0 0 0
0 0 0 0 0 0 0 0 0 0 0 0 0 0 0 0
0 0 0 0 0 0 0 0 0 0 0 0 0 0 0 0
1 1 1 1 1 1 1 1 1 1 1 1 1 1 1 1
1 1 1 1 1 1 1 1 1 1 1 1 1 1 1 1
1 1 1 1 1 1 1 1 1 1 1 1 1 1 1 1
1 1 1 1 1 1 1 1 1 1 1 1 1 1 1 1
2 2 2 2 2 2 2 2 2 2 2 2 2 2 2 2
2 2 2 2 2 2 2 2 2 2 2 2 2 2 2 2
2 2 2 2 2 2 2 2 2 2 2 2 2 2 2 2
2 2 2 2 2 2 2 2 2 2 2 2 2 2 2 2
3 3 3 3 3 3 3 3 3 3 3 3 3 3 3 3
3 3 3 3 3 3 3 3 3 3 3 3 3 3 3 3
3 3 3 3 3 3 3 3 3 3 3 3 3 3 3 3
3 3 3 3 3 3 3 3 3 3 3 3 3 3 3 3
9 4 7 4 9 6 9 9 9 4 5 8 8 9 9 9
7 6 5 4 4 6 3 4 8 8 4 3 5 7 6 5
9 4 7 3 9 3 9 7 3 3 7 9 3 9 5 9
4 3 6 5 5 6 6 5 3 4 6 7 6 8 9 6
31 31 32 29 30 31 33 29 32 32 27 31 33 33 31 30
29 28 28 28 31 33 30 28 30 30 29 30 31 33 27 32
27 29 31 28 33 28 31 29 30 27 31 29 32 33 28 29
31 28 28 28 28 28 29 29 28 33 31 32 32 28 27 28
55 56 57 51 54 55 52 51 57 55 54 55 55 56 53 51
53 55 53 57 54 51 55 53 53 57 51 56 52 56 55 54
52 55 56 53 51 56 51 52 54 52 53 54 55 52 56 52
53 55 57 55 51 53 52 53 54 52 51 51 53 51 51 54
75 77 76 75 78 75 75 75 79 77 79 76 79 80 76 77
81 77 78 79 79 81 78 75 77 76 76 75 78 80 75 78
78 80 80 81 76 76 79 81 76 78 80 78 76 77 79 76
81 76 79 75 80 77 75 76 75 76 79 75 76 75 77 79
