0 0 0 0 0 0 0 0 0 0 0 0 0 0 0 0
0 0 0 0 0 0 0 0 0 0 0 0 0 0 0 0
0 0 0 0 0 0 0 0 0 0 0 0 0 0 0 0
0 0 0 0 0 0 0 0 0 0 0 0 0 0 0 0
1 1 1 1 1 1 1 1 1 1 1 1 1 1 1 1
1 1 1 1 1 1 1 1 1 1 1 1 1 1 1 1
1 1 1 1 1 1 1 1 1 1 1 1 1 1 1 1
1 1 1 1 1 1 1 1 1 1 1 1 1 1 1 1
2 2 2 2 2 2 2 2 2 2 2 2 2 2 2 2
2 2 2 2 2 2 2 2 2 2 2 2 2 2 2 2
2 2 2 2 2 2 2 2 2 2 2 2 2 2 2 2
2 2 2 2 2 2 2 2 2 2 2 2 2 2 2 2
3 3 3 3 3 3 3 3 3 3 3 3 3 3 3 3
3 3 3 3 3 3 3 3 3 3 3 3 3 3 3 3
3 3 3 3 3 3 3 3 3 3 3 3 3 3 3 3
3 3 3 3 3 3 3 3 3 3 3 3 3 3 3 3
7 6 6 4 4 4 3 5 4 3 8 7 5 7 4 5
8 7 7 6 5 8 5 6 3 5 5 5 4 9 7 7
8 8 5 7 8 9 4 6 5 6 9 9 3 5 5 8
6 5 7 4 9 8 3 6 6 7 8 4 5 4 7 7
31 29 27 29 31 29 29 27 29 27 33 29 33 27 30 33
27 33 32 28 27 27 28 31 33 31 27 29 29 31 29 28
28 27 33 28 30 33 33 27 27 33 27 27 28 27 29 27
27 31 30 33 27 30 27 33 27 28 32 31 33 27 33 31
57 53 53 53 57 51 57 53 53 55 57 54 52 51 56 57
51 54 56 53 51 51 57 51 54 55 54 53 57 54 51 52
54 52 51 57 57 54 51 55 55 51 53 54 55 51 57 54
51 53 52 54 53 57 53 54 55 51 55 52 52 55 55 56
77 78 76 79 81 75 75 77 78 81 78 81 76 78 77 80
76 75 80 79 78 78 79 81 79 77 78 80 79 79 81 78
75 79 75 78 79 75 80 81 75 81 81 76 80 78 80 77
76 80 75 75 76 77 81 75 77 77 76 80 79 77 75 81
