0 0 0 0 0 0 0 0 0 0 0 0 0 0 0 0
0 0 0 0 0 0 0 0 0 0 0 0 0 0 0 0
0 0 0 0 0 0 0 0 0 0 0 0 0 0 0 0
0 0 0 0 0 0 0 0 0 0 0 0 0 0 0 0
1 1 1 1 1 1 1 1 1 1 1 1 1 1 1 1
1 1 1 1 1 1 1 1 1 1 1 1 1 1 1 1
1 1 1 1 1 1 1 1 1 1 1 1 1 1 1 1
1 1 1 1 1 1 1 1 1 1 1 1 1 1 1 1
2 2 2 2 2 2 2 2 2 2 2 2 2 2 2 2
2 2 2 2 2 2 2 2 2 2 2 2 2 2 2 2
2 2 2 2 2 2 2 2 2 2 2 2 2 2 2 2
2 2 2 2 2 2 2 2 2 2 2 2 2 2 2 2
3 3 3 3 3 3 3 3 3 3 3 3 3 3 3 3
3 3 3 3 3 3 3 3 3 3 3 3 3 3 3 3
3 3 3 3 3 3 3 3 3 3 3 3 3 3 3 3
3 3 3 3 3 3 3 3 3 3 3 3 3 3 3 3
5 9 7 7 5 9 4 4 6 3 5 8 7 8 4 7
7 7 6 9 6 7 8 8 7 3 4 5 6 9 3 6
4 7 4 8 6 6 3 4 4 7 4 8 7 4 7 4
4 4 6 4 6 6 8 6 9 5 4 9 3 6 8 4
31 32 31 33 27 28 28 31 31 29 32 28 27 30 30 29
33 31 28 32 29 31 30 30 27 29 30 30 27 30 31 28
32 27 30 31 29 31 27 27 31 27 28 27 27 33 31 31
27 30 31 33 27 29 30 30 29 31 32 29 27 31 28 32
51 52 53 54 55 55 57 57 54 55 55 56 56 51 56 55
51 57 57 52 54 55 57 54 55 56 57 57 56 54 53 53
51 53 53 57 52 53 55 56 51 51 52 55 52 51 51 52
51 54 51 52 57 53 54 55 56 54 55 53 57 53 55 57
81 75 81 80 76 80 81 80 78 75 78 79 80 78 75 80
78 76 76 81 76 80 81 78 78 79 79 75 76 81 78 77
77 81 80 75 75 78 77 76 77 78 75 78 76 78 79 78
76 80 78 79 78 76 79 79 80 81 79 76 78 76 75 77
