0 0 0 0 0 0 0 0 0 0 0 0 0 0 0 0
0 0 0 0 0 0 0 0 0 0 0 0 0 0 0 0
0 0 0 0 0 0 0 0 0 0 0 0 0 0 0 0
0 0 0 0 0 0 0 0 0 0 0 0 0 0 0 0
1 1 1 1 1 1 1 1 1 1 1 1 1 1 1 1
1 1 1 1 1 1 1 1 1 1 1 1 1 1 1 1
1 1 1 1 1 1 1 1 1 1 1 1 1 1 1 1
1 1 1 1 1 1 1 1 1 1 1 1 1 1 1 1
2 2 2 2 2 2 2 2 2 2 2 2 2 2 2 2
2 2 2 2 2 2 2 2 2 2 2 2 2 2 2 2
2 2 2 2 2 2 2 2 2 2 2 2 2 2 2 2
2 2 2 2 2 2 2 2 2 2 2 2 2 2 2 2
3 3 3 3 3 3 3 3 3 3 3 3 3 3 3 3
3 3 3 3 3 3 3 3 3 3 3 3 3 3 3 3
3 3 3 3 3 3 3 3 3 3 3 3 3 3 3 3
3 3 3 3 3 3 3 3 3 3 3 3 3 3 3 3
4 5 3 7 5 5 3 7 4 9 8 5 7 4 8 4
6 4 9 6 7 5 7 7 9 9 3 6 7 5 6 8
4 7 9 8 4 5 9 6 9 8 5 9 7 8 3 8
6 9 8 7 5 7 6 5 4 7 3 7 9 8 9 4
33 30 27 29 33 29 29 32 29 33 33 30 31 27 31 29
27 29 30 29 29 30 30 31 28 33 27 29 29 29 32 27
32 27 32 29 30 28 28 30 32 30 32 33 30 28 32 28
32 32 33 31 30 33 32 32 32 27 27 28 30 27 28 31
53 53 57 56 54 57 55 53 53 51 57 52 55 56 56 56
57 54 52 53 55 51 55 55 52 57 54 57 57 51 54 52
54 52 55 57 53 54 54 57 52 55 51 55 51 53 51 56
54 54 56 55 51 56 54 55 57 51 53 52 52 55 52 54
77 79 81 75 79 78 75 77 79 78 81 76 79 79 78 77
81 79 81 75 79 76 75 78 80 75 79 80 79 80 77 79
81 78 75 80 77 78 77 78 80 77 80 79 81 78 75 80
79 76 75 77 75 79 75 79 78 76 79 81 75 79 78 77
