2 2 1 3 2 0 2 3 1 3 2 3 0 2 2 1
1 2 2 2 3 2 0 2 1 1 0 0 3 3 0 1
1 1 0 1 3 1 3 1 1 2 0 1 2 2 3 2
3 1 3 3 1 0 1 2 3 2 2 3 3 2 0 3
3 0 0 2 0 1 3 0 1 2 0 1 2 3 1 1
0 0 0 1 1 1 0 1 0 0 1 3 2 0 1 0
0 1 0 1 1 3 1 3 1 3 3 1 3 2 0 0
1 1 2 0 1 0 2 1 3 1 0 3 3 2 3 3
2 2 3 2 3 2 1 3 3 1 3 0 0 3 1 2
0 0 3 0 3 2 0 3 2 0 3 0 1 1 3 3
1 0 2 0 3 1 3 0 0 1 0 1 1 1 1 0
2 2 3 3 0 2 2 2 3 1 2 3 2 1 1 1
3 1 0 0 1 3 0 1 3 3 2 3 1 0 3 3
1 2 2 1 2 2 1 1 3 0 3 2 2 1 1 1
2 3 2 1 1 2 1 0 3 3 0 2 2 3 3 2
0 2 1 0 0 3 2 2 0 3 2 2 0 2 0 1
57 54 29 75 53 6 54 79 31 80 54 81 8 57 57 32
33 53 52 52 80 52 7 52 29 28 6 6 78 77 6 33
27 30 7 33 78 32 78 28 33 55 5 31 51 56 80 52
76 32 75 80 30 4 32 54 81 52 52 81 80 57 8 77
80 4 8 55 4 30 80 5 32 54 8 29 55 81 32 27
9 6 9 33 32 29 5 31 9 4 27 79 55 7 27 3
6 33 4 27 31 78 29 81 32 79 75 32 78 52 8 8
28 28 51 5 33 9 54 31 77 27 7 75 80 56 78 81
57 52 79 56 78 53 31 81 79 30 80 7 6 81 29 57
4 6 75 3 75 52 9 77 51 9 77 3 32 30 77 80
30 9 57 7 76 29 75 6 7 33 5 33 29 29 29 3
51 51 75 80 4 55 57 57 78 29 53 79 52 27 30 30
79 33 8 8 32 81 9 28 80 80 53 75 28 9 81 79
28 55 52 28 51 57 28 28 77 7 76 56 52 31 32 33
55 75 54 29 27 51 31 4 78 77 4 53 56 78 75 52
5 52 27 5 9 81 57 51 5 79 55 56 6 53 9 31
