0 0 0 0 0 0 0 0 0 0 0 0 0 0 0 0
1 1 1 1 1 1 1 1 1 1 1 1 1 1 1 1
2 2 2 2 2 2 2 2 2 2 2 2 2 2 2 2
3 3 3 3 3 3 3 3 3 3 3 3 3 3 3 3
0 0 0 0 0 0 0 0 0 0 0 0 0 0 0 0
1 1 1 1 1 1 1 1 1 1 1 1 1 1 1 1
2 2 2 2 2 2 2 2 2 2 2 2 2 2 2 2
3 3 3 3 3 3 3 3 3 3 3 3 3 3 3 3
0 0 0 0 0 0 0 0 0 0 0 0 0 0 0 0
1 1 1 1 1 1 1 1 1 1 1 1 1 1 1 1
2 2 2 2 2 2 2 2 2 2 2 2 2 2 2 2
3 3 3 3 3 3 3 3 3 3 3 3 3 3 3 3
0 0 0 0 0 0 0 0 0 0 0 0 0 0 0 0
1 1 1 1 1 1 1 1 1 1 1 1 1 1 1 1
2 2 2 2 2 2 2 2 2 2 2 2 2 2 2 2
3 3 3 3 3 3 3 3 3 3 3 3 3 3 3 3
6 6 9 3 3 3 7 5 8 4 7 8 7 6 5 9
27 27 27 32 27 33 32 33 27 33 31 28 32 28 28 30
55 53 55 52 53 52 55 57 56 53 55 54 57 56 57 53
80 80 76 81 75 81 78 75 77 79 80 79 81 80 77 79
4 3 8 9 8 6 8 3 8 9 8 9 8 6 3 5
32 30 30 30 31 29 32 33 32 29 32 31 29 32 33 33
51 55 53 54 54 57 57 55 57 57 52 56 51 52 56 53
81 76 78 75 79 81 80 80 80 77 79 77 75 80 80 75
4 3 8 6 8 5 9 3 7 9 9 9 3 5 9 9
28 33 31 33 28 33 33 30 30 29 28 30 33 30 31 27
52 57 55 54 53 56 56 56 52 56 56 54 54 55 57 56
76 78 78 76 75 75 81 79 79 75 75 76 79 79 76 76
5 9 4 7 8 4 5 4 8 9 7 3 9 4 8 6
28 32 28 30 27 30 28 27 32 27 31 32 33 32 28 29
55 52 55 55 52 56 52 51 55 57 52 51 53 57 56 52
76 81 78 80 78 81 76 79 79 80 75 78 76 79 77 75
