0 0 0 0 0 0 0 0 0 0 0 0 0 0 0 0
1 1 1 1 1 1 1 1 1 1 1 1 1 1 1 1
2 2 2 2 2 2 2 2 2 2 2 2 2 2 2 2
3 3 3 3 3 3 3 3 3 3 3 3 3 3 3 3
0 0 0 0 0 0 0 0 0 0 0 0 0 0 0 0
1 1 1 1 1 1 1 1 1 1 1 1 1 1 1 1
2 2 2 2 2 2 2 2 2 2 2 2 2 2 2 2
3 3 3 3 3 3 3 3 3 3 3 3 3 3 3 3
0 0 0 0 0 0 0 0 0 0 0 0 0 0 0 0
1 1 1 1 1 1 1 1 1 1 1 1 1 1 1 1
2 2 2 2 2 2 2 2 2 2 2 2 2 2 2 2
3 3 3 3 3 3 3 3 3 3 3 3 3 3 3 3
0 0 0 0 0 0 0 0 0 0 0 0 0 0 0 0
1 1 1 1 1 1 1 1 1 1 1 1 1 1 1 1
2 2 2 2 2 2 2 2 2 2 2 2 2 2 2 2
3 3 3 3 3 3 3 3 3 3 3 3 3 3 3 3
4 4 9 7 7 9 4 8 6 9 9 7 5 5 8 9
29 28 28 31 30 33 33 29 32 27 31 33 27 32 32 31
55 53 51 55 52 54 57 55 52 52 57 55 56 51 51 52
81 75 77 76 78 80 75 81 79 80 75 78 78 76 79 81
6 7 3 3 4 4 7 5 6 7 7 4 6 6 9 7
31 28 32 29 27 33 29 31 28 33 31 27 31 31 29 30
55 52 56 52 54 56 56 57 52 54 51 56 55 51 57 51
78 79 80 78 75 78 81 75 77 81 79 80 78 79 80 80
3 6 4 3 8 9 4 5 9 9 4 8 8 6 9 8
32 28 33 33 28 29 29 32 31 32 27 33 30 30 29 32
52 54 54 56 55 51 54 54 54 55 57 52 51 55 54 55
77 78 77 77 75 76 75 75 81 81 81 80 75 77 77 81
9 4 5 9 9 8 7 7 3 6 8 3 9 8 4 3
28 27 32 30 28 31 27 30 29 33 33 27 29 32 31 29
51 57 57 52 55 55 55 56 54 54 57 51 52 57 54 52
79 76 77 77 76 76 77 77 75 75 77 80 76 76 78 75
