0 0 0 0 0 0 0 0 0 0 0 0 0 0 0 0
1 1 1 1 1 1 1 1 1 1 1 1 1 1 1 1
2 2 2 2 2 2 2 2 2 2 2 2 2 2 2 2
3 3 3 3 3 3 3 3 3 3 3 3 3 3 3 3
0 0 0 0 0 0 0 0 0 0 0 0 0 0 0 0
1 1 1 1 1 1 1 1 1 1 1 1 1 1 1 1
2 2 2 2 2 2 2 2 2 2 2 2 2 2 2 2
3 3 3 3 3 3 3 3 3 3 3 3 3 3 3 3
0 0 0 0 0 0 0 0 0 0 0 0 0 0 0 0
1 1 1 1 1 1 1 1 1 1 1 1 1 1 1 1
2 2 2 2 2 2 2 2 2 2 2 2 2 2 2 2
3 3 3 3 3 3 3 3 3 3 3 3 3 3 3 3
0 0 0 0 0 0 0 0 0 0 0 0 0 0 0 0
1 1 1 1 1 1 1 1 1 1 1 1 1 1 1 1
2 2 2 2 2 2 2 2 2 2 2 2 2 2 2 2
3 3 3 3 3 3 3 3 3 3 3 3 3 3 3 3
6 7 9 4 4 8 4 6 6 8 8 4 7 8 4 6
29 30 30 27 28 29 29 33 27 30 31 27 28 31 32 33
55 54 53 57 53 55 56 53 51 54 51 57 53 57 54 52
78 79 76 75 76 77 81 77 78 80 75 81 76 75 80 79
6 6 4 6 7 9 5 3 3 5 8 7 3 6 4 6
31 27 29 27 28 27 30 32 28 29 27 27 33 31 33 31
56 55 53 55 55 57 55 52 51 57 53 52 52 57 55 57
77 80 80 77 78 79 75 78 81 81 81 78 75 77 78 75
9 9 6 3 9 9 7 8 8 5 7 4 3 9 8 8
31 29 29 32 28 29 31 30 31 27 31 30 31 30 28 33
56 56 55 57 53 52 55 55 57 54 53 56 51 53 53 55
81 78 77 75 76 77 75 79 80 80 75 75 75 75 75 79
9 7 5 6 9 7 5 4 5 9 6 7 5 5 7 5
30 27 30 33 31 27 27 31 29 28 31 29 33 30 27 27
52 56 51 57 54 55 52 57 52 54 56 57 54 54 55 53
77 78 80 79 76 77 77 78 80 79 77 79 81 80 79 77
