0 0 0 0 0 0 0 0 0 0 0 0 0 0 0 0
1 1 1 1 1 1 1 1 1 1 1 1 1 1 1 1
2 2 2 2 2 2 2 2 2 2 2 2 2 2 2 2
3 3 3 3 3 3 3 3 3 3 3 3 3 3 3 3
0 0 0 0 0 0 0 0 0 0 0 0 0 0 0 0
1 1 1 1 1 1 1 1 1 1 1 1 1 1 1 1
2 2 2 2 2 2 2 2 2 2 2 2 2 2 2 2
3 3 3 3 3 3 3 3 3 3 3 3 3 3 3 3
0 0 0 0 0 0 0 0 0 0 0 0 0 0 0 0
1 1 1 1 1 1 1 1 1 1 1 1 1 1 1 1
2 2 2 2 2 2 2 2 2 2 2 2 2 2 2 2
3 3 3 3 3 3 3 3 3 3 3 3 3 3 3 3
0 0 0 0 0 0 0 0 0 0 0 0 0 0 0 0
1 1 1 1 1 1 1 1 1 1 1 1 1 1 1 1
2 2 2 2 2 2 2 2 2 2 2 2 2 2 2 2
3 3 3 3 3 3 3 3 3 3 3 3 3 3 3 3
3 8 6 7 9 4 6 6 4 9 8 5 9 9 5 6
30 30 32 33 27 31 27 31 29 32 28 33 30 29 32 29
54 55 52 54 56 52 56 54 51 56 52 52 55 55 57 56
75 78 77 81 75 81 75 80 76 79 75 77 80 75 79 75
4 9 3 7 3 6 8 8 7 4 5 3 9 3 9 6
30 27 27 31 29 30 30 31 27 28 32 31 30 28 27 33
51 53 55 54 52 53 56 56 52 56 53 53 52 52 54 55
80 75 79 78 80 79 77 78 75 80 77 78 78 79 79 78
4 6 5 3 4 4 5 6 5 6 4 7 6 7 8 3
28 30 32 27 33 32 31 29 31 31 33 28 33 31 30 31
53 57 57 57 57 55 57 52 56 52 51 55 52 53 57 56
80 78 79 79 81 77 80 79 80 81 80 81 76 75 81 76
5 9 3 6 9 5 9 4 4 8 4 4 3 6 8 7
31 29 30 33 27 33 27 33 29 29 32 29 32 30 30 29
56 55 53 51 56 57 54 56 52 52 54 54 57 57 57 56
80 76 75 80 76 77 80 77 77 76 77 79 81 78 80 76
