0 0 0 0 0 0 0 0 0 0 0 0 0 0 0 0
1 1 1 1 1 1 1 1 1 1 1 1 1 1 1 1
2 2 2 2 2 2 2 2 2 2 2 2 2 2 2 2
3 3 3 3 3 3 3 3 3 3 3 3 3 3 3 3
0 0 0 0 0 0 0 0 0 0 0 0 0 0 0 0
1 1 1 1 1 1 1 1 1 1 1 1 1 1 1 1
2 2 2 2 2 2 2 2 2 2 2 2 2 2 2 2
3 3 3 3 3 3 3 3 3 3 3 3 3 3 3 3
0 0 0 0 0 0 0 0 0 0 0 0 0 0 0 0
1 1 1 1 1 1 1 1 1 1 1 1 1 1 1 1
2 2 2 2 2 2 2 2 2 2 2 2 2 2 2 2
3 3 3 3 3 3 3 3 3 3 3 3 3 3 3 3
0 0 0 0 0 0 0 0 0 0 0 0 0 0 0 0
1 1 1 1 1 1 1 1 1 1 1 1 1 1 1 1
2 2 2 2 2 2 2 2 2 2 2 2 2 2 2 2
3 3 3 3 3 3 3 3 3 3 3 3 3 3 3 3
9 5 9 3 4 4 5 5 3 3 3 3 4 6 8 4
28 27 32 27 32 27 32 30 32 30 33 33 27 33 29 27
52 53 52 51 51 57 51 56 53 57 56 52 57 54 55 54
81 75 80 75 79 76 77 81 76 75 76 79 75 79 77 76
3 9 4 8 5 3 5 6 7 7 5 9 5 7 6 7
32 28 28 31 28 27 32 30 30 30 29 28 32 29 32 28
55 55 57 51 54 56 51 53 52 52 51 54 55 57 52 51
77 79 79 81 76 75 76 79 80 78 79 81 80 78 81 76
7 4 3 5 3 7 6 7 5 4 8 6 8 3 9 6
33 27 27 31 32 32 28 29 27 29 29 29 31 32 29 32
54 51 55 53 54 56 53 57 51 57 54 55 51 54 51 55
81 78 80 79 81 80 77 77 79 80 77 76 76 78 75 77
9 7 6 6 4 8 4 3 3 7 4 3 3 9 5 7
32 32 33 33 27 29 31 29 29 31 32 33 31 32 31 32
55 56 53 56 55 56 55 56 51 54 53 51 54 52 52 53
75 81 78 75 75 78 81 77 76 79 79 76 79 77 75 80
