0 0 0 0 0 0 0 0 0 0 0 0 0 0 0 0
1 1 1 1 1 1 1 1 1 1 1 1 1 1 1 1
2 2 2 2 2 2 2 2 2 2 2 2 2 2 2 2
3 3 3 3 3 3 3 3 3 3 3 3 3 3 3 3
0 0 0 0 0 0 0 0 0 0 0 0 0 0 0 0
1 1 1 1 1 1 1 1 1 1 1 1 1 1 1 1
2 2 2 2 2 2 2 2 2 2 2 2 2 2 2 2
3 3 3 3 3 3 3 3 3 3 3 3 3 3 3 3
0 0 0 0 0 0 0 0 0 0 0 0 0 0 0 0
1 1 1 1 1 1 1 1 1 1 1 1 1 1 1 1
2 2 2 2 2 2 2 2 2 2 2 2 2 2 2 2
3 3 3 3 3 3 3 3 3 3 3 3 3 3 3 3
0 0 0 0 0 0 0 0 0 0 0 0 0 0 0 0
1 1 1 1 1 1 1 1 1 1 1 1 1 1 1 1
2 2 2 2 2 2 2 2 2 2 2 2 2 2 2 2
3 3 3 3 3 3 3 3 3 3 3 3 3 3 3 3
9 5 6 4 8 8 4 8 8 4 3 7 6 4 9 3
31 31 33 30 31 33 31 28 29 30 31 30 28 31 32 27
56 54 56 56 55 53 54 51 51 54 55 52 57 54 51 53
75 77 78 81 79 76 78 77 80 76 77 80 81 79 75 81
5 6 3 6 7 4 4 4 7 7 9 9 3 9 7 8
29 28 33 28 28 31 28 33 31 27 31 33 33 31 27 32
53 51 52 56 56 55 55 52 54 57 53 53 57 56 56 56
77 81 77 76 77 80 79 75 75 81 80 79 79 79 78 81
6 5 9 9 8 4 6 9 7 5 5 8 8 6 9 5
32 33 27 30 32 29 33 33 27 28 31 33 28 28 29 27
56 53 56 53 54 53 51 55 51 53 55 53 55 51 51 53
78 79 80 80 75 80 77 75 76 80 80 78 76 78 75 75
6 4 6 9 8 3 7 6 8 9 3 6 6 9 8 9
30 29 30 33 30 28 30 28 33 28 28 28 30 27 31 31
57 51 57 51 55 55 53 52 54 55 53 54 51 55 52 55
77 76 78 80 80 75 78 77 81 81 78 80 77 78 76 81
