0 0 0 0 0 0 0 0 0 0 0 0 0 0 0 0
1 1 1 1 1 1 1 1 1 1 1 1 1 1 1 1
2 2 2 2 2 2 2 2 2 2 2 2 2 2 2 2
3 3 3 3 3 3 3 3 3 3 3 3 3 3 3 3
0 0 0 0 0 0 0 0 0 0 0 0 0 0 0 0
1 1 1 1 1 1 1 1 1 1 1 1 1 1 1 1
2 2 2 2 2 2 2 2 2 2 2 2 2 2 2 2
3 3 3 3 3 3 3 3 3 3 3 3 3 3 3 3
0 0 0 0 0 0 0 0 0 0 0 0 0 0 0 0
1 1 1 1 1 1 1 1 1 1 1 1 1 1 1 1
2 2 2 2 2 2 2 2 2 2 2 2 2 2 2 2
3 3 3 3 3 3 3 3 3 3 3 3 3 3 3 3
0 0 0 0 0 0 0 0 0 0 0 0 0 0 0 0
1 1 1 1 1 1 1 1 1 1 1 1 1 1 1 1
2 2 2 2 2 2 2 2 2 2 2 2 2 2 2 2
3 3 3 3 3 3 3 3 3 3 3 3 3 3 3 3
3 6 4 3 3 9 5 9 3 7 7 8 4 9 7 4
30 30 31 33 28 27 27 27 30 31 28 27 29 27 33 33
55 51 52 53 55 51 51 51 53 51 53 56 52 51 56 53
81 79 80 75 78 76 80 78 75 81 76 81 75 80 76 77
6 8 5 6 8 8 6 7 7 3 8 8 3 3 6 6
33 31 28 28 28 32 32 29 32 28 30 27 30 27 33 33
51 52 56 52 54 51 52 57 52 55 51 53 54 54 52 56
77 80 78 80 75 75 77 77 81 79 77 77 80 76 81 81
6 5 6 8 9 6 6 6 8 6 5 8 9 7 8 5
30 30 27 29 29 28 32 31 29 27 28 31 33 30 27 30
54 51 56 53 51 53 52 53 57 56 56 54 52 52 53 55
75 79 78 79 76 75 80 76 80 75 79 79 76 79 75 78
4 6 5 8 6 9 9 3 4 5 7 3 9 4 5 8
30 33 32 28 29 28 28 33 30 33 29 27 32 33 33 29
52 56 57 54 54 55 52 51 53 56 53 52 52 54 57 56
80 78 80 77 78 75 77 79 75 81 77 78 81 81 75 75
