0 0 0 0 0 0 0 0 0 0 0 0 0 0 0 0
1 1 1 1 1 1 1 1 1 1 1 1 1 1 1 1
2 2 2 2 2 2 2 2 2 2 2 2 2 2 2 2
3 3 3 3 3 3 3 3 3 3 3 3 3 3 3 3
0 0 0 0 0 0 0 0 0 0 0 0 0 0 0 0
1 1 1 1 1 1 1 1 1 1 1 1 1 1 1 1
2 2 2 2 2 2 2 2 2 2 2 2 2 2 2 2
3 3 3 3 3 3 3 3 3 3 3 3 3 3 3 3
0 0 0 0 0 0 0 0 0 0 0 0 0 0 0 0
1 1 1 1 1 1 1 1 1 1 1 1 1 1 1 1
2 2 2 2 2 2 2 2 2 2 2 2 2 2 2 2
3 3 3 3 3 3 3 3 3 3 3 3 3 3 3 3
0 0 0 0 0 0 0 0 0 0 0 0 0 0 0 0
1 1 1 1 1 1 1 1 1 1 1 1 1 1 1 1
2 2 2 2 2 2 2 2 2 2 2 2 2 2 2 2
3 3 3 3 3 3 3 3 3 3 3 3 3 3 3 3
6 9 4 7 3 4 8 5 8 7 9 5 8 5 3 7
30 33 30 29 27 29 29 30 32 29 29 32 28 28 33 33
56 51 52 51 53 52 57 56 51 51 54 51 51 54 57 53
81 78 77 81 79 75 78 77 79 81 75 78 77 79 75 76
7 8 7 5 9 8 8 5 6 3 8 6 7 8 6 9
32 28 31 28 31 30 27 33 27 29 28 27 32 28 29 33
53 56 52 53 57 55 54 56 51 55 53 56 57 55 51 51
78 78 81 77 78 78 80 79 81 76 79 78 81 80 77 76
7 3 5 6 9 4 9 6 6 9 7 9 4 4 3 3
31 29 27 27 29 29 32 30 28 32 28 31 32 30 33 29
56 52 52 53 52 53 55 54 56 52 52 56 55 54 51 52
81 75 81 76 76 77 75 75 77 76 76 80 78 75 76 77
3 6 7 3 3 3 3 3 3 7 9 5 5 4 5 7
32 31 33 28 28 30 33 31 32 31 29 29 32 32 32 28
53 55 55 57 55 53 55 51 51 53 52 51 52 56 57 55
78 76 77 81 81 75 77 78 78 78 77 78 77 78 80 78
