0 0 0 0 0 0 0 0 0 0 0 0 0 0 0 0
1 1 1 1 1 1 1 1 1 1 1 1 1 1 1 1
2 2 2 2 2 2 2 2 2 2 2 2 2 2 2 2
3 3 3 3 3 3 3 3 3 3 3 3 3 3 3 3
0 0 0 0 0 0 0 0 0 0 0 0 0 0 0 0
1 1 1 1 1 1 1 1 1 1 1 1 1 1 1 1
2 2 2 2 2 2 2 2 2 2 2 2 2 2 2 2
3 3 3 3 3 3 3 3 3 3 3 3 3 3 3 3
0 0 0 0 0 0 0 0 0 0 0 0 0 0 0 0
1 1 1 1 1 1 1 1 1 1 1 1 1 1 1 1
2 2 2 2 2 2 2 2 2 2 2 2 2 2 2 2
3 3 3 3 3 3 3 3 3 3 3 3 3 3 3 3
0 0 0 0 0 0 0 0 0 0 0 0 0 0 0 0
1 1 1 1 1 1 1 1 1 1 1 1 1 1 1 1
2 2 2 2 2 2 2 2 2 2 2 2 2 2 2 2
3 3 3 3 3 3 3 3 3 3 3 3 3 3 3 3
3 4 8 3 3 6 4 5 5 6 3 7 9 7 5 6
27 28 31 32 32 32 27 33 33 33 28 28 31 27 28 31
57 54 56 56 51 56 52 52 57 53 51 52 57 53 55 54
76 81 76 78 75 77 76 78 81 76 76 80 78 77 79 79
7 3 3 5 6 8 5 4 3 9 7 5 8 7 5 6
27 27 29 29 28 27 27 33 28 28 31 33 32 27 29 30
55 51 54 55 57 53 56 53 53 56 53 57 57 56 51 56
81 81 80 76 81 79 77 81 79 79 78 81 75 77 81 77
3 7 3 3 4 5 3 6 4 7 8 8 5 5 9 8
27 33 32 28 29 28 27 31 27 28 32 30 31 29 29 33
53 56 51 54 54 51 51 52 52 57 56 57 51 52 54 57
75 81 81 75 76 77 80 79 81 80 75 75 80 76 78 81
8 6 3 9 9 7 7 9 8 9 5 3 7 9 8 4
27 28 33 33 29 29 31 30 33 33 33 29 30 28 29 30
53 52 55 51 52 57 52 56 52 54 51 54 57 52 54 52
79 75 80 76 80 78 79 80 76 76 79 75 76 76 79 77
