0 0 0 0 0 0 0 0 0 0 0 0 0 0 0 0
1 1 1 1 1 1 1 1 1 1 1 1 1 1 1 1
2 2 2 2 2 2 2 2 2 2 2 2 2 2 2 2
3 3 3 3 3 3 3 3 3 3 3 3 3 3 3 3
0 0 0 0 0 0 0 0 0 0 0 0 0 0 0 0
1 1 1 1 1 1 1 1 1 1 1 1 1 1 1 1
2 2 2 2 2 2 2 2 2 2 2 2 2 2 2 2
3 3 3 3 3 3 3 3 3 3 3 3 3 3 3 3
0 0 0 0 0 0 0 0 0 0 0 0 0 0 0 0
1 1 1 1 1 1 1 1 1 1 1 1 1 1 1 1
2 2 2 2 2 2 2 2 2 2 2 2 2 2 2 2
3 3 3 3 3 3 3 3 3 3 3 3 3 3 3 3
0 0 0 0 0 0 0 0 0 0 0 0 0 0 0 0
1 1 1 1 1 1 1 1 1 1 1 1 1 1 1 1
2 2 2 2 2 2 2 2 2 2 2 2 2 2 2 2
3 3 3 3 3 3 3 3 3 3 3 3 3 3 3 3
9 4 3 9 8 8 3 6 7 8 5 7 4 5 8 7
31 30 33 27 27 31 31 32 28 27 30 33 29 27 29 28
54 51 56 55 57 55 54 57 52 57 57 52 52 56 51 57
78 75 77 76 75 78 80 76 80 77 79 75 78 77 80 77
9 8 8 9 5 9 9 4 6 6 7 7 8 6 9 7
27 31 27 31 32 32 29 33 32 29 31 33 33 28 33 27
56 56 52 56 57 55 53 57 53 55 52 52 51 54 52 57
76 76 77 80 78 80 76 79 75 81 76 81 77 78 75 77
3 9 8 7 4 4 6 7 3 7 8 3 5 3 3 3
27 32 29 28 30 27 31 33 27 31 33 30 29 30 29 33
53 51 57 52 57 53 51 55 54 53 52 53 57 51 55 57
78 77 76 80 78 76 77 77 78 79 78 77 79 79 77 79
6 8 7 7 3 3 9 6 9 7 6 5 8 8 7 9
29 28 29 29 27 30 30 31 28 30 27 28 27 28 32 28
54 51 54 57 51 51 56 57 53 57 54 56 51 57 51 54
79 76 75 75 81 80 79 78 77 80 79 78 81 77 79 81
