1 3 3 0 1 1 1 2 0 0 0 0 3 1 2 3
0 0 3 3 2 2 0 2 0 3 2 1 1 2 1 2
0 1 1 0 0 0 0 2 1 2 0 0 1 0 0 0
2 3 2 0 1 1 3 2 1 3 3 3 0 1 1 3
3 2 2 2 1 3 0 1 2 2 3 3 0 0 1 0
1 2 1 2 1 3 3 2 0 3 0 0 1 2 2 3
1 3 2 0 3 3 2 3 2 0 1 1 0 3 1 0
0 0 2 3 0 3 1 3 1 2 1 0 0 2 0 3
3 0 0 3 3 2 3 3 0 3 1 2 0 0 3 0
0 3 1 2 1 0 2 3 1 0 3 1 0 2 0 1
0 2 3 2 0 0 2 3 0 0 2 2 0 2 3 3
1 1 0 1 1 3 1 2 2 0 2 0 3 2 2 0
2 3 1 3 3 0 1 1 0 0 1 0 2 0 3 2
3 1 1 3 3 1 0 0 0 3 0 2 2 2 2 1
3 3 2 1 0 1 0 1 3 0 3 3 0 1 0 1
0 2 0 2 1 3 0 0 1 2 0 2 3 1 0 1
32 75 81 9 27 30 32 52 3 3 3 5 75 29 53 78
5 4 76 76 55 53 3 55 9 78 56 30 32 52 28 55
5 31 30 3 4 4 8 53 32 55 8 7 31 6 8 4
53 79 53 9 28 27 75 57 29 80 75 81 9 32 32 80
81 57 51 51 28 79 9 32 51 56 75 79 7 9 32 4
30 51 28 57 27 81 78 51 7 76 3 6 29 51 56 76
33 80 52 7 76 76 56 79 53 9 32 28 3 77 27 4
6 3 53 77 9 76 28 78 28 52 32 3 7 55 4 79
79 7 5 80 81 57 76 78 7 78 33 53 6 5 81 6
5 75 33 56 32 9 52 76 33 4 76 32 9 54 5 33
8 54 76 55 8 5 56 79 5 8 56 56 5 51 77 80
30 28 6 29 33 80 32 54 54 4 52 3 76 55 55 7
56 76 27 76 79 5 27 27 4 8 31 9 53 7 81 57
78 29 27 76 79 29 3 3 5 78 6 53 55 54 56 32
78 75 51 32 6 27 8 30 79 9 80 78 9 31 7 32
5 55 9 57 28 79 8 6 32 52 7 51 75 29 5 33
