0 0 0 0 0 0 0 0 1 1 1 1 1 1 1 1
2 2 2 2 2 2 2 2 3 3 3 3 3 3 3 3
0 0 0 0 0 0 0 0 1 1 1 1 1 1 1 1
2 2 2 2 2 2 2 2 3 3 3 3 3 3 3 3
0 0 0 0 0 0 0 0 1 1 1 1 1 1 1 1
2 2 2 2 2 2 2 2 3 3 3 3 3 3 3 3
0 0 0 0 0 0 0 0 1 1 1 1 1 1 1 1
2 2 2 2 2 2 2 2 3 3 3 3 3 3 3 3
0 0 0 0 0 0 0 0 1 1 1 1 1 1 1 1
2 2 2 2 2 2 2 2 3 3 3 3 3 3 3 3
0 0 0 0 0 0 0 0 1 1 1 1 1 1 1 1
2 2 2 2 2 2 2 2 3 3 3 3 3 3 3 3
0 0 0 0 0 0 0 0 1 1 1 1 1 1 1 1
2 2 2 2 2 2 2 2 3 3 3 3 3 3 3 3
0 0 0 0 0 0 0 0 1 1 1 1 1 1 1 1
2 2 2 2 2 2 2 2 3 3 3 3 3 3 3 3
4 4 9 3 9 6 8 8 29 31 32 29 31 30 29 31
54 53 52 52 56 54 54 55 81 76 81 78 81 79 78 80
8 9 4 8 3 7 4 6 28 29 28 32 31 30 30 29
57 56 56 51 53 55 52 55 76 81 81 80 80 77 79 77
6 4 4 8 4 8 7 8 30 27 33 33 27 30 30 30
51 55 51 51 53 53 57 52 76 80 80 81 77 79 78 78
4 4 6 7 9 7 4 4 31 31 30 28 27 29 27 29
55 56 57 51 51 56 56 52 75 78 79 77 75 76 81 75
5 6 4 6 6 9 3 5 29 33 30 32 32 32 27 31
54 55 51 53 57 51 52 51 81 79 76 79 80 78 76 76
3 5 8 3 3 8 4 6 29 29 29 31 28 27 32 30
55 56 57 57 51 57 53 55 78 78 77 81 75 76 78 77
6 7 7 3 8 7 9 5 28 32 29 27 31 29 29 31
56 56 51 53 57 55 51 51 75 81 81 79 76 81 76 78
8 9 9 8 8 9 3 4 30 27 28 27 33 31 33 29
53 54 55 53 57 54 57 57 81 79 77 77 78 77 81 78
