0 0 0 0 0 0 0 0 1 1 1 1 1 1 1 1
2 2 2 2 2 2 2 2 3 3 3 3 3 3 3 3
0 0 0 0 0 0 0 0 1 1 1 1 1 1 1 1
2 2 2 2 2 2 2 2 3 3 3 3 3 3 3 3
0 0 0 0 0 0 0 0 1 1 1 1 1 1 1 1
2 2 2 2 2 2 2 2 3 3 3 3 3 3 3 3
0 0 0 0 0 0 0 0 1 1 1 1 1 1 1 1
2 2 2 2 2 2 2 2 3 3 3 3 3 3 3 3
0 0 0 0 0 0 0 0 1 1 1 1 1 1 1 1
2 2 2 2 2 2 2 2 3 3 3 3 3 3 3 3
0 0 0 0 0 0 0 0 1 1 1 1 1 1 1 1
2 2 2 2 2 2 2 2 3 3 3 3 3 3 3 3
0 0 0 0 0 0 0 0 1 1 1 1 1 1 1 1
2 2 2 2 2 2 2 2 3 3 3 3 3 3 3 3
0 0 0 0 0 0 0 0 1 1 1 1 1 1 1 1
2 2 2 2 2 2 2 2 3 3 3 3 3 3 3 3
8 7 7 7 6 4 6 3 27 33 33 32 32 33 31 31
53 51 55 53 57 56 57 56 77 75 81 78 79 81 77 78
3 8 5 9 9 3 7 6 29 27 30 27 33 32 33 29
52 54 55 55 56 53 56 57 77 81 76 75 77 81 80 81
5 4 6 7 7 5 7 5 31 31 32 31 32 27 30 28
51 52 54 52 55 56 55 51 81 75 81 81 79 75 77 79
7 4 8 7 9 3 6 3 33 31 31 27 31 29 28 32
54 56 57 57 55 52 52 56 75 81 78 76 81 81 75 81
7 9 6 4 8 9 8 3 30 28 29 32 30 28 27 30
53 52 56 55 56 53 53 51 77 78 78 80 80 76 75 79
5 4 6 9 4 9 5 7 28 29 31 32 30 33 28 32
53 56 57 54 54 57 53 53 75 81 77 77 81 77 79 80
6 7 7 5 6 9 4 3 33 33 32 30 30 27 31 33
54 53 51 55 55 54 54 52 77 81 81 77 81 80 80 78
6 4 5 8 8 6 9 9 27 31 31 29 31 30 29 31
51 53 56 53 55 56 57 57 77 76 81 80 76 76 80 81
