0 0 0 0 0 0 0 0 1 1 1 1 1 1 1 1
2 2 2 2 2 2 2 2 3 3 3 3 3 3 3 3
0 0 0 0 0 0 0 0 1 1 1 1 1 1 1 1
2 2 2 2 2 2 2 2 3 3 3 3 3 3 3 3
0 0 0 0 0 0 0 0 1 1 1 1 1 1 1 1
2 2 2 2 2 2 2 2 3 3 3 3 3 3 3 3
0 0 0 0 0 0 0 0 1 1 1 1 1 1 1 1
2 2 2 2 2 2 2 2 3 3 3 3 3 3 3 3
0 0 0 0 0 0 0 0 1 1 1 1 1 1 1 1
2 2 2 2 2 2 2 2 3 3 3 3 3 3 3 3
0 0 0 0 0 0 0 0 1 1 1 1 1 1 1 1
2 2 2 2 2 2 2 2 3 3 3 3 3 3 3 3
0 0 0 0 0 0 0 0 1 1 1 1 1 1 1 1
2 2 2 2 2 2 2 2 3 3 3 3 3 3 3 3
0 0 0 0 0 0 0 0 1 1 1 1 1 1 1 1
2 2 2 2 2 2 2 2 3 3 3 3 3 3 3 3
8 5 3 6 5 3 3 4 31 27 29 28 27 33 31 33
56 51 56 52 53 56 51 56 81 81 78 79 77 76 81 80
4 9 5 4 5 4 5 5 32 30 30 28 33 28 28 27
53 53 55 57 52 54 55 52 78 80 77 78 79 80 81 79
6 9 7 7 6 4 6 7 28 28 29 31 28 29 31 27
57 54 51 55 54 57 53 54 76 81 77 79 75 81 75 79
8 3 3 5 4 8 5 3 32 33 32 27 32 27 29 33
51 51 55 57 52 54 57 54 78 75 76 78 81 81 78 77
6 6 9 7 6 3 8 9 29 32 30 32 30 28 29 29
55 52 57 52 51 53 55 56 79 75 81 78 77 78 78 80
3 8 5 4 4 9 5 3 29 27 29 33 29 30 30 31
55 55 51 51 57 56 51 55 75 76 80 79 77 79 80 76
4 3 7 7 6 6 3 9 30 32 30 31 29 30 28 29
51 57 57 57 54 51 53 56 81 80 79 77 76 79 80 76
7 3 8 4 7 7 6 9 31 29 30 32 28 27 31 30
51 56 53 53 57 54 52 51 76 77 75 79 79 76 77 79
