0 0 0 0 0 0 0 0 1 1 1 1 1 1 1 1
2 2 2 2 2 2 2 2 3 3 3 3 3 3 3 3
0 0 0 0 0 0 0 0 1 1 1 1 1 1 1 1
2 2 2 2 2 2 2 2 3 3 3 3 3 3 3 3
0 0 0 0 0 0 0 0 1 1 1 1 1 1 1 1
2 2 2 2 2 2 2 2 3 3 3 3 3 3 3 3
0 0 0 0 0 0 0 0 1 1 1 1 1 1 1 1
2 2 2 2 2 2 2 2 3 3 3 3 3 3 3 3
0 0 0 0 0 0 0 0 1 1 1 1 1 1 1 1
2 2 2 2 2 2 2 2 3 3 3 3 3 3 3 3
0 0 0 0 0 0 0 0 1 1 1 1 1 1 1 1
2 2 2 2 2 2 2 2 3 3 3 3 3 3 3 3
0 0 0 0 0 0 0 0 1 1 1 1 1 1 1 1
2 2 2 2 2 2 2 2 3 3 3 3 3 3 3 3
0 0 0 0 0 0 0 0 1 1 1 1 1 1 1 1
2 2 2 2 2 2 2 2 3 3 3 3 3 3 3 3
5 6 5 9 5 7 3 4 28 29 28 28 32 31 28 32
54 57 51 52 53 57 54 53 78 81 79 80 78 76 78 80
7 9 6 9 5 9 4 3 29 28 29 30 30 32 30 28
56 51 52 51 53 57 51 57 81 78 76 80 75 76 80 78
5 5 8 5 7 7 3 8 29 33 27 33 32 28 28 30
56 52 56 53 57 53 57 57 80 81 80 75 75 75 75 78
5 9 3 4 4 5 4 4 28 29 30 31 33 28 29 29
51 57 55 52 57 54 51 56 77 76 77 77 79 81 76 80
7 6 9 5 6 8 8 9 33 32 29 32 28 28 27 29
55 51 52 54 53 57 54 51 79 78 75 79 79 77 79 80
3 8 7 6 7 3 7 4 31 32 29 28 32 27 29 33
53 56 53 55 55 55 55 56 79 79 81 76 78 81 75 79
3 4 4 7 7 7 5 4 30 31 33 33 33 32 29 33
56 54 54 57 54 54 57 53 81 80 78 78 76 75 77 79
4 6 5 8 3 6 5 6 30 33 28 30 31 30 27 33
54 53 51 52 56 52 55 57 76 80 76 79 79 80 77 75
