0 0 0 0 0 0 0 0 1 1 1 1 1 1 1 1
2 2 2 2 2 2 2 2 3 3 3 3 3 3 3 3
0 0 0 0 0 0 0 0 1 1 1 1 1 1 1 1
2 2 2 2 2 2 2 2 3 3 3 3 3 3 3 3
0 0 0 0 0 0 0 0 1 1 1 1 1 1 1 1
2 2 2 2 2 2 2 2 3 3 3 3 3 3 3 3
0 0 0 0 0 0 0 0 1 1 1 1 1 1 1 1
2 2 2 2 2 2 2 2 3 3 3 3 3 3 3 3
0 0 0 0 0 0 0 0 1 1 1 1 1 1 1 1
2 2 2 2 2 2 2 2 3 3 3 3 3 3 3 3
0 0 0 0 0 0 0 0 1 1 1 1 1 1 1 1
2 2 2 2 2 2 2 2 3 3 3 3 3 3 3 3
0 0 0 0 0 0 0 0 1 1 1 1 1 1 1 1
2 2 2 2 2 2 2 2 3 3 3 3 3 3 3 3
0 0 0 0 0 0 0 0 1 1 1 1 1 1 1 1
2 2 2 2 2 2 2 2 3 3 3 3 3 3 3 3
5 5 7 5 8 3 8 4 27 32 32 30 32 28 32 32
56 57 54 54 51 52 53 56 79 76 77 76 76 78 79 79
3 4 7 5 6 4 5 7 31 28 33 27 31 27 28 29
52 55 56 52 55 55 52 51 75 80 78 81 80 78 75 80
3 4 4 7 7 5 8 3 31 31 27 30 27 30 32 27
52 53 55 55 57 54 53 53 76 81 79 80 77 77 76 77
9 8 5 5 4 9 5 7 28 33 31 31 32 32 33 31
57 51 54 51 53 55 51 54 76 75 80 79 79 81 77 81
5 7 7 6 8 5 6 8 32 33 27 29 28 32 31 27
51 55 52 57 57 54 57 53 77 81 75 81 79 77 76 79
8 6 8 4 8 5 8 4 33 32 33 32 31 33 33 31
51 51 51 53 53 54 53 57 77 78 79 81 77 79 78 75
4 6 5 9 6 3 4 7 29 29 28 30 31 29 30 32
52 57 51 51 54 53 54 51 75 79 76 78 75 77 81 80
6 8 7 7 4 8 8 5 28 28 27 32 29 29 27 28
56 55 56 53 56 56 57 53 76 81 81 79 75 79 75 81
