0 0 0 0 0 0 0 0 1 1 1 1 1 1 1 1
2 2 2 2 2 2 2 2 3 3 3 3 3 3 3 3
0 0 0 0 0 0 0 0 1 1 1 1 1 1 1 1
2 2 2 2 2 2 2 2 3 3 3 3 3 3 3 3
0 0 0 0 0 0 0 0 1 1 1 1 1 1 1 1
2 2 2 2 2 2 2 2 3 3 3 3 3 3 3 3
0 0 0 0 0 0 0 0 1 1 1 1 1 1 1 1
2 2 2 2 2 2 2 2 3 3 3 3 3 3 3 3
0 0 0 0 0 0 0 0 1 1 1 1 1 1 1 1
2 2 2 2 2 2 2 2 3 3 3 3 3 3 3 3
0 0 0 0 0 0 0 0 1 1 1 1 1 1 1 1
2 2 2 2 2 2 2 2 3 3 3 3 3 3 3 3
0 0 0 0 0 0 0 0 1 1 1 1 1 1 1 1
2 2 2 2 2 2 2 2 3 3 3 3 3 3 3 3
0 0 0 0 0 0 0 0 1 1 1 1 1 1 1 1
2 2 2 2 2 2 2 2 3 3 3 3 3 3 3 3
5 9 7 6 6 9 4 9 27 29 32 27 27 32 32 28
54 52 56 51 53 52 51 54 77 81 76 77 77 75 75 80
5 7 5 4 3 8 3 8 33 30 31 33 32 32 33 30
56 55 51 52 56 55 57 54 81 77 79 77 76 80 75 76
6 5 8 7 4 4 6 8 27 33 29 28 30 33 28 27
52 57 51 57 57 52 52 56 75 75 76 76 77 80 77 75
6 4 6 7 9 3 7 8 32 29 32 28 30 28 31 32
54 52 51 54 53 56 56 56 80 78 77 78 79 81 78 77
3 4 6 8 9 9 8 6 27 30 29 33 29 28 29 28
56 51 53 52 52 54 53 54 76 81 75 76 76 77 81 78
6 9 8 5 5 3 8 8 30 31 27 31 32 32 28 29
51 51 54 57 51 54 57 55 75 76 81 80 81 81 76 81
9 5 4 3 5 9 7 8 30 30 29 27 30 30 30 28
52 52 57 54 52 53 51 55 80 76 81 78 81 78 78 80
8 6 9 8 3 4 9 3 31 32 27 31 30 28 33 30
51 53 52 51 57 55 55 52 78 76 79 75 79 76 79 78
