0 0 0 0 0 0 0 0 1 1 1 1 1 1 1 1
2 2 2 2 2 2 2 2 3 3 3 3 3 3 3 3
0 0 0 0 0 0 0 0 1 1 1 1 1 1 1 1
2 2 2 2 2 2 2 2 3 3 3 3 3 3 3 3
0 0 0 0 0 0 0 0 1 1 1 1 1 1 1 1
2 2 2 2 2 2 2 2 3 3 3 3 3 3 3 3
0 0 0 0 0 0 0 0 1 1 1 1 1 1 1 1
2 2 2 2 2 2 2 2 3 3 3 3 3 3 3 3
0 0 0 0 0 0 0 0 1 1 1 1 1 1 1 1
2 2 2 2 2 2 2 2 3 3 3 3 3 3 3 3
0 0 0 0 0 0 0 0 1 1 1 1 1 1 1 1
2 2 2 2 2 2 2 2 3 3 3 3 3 3 3 3
0 0 0 0 0 0 0 0 1 1 1 1 1 1 1 1
2 2 2 2 2 2 2 2 3 3 3 3 3 3 3 3
0 0 0 0 0 0 0 0 1 1 1 1 1 1 1 1
2 2 2 2 2 2 2 2 3 3 3 3 3 3 3 3
4 5 7 7 8 7 9 3 31 28 28 27 32 29 27 29
57 55 52 55 53 57 55 56 77 80 81 80 78 81 80 79
9 3 8 3 9 4 7 8 32 29 30 29 29 31 28 33
56 56 52 52 51 54 57 55 79 77 81 81 77 80 76 76
3 6 4 4 6 7 5 7 27 30 32 32 28 32 33 27
51 57 54 51 54 52 51 55 77 77 76 79 79 76 80 81
3 4 3 8 4 6 6 8 28 32 30 32 30 29 29 27
56 55 53 51 51 52 53 51 75 76 80 78 81 75 75 75
3 8 6 5 5 9 4 9 30 32 33 33 32 32 29 33
54 57 53 55 53 56 56 54 75 76 78 76 76 78 75 75
7 6 4 8 6 5 3 8 33 28 32 27 31 32 31 33
56 56 53 55 55 55 56 55 75 81 76 76 80 81 80 80
9 7 6 4 3 8 3 3 32 30 27 27 29 30 29 30
53 54 55 52 57 57 53 53 77 78 80 75 77 75 76 80
5 5 8 8 3 3 7 9 29 31 29 32 30 27 31 33
51 51 51 55 55 51 54 54 76 81 76 78 79 81 78 77
