0 0 0 0 0 0 0 0 1 1 1 1 1 1 1 1
2 2 2 2 2 2 2 2 3 3 3 3 3 3 3 3
0 0 0 0 0 0 0 0 1 1 1 1 1 1 1 1
2 2 2 2 2 2 2 2 3 3 3 3 3 3 3 3
0 0 0 0 0 0 0 0 1 1 1 1 1 1 1 1
2 2 2 2 2 2 2 2 3 3 3 3 3 3 3 3
0 0 0 0 0 0 0 0 1 1 1 1 1 1 1 1
2 2 2 2 2 2 2 2 3 3 3 3 3 3 3 3
0 0 0 0 0 0 0 0 1 1 1 1 1 1 1 1
2 2 2 2 2 2 2 2 3 3 3 3 3 3 3 3
0 0 0 0 0 0 0 0 1 1 1 1 1 1 1 1
2 2 2 2 2 2 2 2 3 3 3 3 3 3 3 3
0 0 0 0 0 0 0 0 1 1 1 1 1 1 1 1
2 2 2 2 2 2 2 2 3 3 3 3 3 3 3 3
0 0 0 0 0 0 0 0 1 1 1 1 1 1 1 1
2 2 2 2 2 2 2 2 3 3 3 3 3 3 3 3
5 9 3 4 4 3 9 6 27 32 33 29 33 27 31 28
56 57 56 54 52 54 57 57 78 79 76 78 76 76 79 80
8 5 6 9 5 5 5 3 33 30 29 28 31 27 33 29
54 55 52 52 51 53 51 56 80 79 78 77 79 78 75 80
9 6 8 9 9 3 3 8 32 31 29 32 32 28 33 29
57 53 55 53 52 54 53 56 78 76 76 79 80 80 77 77
5 6 9 6 8 7 8 5 30 30 33 30 28 33 28 33
53 57 54 56 53 51 56 54 75 81 77 77 79 78 79 81
3 9 5 7 8 9 8 5 28 33 28 32 33 28 30 28
57 52 52 56 54 55 55 53 76 79 76 77 81 81 80 80
3 8 5 8 8 8 3 3 31 33 31 30 27 33 28 33
56 57 56 56 55 56 57 57 78 76 75 75 75 81 75 77
8 3 5 4 9 8 4 6 30 33 31 30 27 27 31 31
52 55 57 54 54 54 57 52 81 79 77 80 78 78 75 81
8 7 4 7 3 6 4 3 31 29 33 30 32 31 30 32
54 55 56 51 55 52 52 55 76 75 80 77 77 77 79 76
