0 0 0 0 0 0 0 0 1 1 1 1 1 1 1 1
2 2 2 2 2 2 2 2 3 3 3 3 3 3 3 3
0 0 0 0 0 0 0 0 1 1 1 1 1 1 1 1
2 2 2 2 2 2 2 2 3 3 3 3 3 3 3 3
0 0 0 0 0 0 0 0 1 1 1 1 1 1 1 1
2 2 2 2 2 2 2 2 3 3 3 3 3 3 3 3
0 0 0 0 0 0 0 0 1 1 1 1 1 1 1 1
2 2 2 2 2 2 2 2 3 3 3 3 3 3 3 3
0 0 0 0 0 0 0 0 1 1 1 1 1 1 1 1
2 2 2 2 2 2 2 2 3 3 3 3 3 3 3 3
0 0 0 0 0 0 0 0 1 1 1 1 1 1 1 1
2 2 2 2 2 2 2 2 3 3 3 3 3 3 3 3
0 0 0 0 0 0 0 0 1 1 1 1 1 1 1 1
2 2 2 2 2 2 2 2 3 3 3 3 3 3 3 3
0 0 0 0 0 0 0 0 1 1 1 1 1 1 1 1
2 2 2 2 2 2 2 2 3 3 3 3 3 3 3 3
9 3 7 7 8 5 8 6 32 30 30 32 33 29 30 31
53 51 53 55 53 51 53 51 78 78 77 81 81 76 81 78
5 8 6 5 6 9 7 6 30 32 27 30 31 30 33 32
55 52 51 56 56 54 53 51 75 79 81 78 80 79 78 76
7 4 8 5 4 3 7 7 28 27 32 30 30 30 32 30
56 51 52 55 54 53 54 57 75 80 80 77 79 75 76 81
3 3 7 8 6 6 5 8 31 28 27 30 29 29 27 30
55 55 54 53 57 54 53 53 75 77 75 75 76 78 76 76
8 4 6 7 9 8 5 4 27 31 32 31 31 32 31 31
54 52 57 54 57 51 56 54 75 79 78 78 79 79 75 81
5 7 6 6 5 5 4 5 27 32 32 31 29 29 27 27
52 53 55 52 53 56 57 55 75 78 79 80 79 77 77 76
8 7 5 3 3 7 3 8 27 30 33 27 27 27 32 32
57 54 57 53 52 53 56 51 77 78 81 75 76 78 78 79
4 5 8 7 5 8 7 6 32 29 28 30 29 30 31 27
57 53 57 54 51 53 52 52 80 80 78 79 77 76 77 78
