0 0 0 0 0 0 0 0 1 1 1 1 1 1 1 1
2 2 2 2 2 2 2 2 3 3 3 3 3 3 3 3
0 0 0 0 0 0 0 0 1 1 1 1 1 1 1 1
2 2 2 2 2 2 2 2 3 3 3 3 3 3 3 3
0 0 0 0 0 0 0 0 1 1 1 1 1 1 1 1
2 2 2 2 2 2 2 2 3 3 3 3 3 3 3 3
0 0 0 0 0 0 0 0 1 1 1 1 1 1 1 1
2 2 2 2 2 2 2 2 3 3 3 3 3 3 3 3
0 0 0 0 0 0 0 0 1 1 1 1 1 1 1 1
2 2 2 2 2 2 2 2 3 3 3 3 3 3 3 3
0 0 0 0 0 0 0 0 1 1 1 1 1 1 1 1
2 2 2 2 2 2 2 2 3 3 3 3 3 3 3 3
0 0 0 0 0 0 0 0 1 1 1 1 1 1 1 1
2 2 2 2 2 2 2 2 3 3 3 3 3 3 3 3
0 0 0 0 0 0 0 0 1 1 1 1 1 1 1 1
2 2 2 2 2 2 2 2 3 3 3 3 3 3 3 3
3 4 5 6 5 8 6 6 27 29 31 27 27 29 33 33
53 57 54 54 53 56 52 52 75 80 79 78 81 80 77 78
7 5 4 4 6 6 7 8 29 30 27 32 27 30 28 32
53 52 56 57 57 57 52 53 79 79 78 75 75 76 75 77
6 6 9 6 4 5 4 3 32 31 33 28 30 30 31 29
52 55 57 54 56 57 54 52 81 81 78 81 80 76 78 77
6 9 8 3 8 6 7 6 29 28 28 28 30 32 32 30
55 56 54 54 51 56 54 56 79 75 81 76 79 79 81 81
4 8 7 9 7 7 8 4 28 29 33 27 29 28 31 29
55 55 52 54 52 54 55 56 79 75 75 78 75 79 81 75
9 6 6 3 7 9 4 8 31 29 31 31 30 31 28 28
54 56 56 57 54 52 51 51 80 79 80 81 79 76 78 80
8 9 4 4 9 9 6 3 29 29 31 30 29 30 33 27
54 55 56 53 51 52 55 51 78 81 78 81 80 78 76 78
5 8 4 4 6 6 4 5 28 28 27 27 32 29 33 28
56 53 52 52 53 55 51 56 76 81 79 76 77 80 81 81
