2 0 2 1 0 0 2 3 0 0 3 3 3 1 2 3
1 3 0 1 2 3 3 0 0 0 3 3 0 1 3 2
2 3 2 0 2 2 0 1 3 2 1 3 2 3 3 2
2 3 2 2 3 0 0 0 3 0 0 2 1 3 0 0
3 2 1 3 3 1 1 0 3 1 0 1 3 2 3 0
0 2 2 3 0 0 0 3 0 3 2 3 2 3 0 1
3 3 2 0 0 1 1 3 1 3 2 2 1 3 3 0
1 1 0 1 0 3 0 3 0 1 1 3 2 0 2 1
3 2 1 1 3 1 1 1 0 3 3 1 2 3 0 2
3 3 0 0 3 3 0 1 2 0 0 0 1 1 3 1
0 2 0 0 2 1 3 2 3 1 3 1 1 1 3 1
3 2 2 2 1 1 2 1 2 2 1 2 2 3 3 3
2 1 0 2 1 0 2 0 1 0 3 2 2 1 1 2
2 2 0 0 2 0 3 3 2 0 0 2 0 2 2 0
1 0 1 3 1 1 1 3 0 2 2 1 2 0 0 3
2 2 1 3 1 1 0 0 2 3 2 0 3 0 1 2
51 6 53 33 6 9 53 78 7 9 80 77 76 28 57 80
29 80 6 27 54 75 76 8 9 8 79 78 4 27 80 55
52 79 56 3 55 53 9 31 79 52 32 75 55 76 77 53
54 75 53 53 78 7 3 4 75 6 6 57 29 75 5 8
79 51 31 76 79 31 30 7 77 28 3 29 81 55 75 3
7 56 56 76 5 8 5 78 9 81 53 78 55 81 4 31
76 79 56 9 7 33 32 75 28 75 52 57 31 79 75 6
30 33 4 32 6 81 7 76 3 27 33 81 52 4 56 31
77 57 28 29 76 30 30 32 4 75 76 32 57 79 4 57
79 77 6 7 80 78 5 31 52 6 5 5 31 27 80 33
6 52 8 6 51 28 75 51 78 31 76 32 29 30 77 27
79 53 55 57 31 27 54 28 54 52 29 57 54 79 75 75
54 29 9 51 32 6 56 7 28 8 76 54 56 31 27 56
55 57 9 8 53 4 78 80 55 5 4 56 3 52 57 6
32 9 30 78 30 33 30 75 6 56 56 27 54 7 6 77
52 54 30 80 33 32 7 9 56 76 54 5 76 3 29 52
