1 3 2 0 2 1 1 1 0 2 1 0 3 0 3 1
0 3 3 0 3 3 3 3 3 1 1 1 2 3 2 1
2 2 1 1 3 1 1 3 1 1 2 0 0 3 3 2
1 2 2 0 1 3 2 1 3 2 3 2 0 3 3 3
1 2 1 0 2 0 0 3 0 1 3 2 1 3 0 1
0 2 3 0 1 3 2 3 0 3 3 0 1 3 2 1
3 0 2 3 1 2 1 2 0 0 2 2 3 3 3 3
2 0 3 3 2 1 2 0 1 0 0 1 1 0 0 1
1 3 0 2 1 1 1 2 0 2 3 0 2 0 2 1
2 3 0 3 3 2 2 1 3 3 2 3 0 2 3 0
0 3 2 0 0 3 1 1 1 3 3 0 3 0 1 1
0 3 2 1 0 2 3 1 3 1 2 2 2 2 1 2
0 0 0 3 0 2 3 3 2 1 3 1 2 3 3 0
3 2 0 3 3 0 2 2 0 0 1 2 2 1 0 1
0 0 0 3 1 2 3 3 0 2 2 0 2 0 0 1
1 1 3 3 0 2 1 2 1 1 0 0 2 3 1 2
28 75 52 7 53 28 28 28 6 52 29 6 81 5 75 29
6 79 80 7 80 77 75 79 81 27 32 33 54 77 54 31
55 56 27 31 77 32 29 81 32 29 57 5 8 81 76 57
27 55 57 8 33 80 54 31 76 52 80 54 6 81 81 81
29 56 29 6 56 5 8 80 5 30 75 55 32 80 6 32
4 54 81 6 27 75 54 81 9 75 80 5 32 81 52 31
81 7 54 81 28 51 33 56 6 7 57 55 78 78 79 75
56 7 76 80 53 32 55 7 30 4 3 32 32 9 7 32
30 80 5 52 29 30 33 51 3 57 79 6 57 4 52 33
57 81 8 81 81 56 51 30 81 77 55 75 5 55 80 9
8 76 53 7 4 78 33 27 32 81 79 7 75 6 29 27
6 77 55 27 8 51 78 29 80 32 51 57 56 56 29 52
9 6 4 80 4 57 76 75 55 32 77 30 57 80 80 5
81 57 4 78 80 4 55 56 8 4 29 54 52 29 9 31
8 7 5 80 27 56 77 81 7 55 56 8 55 9 9 27
30 33 81 80 6 52 30 56 29 30 8 5 57 79 28 51
