2 0 3 3 0 3 2 1 1 1 0 1 1 2 0 2
0 1 2 3 3 2 2 0 3 3 3 2 1 1 0 0
2 1 1 0 3 2 3 1 1 0 1 2 0 1 2 2
0 3 2 0 3 3 1 1 0 1 2 2 1 2 2 2
1 3 1 0 3 1 0 3 0 0 2 2 0 1 3 3
2 0 3 1 2 3 1 3 1 2 0 0 2 0 0 2
0 3 3 3 1 0 0 1 2 3 1 3 2 0 2 0
2 0 0 3 3 0 2 0 3 1 2 3 2 3 3 3
0 2 3 2 3 1 3 0 3 2 3 1 0 1 0 3
2 3 0 1 2 1 1 1 3 1 0 1 3 3 1 2
3 3 2 0 3 1 1 3 3 1 3 1 3 3 1 0
1 1 0 1 1 0 1 3 1 3 2 1 2 1 3 0
1 1 2 1 0 3 3 0 2 0 3 1 1 2 3 0
1 0 0 1 1 1 1 3 1 1 3 1 2 3 1 0
0 1 2 0 2 3 2 0 3 1 0 0 3 2 2 1
3 0 3 2 3 1 1 3 2 0 0 3 0 2 1 1
56 6 81 75 8 75 57 30 31 30 7 30 28 53 3 54
4 30 51 76 80 51 55 9 77 79 75 57 33 29 7 6
55 28 30 9 78 52 81 32 29 6 31 52 7 31 57 51
7 78 55 4 81 77 33 31 3 27 53 51 30 53 55 51
28 75 30 5 78 28 4 75 3 5 54 56 4 27 78 81
54 4 81 29 52 81 31 75 28 55 4 5 54 6 5 53
4 80 78 77 28 9 5 29 51 79 31 80 54 8 53 5
53 3 4 80 76 7 54 5 75 27 56 76 56 79 78 77
5 54 76 51 75 30 78 6 79 52 75 30 9 31 8 81
57 78 5 30 52 32 28 31 78 28 7 30 78 77 33 53
79 81 53 4 77 27 30 81 78 30 75 27 81 78 33 7
31 30 7 28 27 3 29 76 32 78 56 29 56 27 77 5
27 30 51 33 5 78 76 5 57 5 79 27 32 51 76 6
30 5 3 28 27 30 27 78 28 33 79 30 52 76 33 7
6 27 55 4 51 76 52 6 81 28 7 6 77 51 52 31
76 3 75 52 75 29 28 77 54 9 8 77 5 54 29 29
