0 2 1 1 3 1 1 1 0 2 3 2 1 0 2 2
1 2 1 3 3 3 1 3 1 3 2 2 1 0 1 2
0 1 0 1 2 2 1 1 0 2 2 2 0 2 2 3
3 1 0 0 3 2 1 1 2 0 3 2 0 1 3 0
0 3 3 3 0 2 0 2 3 0 1 1 2 3 0 0
2 3 0 3 2 3 2 1 3 2 3 1 1 0 0 1
1 1 0 2 3 1 3 0 3 2 1 2 2 0 2 1
0 3 3 3 2 3 3 2 2 0 2 2 1 0 2 0
1 3 3 0 1 2 1 1 0 2 2 0 0 0 1 0
2 0 2 0 2 0 3 2 0 3 1 0 3 2 0 3
3 3 0 2 2 2 1 2 0 1 1 3 3 2 1 3
3 3 2 0 0 1 3 0 0 1 0 3 3 3 0 0
0 1 3 1 3 3 2 3 3 0 2 0 3 1 0 0
2 3 2 3 3 1 0 1 1 1 3 2 1 2 3 0
0 1 1 3 0 2 0 1 0 3 3 3 0 2 1 1
1 2 0 2 3 1 0 2 1 0 1 0 3 1 0 0
8 56 27 32 80 29 32 33 7 52 75 57 32 9 57 57
33 52 33 79 77 76 27 77 28 75 51 55 32 5 33 54
6 27 9 28 51 52 32 27 5 55 52 54 6 51 52 81
78 27 4 6 78 51 30 33 53 6 78 52 5 28 80 6
6 80 79 78 9 52 3 53 77 4 31 29 55 76 4 3
54 79 5 79 55 78 56 32 81 51 76 30 28 5 8 28
33 28 3 51 79 32 78 3 75 54 28 55 57 8 52 32
7 78 79 79 54 79 77 57 54 9 57 57 30 8 56 7
32 80 78 8 27 54 27 32 4 53 56 8 8 5 31 4
56 3 52 3 56 6 75 56 8 79 30 5 75 51 5 75
81 79 7 57 51 54 31 52 4 31 28 75 78 57 29 78
78 77 53 7 7 33 78 9 7 29 6 78 77 80 6 4
8 27 75 28 76 80 51 77 80 9 57 5 79 28 6 7
53 76 57 76 75 29 5 29 33 32 77 55 33 52 75 6
4 32 29 78 4 52 9 31 6 75 77 81 8 57 29 28
32 54 9 54 78 31 9 54 30 6 31 6 76 31 4 4
