1 1 1 0 2 3 2 0 0 0 2 1 2 0 1 1
2 0 3 3 0 3 2 0 2 3 0 2 0 3 0 3
2 0 2 2 3 0 0 3 0 1 2 2 1 2 3 3
2 2 2 3 1 1 3 1 2 3 1 0 3 1 0 1
2 0 1 1 3 1 2 0 2 1 2 0 0 1 2 3
0 1 1 0 0 0 0 0 2 3 2 0 0 0 0 2
1 2 2 1 2 2 3 0 0 0 1 0 2 2 2 1
0 2 0 0 3 1 1 2 2 3 0 0 3 1 2 1
2 1 1 2 0 2 2 3 2 3 2 2 0 1 3 0
3 2 0 0 3 1 2 2 0 1 3 2 1 2 1 0
3 3 3 1 0 0 3 3 0 0 3 3 3 3 0 1
0 0 3 0 3 1 0 1 2 0 3 3 0 0 3 1
1 3 3 0 2 2 2 2 0 1 2 1 1 1 1 1
1 3 3 2 0 1 3 2 3 1 0 2 2 2 3 0
0 3 0 1 0 3 0 3 3 0 0 1 2 3 2 1
2 1 1 1 3 1 3 1 0 0 3 1 2 2 1 3
33 27 31 9 51 78 53 4 7 8 54 28 55 6 29 28
51 7 76 79 8 77 53 8 56 76 3 52 6 81 9 76
53 7 51 51 81 6 7 80 7 29 55 56 30 51 78 80
55 56 55 75 32 30 80 33 54 81 31 7 76 32 3 28
56 8 27 30 78 28 52 5 57 28 54 6 4 33 53 80
5 32 29 6 7 8 3 4 55 80 51 7 4 4 8 56
27 57 55 29 54 57 80 3 8 3 29 9 56 52 55 27
7 52 5 9 79 27 27 55 51 76 8 8 76 30 56 31
54 28 27 53 7 57 54 81 57 78 57 53 7 30 77 6
77 53 7 9 78 27 52 51 8 27 79 55 28 53 30 8
81 76 75 32 4 8 80 79 4 7 78 78 79 77 7 27
6 4 77 9 79 30 5 33 56 8 80 81 8 7 75 30
31 76 80 8 54 53 53 53 3 27 51 30 32 31 29 28
28 81 78 54 5 31 79 53 79 31 4 51 56 53 78 9
5 80 4 29 5 78 9 79 77 6 4 31 51 81 57 31
56 32 33 30 77 33 80 30 8 4 75 28 55 57 29 80
