0 1 0 1 1 1 0 0 1 1 1 0 0 1 1 1
0 1 0 0 1 0 0 1 1 1 1 1 1 1 0 0
0 0 0 0 0 0 0 1 0 1 0 0 0 0 0 1
1 0 0 0 0 1 0 0 1 0 1 1 0 1 0 1
0 1 1 1 0 1 0 0 0 0 1 1 0 1 0 1
0 1 1 1 1 1 1 1 1 1 0 1 1 1 1 1
1 0 1 1 1 0 1 1 1 1 1 0 1 1 0 0
0 1 0 0 1 0 1 1 0 0 0 0 1 0 1 0
0 0 0 1 0 1 0 0 0 0 0 0 0 0 0 0
0 0 0 0 0 0 1 1 0 0 1 1 1 1 1 0
0 0 0 0 0 0 1 1 1 0 0 0 1 0 0 0
0 0 1 0 0 1 0 1 0 0 1 1 1 1 0 1
1 1 0 1 1 1 1 1 0 0 1 1 1 1 0 0
0 0 1 1 1 1 1 1 0 1 1 1 0 0 1 1
0 1 0 1 1 0 0 0 1 1 1 1 0 1 1 1
1 1 1 1 0 1 1 0 1 0 0 1 0 1 0 1
4 7 20 5 9 25 8 4 11 13 21 12 14 15 5 19
6 7 12 22 13 6 22 13 13 9 13 13 13 7 8 8
8 12 24 4 12 10 22 7 12 7 22 10 24 8 12 27
21 12 12 12 12 15 18 18 19 26 5 19 22 19 14 9
4 25 25 7 26 7 24 24 24 24 13 23 24 7 26 25
26 23 13 13 23 25 23 7 19 21 2 15 3 3 3 23
3 24 23 23 19 22 19 23 19 19 19 22 23 23 22 22
22 25 4 4 3 8 11 21 26 14 26 8 11 26 21 8
24 24 20 5 10 15 18 18 18 18 18 18 18 18 14 14
20 14 14 14 20 20 7 21 20 4 21 21 21 21 29 2
14 20 4 4 4 30 3 3 9 14 20 10 3 6 6 6
6 6 3 6 6 11 6 3 8 8 5 5 11 11 26 5
5 5 10 5 25 15 11 31 10 10 9 9 9 15 28 20
20 26 15 15 31 27 15 15 2 27 9 31 26 30 29 9
30 9 2 29 29 2 30 28 29 31 31 11 2 11 25 25
31 29 31 31 28 29 29 30 31 2 30 11 30 25 28 29
