0 1 1 1 1 1 1 1 1 1 0 0 1 1 1 0
1 0 0 0 1 1 0 1 0 0 0 1 0 0 0 0
0 0 0 1 0 1 0 0 1 0 1 0 1 1 1 1
0 0 1 0 1 0 0 1 1 0 1 1 0 1 1 1
1 1 1 0 0 1 1 0 1 1 1 1 1 1 1 1
1 0 1 0 0 1 1 0 0 1 0 1 1 1 1 1
1 0 1 0 1 1 1 0 0 1 1 1 1 1 0 1
0 1 0 1 1 1 1 0 0 0 0 1 1 0 1 1
1 1 1 1 1 1 1 1 1 1 1 1 0 1 1 0
1 1 0 1 0 1 0 1 0 1 0 1 0 1 1 0
0 1 0 0 1 0 0 0 1 1 0 1 0 0 0 0
0 0 0 1 0 0 0 1 0 1 0 1 0 0 0 0
0 0 0 0 0 0 1 0 0 1 0 0 0 1 1 0
0 0 1 0 0 0 1 0 1 0 0 0 0 0 1 0
0 0 0 0 0 0 1 0 0 1 0 0 0 0 0 0
1 0 0 0 0 1 0 0 0 0 0 0 1 0 1 0
4 7 3 3 25 3 3 3 25 7 18 4 25 21 3 20
15 10 12 10 5 5 12 15 22 4 18 21 18 18 18 18
18 12 22 9 2 29 30 6 31 18 27 18 11 29 29 27
22 22 29 28 21 22 22 11 27 18 5 21 22 21 5 11
21 21 11 22 22 5 21 22 31 11 5 21 7 7 11 5
21 28 31 30 2 25 5 28 30 5 2 25 5 29 13 27
31 28 31 28 27 13 11 2 28 27 31 13 29 9 30 13
28 25 30 25 27 31 19 28 30 30 2 13 13 2 29 15
15 15 13 11 25 11 15 15 11 15 31 13 4 15 31 12
15 29 30 27 30 13 30 31 12 29 26 27 28 9 29 12
14 25 2 4 25 28 6 4 9 27 6 7 2 14 2 6
6 12 10 13 6 2 26 3 6 19 10 7 10 10 10 6
6 26 10 10 8 6 19 26 10 7 26 26 8 19 7 14
14 26 7 14 8 24 7 26 3 20 4 8 14 26 3 20
14 26 14 24 8 8 3 14 14 23 24 20 8 24 8 8
23 24 8 20 20 9 4 24 12 24 12 4 9 12 23 4
