0 1 0 0 1 0 0 1 0 1 1 0 0 1 1 0
0 0 0 0 0 0 0 0 0 0 0 1 0 0 0 1
0 1 0 1 1 1 1 0 1 1 0 1 1 0 1 1
1 0 1 0 1 1 1 0 1 1 1 0 1 1 1 1
1 1 0 0 1 1 1 0 1 1 1 0 0 0 1 0
0 0 0 1 1 0 0 0 0 0 0 1 0 1 1 1
0 0 1 1 0 1 1 1 0 0 1 1 1 1 1 1
1 1 0 0 1 0 0 0 0 0 0 0 0 1 1 0
0 1 1 0 0 1 0 0 0 0 0 0 0 0 1 1
1 1 1 1 1 1 1 1 1 1 0 1 0 0 1 1
1 1 0 0 0 0 1 1 0 1 0 1 0 1 1 0
1 1 1 1 1 0 1 0 1 0 0 0 1 0 0 1
0 1 0 1 0 0 0 1 0 0 0 1 0 0 0 1
0 1 0 1 1 1 0 1 0 1 1 1 0 1 0 1
0 1 0 1 1 1 0 1 1 0 0 0 0 1 1 0
0 0 1 1 1 1 0 1 1 1 0 0 1 1 1 1
4 7 20 24 19 10 8 3 24 3 21 4 26 21 5 20
20 20 8 10 8 20 26 20 20 8 8 21 20 20 20 21
8 19 8 23 21 21 21 28 25 23 8 23 3 8 21 27
3 28 29 28 29 25 3 8 19 3 5 30 25 19 25 11
21 21 2 22 23 3 27 18 31 25 5 18 22 22 3 18
18 28 18 3 3 18 18 28 18 18 2 25 26 5 5 5
26 18 5 23 26 11 11 11 26 26 19 29 5 9 25 5
25 25 12 12 5 12 12 12 12 12 12 12 12 25 29 22
22 23 13 26 22 23 22 22 22 4 22 30 4 26 31 23
15 29 15 27 23 23 15 31 31 29 26 27 30 30 29 15
29 15 30 4 28 30 31 15 30 27 28 15 2 15 15 14
9 15 27 9 31 14 27 14 19 2 28 24 29 2 24 13
14 29 24 31 2 24 24 31 24 24 30 9 28 24 28 13
14 9 30 9 31 13 2 13 2 27 13 31 14 19 30 13
14 27 14 13 11 19 2 7 13 14 10 14 2 13 27 4
4 4 9 7 7 11 4 9 9 9 4 6 7 19 7 7
