0 1 0 1 0 0 1 0 1 1 1 0 0 0 1 0
0 0 0 0 0 1 0 0 0 0 1 0 0 1 0 1
0 0 0 0 1 1 0 1 1 1 1 1 0 0 1 1
1 0 0 0 0 0 0 0 0 0 1 1 1 1 1 0
1 1 0 1 0 1 1 0 0 0 0 0 0 0 0 0
1 0 0 0 0 1 1 1 0 1 0 1 1 0 0 0
0 0 0 0 0 0 1 1 1 1 1 1 1 1 0 1
0 0 0 0 1 0 1 0 0 1 1 1 0 0 1 0
1 1 0 0 1 1 1 0 0 0 0 1 0 0 0 0
1 1 1 1 1 1 0 1 1 1 0 1 0 0 1 0
0 1 0 1 0 0 0 1 0 0 1 1 0 1 0 1
0 1 0 1 1 1 0 0 0 0 0 1 0 1 1 1
1 1 1 1 1 1 1 1 1 1 1 1 0 1 0 0
1 1 0 1 1 0 0 0 1 0 1 1 1 1 1 1
0 1 1 1 1 1 0 1 1 1 1 0 1 0 1 1
0 1 0 1 0 1 1 0 1 0 1 0 0 1 1 1
4 7 20 11 24 12 5 10 13 19 3 4 26 6 7 12
14 8 8 8 18 5 12 14 8 18 15 12 10 5 10 15
10 10 24 10 5 11 10 9 19 19 19 23 8 8 21 25
11 12 12 12 12 12 12 26 4 10 3 13 25 25 25 18
25 25 6 25 6 13 13 6 26 24 26 26 24 24 24 24
3 4 4 4 4 25 25 25 6 3 2 15 3 4 4 22
8 8 8 8 6 6 21 21 21 21 21 19 19 19 20 5
22 22 22 22 27 6 19 6 6 19 19 23 20 2 29 22
23 23 20 18 3 23 3 18 18 18 18 3 18 18 22 22
23 29 23 27 23 23 26 31 23 29 26 27 26 30 29 26
22 3 30 3 28 22 20 21 30 20 21 21 24 21 24 7
4 15 20 13 13 7 26 10 30 2 10 13 24 13 13 13
9 5 29 11 5 31 5 31 9 5 5 9 28 15 28 30
27 29 28 27 31 30 2 20 11 20 15 31 11 9 29 31
30 27 11 11 11 15 30 9 29 11 31 14 15 2 15 15
20 29 30 31 28 29 27 30 31 2 9 28 2 31 7 7
