0 1 0 1 1 1 0 0 1 1 1 0 1 1 1 0
0 1 0 0 0 0 1 0 0 0 1 0 1 1 1 1
1 1 1 1 1 1 1 0 1 1 1 1 0 0 0 0
1 1 1 1 1 0 1 1 1 0 0 1 0 0 1 0
0 0 0 0 0 0 0 0 0 0 0 0 0 0 0 0
0 0 0 1 0 1 0 0 0 0 0 1 0 1 0 0
0 0 0 0 0 0 0 0 0 1 0 1 0 1 0 1
0 0 0 0 0 0 1 0 0 0 0 0 1 0 1 1
0 1 1 1 1 1 1 1 1 1 1 1 1 1 1 0
1 1 1 1 1 1 0 1 1 1 1 1 0 0 1 0
0 1 0 1 1 0 0 0 0 1 0 1 1 0 0 1
0 0 1 1 0 0 0 0 1 1 0 1 1 0 0 0
0 1 1 1 0 0 0 1 0 0 1 1 0 1 0 1
1 1 0 1 1 0 1 1 1 1 1 1 1 1 1 1
0 1 1 1 1 0 0 1 1 1 1 1 0 0 0 0
1 1 0 1 1 0 1 0 1 0 0 0 0 0 1 0
4 7 20 5 9 25 8 4 5 13 11 26 23 15 21 12
14 19 8 10 6 8 13 22 4 24 9 14 7 23 13 13
19 13 13 9 13 5 5 14 3 19 19 13 26 26 26 26
15 25 15 15 15 26 3 11 11 10 10 13 4 4 3 4
6 6 24 4 22 6 24 26 4 24 22 4 22 22 22 20
22 22 22 15 14 25 12 12 12 12 2 25 22 15 4 26
26 14 26 28 12 20 20 20 20 7 28 29 14 9 14 15
20 20 24 20 20 8 19 8 24 24 24 24 11 2 29 19
24 11 15 11 19 11 7 3 3 3 9 3 19 19 19 14
3 29 23 27 21 23 14 31 9 23 3 23 30 30 23 12
18 7 8 3 25 12 8 18 8 13 18 25 25 14 18 25
8 12 5 21 18 18 18 18 25 25 18 21 21 6 6 6
6 5 29 11 8 6 6 31 18 28 11 11 28 21 28 5
27 29 28 27 23 28 23 23 5 5 31 5 29 21 29 31
30 27 21 21 29 28 30 21 29 31 31 29 2 2 28 28
31 15 30 31 31 30 27 30 31 2 12 2 30 30 7 30
