0 1 0 0 1 1 1 1 0 1 0 1 1 1 1 0
0 0 0 1 1 0 0 0 0 1 1 0 0 1 1 1
0 1 0 1 1 0 0 0 0 0 0 0 1 0 0 1
0 0 1 0 1 0 1 1 0 0 1 0 0 0 0 1
0 1 0 0 1 0 1 1 1 1 1 1 0 0 0 0
1 1 0 1 1 1 1 0 0 0 0 1 0 1 1 1
1 1 0 1 0 0 0 0 1 1 1 1 1 1 0 1
1 1 0 1 1 1 1 0 0 0 1 1 0 0 1 1
1 1 0 0 1 1 1 1 0 1 0 1 1 1 1 0
1 1 1 1 0 1 0 1 0 1 1 1 0 0 1 0
1 1 0 1 1 0 0 0 1 1 0 1 0 1 0 0
0 1 1 1 0 0 1 0 1 1 0 1 0 0 1 0
0 0 1 1 0 1 0 1 1 1 1 1 0 0 1 0
1 1 0 1 1 0 0 0 0 1 0 1 0 1 1 0
0 1 1 0 0 0 0 0 0 0 0 1 0 0 0 1
0 0 0 0 0 1 0 0 1 1 1 0 1 0 0 0
4 7 20 24 19 7 7 7 24 7 22 21 25 19 5 20
14 18 18 5 19 26 26 26 22 3 5 6 20 11 11 11
26 29 22 9 25 18 14 14 14 26 14 26 11 14 26 27
14 28 29 26 7 26 3 11 26 30 5 14 14 14 30 11
12 21 12 22 21 12 21 21 31 21 5 21 22 22 18 18
21 11 12 21 21 25 25 20 18 18 2 25 22 29 11 5
11 11 22 23 22 22 20 2 3 7 5 29 5 9 6 5
29 25 30 23 3 31 19 28 30 30 3 23 30 2 29 19
3 23 18 2 25 23 25 25 18 25 18 3 23 23 3 12
3 29 23 27 30 23 30 31 12 29 3 5 30 30 29 12
29 31 2 23 27 2 20 2 27 27 28 31 2 15 2 20
20 15 27 13 20 2 27 28 19 19 28 7 28 28 27 20
28 28 27 31 8 7 24 31 9 7 15 9 28 6 15 6
27 9 12 9 31 24 6 10 6 19 6 31 8 19 31 12
6 19 15 24 6 8 4 12 6 8 10 13 8 24 8 15
24 24 8 8 8 13 8 24 9 9 9 4 9 24 4 4
