5 2 6 0 1 4 6 4 0 7 0 3 3 2 0 2
5 5 6 7 5 5 2 5 7 3 2 1 1 1 1 1
2 2 2 3 7 5 5 5 7 6 5 4 6 6 4 1
0 0 4 7 0 4 4 2 2 4 2 1 1 3 2 3
3 1 0 2 0 3 3 1 5 0 4 4 2 6 6 4
4 2 4 6 7 2 3 2 1 1 2 2 1 1 0 2
7 7 7 4 0 0 1 3 3 6 4 6 4 2 3 0
2 7 1 7 7 7 7 6 5 5 5 4 7 4 5 0
4 4 4 3 6 7 6 4 0 6 0 7 5 5 1 5
5 1 1 1 0 0 0 1 1 7 1 1 2 0 4 4
4 3 3 4 3 2 7 7 7 7 4 3 6 3 3 6
3 3 3 2 4 3 0 2 6 5 4 6 6 6 6 6
7 5 4 6 5 4 4 4 0 4 3 1 5 1 1 5
6 0 0 4 3 1 3 3 3 0 0 7 0 7 0 7
1 0 7 2 1 2 2 2 7 2 2 2 2 7 7 2
6 1 6 0 7 1 6 5 5 7 7 7 3 5 3 1
91 44 92 42 87 33 79 64 3 80 81 63 63 44 68 75
8 78 53 67 91 91 88 91 28 45 88 4 4 4 4 4
5 5 5 19 54 65 65 65 54 27 65 77 66 79 64 56
3 3 33 41 42 33 33 31 31 33 31 30 30 32 31 32
32 56 16 31 29 32 89 56 91 29 90 90 5 92 92 90
90 5 64 92 67 18 32 18 17 17 18 18 69 69 29 18
67 67 67 90 29 29 69 89 89 9 7 92 64 88 89 16
88 15 17 15 15 15 15 27 78 78 78 20 80 20 78 16
77 77 20 6 27 80 27 20 16 27 16 80 21 21 17 21
21 30 30 17 68 68 68 87 87 93 87 87 88 68 51 51
7 6 19 7 6 44 93 93 93 93 64 6 9 6 45 40
45 45 45 44 51 89 42 44 40 8 7 66 66 66 79 66
80 8 20 79 52 77 7 77 3 51 76 69 21 69 43 39
79 3 55 51 76 30 76 76 76 81 81 54 81 28 42 28
43 42 28 57 43 57 57 75 54 57 75 57 75 28 54 75
40 43 40 81 41 43 40 52 39 41 41 41 19 52 63 56
