5 2 6 0 1 4 6 4 0 7 0 3 3 2 0 2
5 5 6 7 2 5 2 2 6 7 5 5 5 3 1 7
5 4 5 7 0 0 2 1 6 7 6 1 3 3 0 5
1 5 5 4 0 0 5 6 2 2 0 0 4 0 1 4
6 0 4 1 2 7 1 1 1 2 2 7 0 3 2 7
1 7 7 7 7 5 5 5 6 3 5 2 7 2 2 2
2 0 0 7 3 3 1 3 4 4 4 0 4 0 7 7
7 0 1 0 6 1 4 4 3 3 4 4 7 2 4 4
2 1 3 1 2 6 6 1 1 1 4 1 7 7 6 6
6 6 6 6 6 3 6 6 3 6 2 6 1 6 3 4
4 4 3 6 3 6 5 5 3 3 3 1 4 3 5 5
2 7 7 0 2 3 0 5 3 3 0 4 4 4 0 0
6 0 4 6 7 4 2 2 5 0 3 1 6 3 6 4
0 1 3 3 3 3 3 0 1 0 1 1 1 4 1 1
1 1 1 0 5 2 1 1 2 5 2 5 2 5 2 5
0 6 0 0 0 5 4 6 7 4 5 6 4 4 4 4
91 44 92 42 87 33 79 64 3 80 81 63 63 44 68 44
8 78 53 67 75 91 88 5 53 67 91 91 91 45 43 28
39 33 8 28 16 29 88 30 53 28 27 30 32 32 16 52
43 8 8 77 16 16 39 53 57 88 42 29 7 42 30 7
66 29 20 30 18 15 17 17 69 5 5 15 16 89 75 54
17 54 54 54 54 78 39 39 40 32 8 31 41 31 31 31
31 29 29 93 89 89 69 89 90 33 77 68 90 68 67 67
67 68 17 68 79 69 51 33 19 19 51 51 28 18 51 51
44 17 45 87 44 92 27 87 87 87 7 56 15 15 40 9
40 40 79 79 53 63 92 40 45 92 18 79 69 27 32 90
90 90 45 27 32 27 78 78 76 76 76 30 33 45 21 78
57 28 15 81 88 89 42 52 76 76 81 20 20 77 81 81
66 42 20 66 80 77 18 18 39 55 63 69 66 6 66 77
55 56 63 6 6 6 6 55 56 55 4 56 56 20 4 4
43 4 4 55 21 5 43 43 5 21 75 21 75 21 75 52
3 9 3 3 3 52 7 9 93 7 52 92 64 64 64 64
