5 2 6 0 1 4 6 4 0 0 3 0 5 5 7 3
7 1 3 5 2 2 6 6 7 7 6 1 2 4 0 7
7 5 5 1 3 3 3 0 7 6 6 3 3 4 1 0
2 7 2 4 2 2 0 2 4 7 7 0 0 0 0 1
4 0 0 7 4 7 3 2 7 7 2 2 2 6 1 0
5 0 1 1 0 4 0 0 0 1 4 1 3 1 1 1
1 0 3 6 6 3 6 6 3 5 5 7 2 5 3 5
3 6 6 2 2 0 2 0 0 6 1 1 0 0 5 6
5 4 4 4 6 3 6 1 1 1 5 1 4 0 4 3
7 1 1 7 7 7 0 3 3 4 4 4 7 3 5 0
2 2 2 2 4 2 0 2 2 2 7 2 7 7 7 7
7 5 5 5 4 4 5 4 7 5 1 1 1 5 4 4
4 4 4 7 5 5 5 4 4 4 3 3 0 3 6 3
6 3 3 6 5 7 7 1 7 0 1 6 1 1 6 6
6 6 7 1 3 3 1 0 2 6 2 6 6 2 2 2
6 3 6 7 0 3 5 0 6 3 3 3 6 5 2 2
91 44 92 42 87 33 79 64 3 81 63 68 8 78 93 45
67 87 19 39 31 31 53 27 28 80 27 30 31 64 42 28
28 91 91 56 32 32 32 55 28 27 66 32 32 33 69 16
18 15 18 20 75 5 29 75 33 80 80 29 29 29 29 17
77 55 55 41 64 41 89 18 41 41 31 88 31 27 4 16
78 42 4 4 42 33 42 16 16 17 33 43 63 43 43 43
43 55 63 40 40 63 40 40 89 39 39 80 5 21 45 39
76 79 79 75 75 81 75 81 81 79 30 17 3 81 21 79
21 77 77 77 53 89 53 56 56 56 78 56 77 55 64 63
15 17 17 67 67 67 68 45 45 51 51 51 80 45 21 68
57 44 44 57 51 57 68 57 57 44 41 44 54 54 54 54
54 52 52 52 20 20 52 20 28 78 30 30 30 78 90 90
90 90 90 67 91 91 8 64 20 51 76 76 16 76 27 76
92 89 89 92 21 15 15 69 15 68 69 66 69 69 9 92
92 9 93 87 19 19 87 3 18 9 5 9 9 5 18 5
66 6 40 93 3 6 39 3 53 6 6 6 66 52 88 88
