5 2 6 0 1 4 6 4 0 7 0 3 0 7 7 7
1 1 1 1 5 5 0 5 7 0 4 0 0 4 0 4
0 6 2 0 2 0 5 6 5 7 3 4 6 6 4 6
6 4 6 4 5 4 5 6 7 5 7 2 4 5 4 4
7 5 5 5 5 1 1 2 2 2 6 4 4 2 0 6
6 3 7 6 7 2 3 7 0 0 0 2 0 7 0 0
7 0 1 0 2 4 1 1 2 5 5 5 5 3 1 5
5 5 1 5 1 1 1 5 6 6 2 2 6 2 2 6
2 6 3 3 7 3 7 7 1 4 1 3 5 1 3 3
0 4 4 3 3 4 1 6 6 1 3 1 1 1 1 1
6 6 3 3 3 4 0 6 6 3 1 4 4 2 3 2
3 7 3 3 3 3 1 4 3 3 1 1 3 7 0 0
7 4 4 1 7 7 1 0 2 2 3 0 4 5 1 0
7 7 0 7 0 7 7 0 0 5 2 1 1 1 6 3
6 3 7 7 7 5 6 3 5 4 4 3 3 3 3 2
6 6 6 4 0 0 5 0 5 4 2 6 6 4 2 6
91 44 92 42 87 33 79 64 3 80 81 63 68 54 54 54
30 30 43 17 8 8 16 8 28 16 77 16 16 77 16 77
29 79 18 29 31 29 8 40 91 15 89 90 79 40 51 66
53 33 53 33 52 51 91 53 15 65 15 31 7 8 64 7
28 52 52 52 52 69 69 75 75 75 40 77 77 44 29 40
40 45 41 27 67 44 45 41 81 81 81 31 81 54 42 42
54 42 56 42 57 7 69 17 57 21 21 21 78 19 56 78
78 78 17 78 17 17 30 21 92 92 75 75 92 57 57 53
57 53 19 19 41 19 41 41 43 51 69 19 21 43 89 63
3 64 64 63 63 64 69 79 79 56 63 4 4 4 4 4
27 27 89 89 89 33 68 27 27 45 30 20 33 44 76 44
32 28 45 45 32 32 30 20 32 32 43 43 76 28 68 68
15 51 51 56 28 15 56 29 31 31 76 68 20 39 87 55
67 67 55 67 55 80 67 55 55 91 18 87 87 87 9 76
9 76 80 80 80 39 9 6 39 20 90 6 6 6 6 5
66 9 9 20 3 3 39 3 39 90 5 92 66 90 18 66
