0 1 2 3 4 5 6 0 1 1 1 2 3 3 4 4
5 6 6 0 0 2 1 4 1 1 7 0 1 4 0 5
5 1 2 2 7 0 0 6 6 6 6 4 0 4 2 2
2 1 2 1 2 7 6 3 2 3 2 2 3 7 2 5
5 3 4 4 7 4 7 2 2 7 4 3 2 5 4 2
5 2 3 5 5 0 6 0 3 5 7 7 7 5 7 6
6 0 7 2 5 0 2 2 1 1 4 6 6 6 1 0
2 6 1 5 1 0 2 4 2 5 1 1 4 4 5 6
6 1 1 7 1 1 1 5 5 5 6 0 7 7 7 7
6 7 6 2 6 3 5 3 3 3 4 4 2 3 5 6
6 4 3 1 0 7 6 6 4 4 7 2 4 3 3 1
2 1 1 1 2 0 0 6 7 7 4 7 0 1 7 7
4 4 4 6 5 3 3 3 3 4 2 7 0 6 0 7
3 3 3 7 7 5 5 6 5 6 5 1 1 7 7 1
0 0 7 4 4 4 4 0 4 4 6 7 2 2 4 7
2 5 6 3 5 5 3 5 5 3 6 5 0 0 6 3
3 4 5 6 7 8 9 3 4 4 4 5 6 6 7 7
8 9 9 3 3 5 69 7 43 17 15 16 17 20 16 8
39 30 18 18 28 29 29 40 40 40 40 90 29 90 88 88
88 87 88 87 88 80 92 45 57 45 31 31 45 54 57 78
78 32 51 90 41 90 54 18 44 28 51 63 44 78 51 44
21 18 63 39 39 81 9 81 76 8 41 41 41 8 41 27
92 55 93 18 78 68 75 5 4 56 7 66 92 66 30 81
75 9 17 39 17 3 31 33 31 21 69 69 64 90 91 53
53 69 69 28 87 87 87 39 21 78 27 68 80 67 80 93
27 28 27 44 27 19 21 32 45 32 51 51 31 45 21 79
79 33 76 17 68 67 92 92 77 77 80 44 77 32 32 30
57 43 30 30 57 68 42 66 93 93 77 67 68 56 67 67
64 64 64 53 52 19 19 19 19 64 5 80 16 79 55 54
76 76 76 15 15 91 91 53 91 53 52 56 56 54 54 56
29 42 93 20 20 33 20 29 33 33 66 15 75 75 20 15
57 52 40 63 52 52 63 65 65 63 66 65 16 16 79 6
