0 1 2 3 4 5 6 0 1 1 1 2 3 3 4 4
5 6 6 0 0 2 1 4 1 1 7 0 1 4 0 5
5 1 2 2 7 0 0 6 6 6 6 4 0 4 2 2
2 1 2 1 2 7 6 3 2 3 2 2 3 7 2 5
5 3 4 4 7 4 7 2 2 7 4 3 2 5 4 2
5 2 3 5 5 0 6 0 3 5 7 7 7 5 7 6
6 0 7 2 5 0 2 2 1 1 4 6 6 6 1 0
2 6 1 5 1 0 2 4 2 5 1 1 4 4 5 6
6 1 1 7 1 1 1 5 5 5 6 0 7 0 7 7
6 7 6 2 6 3 5 5 3 6 1 1 3 3 5 4
4 0 3 1 2 2 0 0 7 3 7 4 7 2 4 3
3 7 4 4 4 3 6 6 2 2 7 7 2 5 2 7
7 3 3 5 7 5 5 5 0 0 3 5 5 5 5 3
3 3 6 3 3 6 6 4 3 3 1 7 7 0 4 0
0 7 6 1 1 1 1 3 3 3 4 7 7 7 6 4
3 7 1 1 3 1 1 0 4 0 0 0 6 6 4 4
3 4 5 6 7 8 9 3 4 4 4 5 6 6 7 7
8 9 9 3 3 5 69 7 43 17 15 16 17 20 16 8
39 30 18 18 28 29 29 40 40 40 40 90 29 90 88 88
88 87 88 87 88 80 92 45 57 45 31 31 45 54 57 78
78 32 51 90 41 90 54 18 44 28 51 63 44 78 51 44
21 18 63 39 39 81 9 81 76 8 41 41 41 8 41 27
92 55 93 18 78 68 75 5 4 56 7 66 92 66 30 81
75 9 17 39 17 3 31 33 31 21 69 69 64 90 91 53
53 69 69 28 87 87 87 39 21 78 27 68 80 68 67 80
27 28 27 44 27 19 65 21 45 79 30 30 32 32 21 33
33 29 89 30 57 57 55 55 54 89 54 64 54 44 64 89
89 28 51 51 33 89 92 92 75 75 80 67 5 91 75 93
93 32 32 65 80 91 91 91 55 55 76 52 52 52 52 76
76 76 79 63 63 79 66 77 6 6 17 93 93 81 77 29
81 67 66 56 56 56 56 19 19 19 33 15 15 15 66 64
63 67 43 43 45 43 43 42 64 16 16 16 79 79 77 77
