0 1 2 3 4 5 6 0 1 1 1 2 3 3 4 4
5 6 6 0 0 2 1 4 1 1 7 0 1 4 0 5
5 1 2 2 7 0 0 6 6 6 6 4 0 4 2 2
2 1 2 1 2 7 6 3 2 3 2 2 3 7 2 5
5 3 4 4 7 4 7 2 2 7 4 3 2 5 4 2
5 2 3 5 5 0 6 0 3 5 7 7 7 5 7 6
6 0 7 2 5 0 2 2 1 1 4 6 6 6 1 0
2 6 1 5 1 0 2 4 2 5 1 1 4 4 5 6
6 1 1 7 1 1 1 5 5 5 6 0 7 7 7 7
5 0 6 7 7 6 6 6 3 3 3 3 4 0 0 0
0 3 0 5 5 5 0 0 2 2 2 5 5 1 6 3
6 6 6 2 5 5 5 7 7 3 3 7 3 3 7 3
3 3 0 0 4 3 6 4 6 4 6 7 5 2 3 2
1 6 7 4 5 5 5 6 6 6 6 7 7 0 4 0
4 3 4 4 4 4 3 7 3 4 3 3 1 6 3 2
1 0 0 5 5 5 0 3 1 7 1 3 3 3 2 1
3 4 5 6 7 8 9 3 4 4 4 5 6 6 7 7
8 9 9 3 3 5 69 7 43 17 15 16 17 20 16 8
39 30 18 18 28 29 29 40 40 40 40 90 29 90 88 88
88 87 88 87 88 80 92 45 57 45 31 31 45 54 57 78
78 32 51 90 41 90 54 18 44 28 51 63 44 78 51 44
21 18 63 39 39 81 9 81 76 8 41 41 41 8 41 27
92 55 93 18 78 68 75 5 4 56 7 66 92 66 30 81
75 9 17 39 17 3 31 33 31 21 69 69 64 90 91 53
53 69 69 28 87 87 87 39 21 78 27 68 80 67 80 93
21 68 79 80 80 27 27 27 76 76 76 19 51 55 55 55
55 89 68 91 65 65 29 29 57 57 57 52 52 56 40 89
66 66 66 31 91 91 91 67 67 32 32 67 32 32 67 19
45 45 42 16 64 19 53 77 92 51 92 93 21 5 19 44
30 53 28 33 52 52 52 79 79 79 79 93 93 81 77 81
77 6 33 77 33 33 89 28 6 77 89 89 17 53 19 75
30 16 16 65 65 65 42 76 56 15 30 63 63 63 44 56
