2 6 6 3 5 6 4 7 7 0 6 2 6 7 2 6
4 4 4 6 5 5 4 3 0 4 3 5 4 3 3 4
4 5 3 7 4 1 6 5 0 7 1 3 6 1 4 5
5 1 6 5 5 1 4 2 6 4 0 1 6 7 2 7
7 7 7 0 7 5 2 5 1 5 0 6 0 0 6 2
0 7 7 2 1 2 1 7 6 7 0 5 7 7 3 3
7 3 3 6 1 3 4 4 3 4 4 3 4 4 4 4
4 4 0 5 0 3 7 4 0 3 7 0 6 4 7 0
6 7 6 6 6 0 7 5 3 4 0 7 0 7 1 7
7 7 6 0 1 0 0 4 1 4 0 1 3 3 0 0
0 0 0 1 6 6 6 6 6 6 1 4 1 3 1 5
5 5 3 1 3 5 2 1 3 3 6 6 6 3 1 3
3 3 0 1 1 1 2 5 5 1 1 2 5 1 2 1
1 1 1 6 6 6 5 0 5 2 2 2 5 2 5 6
6 2 2 5 5 2 2 2 5 5 7 5 2 2 2 5
5 2 0 5 5 7 1 0 7 0 0 4 0 7 0 0
58 42 20 27 19 30 60 43 21 54 30 4 30 43 36 30
38 38 38 30 19 19 28 27 22 28 27 19 18 37 27 18
18 19 27 21 60 35 30 19 22 43 55 27 52 35 18 51
61 35 20 51 51 35 18 46 20 18 2 35 20 21 46 11
21 21 11 22 21 51 46 51 35 51 22 20 22 22 20 46
44 11 43 46 23 46 23 53 52 11 2 39 43 53 59 47
43 47 47 62 55 47 50 50 47 28 28 59 28 50 50 50
50 38 34 39 34 59 53 28 34 59 53 34 52 38 53 12
62 53 62 62 62 12 63 39 59 38 12 63 12 63 55 63
63 63 62 12 55 12 34 60 55 60 34 55 59 47 54 54
54 54 54 3 10 10 10 10 10 10 45 60 23 15 45 39
39 39 5 13 5 7 26 3 15 37 52 52 52 37 3 37
37 37 44 45 3 45 36 7 7 3 3 4 7 45 4 45
23 23 23 42 42 42 7 44 7 4 4 26 29 26 29 42
42 26 26 29 29 58 4 26 29 29 31 61 58 58 58 61
61 58 44 61 61 11 13 2 31 2 44 6 2 31 44 2
