2 2 7 4 3 0 2 2 1 0 7 0 7 4 6 3
5 5 5 3 4 0 1 3 0 3 5 5 4 1 3 0
7 0 3 4 7 1 6 5 7 7 5 7 6 5 7 3
7 1 3 7 3 1 3 5 6 6 7 0 7 2 4 7
2 4 7 1 4 4 4 0 2 2 0 5 0 0 4 0
4 7 4 6 1 1 1 6 6 7 4 1 4 4 5 2
2 1 1 4 5 3 7 3 3 3 7 3 4 0 1 4
4 4 6 4 0 4 4 4 0 3 7 0 4 3 4 7
6 5 4 5 7 7 7 3 7 5 4 1 2 5 0 6
6 6 5 0 0 4 6 7 5 7 2 6 6 3 5 1
3 3 1 1 3 1 1 1 1 1 1 1 0 3 3 5
1 2 1 2 0 1 1 5 0 0 5 5 5 0 0 1
2 1 5 7 7 5 3 5 0 5 0 0 3 7 2 3
2 3 2 2 3 2 6 6 6 6 7 7 2 5 5 2
2 6 2 7 5 2 2 7 5 2 6 0 5 7 0 7
6 2 2 5 6 5 6 6 5 6 6 6 6 6 6 6
58 26 11 60 59 34 26 4 35 54 53 22 63 18 10 59
61 51 51 5 60 2 35 59 22 47 19 51 60 35 27 12
31 12 27 28 31 35 30 19 31 43 19 31 52 39 31 27
31 35 27 43 27 35 27 19 20 20 43 34 53 58 50 11
58 50 11 55 50 50 50 54 58 58 54 19 22 22 50 54
18 11 28 30 23 23 23 62 30 21 60 23 28 28 19 26
26 23 23 28 7 47 53 47 47 47 53 47 18 34 45 18
38 38 30 38 34 38 38 28 34 59 63 34 38 59 60 43
62 61 18 61 11 11 63 59 63 61 18 45 4 61 22 62
62 62 61 12 22 60 30 63 7 63 26 62 30 37 7 55
37 37 55 3 37 3 3 3 3 3 45 55 2 37 37 7
55 58 55 26 2 45 45 7 12 2 29 7 29 2 2 45
4 13 29 21 21 51 5 51 12 51 12 44 5 21 46 5
14 5 46 14 5 46 20 20 20 20 21 21 14 39 29 4
14 42 14 53 29 14 4 53 29 46 10 54 39 43 54 43
52 46 46 39 42 39 52 42 39 10 52 52 42 42 52 10
