2 1 0 0 5 1 5 2 1 0 3 2 2 7 5 5
1 3 2 1 5 7 7 5 6 1 7 6 1 7 2 4
7 6 3 6 0 6 6 1 3 3 3 3 3 3 3 3
3 4 3 3 3 6 6 6 6 6 3 4 6 3 2 4
0 4 4 4 4 5 5 5 2 2 5 5 0 5 5 5
0 4 7 5 5 2 1 6 2 7 2 2 2 5 5 0
7 4 4 4 7 7 4 5 0 7 7 5 1 1 4 7
5 4 4 4 1 0 5 0 0 4 5 5 5 4 5 0
2 1 2 5 0 6 7 5 5 4 0 1 2 2 4 6
4 4 6 1 7 4 4 7 4 4 0 0 1 1 6 7
7 6 6 7 6 0 7 7 0 0 7 3 1 0 7 5
0 7 6 7 0 0 1 1 0 6 0 5 5 0 6 1
2 2 2 2 7 2 6 0 2 1 2 2 7 4 2 2
2 0 0 2 6 6 1 6 7 3 5 7 7 5 2 6
4 5 5 7 7 2 1 2 2 2 6 2 3 7 1 6
1 7 7 3 1 6 6 6 3 1 6 3 6 1 1 1
58 55 22 34 19 35 19 4 35 54 27 4 26 31 19 19
35 27 4 35 19 31 31 19 20 35 31 20 35 31 58 18
31 30 27 20 12 20 30 55 59 47 27 47 59 47 47 27
59 60 27 47 59 30 30 30 20 30 59 60 20 59 26 28
12 60 60 60 60 51 61 61 26 58 61 61 22 61 51 51
44 28 43 51 51 58 13 62 26 63 58 58 26 29 39 22
43 18 18 28 43 43 38 51 12 43 43 39 23 23 18 53
39 18 18 50 3 12 39 22 22 28 29 7 29 38 29 12
4 55 4 61 22 52 63 39 39 50 12 45 4 26 38 52
28 28 52 55 21 50 50 53 50 50 34 34 55 55 42 53
53 52 52 53 52 34 53 21 34 34 21 47 23 44 21 7
54 21 10 21 44 44 23 3 44 62 54 29 29 44 62 13
14 46 46 46 63 46 62 54 14 23 46 14 63 6 46 14
14 54 54 14 62 62 23 10 11 5 7 63 63 7 36 10
6 7 7 11 11 36 3 36 36 36 10 36 37 11 3 10
45 11 11 5 45 42 42 42 15 3 42 37 42 3 45 45
