2 1 5 6 5 5 5 6 2 0 3 1 2 5 1 6
1 5 5 6 4 0 1 3 0 0 3 6 6 3 1 0
3 0 3 1 5 2 7 4 2 7 2 6 6 3 4 5
4 4 6 4 4 4 4 4 7 7 7 4 4 4 5 5
7 3 5 0 7 5 4 3 0 1 7 3 0 0 5 5
4 4 1 5 5 3 0 6 0 5 0 0 0 6 6 3
6 6 7 4 5 3 5 7 4 7 7 3 2 0 1 1
3 3 2 4 7 0 2 1 0 1 3 5 6 4 5 0
1 1 1 7 0 7 4 5 5 2 4 2 3 6 4 6
4 6 2 3 0 2 3 7 4 1 2 6 2 3 7 7
7 2 5 1 7 0 7 3 0 7 7 3 0 0 7 7
1 3 7 1 1 3 2 1 2 0 2 1 4 0 0 4
7 1 6 1 0 1 6 0 4 4 0 4 6 6 2 2
6 1 1 1 3 1 7 7 2 1 1 7 1 7 7 7
7 6 2 7 3 5 5 5 5 5 1 6 7 6 6 6
1 2 0 3 1 3 3 6 4 0 2 3 2 3 2 2
58 35 19 30 19 19 19 30 26 54 27 35 26 61 35 30
35 19 19 30 60 34 35 27 22 34 27 30 30 37 35 12
59 12 27 23 29 26 21 28 26 43 58 52 52 59 50 51
50 60 20 50 60 28 18 50 43 43 43 60 60 60 29 29
21 27 29 22 21 29 50 59 22 45 21 47 22 22 29 51
50 28 55 51 51 47 54 62 54 51 54 54 54 52 52 47
52 52 31 28 39 47 51 21 18 43 21 59 58 34 55 13
59 59 46 38 43 12 46 55 12 55 37 39 20 38 39 12
55 55 13 11 12 11 38 39 39 58 18 58 37 20 38 20
38 20 46 27 22 4 37 31 18 13 26 20 26 37 11 53
11 58 39 3 31 34 31 47 34 11 31 47 34 44 11 31
13 15 53 13 13 37 46 3 46 2 46 3 28 2 44 6
53 45 62 45 2 45 62 2 18 38 2 18 62 62 4 4
62 23 23 23 5 23 53 53 14 45 45 63 23 63 63 63
63 42 14 63 5 61 61 61 61 61 3 42 53 42 42 42
3 4 44 5 3 5 5 42 28 2 14 15 14 5 14 14
