2 5 2 1 4 0 6 0 6 0 1 2 4 5 5 6
3 5 4 6 4 0 5 5 4 6 6 0 6 1 2 0
7 5 3 6 1 1 6 5 1 7 4 3 4 1 3 3
7 7 5 7 4 1 0 2 7 4 3 4 7 3 2 4
0 3 7 0 0 5 2 2 7 1 3 3 2 3 3 3
0 3 5 5 1 0 1 2 7 7 2 2 4 7 7 1
4 3 2 1 1 4 7 5 1 4 4 7 1 4 4 7
2 6 5 7 2 0 7 5 3 3 2 5 0 2 2 2
2 5 2 5 2 6 0 2 0 0 0 1 0 6 1 2
3 3 2 3 7 6 6 0 6 6 2 6 3 3 6 1
3 0 5 1 0 6 6 5 0 7 0 7 2 0 6 5
0 5 0 1 6 5 1 1 5 5 1 5 5 7 1 5
1 6 6 7 1 3 2 7 5 4 6 2 0 0 1 1
4 5 1 5 3 5 5 6 0 3 6 7 0 2 2 4
4 4 3 7 3 2 4 2 5 4 5 2 2 2 4 4
5 4 4 7 4 1 7 7 7 7 6 6 7 3 6 3
58 51 14 23 18 12 20 22 42 54 45 4 60 19 19 30
27 19 18 30 60 2 61 19 18 30 30 22 30 35 58 22
31 19 27 10 35 35 30 19 35 43 60 27 18 35 59 27
43 43 29 43 60 35 22 46 43 18 27 60 53 59 46 18
12 27 43 22 22 51 46 46 31 45 47 47 58 47 47 47
44 47 29 51 23 44 23 58 53 21 58 58 50 31 21 23
50 59 4 23 55 60 53 51 45 50 50 21 23 50 50 53
14 20 51 21 14 12 21 51 59 59 26 7 44 26 14 4
4 61 4 61 4 52 12 14 44 44 12 45 12 20 45 14
37 37 46 37 21 20 20 44 20 10 26 10 37 37 42 55
37 54 39 3 54 42 52 7 34 53 54 53 46 54 42 39
54 39 34 3 10 7 45 3 7 39 55 7 39 31 3 7
3 42 10 31 3 59 36 31 29 38 52 26 34 34 55 55
38 39 55 29 5 29 29 10 34 5 42 63 34 26 36 28
28 28 15 63 5 36 28 26 61 38 61 36 36 36 38 28
61 38 38 63 28 13 63 63 63 11 52 52 11 5 62 15
