2 1 0 2 7 4 6 2 6 5 1 7 0 5 5 0
0 5 5 6 2 4 2 3 4 6 6 1 7 7 0 0
1 7 2 6 7 7 1 0 3 7 1 7 6 3 6 5
1 1 1 1 1 1 1 1 3 1 0 4 0 6 6 6
6 6 7 3 4 3 3 7 3 6 7 3 3 5 5 2
0 0 5 6 5 5 3 4 2 3 0 7 7 7 3 3
7 2 5 5 1 5 5 6 6 4 5 3 0 0 6 5
6 6 6 4 3 0 5 5 6 4 5 6 5 0 4 5
5 1 6 5 5 5 7 5 5 4 5 7 5 0 1 0
7 3 3 0 7 6 0 7 0 0 7 7 7 2 7 2
0 1 1 2 0 0 0 7 2 1 2 1 2 2 6 4
3 4 0 2 0 4 4 1 1 1 2 2 7 1 0 2
2 0 2 3 3 3 7 7 7 2 7 7 7 2 2 1
0 4 4 3 3 3 3 4 7 7 7 0 0 0 0 4
4 1 2 3 3 3 1 4 4 1 6 2 2 1 4 1
1 2 2 2 6 2 4 4 4 1 4 1 6 4 6 3
58 55 22 36 31 38 62 4 42 39 23 53 54 61 19 44
22 51 51 10 46 50 26 59 60 10 10 13 11 11 34 12
35 11 26 52 53 63 55 34 59 43 55 31 52 59 52 51
45 35 45 45 45 45 3 45 27 3 2 28 44 62 62 62
62 62 43 37 38 37 37 43 37 10 43 37 37 7 61 46
44 44 61 10 61 61 59 28 46 59 2 53 53 53 47 47
53 14 7 7 55 7 7 52 52 50 7 59 34 34 30 19
30 30 30 50 27 12 19 51 30 60 51 30 51 2 60 19
19 55 52 61 39 39 63 39 39 50 39 21 19 34 55 12
31 15 15 12 21 20 34 31 12 12 21 31 31 36 21 36
22 13 13 4 22 2 2 21 36 13 36 13 4 4 42 60
47 60 22 36 22 50 50 3 35 35 58 58 21 35 44 4
4 2 58 47 47 47 43 63 43 58 63 63 63 58 46 35
54 60 28 27 27 27 27 28 11 11 11 54 54 54 54 28
28 13 14 5 5 15 23 18 18 23 10 14 26 23 18 23
23 14 14 46 42 14 38 38 38 3 18 3 20 38 20 5
