2 1 2 0 4 2 5 0 7 6 2 4 6 4 1 0
0 0 0 0 0 3 7 7 7 7 2 7 4 4 4 0
0 4 0 6 6 6 2 0 6 6 5 6 2 2 2 4
4 0 0 1 4 1 6 0 7 1 0 4 7 3 2 3
1 1 4 3 4 6 4 6 3 1 3 1 3 3 1 3
0 3 3 6 0 5 3 6 3 3 0 3 3 4 1 3
2 2 3 7 5 0 7 6 7 4 7 3 3 0 3 3
5 2 2 5 5 5 5 1 1 1 7 6 7 5 5 5
5 1 1 6 1 1 1 5 0 4 4 1 7 3 2 2
2 3 3 5 0 0 0 4 5 5 2 0 1 5 1 4
4 3 0 1 4 6 7 7 4 7 2 7 3 3 0 2
2 2 2 7 2 5 2 5 5 5 6 5 6 0 0 5
7 6 6 5 1 7 5 7 7 5 2 2 7 5 4 1
2 1 1 2 7 3 0 0 1 1 1 1 1 6 6 1
2 3 2 2 1 3 7 4 4 4 7 3 3 3 3 5
1 5 0 5 4 4 0 0 7 0 1 7 7 4 4 7
58 3 4 2 6 4 7 2 11 10 14 18 30 50 35 12
12 12 22 54 54 15 11 11 11 11 14 21 18 50 50 54
54 50 22 30 42 30 4 22 42 30 19 30 4 4 26 60
60 2 2 3 6 35 20 44 43 3 44 18 53 59 46 59
45 45 38 47 38 30 38 42 47 35 5 13 37 37 35 37
44 37 37 42 34 39 5 62 59 59 2 5 37 18 13 5
26 4 5 21 39 22 11 42 21 50 21 59 15 34 59 15
39 46 46 39 39 39 19 55 55 13 31 20 43 29 29 29
29 35 35 62 13 13 13 29 44 50 18 3 21 47 36 14
36 47 47 19 34 34 34 60 7 7 26 34 45 29 3 60
18 47 44 3 60 42 53 63 60 53 36 53 15 15 2 58
58 58 58 21 58 61 26 61 19 19 10 7 10 22 22 19
43 52 10 61 55 43 61 31 43 61 26 26 43 61 28 55
14 55 55 14 31 27 44 54 23 23 45 23 23 52 52 23
14 27 36 36 45 27 63 28 38 38 31 27 27 27 5 7
45 51 12 7 38 6 12 12 31 54 23 31 63 28 28 63
