3 1 2 0 1 1 0 0 2 0 1 0 0 3 2 1
1 2 1 1 0 1 0 0 2 0 0 0 1 1 2 3
3 1 1 2 2 0 0 0 2 1 0 1 3 3 2 0
2 2 1 3 3 3 3 3 0 3 2 0 0 1 0 2
1 2 1 2 2 2 1 0 1 0 0 1 2 2 0 2
1 3 3 0 0 0 2 1 1 1 1 2 1 3 1 3
0 1 0 0 1 1 0 0 0 0 3 2 2 0 2 2
1 1 2 1 3 3 2 3 2 0 3 3 3 3 3 3
3 3 3 3 1 3 3 2 3 3 0 2 0 3 0 3
3 3 3 0 0 0 3 0 3 2 2 0 0 1 3 1
2 2 2 3 0 2 2 2 3 2 3 3 0 0 0 1
1 2 0 2 2 1 1 1 0 1 3 3 3 0 0 3
3 3 3 1 2 0 0 3 3 3 2 2 2 2 2 2
2 2 2 1 1 1 1 1 1 1 3 1 2 2 3 2
3 2 2 0 1 1 3 0 2 0 2 0 0 0 2 0
0 0 2 0 3 1 1 3 0 1 1 1 2 1 1 2
31 4 9 7 4 8 7 7 9 3 8 3 7 6 5 4
4 9 4 4 3 8 7 7 5 7 78 32 33 8 30 27
6 4 4 9 5 3 53 7 5 79 78 8 6 6 9 7
9 5 4 6 6 6 6 6 3 6 9 3 7 8 53 5
8 5 8 9 5 9 4 3 8 3 3 8 5 9 3 5
54 31 31 57 78 78 30 54 54 54 54 55 54 31 29 81
28 29 28 78 29 29 78 78 78 57 27 30 30 28 30 30
33 29 30 33 52 52 51 52 51 28 52 31 77 77 77 77
52 77 52 52 33 52 77 30 52 52 28 55 28 77 32 27
27 27 27 32 32 32 27 32 31 30 30 53 78 33 31 54
51 51 55 27 53 51 51 51 81 51 56 56 28 28 28 54
54 55 78 51 51 54 79 79 28 29 27 31 56 57 57 56
56 27 56 79 80 57 57 31 31 56 76 80 76 76 76 76
76 76 80 33 33 33 33 79 33 29 77 29 80 80 77 80
77 80 80 32 29 29 56 32 76 53 80 32 53 32 55 53
53 53 80 53 56 75 79 56 57 75 79 79 76 79 79 76
