3 1 2 0 1 0 1 3 0 2 2 3 2 0 1 1
0 2 1 0 1 1 0 0 0 0 1 3 0 3 2 1
2 2 2 1 1 3 3 3 0 1 1 1 2 2 3 2
3 3 3 3 3 3 2 0 0 2 1 0 0 1 1 1
3 3 1 2 1 1 1 2 1 2 3 3 0 0 2 2
2 2 2 3 1 0 0 3 1 3 3 1 0 0 3 3
3 0 3 0 3 0 2 0 0 0 0 0 0 0 0 0
2 0 3 2 2 0 0 0 0 0 2 3 0 3 1 2
3 3 3 3 3 3 2 0 2 2 2 1 2 1 3 2
3 3 1 2 3 3 3 3 3 2 2 2 2 3 2 1
2 3 3 2 3 3 0 2 3 1 3 3 2 1 3 3
2 0 2 2 2 2 2 2 0 2 0 3 2 3 2 3
2 2 2 1 3 2 0 3 0 1 1 1 0 1 1 0
0 1 0 0 1 1 1 0 0 0 2 0 0 0 0 0
0 0 0 0 3 1 3 1 3 0 1 0 1 3 0 1
1 1 1 1 3 0 1 1 2 2 3 3 1 2 1 3
31 4 9 3 8 7 8 6 3 5 30 6 9 3 8 4
3 9 8 3 4 8 7 7 28 7 33 52 32 6 30 4
5 80 5 8 8 6 6 6 28 4 4 4 30 30 52 9
31 81 31 31 77 77 30 53 57 30 79 32 28 4 4 4
6 6 8 80 54 79 29 80 8 9 27 27 78 78 51 51
51 51 51 27 8 32 28 27 33 27 27 29 57 53 52 52
52 32 6 32 6 78 80 78 78 3 3 3 3 3 53 53
55 53 31 76 76 28 57 28 53 53 30 31 28 56 54 30
52 52 52 52 56 52 55 57 76 76 76 75 76 75 27 9
27 81 75 80 81 77 81 81 81 80 80 30 80 27 80 75
80 81 77 76 77 77 78 9 81 79 81 81 9 79 77 77
51 28 76 5 76 5 9 9 28 76 78 56 30 56 5 31
5 5 5 79 77 5 57 77 78 54 54 75 7 75 54 32
32 54 57 57 54 54 54 53 53 7 55 28 78 57 7 7
7 7 57 57 56 33 31 33 56 53 54 32 75 27 32 75
75 33 75 33 56 32 79 79 55 51 56 56 79 51 79 56
