3 1 2 0 1 0 1 3 0 2 3 2 1 1 0 1
2 0 1 3 1 2 0 0 1 1 0 2 0 0 0 3
3 1 1 1 2 0 1 0 2 0 2 2 0 1 2 3
3 2 0 3 3 0 1 0 3 2 2 1 3 1 0 3
2 2 2 2 1 2 1 2 0 1 3 1 3 0 1 0
0 3 3 3 0 0 0 1 0 1 1 2 0 2 3 3
2 2 2 3 0 2 0 3 2 1 2 0 0 0 0 1
1 1 2 0 2 0 0 1 2 1 2 2 1 0 2 1
3 3 3 0 2 0 1 1 1 1 2 1 1 3 0 2
3 2 3 3 0 3 3 0 0 1 1 1 2 1 2 1
1 2 2 2 2 3 2 3 2 1 3 0 0 2 2 0
0 0 0 3 2 0 2 3 3 3 3 1 0 3 3 2
2 1 1 0 1 3 3 2 2 2 2 1 3 3 3 3
1 3 3 3 3 3 3 1 3 1 3 2 3 0 0 3
0 2 2 0 2 2 2 2 0 2 1 0 0 1 2 0
0 0 3 3 3 1 3 1 1 1 0 3 3 3 1 3
31 4 9 3 8 7 8 6 3 5 6 9 4 4 3 8
9 3 4 6 8 9 3 3 4 4 3 9 3 3 7 6
6 4 4 4 9 3 8 7 9 53 9 80 7 33 5 6
6 9 7 6 27 7 79 53 31 80 80 33 27 8 53 56
30 30 51 30 54 30 33 80 32 8 81 8 81 78 54 78
32 6 6 27 32 32 32 8 32 8 4 30 78 9 31 27
30 30 30 27 28 30 28 81 30 33 5 28 28 28 28 54
75 75 5 32 5 78 32 54 55 54 55 55 54 78 5 33
52 81 81 28 76 28 54 54 54 54 76 79 79 77 78 51
52 51 52 52 28 77 77 28 57 75 33 33 80 33 76 33
33 76 76 76 80 27 76 31 80 79 31 78 53 80 80 78
57 53 78 81 80 78 55 52 52 52 52 75 57 52 52 76
76 75 75 53 75 77 77 51 51 51 76 79 56 56 56 77
79 81 27 27 27 27 77 79 77 79 77 5 56 7 7 77
32 51 5 7 5 5 51 51 7 51 29 32 57 29 55 57
57 57 81 81 81 75 31 29 75 75 53 31 31 31 79 56
