3 1 2 0 1 1 0 2 0 0 1 0 3 1 3 2
0 2 3 1 1 0 0 2 3 1 3 1 0 2 3 1
0 1 1 0 2 0 2 2 0 2 3 0 0 3 2 3
2 2 2 2 3 1 3 3 3 3 1 0 1 1 0 0
2 2 1 3 3 3 1 2 1 1 2 1 0 0 1 2
0 0 1 1 1 1 0 0 2 1 1 3 3 3 3 3
3 0 2 0 1 1 2 2 3 2 2 2 2 0 2 2
2 0 2 0 2 0 2 0 3 3 3 2 0 0 2 2
2 3 2 2 2 2 0 2 2 2 0 0 2 0 0 1
1 1 0 0 1 3 2 3 3 1 1 3 2 1 3 1
1 3 3 0 2 3 0 1 2 0 0 1 0 1 0 1
1 0 3 0 3 3 3 3 0 3 2 1 1 1 1 1
1 0 0 1 1 0 1 1 0 1 2 0 2 2 0 2
2 2 2 2 3 3 3 2 2 2 3 2 0 0 2 3
2 3 2 3 3 3 1 1 3 3 1 3 1 3 3 1
3 1 1 1 3 1 1 1 0 0 3 1 0 1 1 0
31 4 9 7 4 8 7 9 3 3 8 7 6 8 6 5
3 9 6 4 4 3 7 9 52 8 6 4 3 9 6 4
3 4 4 3 9 7 9 30 53 30 6 7 7 6 5 81
80 30 30 30 27 79 6 27 27 27 8 53 8 8 53 28
30 30 54 52 52 52 54 30 8 54 76 8 28 28 33 55
3 28 33 75 8 75 3 3 76 29 29 6 6 52 52 52
52 32 80 32 29 29 9 80 77 9 80 80 5 53 9 80
76 78 5 28 5 32 30 32 31 31 31 51 32 78 51 51
51 31 51 51 51 51 78 76 51 51 32 32 76 32 32 33
33 33 32 78 29 31 80 31 31 33 33 31 80 33 31 33
33 27 77 53 80 27 53 29 80 53 53 29 53 29 28 54
4 28 52 53 52 27 27 27 28 27 30 54 54 79 29 29
4 28 28 79 54 78 54 54 78 54 76 78 76 55 78 76
76 55 55 76 81 81 81 55 5 55 77 5 78 78 5 77
5 77 5 77 81 81 75 75 81 81 75 81 75 81 77 75
56 75 75 79 56 75 79 79 57 57 56 79 57 79 79 57
