0 0 0 1 0 0 1 1 1 1 1 0 1 0 0 1
1 1 0 0 0 0 0 0 0 0 0 1 0 0 1 0
0 1 0 1 1 1 0 1 0 0 0 0 0 0 0 0
0 0 1 0 1 0 1 0 0 0 0 0 1 0 0 0
0 0 1 0 0 1 1 0 1 1 1 1 1 1 0 1
1 0 0 1 0 0 0 1 0 1 1 0 1 1 0 0
0 0 1 1 1 1 1 1 0 1 0 0 1 0 0 0
0 0 0 0 0 1 1 0 1 1 1 0 0 1 0 0
1 1 1 1 0 1 1 0 0 1 1 1 1 0 0 1
1 1 1 1 0 0 1 1 1 0 0 0 1 1 0 1
1 1 1 0 0 0 1 1 0 0 0 0 0 0 0 0
1 1 0 0 1 0 1 0 1 0 1 0 0 1 0 1
1 0 0 1 1 1 1 1 1 1 1 1 1 1 1 1
1 1 1 1 1 1 0 1 1 1 0 1 1 0 1 0
0 0 0 1 1 1 1 1 0 1 1 1 0 1 1 1
0 0 0 1 1 0 0 1 0 0 0 1 0 0 0 0
17 57 45 10 51 51 36 36 36 36 36 35 18 43 5 42
54 42 5 43 43 5 45 57 57 5 9 56 45 37 36 45
45 48 7 52 48 44 47 16 7 43 57 7 35 39 15 7
7 57 54 15 54 15 54 7 23 35 17 35 14 55 57 55
45 25 26 47 25 40 50 49 4 48 54 48 48 48 35 54
44 43 43 18 23 23 23 26 25 18 38 25 4 44 51 55
49 55 12 38 38 38 38 14 53 14 53 13 46 9 51 53
35 25 51 23 3 26 26 55 26 14 14 41 41 26 55 41
52 46 44 44 49 44 38 21 21 58 56 58 4 21 47 52
52 52 52 12 41 41 4 58 8 21 21 41 4 58 21 56
4 40 8 3 19 19 8 58 19 53 19 19 19 37 37 25
8 58 5 37 20 37 8 3 8 37 18 3 3 40 3 20
40 5 17 18 50 18 40 50 20 20 40 12 20 20 46 14
12 42 12 22 42 50 53 10 12 42 49 56 46 39 42 23
9 9 39 56 56 50 46 50 53 22 10 22 39 10 10 10
47 49 49 46 22 11 47 22 17 51 17 22 9 17 39 39
