0 0 0 1 0 0 1 1 1 1 1 0 1 0 1 0
1 0 1 0 1 0 0 0 1 1 1 1 1 0 1 1
1 1 0 1 0 0 0 1 0 0 1 1 1 0 1 0
1 0 0 1 0 1 0 1 1 1 0 0 1 0 0 0
0 0 0 0 0 0 1 0 1 0 0 0 1 1 0 0
1 1 1 1 1 0 0 1 0 1 0 0 1 0 0 0
1 1 0 1 1 1 1 1 1 1 1 1 1 1 0 0
0 0 1 1 0 0 0 0 0 0 1 0 0 0 0 0
1 1 0 1 1 1 0 0 1 0 0 0 0 1 1 0
0 1 1 0 0 1 0 1 0 1 1 0 0 0 1 0
0 0 0 0 0 1 1 0 0 0 0 0 0 1 0 1
0 1 0 0 1 1 1 0 0 1 1 1 0 1 1 0
1 1 0 1 1 1 0 1 1 1 1 1 1 1 1 1
1 0 1 1 1 1 1 0 1 0 0 0 0 0 0 1
0 0 0 0 0 0 0 1 0 1 1 0 1 1 0 0
0 1 0 0 0 1 1 1 0 0 0 0 0 0 0 0
17 57 45 10 51 51 36 36 36 36 36 35 18 43 40 25
54 5 42 5 22 5 13 13 42 40 16 22 16 37 50 50
8 50 13 10 53 35 13 36 49 53 14 56 52 35 52 7
50 53 53 50 7 4 53 50 20 18 45 45 14 7 57 7
7 57 7 57 57 51 54 57 44 49 5 49 58 22 49 49
44 22 54 22 20 17 23 4 23 38 23 15 22 23 23 23
52 16 21 56 18 48 18 42 54 54 48 54 48 48 45 5
51 25 46 8 37 37 19 51 19 51 26 19 41 45 37 19
58 58 15 20 10 14 35 5 18 41 41 15 35 48 38 19
41 20 20 19 21 20 45 58 49 24 26 41 41 37 42 55
37 21 55 3 25 14 52 21 35 53 55 47 47 56 47 46
47 56 47 21 48 56 38 3 47 44 52 52 21 44 44 17
56 42 17 58 8 46 11 26 42 38 26 26 44 18 46 14
14 55 38 26 58 38 12 55 12 55 17 17 11 39 3 12
11 25 15 25 25 15 3 12 15 12 10 13 12 16 13 11
11 16 11 3 3 10 10 6 9 9 9 39 9 39 43 43
