5 5 5 1 5 5 2 2 7 5 5 1 1 3 6 4
6 4 1 2 4 2 0 2 4 5 5 2 1 6 7 7
4 7 2 6 2 1 6 2 6 7 2 2 6 3 5 5
5 4 5 6 5 5 7 4 5 5 5 7 5 7 4 5
4 5 5 0 5 5 2 2 2 2 5 5 0 0 6 5
2 6 0 6 1 2 6 6 6 6 2 5 2 2 0 0
7 5 6 1 1 6 2 6 6 7 2 6 1 2 2 6
6 6 7 7 7 0 6 4 2 2 7 1 7 1 4 0
6 1 4 7 0 1 7 3 4 4 4 1 0 3 2 0
3 3 1 1 7 1 5 1 1 4 0 0 5 3 1 0
3 0 3 2 2 1 2 2 2 0 1 4 0 0 4 4
0 3 0 3 0 3 1 1 6 3 0 6 6 6 0 1
7 6 3 7 4 3 7 0 6 7 0 3 3 3 3 3
2 7 5 2 7 1 0 0 1 0 5 0 2 7 1 5
2 3 3 7 5 0 0 5 3 0 6 0 0 3 7 3
3 7 3 3 3 7 4 4 4 4 4 4 7 4 4 4
39 39 39 35 19 7 36 58 63 61 29 55 35 47 52 28
52 18 55 14 38 4 22 14 60 19 61 46 35 20 21 21
18 21 26 20 26 35 42 36 62 43 58 26 52 47 61 51
61 28 29 62 29 29 21 60 51 51 51 21 29 21 60 61
60 51 51 22 29 19 58 58 58 36 61 19 22 22 20 19
26 30 12 20 35 58 52 62 42 42 26 39 26 46 22 22
43 19 42 23 55 20 46 42 52 43 46 42 23 46 46 20
62 52 43 43 43 12 62 28 36 36 63 23 63 45 60 12
62 55 18 63 12 23 63 47 18 18 18 35 12 47 36 12
47 47 55 55 63 23 39 23 45 28 34 34 39 37 45 34
37 54 37 4 4 45 4 4 4 34 45 60 34 44 28 28
54 15 34 37 54 37 45 3 30 37 54 30 30 10 44 13
53 30 27 11 50 59 11 54 30 11 54 27 27 27 27 27
14 11 7 14 53 3 2 44 3 2 7 2 14 53 3 7
14 15 15 11 7 2 2 7 15 44 10 44 44 5 53 15
5 53 5 5 5 53 38 38 38 38 38 50 11 6 6 6
