5 3 0 4 0 0 1 5 2 1 1 2 2 4 7 6
0 7 0 6 4 3 4 2 7 2 3 1 7 7 7 7
0 2 7 1 0 0 6 4 6 6 6 6 6 6 4 4
5 4 5 5 4 1 5 5 5 5 5 5 0 7 2 7
7 5 7 0 7 5 5 5 7 2 7 4 7 4 7 2
2 2 0 2 1 2 2 6 0 0 2 2 0 6 0 0
0 3 6 7 7 3 3 3 3 3 2 2 3 2 3 2
6 2 6 6 3 6 6 6 3 3 3 3 6 3 6 4
6 1 2 4 6 4 7 7 4 2 1 1 2 3 4 3
4 5 5 5 6 4 6 7 4 4 4 6 6 4 6 4
4 4 5 1 5 5 5 5 4 5 5 5 0 7 7 4
7 7 3 2 2 7 1 1 0 0 0 5 3 3 1 0
0 3 0 0 0 0 2 2 5 2 5 1 1 5 1 1
1 5 1 2 5 5 4 1 4 0 6 2 0 3 6 1
4 1 2 7 7 7 7 4 4 4 6 2 3 2 6 7
3 7 7 7 3 0 3 6 7 0 0 3 3 0 4 1
29 59 2 38 2 2 23 7 46 45 45 4 46 50 21 42
54 21 44 10 50 5 60 26 43 46 27 35 43 43 53 53
44 46 21 45 44 44 20 50 52 52 52 52 52 20 18 18
19 18 19 19 18 13 29 51 51 51 51 51 44 11 46 11
21 51 11 44 21 19 19 19 11 4 21 18 11 18 11 14
14 4 22 4 23 4 4 62 54 22 14 14 22 52 22 22
22 59 42 43 43 47 47 47 47 47 36 36 27 58 27 36
20 58 20 20 27 20 62 62 59 59 59 59 62 47 62 60
62 55 58 28 30 60 63 43 60 58 45 45 26 27 38 27
28 29 61 61 30 28 30 31 28 60 60 30 30 38 30 38
28 28 39 3 61 61 61 61 38 7 7 7 2 63 63 38
63 63 5 58 58 63 23 3 2 2 54 7 5 5 23 12
12 5 12 12 12 12 26 26 39 26 7 3 3 39 3 3
35 39 55 36 39 39 6 35 6 34 42 46 34 5 42 23
6 23 14 53 53 53 53 6 6 6 10 14 37 36 42 31
37 31 31 31 37 34 37 42 31 34 34 37 37 34 50 35
