0 7 2 6 6 1 5 2 7 0 0 2 6 0 1 5
3 2 4 6 3 3 5 3 3 0 1 0 0 3 7 3
2 4 4 6 6 6 4 4 3 4 3 4 1 3 1 1
1 4 7 0 4 0 4 4 7 6 1 3 4 3 0 4
5 5 5 4 0 5 5 5 6 1 3 2 0 3 3 3
7 1 1 3 1 7 1 1 6 7 0 2 4 1 6 1
6 1 0 4 1 4 1 5 0 0 0 7 3 0 5 7
1 1 6 4 1 7 6 5 6 4 5 6 6 5 5 7
5 5 0 5 5 5 5 5 3 5 4 4 1 4 4 0
6 4 4 3 0 6 6 4 4 5 5 3 5 3 1 5
1 1 5 1 1 6 7 7 6 5 1 3 0 6 1 4
5 7 0 7 6 5 5 1 1 1 0 1 7 3 3 3
3 2 3 7 2 3 6 3 7 3 2 2 3 3 4 3
3 3 4 0 7 4 6 4 4 6 6 7 0 6 5 6
0 5 2 0 0 0 0 6 5 1 7 2 4 7 4 7
6 4 4 7 4 2 0 2 6 2 7 7 0 1 4 2
44 63 46 42 42 55 29 26 21 54 44 4 62 44 3 7
27 26 38 62 5 5 39 5 5 34 3 54 2 37 31 37
58 50 50 52 52 52 6 6 59 28 37 60 3 37 3 3
3 60 11 12 60 12 18 28 43 10 45 47 28 59 54 28
19 19 19 50 34 19 19 19 30 45 59 14 22 59 59 37
21 45 45 59 35 21 55 35 52 21 2 58 50 55 52 55
52 55 12 60 55 60 35 51 12 12 12 21 27 34 51 21
35 35 30 50 35 31 30 51 30 60 51 30 30 39 39 43
19 19 12 19 19 19 19 39 59 51 18 60 35 60 60 12
30 60 60 27 22 30 30 60 18 39 39 27 39 59 3 39
3 3 39 3 35 30 21 21 30 51 35 47 2 30 35 38
51 21 34 21 20 51 51 3 35 35 34 3 21 27 27 27
27 26 59 21 26 59 62 59 43 47 26 26 59 47 18 47
47 47 18 22 31 50 20 18 18 20 52 31 22 20 29 20
34 51 14 22 22 22 2 20 29 55 31 14 50 43 50 43
52 50 50 43 50 14 34 14 62 14 43 43 34 55 28 14
