3 5 6 5 2 3 0 0 5 0 1 2 2 5 5 2
7 1 1 1 5 3 3 2 0 5 5 5 5 4 5 5
4 5 3 1 4 4 7 0 5 7 5 6 6 1 6 4
4 2 6 7 4 6 5 5 3 6 0 5 5 7 2 2
7 7 0 4 7 7 3 3 2 5 2 2 1 7 6 6
1 1 6 1 1 4 4 6 2 4 3 5 3 3 2 0
2 1 2 6 1 2 4 2 4 5 2 3 4 2 1 3
4 2 7 7 7 3 7 0 4 6 1 5 3 3 3 1
1 3 5 5 5 0 5 6 3 0 0 0 3 0 0 3
0 3 7 3 7 0 3 0 3 5 0 0 3 3 7 7
6 3 5 1 5 5 5 7 4 5 5 7 5 4 4 4
4 6 0 6 6 4 4 1 5 4 1 6 4 1 4 0
4 0 0 4 4 3 6 4 0 4 6 5 5 5 1 1
1 5 1 3 6 4 6 1 4 3 6 3 5 4 5 4
0 3 7 5 5 3 0 6 5 3 7 5 4 1 1 1
3 3 3 3 3 6 3 6 4 0 6 6 0 0 0 6
37 7 20 29 4 47 2 2 51 54 45 4 26 51 51 46
53 23 55 55 51 5 27 46 44 7 7 7 7 50 19 19
18 19 27 3 60 60 21 34 7 43 19 52 52 55 52 18
60 4 20 43 38 30 19 19 27 30 2 61 61 21 26 26
21 21 2 50 21 21 59 59 26 39 26 26 23 31 62 62
23 23 62 23 23 18 18 62 36 18 37 39 37 37 36 22
36 55 36 62 55 36 38 36 18 61 46 59 60 46 45 37
60 46 43 43 43 37 43 22 60 30 3 39 59 59 59 3
3 59 51 51 51 22 51 30 59 22 22 22 37 22 22 37
54 37 21 59 21 54 59 54 59 39 34 34 37 37 21 21
30 37 39 3 39 39 19 21 38 39 19 21 19 38 38 38
38 30 34 30 30 60 60 3 19 60 55 30 60 35 60 12
60 12 12 50 50 59 62 50 12 50 52 19 51 19 35 35
35 51 35 27 62 50 62 35 18 27 62 27 29 18 29 28
34 27 43 29 29 27 2 62 29 27 31 29 50 3 3 3
47 47 47 47 47 52 47 42 18 54 52 52 2 54 54 52
