0 7 2 6 6 1 5 2 7 0 0 2 6 5 1 5
6 5 4 6 2 6 5 5 4 2 3 5 5 5 5 7
5 5 0 7 7 0 7 4 6 2 3 4 6 0 4 3
0 4 5 6 4 4 5 5 5 6 0 6 0 3 2 0
0 3 7 0 7 4 2 0 0 7 0 5 3 3 3 3
0 7 6 5 3 5 1 7 0 0 0 5 3 1 1 1
7 1 5 1 1 2 7 1 1 7 7 7 0 0 2 4
2 2 0 5 1 6 5 5 5 4 6 6 4 0 4 6
0 6 0 5 5 0 0 0 0 4 4 1 3 5 4 5
5 5 2 5 0 6 4 7 4 4 2 3 5 3 5 2
4 5 0 3 5 3 6 6 5 5 1 3 1 2 1 5
3 6 0 7 1 1 1 1 6 0 5 5 5 5 5 7
2 6 6 1 7 3 4 3 3 4 0 4 3 3 4 3
3 4 4 0 3 4 1 1 0 1 6 1 0 1 0 6
0 3 2 0 0 0 1 1 7 7 6 2 3 1 1 4
3 4 3 2 4 0 4 7 4 6 6 6 2 2 4 6
44 63 46 42 42 55 29 26 21 54 44 4 62 61 35 51
62 51 38 30 46 62 7 51 60 46 5 51 7 51 51 21
19 19 22 21 21 22 21 28 62 26 27 28 52 34 50 27
22 28 29 62 18 28 19 19 19 30 12 30 12 59 46 12
12 27 43 22 43 18 46 22 22 21 54 19 59 59 59 59
44 53 62 39 59 61 23 53 12 12 2 39 37 55 55 55
43 55 61 23 55 14 53 23 45 43 43 43 54 54 46 6
26 26 54 7 3 10 7 39 39 38 10 10 38 2 38 10
12 10 12 61 19 12 12 12 12 50 18 45 37 19 18 19
19 19 46 19 22 30 18 31 18 18 26 27 51 59 29 46
18 51 44 47 51 47 52 30 51 51 23 47 23 46 23 51
47 30 34 21 23 23 23 3 30 2 29 29 29 29 29 21
58 30 30 45 21 59 60 59 59 50 22 60 59 59 60 47
47 60 60 22 37 50 35 35 34 55 52 35 34 55 34 20
34 37 14 22 22 22 55 55 21 21 10 14 37 55 55 28
37 28 37 46 28 34 28 21 50 52 52 52 14 46 50 52
