3 5 2 6 7 4 7 2 1 0 2 4 6 0 6 6
0 4 0 6 2 7 5 4 0 0 7 7 6 6 1 4
5 4 0 1 7 0 7 5 5 7 2 4 6 1 4 3
1 4 3 6 4 6 6 6 5 6 1 4 5 5 5 2
4 3 4 4 0 4 1 1 5 1 1 1 5 1 1 4
0 4 4 5 0 2 0 6 0 5 0 2 4 5 5 2
0 0 0 1 1 3 7 5 0 0 0 3 3 0 1 3
0 2 0 6 6 0 2 0 0 3 3 1 6 6 5 6
5 5 4 5 5 5 5 0 5 4 4 2 6 5 0 6
6 7 6 3 0 0 1 2 4 0 5 1 1 0 7 1
6 3 4 5 1 2 6 7 6 7 1 3 1 1 1 5
3 2 3 7 6 1 1 2 5 2 1 4 7 7 6 6
5 6 6 4 4 4 4 4 4 3 3 1 7 6 1 1
2 1 1 6 7 6 7 7 4 5 7 7 6 5 5 7
0 3 2 7 4 7 6 3 5 1 2 2 2 7 7 7
7 5 2 2 7 5 5 6 7 0 0 3 7 2 5 5
37 7 4 42 21 18 43 4 13 54 46 18 62 22 52 20
22 18 44 10 46 21 61 18 22 22 21 21 30 30 55 50
51 50 22 23 21 22 21 19 19 43 58 18 52 55 50 27
23 60 27 30 18 30 30 30 19 62 23 60 19 19 19 58
60 27 60 60 34 6 55 45 39 35 35 35 51 35 35 50
44 50 50 51 34 58 34 62 12 51 12 58 60 29 51 58
54 54 12 23 35 27 53 51 12 34 34 59 27 34 45 27
54 58 54 52 52 12 46 54 12 59 37 23 20 52 39 52
51 51 18 61 19 19 51 22 51 50 18 58 52 51 22 52
52 21 52 27 22 22 45 58 18 22 51 23 45 22 21 55
52 47 50 19 45 58 52 21 30 53 45 47 23 45 23 19
47 58 47 21 20 45 23 58 19 58 55 50 21 21 20 20
19 30 30 50 50 18 18 50 18 47 47 23 43 20 23 55
14 55 55 20 53 20 53 53 60 29 43 63 30 39 29 31
34 27 14 63 60 43 30 59 29 35 46 14 46 43 53 43
43 29 46 46 63 29 29 30 31 12 12 37 53 46 7 61
