0 7 2 6 6 1 5 2 7 0 0 2 6 3 3 3
7 5 1 2 0 0 0 5 4 2 7 1 1 3 2 7
4 1 2 1 0 1 2 0 1 1 0 1 6 3 3 1
1 0 5 2 5 5 7 3 5 0 5 4 4 7 5 5
7 2 2 7 2 3 4 4 7 4 7 4 4 6 5 4
4 6 7 7 7 7 7 2 4 4 2 2 4 7 0 2
7 0 3 1 4 3 4 4 4 1 6 1 5 6 6 2
6 4 2 6 1 4 7 1 1 1 3 0 5 0 4 5
1 3 0 1 5 4 7 5 6 6 1 6 6 5 6 5
6 3 5 1 7 5 6 7 5 6 0 6 1 6 6 1
1 0 1 4 4 3 4 3 5 7 4 3 4 4 0 5
0 0 0 5 0 5 5 1 2 0 0 5 6 1 5 4
3 2 2 4 4 4 6 4 1 4 2 2 7 7 1 0
3 0 1 0 5 0 7 6 3 6 1 0 0 5 0 3
0 3 3 3 4 3 2 3 7 7 2 2 5 3 2 7
6 2 0 7 6 2 2 2 7 2 1 3 3 3 1 3
44 63 46 42 42 55 29 26 21 54 44 4 62 47 47 47
31 51 13 58 2 2 2 7 60 4 63 3 3 37 4 43
28 3 36 3 34 35 36 34 3 23 34 3 52 47 47 13
13 12 29 58 7 7 63 5 51 54 19 60 18 31 51 51
31 4 4 31 4 5 60 60 31 60 31 28 28 20 51 28
28 30 21 21 21 63 53 58 18 18 58 58 38 53 44 58
43 34 15 23 6 27 38 38 38 35 62 55 51 52 52 36
52 50 46 52 35 50 21 35 35 35 37 34 39 34 60 19
35 59 34 35 19 60 63 39 30 10 35 30 30 19 10 19
30 37 39 55 21 19 30 31 19 10 34 10 55 30 10 55
55 54 55 18 18 47 18 47 51 53 18 47 18 50 22 19
54 54 34 51 54 51 51 3 46 22 54 51 52 35 61 50
47 46 46 50 50 18 62 50 35 50 26 26 21 21 35 54
27 22 55 22 51 22 43 10 47 20 45 22 34 39 34 59
34 27 59 59 60 59 46 59 21 21 46 14 39 47 46 43
52 14 44 43 20 14 14 14 31 14 45 37 27 37 23 37
