3 0 2 7 5 3 4 3 2 3 3 3 2 5 5 6
6 5 5 6 5 2 1 5 4 5 5 5 6 5 5 5
5 5 3 5 5 1 6 5 3 7 3 2 6 5 5 3
1 1 1 1 1 1 5 5 5 6 3 1 5 5 5 5
0 5 0 0 7 5 4 5 5 6 7 5 0 5 4 7
7 6 7 5 7 5 5 5 6 7 0 6 2 7 6 3
2 6 6 6 1 3 1 6 6 6 5 5 3 6 6 6
6 6 6 6 1 7 5 1 6 6 3 6 6 3 6 7
6 3 6 1 5 3 6 5 5 6 5 6 1 5 4 5
5 5 5 3 6 6 5 5 5 5 2 3 6 5 6 5
5 5 5 5 5 6 5 5 5 5 5 4 6 6 1 5
4 6 0 6 5 5 3 1 5 5 5 6 5 1 5 1
5 5 6 1 6 5 5 5 6 5 2 2 3 5 1 1
1 5 4 3 5 6 1 1 1 5 5 3 5 5 6 6
6 3 5 5 1 5 6 5 5 1 5 5 5 5 5 5
3 5 5 5 4 5 3 4 4 5 0 5 4 0 5 5
37 2 14 53 19 59 60 27 26 27 27 59 26 61 19 30
42 19 39 30 19 26 35 51 60 19 19 19 30 19 19 19
19 19 27 39 19 35 30 19 59 43 27 26 52 39 39 27
35 35 35 35 35 35 19 19 19 30 27 35 19 19 19 19
12 19 12 22 21 51 50 19 19 30 21 19 12 19 50 43
21 30 43 51 21 19 19 39 30 21 2 30 26 31 30 47
26 30 30 30 35 27 35 30 30 30 19 19 27 30 30 30
30 30 30 30 35 31 19 35 30 30 27 30 30 27 30 43
30 27 30 35 19 27 30 39 39 30 19 30 35 19 38 19
19 19 39 27 30 30 19 39 19 19 26 27 30 19 30 19
19 19 39 19 39 30 19 19 19 19 19 60 30 30 35 19
38 30 34 30 19 19 27 3 19 19 19 30 39 35 19 35
19 19 30 35 30 19 19 19 30 19 26 26 27 19 35 35
35 19 60 27 39 30 35 35 35 19 19 27 19 39 30 30
30 27 39 19 35 19 30 19 19 35 19 19 39 19 19 19
47 19 19 19 60 29 47 60 18 51 12 29 60 12 29 29
