3 0 2 7 5 3 4 3 2 3 3 3 2 5 5 6
6 5 5 6 5 2 1 5 4 5 5 5 6 6 3 5
5 6 3 5 1 1 6 4 1 7 3 1 6 1 5 5
3 7 6 7 5 0 6 4 7 0 6 6 6 6 2 1
0 4 7 4 4 4 4 1 1 2 7 1 0 0 1 6
0 4 1 4 7 2 4 6 0 7 4 2 4 0 3 2
2 3 0 2 4 3 2 7 4 0 7 5 4 4 4 4
5 4 3 7 1 7 3 4 3 3 1 0 4 3 5 3
5 5 1 1 5 5 1 1 1 4 4 1 1 5 1 5
6 6 6 0 6 6 6 4 4 0 0 3 0 0 3 1
0 3 4 4 4 3 4 4 4 7 4 4 4 4 3 4
3 0 0 7 7 5 4 1 0 6 1 5 7 5 4 7
2 0 0 7 7 3 6 3 4 3 6 2 5 3 3 3
3 5 4 0 5 3 3 4 0 3 7 7 7 5 5 7
0 3 7 7 3 0 0 3 5 4 1 6 0 0 4 6
6 5 1 3 4 5 1 1 1 0 1 6 0 1 0 6
37 2 14 53 19 59 60 27 26 27 27 59 26 61 19 30
42 19 39 30 19 26 35 51 60 19 19 51 30 30 27 51
51 30 27 39 35 35 30 28 35 43 27 35 52 35 39 51
59 43 20 43 51 34 52 50 43 12 52 52 52 52 46 55
12 50 63 50 50 50 50 55 55 36 21 55 22 22 55 62
44 28 55 60 21 58 60 62 12 21 60 58 60 12 59 58
58 59 12 58 18 47 58 21 18 12 21 29 18 18 18 18
29 38 47 21 3 31 47 28 59 47 3 34 38 47 29 47
19 19 35 35 19 19 35 35 35 50 18 35 55 19 55 19
30 30 30 12 30 30 30 60 18 12 34 27 12 12 27 55
22 47 50 60 50 47 50 50 50 53 60 60 60 60 59 38
47 12 34 21 21 51 18 3 12 62 55 51 21 51 18 21
58 22 22 21 21 59 62 59 18 47 52 26 51 59 59 47
47 51 38 22 51 59 27 18 22 27 31 31 31 39 29 31
34 27 31 31 5 22 2 27 29 38 3 42 2 2 38 52
52 29 3 5 38 29 55 3 55 2 45 52 2 3 54 52
