3 0 2 7 5 3 4 3 2 3 3 3 2 5 5 6
6 5 5 6 5 2 1 5 4 5 5 5 6 6 3 5
5 6 3 5 1 1 6 4 1 7 3 1 6 1 5 5
3 7 6 7 5 0 6 4 7 0 6 6 6 6 2 1
0 4 7 4 4 4 4 1 1 2 7 1 0 0 1 6
0 4 1 4 7 2 4 6 0 7 4 2 4 0 3 2
2 3 0 2 4 3 2 7 4 0 7 5 4 4 4 4
5 4 3 7 1 7 3 4 3 3 1 0 4 3 5 3
6 7 0 6 0 0 4 5 0 1 7 1 2 0 4 0
7 5 2 6 0 4 5 7 4 4 2 3 5 3 7 2
0 1 0 1 2 6 2 7 4 7 7 7 0 7 6 4
2 3 3 2 3 0 2 2 2 0 0 2 2 0 6 7
0 6 6 2 7 1 2 2 7 6 2 0 5 4 2 7
7 7 7 3 7 3 7 7 0 5 1 5 2 3 3 7
4 0 2 7 3 4 1 5 5 2 6 0 0 0 1 2
1 0 0 1 5 3 5 1 3 3 3 5 1 3 1 0
37 2 14 53 19 59 60 27 26 27 27 59 26 61 19 30
42 19 39 30 19 26 35 51 60 19 19 51 30 30 27 51
51 30 27 39 35 35 30 28 35 43 27 35 52 35 39 51
59 43 20 43 51 34 52 50 43 12 52 52 52 52 46 55
12 50 63 50 50 50 50 55 55 36 21 55 22 22 55 62
44 28 55 60 21 58 60 62 12 21 60 58 60 12 59 58
58 59 12 58 18 47 58 21 18 12 21 29 18 18 18 18
29 38 47 21 3 31 47 28 59 47 3 34 38 47 29 47
62 43 34 62 34 34 38 39 34 3 31 3 4 22 38 54
43 29 46 62 22 28 39 31 28 28 26 5 39 37 63 36
22 3 22 3 4 62 4 63 38 53 63 63 2 63 42 38
4 5 5 26 5 2 26 14 4 2 54 4 14 2 42 11
2 42 42 46 11 45 36 46 11 42 46 44 7 6 46 11
11 11 53 37 53 37 53 53 54 29 45 29 14 37 37 31
6 44 14 31 5 6 45 61 61 14 10 54 54 54 45 36
45 44 44 45 61 15 61 23 15 15 15 61 23 15 23 44
