2 4 0 6 3 5 4 3 3 0 3 3 3 3 3 6
2 5 2 5 5 6 5 4 4 2 7 2 6 0 4 2
2 1 2 4 0 4 7 0 6 7 7 4 2 1 6 5
1 1 5 1 5 1 1 4 6 2 3 5 7 3 3 4
7 4 7 4 4 5 4 3 5 1 7 5 0 5 5 6
0 6 1 5 5 5 5 6 2 7 0 7 6 4 3 0
6 3 7 1 1 0 7 5 3 7 7 7 7 0 2 0
4 2 0 6 1 0 5 1 6 6 7 6 4 5 5 7
6 7 1 5 2 1 7 5 5 2 1 1 2 2 2 0
2 1 2 2 1 1 5 7 4 7 2 3 7 0 0 2
3 5 0 2 1 6 3 2 0 7 1 7 0 0 3 4
1 3 3 1 3 6 1 1 3 6 0 5 6 3 1 3
1 3 6 1 3 1 2 7 4 4 0 6 3 0 4 1
4 1 0 4 7 4 5 6 4 3 7 7 7 5 5 1
0 3 5 2 3 1 0 5 5 1 6 0 7 1 7 6
6 5 3 2 2 5 6 6 6 0 6 6 7 2 7 0
58 18 22 30 27 61 60 47 47 54 47 59 47 47 47 30
58 19 4 61 19 20 61 50 60 58 63 58 20 22 50 4
58 55 26 28 2 18 21 34 62 43 11 60 58 35 52 51
3 35 29 55 7 3 3 50 20 26 37 61 53 59 37 18
21 50 63 50 60 51 50 59 61 45 21 19 22 61 51 20
44 30 45 51 51 19 19 62 46 21 2 21 20 18 59 22
20 59 21 23 55 22 11 51 59 11 11 11 11 22 26 54
60 26 54 62 35 2 19 55 30 30 53 30 60 39 39 43
62 53 13 39 46 55 63 39 39 4 55 45 4 26 36 54
36 35 46 36 13 13 39 31 6 43 26 5 43 44 44 36
15 7 44 4 35 42 37 4 34 53 35 53 34 44 37 38
13 15 15 13 15 62 13 3 15 62 54 7 10 37 3 15
3 5 10 45 5 45 36 31 18 28 54 52 37 34 28 45
28 23 34 28 31 28 7 10 18 5 31 31 31 7 29 23
34 27 7 36 5 23 2 29 29 23 10 44 53 23 63 10
52 29 5 46 46 29 52 42 10 2 52 52 63 46 63 2
