4 3 4 5 0 2 0 5 2 2 5 0 2 0 6 1
5 2 1 6 5 1 0 4 7 3 6 4 7 3 1 4
3 1 6 3 6 3 3 3 3 6 6 5 6 6 0 7
1 0 3 3 3 3 1 6 7 6 7 4 3 7 1 1
2 6 5 7 3 3 3 4 5 7 7 1 1 1 1 1
2 7 7 2 2 2 5 2 4 5 2 2 5 0 0 4
6 6 4 6 4 6 2 6 5 2 0 0 2 2 1 1
3 1 1 1 7 7 1 7 1 3 1 1 7 6 7 7
7 7 7 6 0 5 5 2 2 7 7 5 1 5 6 5
2 0 7 7 0 0 2 2 2 6 2 2 7 4 3 3
5 0 0 4 0 4 0 0 4 4 0 4 4 0 6 7
6 7 4 6 1 6 6 4 7 1 0 4 0 4 7 3
1 3 1 5 5 5 7 7 6 4 5 1 3 3 0 3
1 1 3 1 3 0 3 0 3 0 5 0 5 3 4 4
1 2 4 3 1 4 2 3 3 6 5 1 4 4 4 5
2 2 6 4 4 5 4 0 2 0 0 3 6 2 0 2
7 6 7 8 3 5 3 8 5 5 8 3 5 3 9 4
8 5 4 9 8 4 3 7 93 6 9 7 93 6 4 7
76 4 9 76 9 76 45 6 76 27 27 21 27 40 16 93
43 55 76 6 89 89 43 53 54 53 67 20 89 15 69 69
44 92 39 80 19 19 19 90 39 15 15 17 17 17 17 17
75 15 15 75 75 75 21 18 20 21 18 18 21 16 16 20
92 92 20 92 20 92 75 27 21 18 16 16 31 18 30 30
19 87 87 87 93 67 87 93 87 19 30 69 67 27 41 41
41 41 41 40 29 65 78 31 31 80 28 78 30 78 40 78
31 68 80 80 29 68 88 88 88 40 88 88 80 90 89 89
91 68 68 90 29 33 55 29 77 77 68 77 33 29 79 54
79 28 77 79 56 79 79 77 28 56 81 90 42 90 54 32
56 32 43 39 39 39 54 54 66 51 52 69 63 63 42 32
69 56 45 56 63 81 45 42 45 42 52 42 52 32 51 51
43 31 51 32 43 51 44 63 63 53 52 30 33 33 33 78
57 44 40 64 64 52 64 81 57 81 81 45 66 44 55 44
