4 3 4 5 0 2 0 5 2 2 5 2 0 6 3 1
5 2 1 6 5 1 0 4 0 1 1 3 7 6 4 4
3 6 7 6 1 6 6 3 5 3 3 3 3 6 3 0
3 3 5 7 5 7 6 4 3 2 0 1 3 7 6 3
5 5 5 6 6 0 3 7 1 0 6 6 7 7 4 4
3 0 5 5 3 3 3 3 3 6 7 5 5 7 7 5
7 0 4 4 6 0 1 0 0 0 0 4 2 0 0 0
4 4 6 0 4 1 2 4 2 7 7 7 4 4 4 6
2 4 6 1 6 7 5 4 5 0 5 1 5 5 1 1
2 4 1 4 6 4 0 6 1 0 1 1 1 1 1 0
3 3 0 3 7 7 7 1 3 4 4 0 3 7 7 4
0 0 6 6 6 6 4 5 5 5 4 5 3 6 2 4
2 0 2 7 7 4 0 0 0 1 3 1 0 7 7 4
6 0 5 3 4 4 7 1 2 5 2 1 0 6 3 2
4 2 4 2 1 2 6 6 6 2 5 2 1 2 7 2
6 5 2 7 2 7 5 5 7 7 7 7 3 1 2 5
7 6 7 8 3 5 3 8 5 5 8 5 3 9 89 4
8 5 4 9 8 4 3 7 3 4 4 6 93 9 7 7
6 27 41 27 30 92 27 76 65 32 89 89 32 40 32 81
6 6 91 54 52 54 92 77 19 75 16 43 76 80 53 19
91 91 91 9 9 16 89 80 43 16 40 40 80 80 51 51
32 42 39 39 89 32 45 45 45 92 93 39 39 54 54 39
54 55 90 33 79 29 69 42 29 29 29 77 31 42 42 29
20 20 79 42 20 30 31 33 31 93 93 93 90 90 33 79
44 77 79 56 79 80 78 20 52 55 52 56 52 52 56 56
75 51 56 51 53 51 55 53 30 55 43 30 69 69 69 81
63 63 68 63 67 67 67 69 63 64 64 68 63 67 67 64
68 68 66 66 66 66 64 65 65 65 64 65 45 66 75 20
75 68 75 28 28 77 81 81 81 17 76 30 16 28 28 77
40 55 21 76 33 33 28 17 57 91 57 17 16 40 76 31
90 31 90 57 43 57 27 92 27 57 21 88 43 88 15 88
92 78 88 15 88 15 78 78 41 41 41 41 45 87 18 21
