4 3 4 5 0 2 0 5 2 2 5 2 0 6 3 1
5 2 1 6 5 1 0 4 0 1 1 3 7 6 4 4
3 6 6 1 6 6 2 0 4 0 0 0 0 4 2 7
7 1 3 3 5 5 6 5 6 4 2 7 5 5 5 5
4 7 3 3 3 4 3 5 6 6 6 6 6 5 5 7
7 6 0 5 2 2 2 6 5 0 5 5 1 1 1 1
1 6 4 4 4 4 7 0 0 0 0 0 4 5 4 5
2 7 7 2 2 1 2 1 2 1 1 1 0 2 4 0
4 0 7 0 1 6 4 2 0 2 1 4 6 2 2 1
7 4 4 4 0 3 0 1 3 4 2 6 7 1 1 2
3 3 2 0 0 2 2 0 5 2 5 5 5 3 5 7
3 0 3 3 5 3 0 3 3 7 0 1 0 3 6 3
1 3 1 6 1 3 1 4 1 3 0 1 1 7 7 7
1 0 3 0 3 3 7 6 3 7 0 1 5 7 7 7
5 7 6 7 6 6 6 5 5 5 5 2 2 7 2 6
7 7 1 7 6 6 2 6 6 4 7 2 4 4 3 4
7 6 7 8 3 5 3 8 5 5 8 5 3 9 89 4
8 5 4 9 8 4 3 7 3 4 4 6 93 9 7 7
6 27 27 30 92 92 44 55 51 55 55 55 55 51 57 93
80 56 6 6 52 52 92 91 92 77 57 54 52 91 52 52
77 80 89 89 89 77 89 91 40 40 40 40 40 91 65 93
93 9 81 78 75 75 75 79 21 68 21 21 17 17 17 17
17 66 20 20 20 20 15 16 16 16 16 16 90 21 20 21
88 15 15 18 18 43 75 43 75 43 87 69 68 18 33 68
77 81 41 68 43 92 77 88 68 88 43 64 79 88 88 87
15 90 90 90 29 19 29 87 45 90 18 79 15 87 87 18
63 63 44 29 29 44 44 29 39 44 39 39 39 19 39 80
19 42 63 19 91 19 42 63 63 80 81 69 42 32 79 32
56 32 69 79 69 32 30 64 69 32 81 30 56 41 80 41
30 42 45 42 45 45 41 53 45 41 81 56 78 54 54 93
78 54 66 54 66 66 66 65 65 65 65 57 57 28 57 27
28 67 56 28 27 9 31 27 53 51 28 31 64 51 76 33
