4 3 4 5 0 2 0 5 2 2 5 2 0 6 3 1
5 2 1 0 1 6 4 5 1 0 6 4 7 3 1 4
3 2 3 3 3 5 0 0 3 6 0 3 0 6 5 0
4 6 6 3 2 4 5 5 6 2 3 5 5 5 0 0
4 4 4 3 2 3 3 3 1 1 1 1 1 1 1 7
2 1 1 7 7 2 4 5 4 5 5 5 7 7 7 7
3 3 3 4 3 3 7 7 4 4 3 3 3 4 0 7
7 7 7 3 4 7 6 4 4 0 6 2 6 2 2 4
2 2 6 6 2 6 6 4 5 5 5 6 2 2 5 5
2 2 5 0 0 0 0 5 4 6 5 6 7 2 5 6
6 6 3 5 7 4 2 4 7 7 7 2 2 4 4 4
4 7 2 5 1 1 0 5 7 5 3 3 3 2 2 5
5 0 2 0 6 6 6 6 6 5 0 0 0 0 1 0
1 0 0 1 1 3 1 1 1 0 1 1 1 7 0 7
1 1 7 7 1 2 7 2 5 2 2 4 5 5 1 3
6 4 4 4 4 4 4 7 7 7 7 7 7 7 7 6
7 6 7 8 3 5 3 8 5 5 8 5 3 9 89 4
8 5 4 3 4 9 7 8 4 3 9 7 93 6 4 7
76 44 6 76 76 21 16 16 89 27 16 6 16 40 39 16
20 9 40 6 88 51 91 91 9 75 89 91 91 91 42 81
77 90 77 76 18 19 19 19 87 87 87 87 17 17 17 15
18 17 17 15 15 18 90 21 20 21 21 21 93 93 93 93
63 63 63 90 19 19 41 41 20 33 89 89 63 90 42 41
15 15 41 63 20 41 40 33 33 42 27 44 27 44 44 33
18 18 27 40 44 40 27 20 52 78 78 53 75 75 78 78
75 75 52 81 81 81 81 52 77 79 78 79 80 57 52 79
79 79 76 52 80 33 31 77 80 80 80 31 31 77 64 90
51 28 88 39 56 43 55 65 28 65 45 45 45 88 88 65
65 68 88 68 66 66 66 66 66 65 68 68 68 55 87 55
69 55 55 56 43 45 43 69 56 42 56 56 69 54 42 54
43 69 54 54 43 57 54 57 39 57 57 64 39 39 69 45
92 51 51 51 64 64 64 67 67 67 67 67 28 28 28 92
