4 3 4 5 0 2 0 5 2 2 5 2 0 6 3 1
5 2 1 6 5 1 0 4 0 1 1 3 6 3 4 4
0 5 0 7 0 1 1 5 6 6 0 5 7 7 0 0
7 0 5 4 2 2 3 2 7 2 0 1 1 7 7 1
7 3 2 4 2 4 4 2 4 2 5 5 5 2 7 0
2 7 0 7 0 2 2 1 6 2 7 6 7 7 0 2
4 1 4 4 5 0 5 1 5 5 5 1 6 6 4 6
5 0 6 7 1 1 7 1 1 6 1 4 0 7 0 7
1 0 7 1 0 0 4 7 5 4 5 5 4 6 0 4
4 0 1 7 0 7 5 0 6 5 5 5 7 1 3 3
3 3 3 3 7 5 4 2 3 4 4 3 3 2 4 4
0 0 4 4 1 3 0 1 7 0 1 6 0 6 6 6
6 6 6 6 6 6 6 6 0 2 3 3 3 0 3 2
1 3 3 5 2 1 7 1 1 7 1 7 7 7 7 7
4 7 6 6 3 2 2 1 3 6 4 1 1 3 2 3
2 4 1 3 6 3 4 2 2 4 6 6 3 3 2 7
7 6 7 8 3 5 3 8 5 5 8 5 3 9 89 4
8 5 4 9 8 4 3 7 3 4 4 6 9 6 7 7
55 21 16 93 16 17 17 65 9 9 16 39 67 67 68 16
80 16 21 20 88 75 6 75 15 75 42 17 17 15 15 17
28 19 18 20 18 20 20 18 20 18 21 21 21 18 93 55
88 15 55 15 55 75 88 87 40 75 93 92 93 93 81 88
90 87 90 90 52 29 52 43 52 52 52 43 79 79 33 79
39 68 79 41 43 43 41 43 56 79 56 51 68 41 29 41
56 81 41 56 81 81 77 54 39 77 39 39 77 40 81 77
77 68 56 80 29 80 65 68 66 91 91 91 80 69 76 63
63 63 63 63 80 65 64 57 76 64 64 76 76 88 90 90
55 42 64 64 87 89 42 87 28 29 87 92 42 92 92 40
27 27 27 40 27 27 92 40 29 31 19 6 76 42 19 44
69 19 19 78 31 30 67 69 69 28 69 54 54 28 54 28
33 67 66 66 32 57 31 30 45 53 33 30 30 45 44 45
57 33 30 45 53 45 51 57 57 33 53 53 32 89 44 54
