4 3 4 5 0 2 0 5 2 2 5 2 0 6 3 1
5 2 1 6 5 1 0 4 0 1 1 3 6 4 6 4
0 5 6 1 0 5 7 7 3 3 5 1 7 7 0 7
3 3 6 3 5 1 2 6 2 1 2 1 3 7 7 1
1 1 4 2 0 5 0 2 2 2 3 4 3 3 5 3
5 4 7 5 7 4 4 5 4 2 6 2 1 1 1 1
1 6 7 1 5 7 1 0 0 6 4 7 0 5 5 0
0 6 0 3 2 2 0 2 2 0 0 5 1 0 6 6
5 1 1 0 6 0 4 6 6 4 0 0 4 2 2 2
2 2 5 7 0 6 7 0 7 7 7 7 0 3 3 0
3 3 6 6 6 3 6 5 6 5 5 5 5 5 5 5
4 7 5 7 7 7 5 7 7 0 7 7 7 1 6 1
1 3 3 6 6 3 5 4 4 4 4 1 0 0 0 0
0 3 3 7 7 7 1 1 1 1 1 6 5 4 6 5
2 6 6 6 6 2 2 2 2 4 4 4 2 2 6 4
4 6 6 4 4 4 4 4 5 4 4 2 2 3 6 4
7 6 7 8 3 5 3 8 5 5 8 5 3 9 89 4
8 5 4 9 8 4 3 7 3 4 4 6 9 7 9 7
16 21 9 17 16 21 93 93 6 63 65 30 67 67 68 93
19 6 53 6 52 17 75 27 57 43 75 43 76 15 15 17
17 17 20 18 16 21 55 75 75 75 76 77 76 76 65 76
65 77 28 65 67 64 64 65 64 31 66 31 69 87 87 87
87 66 93 87 52 93 69 16 55 40 77 41 55 21 21 55
55 66 81 63 18 18 81 18 18 81 81 52 43 81 79 79
52 43 43 68 79 68 77 27 27 33 68 68 77 44 44 44
44 44 39 41 29 27 80 29 80 80 80 80 29 32 32 29
63 63 92 92 92 63 92 78 92 91 91 78 91 78 91 91
33 28 78 67 54 54 52 67 28 16 54 54 54 69 79 69
56 45 45 79 27 45 39 33 33 51 33 30 42 42 42 42
42 45 45 41 41 41 56 69 56 56 56 66 39 51 66 39
88 40 40 53 40 88 88 57 57 51 51 51 57 57 53 64
64 53 53 90 90 90 90 90 39 20 20 31 31 89 40 20
