4 6 1 3 0 0 1 2 5 0 2 1 4 3 6 5
0 0 3 2 1 4 1 2 5 6 3 2 7 5 6 3
4 5 4 5 4 4 4 6 3 6 0 3 6 0 2 0
7 0 0 0 1 7 3 3 4 7 3 7 3 3 0 6
7 6 1 6 3 1 1 1 1 0 5 6 0 1 7 7
0 7 5 4 7 7 5 4 0 0 4 4 0 4 0 4
0 7 5 5 3 4 5 4 5 4 5 5 2 7 3 2
7 7 5 5 6 5 1 6 3 2 7 7 2 2 3 1
3 1 7 7 0 7 7 4 0 0 6 2 4 6 6 1
1 1 5 5 5 5 5 2 4 6 4 6 4 4 5 4
5 5 2 6 6 2 6 6 0 6 0 0 6 0 6 6
0 7 2 2 2 0 2 2 7 7 7 6 7 7 7 3
0 6 1 6 7 0 0 3 0 4 7 7 7 5 7 7
6 6 3 5 3 3 5 5 6 3 3 3 3 5 3 6
6 1 6 1 1 4 4 5 3 4 4 2 2 3 2 3
2 7 1 3 1 2 3 1 1 2 0 0 3 3 2 2
7 9 4 6 3 3 4 5 8 3 5 4 7 6 9 8
3 3 6 5 4 7 4 5 8 9 6 5 93 8 9 6
7 8 7 65 90 90 90 27 76 27 16 19 79 55 57 55
80 55 55 55 69 54 89 89 90 54 89 54 89 89 29 27
28 92 17 27 19 17 17 17 17 29 65 66 81 56 67 28
16 67 21 20 67 67 52 77 68 68 77 77 81 77 81 77
81 41 78 78 76 20 21 20 21 20 21 21 18 15 76 18
15 15 78 78 9 78 87 53 19 18 15 15 18 18 19 87
19 87 41 41 16 41 41 20 16 16 27 75 90 40 40 30
87 87 91 91 91 91 91 88 33 92 33 92 33 33 52 33
52 52 44 79 40 44 79 79 81 53 42 42 53 42 53 53
68 28 88 44 88 68 88 88 28 93 28 92 93 93 93 32
29 92 69 79 80 42 42 45 29 51 80 80 80 39 54 54
40 40 45 39 45 45 39 39 66 32 32 32 32 39 45 66
66 69 66 69 69 51 51 52 63 51 51 57 57 63 57 63
57 67 56 63 56 75 63 56 56 75 68 29 76 76 75 75
