0 3 0 4 2 7 6 1 5 5 7 4 0 2 5 1
1 1 0 1 1 1 2 2 5 0 0 2 5 5 2 5
4 0 5 0 5 3 3 5 0 7 2 2 2 2 0 5
2 3 0 6 5 5 4 2 3 2 3 0 0 3 2 7
5 3 6 6 4 5 2 3 5 7 0 0 2 3 5 5
0 7 7 6 0 3 1 7 7 7 1 1 2 4 3 0
2 5 4 5 5 4 7 6 3 6 5 3 3 4 4 4
4 6 6 6 4 4 6 6 2 7 7 5 5 7 5 7
5 5 5 5 6 6 2 5 5 5 4 2 6 5 5 5
6 2 5 3 5 5 5 2 4 5 2 3 6 5 5 2
5 5 5 5 5 5 5 5 5 3 5 4 5 2 1 5
5 6 5 2 6 5 2 2 5 5 5 5 5 1 5 2
5 5 2 0 2 2 2 4 6 6 7 7 7 5 6 6
5 4 4 0 7 5 4 4 4 5 4 4 5 5 5 6
6 3 4 5 4 5 6 7 7 7 4 4 5 7 4 7
6 7 6 7 6 6 5 7 4 6 4 5 6 7 6 5
34 47 22 60 58 63 62 3 51 19 43 18 12 46 19 35
35 35 12 35 35 35 26 26 61 12 12 26 61 19 58 61
18 12 61 12 61 27 27 61 54 43 58 26 58 4 54 51
46 27 2 62 7 7 18 46 27 26 27 44 44 59 46 11
7 27 30 30 18 7 46 59 39 53 54 54 46 59 51 51
44 11 43 30 2 5 23 43 43 43 23 23 4 6 59 22
26 39 18 39 39 18 53 30 59 30 19 59 5 38 60 60
60 30 62 62 60 60 62 62 58 63 63 19 29 63 29 63
61 61 61 61 30 30 26 19 19 61 18 58 30 61 61 19
30 58 61 27 61 19 19 26 18 61 26 27 30 19 61 26
61 19 61 19 61 19 61 61 19 27 19 60 61 26 35 19
19 30 61 26 20 51 26 26 19 19 19 19 61 35 61 26
19 19 58 22 26 26 26 60 30 30 21 21 21 19 30 30
51 60 60 22 21 51 60 60 60 61 60 60 61 39 29 62
30 27 60 61 60 61 30 21 21 21 28 28 39 43 18 43
52 43 30 43 30 30 29 21 18 30 18 29 30 21 62 29
