0 5 3 5 7 2 0 4 1 0 6 5 3 5 5 0
5 6 2 0 0 0 1 7 0 3 3 2 3 4 2 6
3 2 5 2 6 4 7 7 4 6 2 6 6 3 7 5
7 6 5 6 7 0 0 2 3 3 3 1 0 2 3 4
6 3 6 6 5 5 3 5 5 6 6 5 6 4 5 5
5 5 5 4 4 5 4 6 4 4 0 2 5 2 3 2
4 4 2 1 4 2 6 6 4 5 0 6 0 0 4 0
1 1 0 0 1 0 0 0 2 1 6 1 6 6 5 7
5 5 5 5 5 2 2 5 5 5 5 5 2 5 5 5
5 5 2 5 7 5 5 5 4 5 5 6 5 5 5 7
2 5 5 5 5 2 7 7 5 5 7 2 2 2 2 7
5 2 2 7 2 5 5 2 2 2 2 5 7 2 2 7
2 0 2 7 7 2 7 0 7 2 0 7 7 2 2 0
0 0 0 0 7 0 7 0 0 0 0 0 0 0 0 0
0 0 0 0 0 0 0 0 7 7 6 0 0 0 0 0
0 4 0 0 0 4 0 0 4 5 0 0 7 1 4 0
34 7 15 51 21 46 22 18 3 54 10 61 5 61 51 54
61 20 14 22 22 54 45 43 44 47 47 58 47 28 58 20
59 4 7 4 62 60 21 21 60 52 58 52 52 47 21 51
21 20 29 62 21 22 22 46 47 47 27 35 22 58 27 28
30 27 30 30 19 19 27 19 29 30 30 19 30 18 51 51
19 19 61 60 60 61 60 62 60 38 2 58 51 46 59 46
38 18 46 23 18 46 20 20 18 61 54 20 54 54 18 12
35 35 12 12 35 12 12 12 58 35 52 23 52 52 29 43
51 51 51 51 51 46 46 51 51 51 51 51 46 51 51 51
51 51 46 51 21 51 51 51 18 51 51 20 51 51 51 21
46 51 51 51 51 58 21 21 51 51 21 58 58 58 58 11
51 58 58 21 58 51 51 58 58 58 58 51 21 58 58 21
58 22 58 21 21 58 11 22 21 58 22 11 21 58 58 22
22 22 22 22 21 22 21 22 22 22 22 22 22 22 22 22
22 22 22 22 22 22 22 22 21 21 10 22 22 22 22 22
22 50 22 22 22 50 22 22 50 51 22 22 53 55 50 22
