5 3 0 4 0 0 1 5 2 0 7 6 1 2 3 7
7 5 5 7 7 2 1 2 4 3 5 3 0 3 4 3
7 7 3 3 7 6 7 0 0 5 5 5 6 1 3 3
7 3 5 3 2 2 6 2 3 2 3 7 6 7 3 5
7 3 7 7 5 5 1 1 1 1 1 1 4 4 4 4
4 6 4 6 6 6 6 6 0 4 4 4 4 1 0 1
1 1 1 1 1 0 7 6 0 0 7 3 4 6 6 7
6 6 6 3 1 0 5 5 3 3 5 5 6 1 5 0
5 6 0 1 1 4 0 1 0 0 0 1 0 1 0 6
1 1 6 1 0 6 0 4 4 0 4 6 6 6 0 4
4 4 0 4 7 4 4 6 0 7 7 7 7 7 6 6
7 7 0 3 6 7 1 7 6 3 7 7 6 6 6 1
2 0 6 2 1 5 2 6 4 2 2 2 5 2 2 2
5 7 5 7 5 3 0 0 7 0 7 7 0 3 0 4
4 0 2 5 7 5 0 3 3 3 3 3 2 5 4 5
5 4 6 2 4 1 3 2 3 3 3 1 2 1 1 1
29 59 2 38 2 2 23 7 46 54 63 42 45 46 5 21
63 51 39 63 63 58 23 46 60 5 51 5 2 5 18 15
31 11 27 15 21 62 21 22 22 39 19 39 52 35 5 59
63 37 29 5 46 46 10 46 27 36 37 21 20 21 37 29
21 27 31 31 29 29 3 3 3 3 3 3 50 50 50 50
50 52 50 52 52 52 52 62 54 38 38 38 38 55 54 55
55 55 55 23 55 54 53 42 54 54 53 59 38 62 62 53
62 62 30 59 35 12 19 51 59 59 51 51 30 45 29 12
51 42 12 45 45 60 12 45 44 44 12 45 12 35 22 42
35 35 42 35 22 42 22 60 18 22 60 30 30 30 44 60
18 18 44 60 43 18 18 20 34 53 31 53 43 43 20 20
53 43 34 37 20 43 23 43 20 37 31 31 10 10 10 23
4 34 10 4 23 7 4 10 28 4 26 26 7 58 4 4
7 11 7 11 7 37 44 44 11 34 11 63 34 47 34 28
28 2 14 61 11 19 2 47 47 47 47 47 26 19 28 19
19 28 30 26 28 13 15 14 15 15 15 13 14 13 13 13
