5 3 0 4 0 0 1 5 2 0 2 6 2 7 5 5
7 5 5 4 5 6 5 2 0 0 6 6 0 0 0 0
0 0 0 0 0 1 0 2 0 4 0 5 6 3 6 3
5 4 5 6 7 5 2 4 5 6 5 5 5 7 1 5
4 4 7 4 4 4 4 7 1 1 7 7 6 0 7 7
2 3 7 5 1 7 1 7 6 1 1 4 7 1 1 7
6 6 1 1 4 4 4 6 1 1 4 5 5 5 1 3
5 2 0 7 1 2 7 1 0 4 7 0 1 0 0 7
6 6 1 6 6 7 7 6 6 2 4 2 7 3 4 3
1 1 1 0 7 6 4 6 0 6 5 2 4 0 2 4
4 7 0 2 7 7 1 4 1 7 1 2 1 2 4 7
6 7 6 6 6 6 6 1 6 6 2 2 2 1 2 6
2 1 7 7 0 7 7 7 7 0 1 0 3 4 1 3
3 3 3 3 3 3 3 0 3 3 3 3 2 5 6 0
6 0 1 1 3 5 6 4 1 3 6 0 6 3 0 4
3 4 3 3 4 7 4 4 4 4 5 3 2 1 3 3
29 59 2 38 2 2 23 7 46 54 46 42 26 21 51 51
21 51 51 18 51 20 61 46 22 34 20 20 12 12 54 54
54 22 22 22 54 35 22 46 54 18 22 51 52 47 52 27
61 28 29 42 21 29 58 60 7 30 29 61 7 53 3 7
50 50 53 50 50 50 50 53 3 45 53 53 52 44 43 43
58 37 43 7 55 43 55 53 52 55 55 38 43 55 55 43
52 52 3 23 38 38 38 42 45 3 38 39 29 39 45 37
29 4 34 63 3 26 11 13 34 60 63 34 13 34 34 63
62 62 13 62 62 63 63 62 62 58 18 58 63 27 18 27
13 13 13 12 21 42 60 42 12 42 7 58 60 12 58 60
60 11 12 4 21 21 23 18 23 11 23 46 23 46 18 11
10 11 10 10 10 10 10 45 20 20 14 14 14 35 14 20
14 45 31 31 2 31 31 31 31 2 45 2 59 6 35 47
47 47 47 59 47 59 59 44 27 27 59 27 14 19 30 44
30 44 35 35 5 19 30 28 35 5 30 44 30 5 44 28
5 28 5 5 6 11 6 6 28 28 19 37 26 3 37 37
