5 3 0 4 0 0 1 5 2 1 7 7 6 5 5 5
0 5 5 5 2 3 3 5 3 3 5 7 4 5 5 4
4 5 3 5 5 1 5 1 4 5 5 4 4 6 6 3
4 4 3 6 6 6 6 6 3 3 3 4 4 3 3 4
7 4 0 3 7 5 5 3 2 6 5 5 3 5 1 6
0 4 6 5 1 5 5 6 2 7 0 2 2 5 6 2
2 2 2 4 1 1 4 6 2 2 4 5 5 2 0 3
4 4 3 4 1 3 7 0 4 3 3 0 0 7 5 3
0 6 1 4 6 7 7 3 0 2 7 2 2 2 7 0
4 5 3 0 0 6 6 7 0 7 0 0 4 0 6 0
0 2 2 1 7 1 7 2 2 7 7 3 0 2 5 5
3 7 0 5 6 5 5 1 6 3 6 6 6 2 7 7
0 2 7 7 7 7 2 2 2 2 2 1 0 1 6 3
3 3 1 0 1 4 6 7 1 2 6 4 1 6 1 6
4 1 2 7 4 0 6 0 4 0 6 2 4 7 4 0
4 4 0 0 0 7 7 2 3 7 7 4 7 7 2 2
29 59 2 38 2 2 23 7 46 45 63 63 42 61 19 51
54 51 51 61 46 5 5 39 5 5 39 21 60 19 19 18
18 19 27 51 51 35 51 35 60 19 19 60 60 30 30 27
60 60 27 62 30 30 30 30 27 27 27 18 18 59 59 18
21 18 2 59 21 61 61 59 26 62 61 39 59 61 35 62
44 28 62 39 35 39 39 62 46 21 2 58 26 29 62 26
26 46 26 28 35 35 38 42 26 46 38 29 29 46 44 37
38 38 37 38 3 37 21 2 28 37 37 44 44 21 29 37
44 42 13 28 42 63 63 5 44 58 31 58 4 58 31 12
28 29 5 12 22 42 20 31 12 63 34 34 28 12 42 12
22 58 58 3 63 45 31 4 4 53 31 47 34 4 7 7
47 31 34 7 20 7 7 3 52 47 52 52 52 4 43 43
34 36 43 43 43 43 36 36 36 36 36 45 34 45 52 47
47 47 45 22 45 50 20 53 3 4 52 6 3 20 3 20
6 13 14 53 6 22 20 12 50 54 10 14 50 11 50 54
50 50 54 54 54 11 53 14 15 11 53 6 53 11 14 14
