5 3 0 4 0 0 1 5 2 1 7 7 6 5 5 5
0 5 5 5 2 3 3 5 3 3 5 7 4 5 5 4
4 5 3 5 5 1 5 5 1 5 4 4 5 5 5 3
5 4 5 6 4 5 6 5 5 6 3 6 3 5 3 3
0 3 6 6 0 5 5 5 5 5 4 5 5 5 4 5
5 6 4 5 5 5 5 6 6 7 0 6 4 6 3 3
6 3 6 5 4 4 5 6 4 5 5 5 5 5 6 5
4 6 6 6 3 5 5 5 3 4 3 5 6 0 6 5
5 5 4 5 5 5 5 5 4 5 4 3 1 3 4 0
3 5 0 3 7 0 0 0 0 0 0 0 0 0 0 0
0 0 0 1 1 0 0 0 1 1 1 4 4 1 1 5
5 5 3 5 1 5 3 1 5 1 5 5 1 1 3 0
1 1 0 5 1 4 1 1 4 0 0 2 5 5 1 5
1 5 4 5 5 5 5 1 4 3 5 0 0 7 5 5
5 5 5 5 5 5 6 5 7 7 5 6 6 7 4 5
5 7 6 2 6 7 7 7 7 5 5 7 5 2 7 5
29 59 2 38 2 2 23 7 46 45 63 63 42 61 19 51
54 51 51 61 46 5 5 39 5 5 39 21 60 19 19 18
18 19 27 51 51 35 51 51 35 51 60 60 19 19 19 27
61 60 29 62 60 61 30 19 19 30 27 30 27 19 27 27
12 27 42 42 12 51 51 51 19 19 60 19 19 19 60 19
19 30 60 51 19 19 19 62 30 21 2 30 60 30 59 27
30 59 30 19 60 60 19 30 60 19 19 19 19 19 30 19
60 30 30 30 27 19 19 19 27 60 27 19 30 2 30 19
19 19 18 61 19 19 19 19 18 19 18 27 35 27 18 12
27 29 12 27 21 12 12 12 12 12 12 12 12 12 12 12
12 12 12 35 35 12 12 12 35 35 35 60 18 35 35 19
19 19 27 51 35 51 27 3 19 35 19 51 35 35 27 12
35 35 12 51 35 18 35 35 18 12 12 26 51 19 35 19
35 19 60 19 51 51 51 35 18 27 51 12 12 21 51 51
51 19 51 19 51 19 30 51 21 21 51 20 20 21 18 19
51 21 20 46 20 21 21 21 21 51 51 21 51 46 21 61
