5 3 0 4 0 0 1 5 2 0 1 6 3 3 1 1
5 1 4 4 4 4 5 4 2 2 2 4 5 4 4 5
4 4 5 5 4 4 6 2 2 7 2 0 7 5 0 0
0 0 0 6 3 3 4 4 5 6 4 6 5 5 5 5
1 1 7 0 0 7 3 2 2 7 3 0 2 5 0 2
0 2 0 5 3 0 0 6 0 7 5 3 6 7 0 0
7 3 7 6 7 0 7 6 2 4 7 7 3 2 2 3
5 2 2 2 1 2 5 1 3 3 5 2 3 3 5 3
3 3 2 3 2 3 7 3 3 2 7 1 2 7 6 5
1 1 3 1 7 1 1 1 1 1 7 7 7 5 7 4
5 5 0 0 7 6 5 5 5 5 5 6 1 2 6 2
6 6 0 6 6 4 4 4 3 3 1 6 6 2 7 6
7 2 7 1 1 1 2 7 2 4 6 0 7 5 2 2
4 0 1 6 7 4 6 6 6 6 7 1 1 5 0 1
0 3 7 5 7 7 4 4 1 4 7 0 5 4 0 6
6 4 0 6 1 1 6 6 7 1 6 3 1 4 4 1
29 59 2 38 2 2 23 7 46 54 45 42 27 27 35 35
61 3 6 6 6 6 7 6 4 4 4 6 7 60 60 61
18 60 61 61 60 60 30 26 26 43 26 54 11 39 54 54
54 54 2 42 59 15 18 18 19 10 18 10 19 19 19 19
45 45 11 22 22 11 27 58 58 11 5 12 58 7 12 14
44 14 12 7 15 12 12 62 12 63 7 15 62 63 22 22
63 59 63 62 63 22 53 42 58 50 53 53 5 58 14 5
29 58 14 14 35 14 29 35 27 59 29 36 5 59 29 59
37 5 4 5 26 37 63 37 37 4 11 3 4 11 10 61
3 3 15 3 21 23 3 23 23 23 21 21 21 29 21 60
61 51 2 2 21 42 51 51 51 51 51 10 23 46 10 46
10 30 34 30 30 38 18 18 15 15 55 30 30 26 53 20
53 26 53 45 55 45 36 31 46 38 52 44 43 19 46 46
38 22 45 20 31 50 20 20 20 20 43 55 55 39 34 55
34 27 43 39 43 43 28 28 13 38 31 34 39 38 34 52
52 50 44 52 13 13 52 52 31 55 42 37 13 28 28 13
