5 3 0 4 0 0 1 5 2 0 1 1 1 2 3 4
2 1 2 3 3 3 7 4 0 0 0 2 6 3 2 2
2 2 3 2 6 1 0 0 0 1 6 6 6 5 6 1
5 5 5 5 4 7 1 4 3 3 3 1 3 5 7 2
3 5 1 5 2 5 5 2 7 0 7 1 0 1 5 7
5 1 1 5 3 0 0 3 3 0 0 5 4 4 1 0
0 0 0 1 7 6 6 7 4 4 4 2 6 4 6 6
5 4 5 5 1 6 2 6 6 6 7 7 0 1 3 3
6 7 6 6 1 7 7 4 3 3 7 1 2 7 2 7
2 2 6 4 4 6 6 7 7 1 1 1 1 4 4 7
7 7 7 5 7 7 7 7 6 7 6 6 6 5 4 4
6 5 4 5 3 4 4 3 6 3 3 2 6 6 6 7
2 6 2 1 1 2 6 2 7 6 2 2 7 2 2 2
2 3 4 2 3 3 5 0 3 3 5 0 2 2 1 1
4 0 1 4 0 0 1 3 1 0 4 0 3 2 2 0
3 4 2 3 0 3 7 7 4 4 0 1 6 3 6 1
29 59 2 38 2 2 23 7 46 54 45 55 3 4 5 60
4 3 4 27 15 15 31 50 2 2 2 26 52 37 36 36
36 36 27 4 52 35 34 34 34 13 52 52 52 29 52 13
29 29 29 29 6 63 13 60 27 27 27 13 47 19 63 26
27 19 13 7 26 7 19 14 43 44 43 23 22 45 51 43
51 23 23 51 15 54 54 15 47 34 34 39 50 50 23 22
54 22 12 23 31 10 10 63 18 50 60 46 20 50 20 10
51 50 51 51 35 20 46 10 10 10 63 63 22 45 15 15
62 31 62 62 13 11 63 60 47 47 31 45 4 31 36 31
36 4 62 60 60 62 62 53 53 3 3 3 3 38 38 53
53 11 11 7 11 11 53 11 30 53 30 30 30 19 18 18
30 19 18 19 5 18 18 5 30 47 47 46 42 42 42 43
46 42 46 45 45 14 42 26 43 42 26 26 43 58 58 14
14 37 38 14 5 37 7 44 5 5 7 44 14 58 55 55
38 44 55 38 54 54 55 59 55 44 28 44 37 58 58 12
37 28 58 37 22 59 21 21 28 28 12 35 20 59 20 35
