0 5 3 3 7 3 5 7 3 0 5 1 7 7 0 7
0 7 0 7 5 0 0 2 0 0 0 7 6 6 6 6
6 2 6 6 6 6 5 5 6 7 6 5 6 6 5 6
0 6 5 6 1 7 7 7 6 4 6 2 6 2 2 0
3 2 1 1 6 6 1 1 1 1 0 7 1 1 5 0
0 5 5 2 2 2 2 4 6 6 0 5 0 7 6 3
7 0 6 4 4 4 7 4 4 4 7 7 7 7 4 7
1 5 7 5 1 3 5 1 0 0 5 5 1 1 5 4
5 4 4 4 4 4 4 1 4 4 4 1 6 4 2 6
2 4 4 4 4 4 2 6 1 6 1 6 1 0 6 1
0 4 4 4 4 4 4 4 4 4 4 4 4 4 4 4
4 4 0 4 4 4 4 4 6 4 0 6 6 4 4 4
4 6 6 4 4 3 4 4 6 4 6 6 3 3 4 4
4 4 4 3 3 4 4 3 4 4 6 3 4 6 6 3
0 4 4 4 4 4 4 3 4 1 3 0 4 4 4 4
6 4 4 3 4 4 4 0 4 4 4 4 0 4 4 4
34 7 15 59 63 5 39 43 37 54 39 55 43 43 44 11
44 11 12 11 51 54 54 46 54 54 54 43 52 52 52 52
52 46 62 10 62 62 61 61 62 43 62 61 10 10 61 20
22 10 29 42 23 63 63 63 20 18 30 46 20 46 46 44
5 46 55 55 52 62 55 55 23 35 34 63 23 23 51 34
44 19 19 26 26 26 26 28 42 42 34 39 34 31 30 27
31 34 30 6 60 60 53 50 50 50 53 53 53 43 50 53
55 7 53 7 35 37 7 23 44 44 7 7 23 45 29 50
29 38 50 50 50 50 38 45 50 50 18 45 42 50 36 42
36 50 50 50 50 50 36 42 45 42 45 42 45 54 42 45
22 50 50 50 50 50 50 50 50 50 50 50 50 50 50 50
50 50 34 50 50 50 50 50 52 50 54 52 52 50 50 50
50 52 52 50 50 59 50 50 52 50 52 52 59 59 50 50
50 50 50 59 59 50 50 59 50 50 52 59 50 52 52 59
34 50 50 50 50 50 50 59 50 35 59 34 50 50 50 50
52 50 50 59 50 50 50 34 50 50 50 50 34 50 50 50
