3 5 0 4 5 0 5 6 4 0 1 4 5 4 5 4
5 5 5 6 4 4 4 4 0 7 0 7 6 6 3 7
4 6 0 7 6 4 6 0 0 7 2 4 6 5 6 3
4 4 5 6 4 0 4 4 3 6 3 4 6 3 3 7
0 7 0 3 7 5 0 5 0 1 0 3 0 5 5 5
0 1 1 5 1 2 1 6 6 1 2 2 6 5 0 2
0 0 5 1 1 5 7 6 1 5 7 5 1 1 1 7
7 2 0 0 1 5 2 1 3 0 5 1 6 4 5 7
5 5 4 5 5 5 5 5 4 4 4 2 1 5 0 0
4 2 0 3 0 0 6 2 4 0 2 3 6 6 7 4
4 2 6 3 3 2 7 7 6 3 1 4 3 3 1 5
0 6 0 7 6 5 5 1 0 2 0 5 7 7 6 6
5 1 6 1 4 1 6 4 7 4 6 6 7 6 0 1
1 5 0 6 5 4 0 1 0 2 2 0 0 5 5 0
0 0 5 5 1 0 2 3 5 0 6 2 3 7 0 7
6 5 3 2 3 4 2 3 3 3 6 7 7 2 7 6
37 7 44 60 39 34 19 30 50 54 45 18 19 18 19 50
19 19 19 30 18 50 50 50 22 21 22 21 30 30 27 21
18 30 22 21 52 60 30 22 22 43 58 18 52 39 52 27
60 60 29 62 60 22 18 50 27 20 27 60 20 27 27 11
12 21 12 47 21 51 12 51 12 45 12 47 12 51 51 51
44 45 55 51 23 58 23 62 52 45 58 58 10 29 54 58
54 54 61 23 55 61 53 42 45 61 53 29 23 23 45 53
53 58 54 44 35 29 46 35 59 44 29 23 20 38 29 43
19 51 18 19 19 19 19 51 18 50 18 58 35 19 22 22
18 58 22 27 22 22 30 58 18 22 26 5 30 30 21 60
18 58 30 27 27 58 21 21 30 27 35 60 27 27 35 39
54 30 34 21 20 51 51 3 12 58 54 51 21 21 10 20
51 45 20 45 50 45 20 50 43 38 52 52 43 20 34 45
35 39 34 20 39 50 12 35 12 4 4 12 34 39 29 12
34 34 39 39 35 12 4 59 29 54 10 14 37 43 54 43
52 29 37 46 37 50 4 37 37 37 52 43 53 46 43 52
