3 5 6 4 1 6 0 2 4 0 3 6 2 2 2 2
5 5 4 4 2 2 2 2 2 2 3 2 3 6 0 6
5 6 3 5 5 4 3 6 6 7 3 4 4 0 6 0
0 0 6 0 6 4 6 4 5 6 3 0 5 5 5 4
0 6 5 6 6 5 6 0 6 1 0 6 0 6 1 2
0 4 0 5 1 1 1 6 0 7 0 2 4 3 3 3
7 3 5 6 4 5 4 5 4 1 7 3 3 3 1 7
7 3 1 1 3 0 7 3 4 4 3 2 7 7 4 7
2 3 7 3 6 4 3 6 3 4 1 1 1 4 4 0
0 4 0 0 7 0 0 7 4 7 5 4 5 7 4 1
5 7 5 7 7 5 5 5 4 0 5 5 0 4 3 4
0 0 0 3 6 3 1 1 1 1 3 3 2 1 1 2
1 2 6 1 1 1 2 1 1 1 6 1 0 6 4 1
0 1 1 0 1 4 2 1 0 1 6 3 2 6 2 3
6 4 2 0 0 4 0 0 7 7 6 2 3 3 7 6
3 4 6 4 4 5 3 6 4 5 5 5 7 5 5 5
37 7 20 18 23 10 34 4 38 54 27 42 26 46 36 36
7 7 38 18 46 4 4 46 4 4 27 4 15 42 54 42
7 42 27 7 7 18 59 62 62 43 27 38 38 22 52 22
22 22 20 22 10 28 10 28 19 10 5 22 19 19 19 28
12 52 19 52 52 19 10 54 52 45 54 52 12 10 35 46
54 28 54 51 35 35 35 62 12 21 12 58 28 5 59 27
11 59 61 62 38 61 38 61 18 3 53 59 59 59 45 53
53 15 45 45 27 2 11 15 60 60 37 58 21 21 60 21
58 59 21 59 42 60 59 42 59 50 55 55 55 50 38 12
12 38 12 12 21 12 12 43 18 43 51 50 39 43 38 55
29 43 39 43 43 39 39 39 38 34 19 39 34 38 37 38
34 34 34 37 20 37 35 3 35 35 37 37 36 35 3 36
35 36 10 45 3 45 36 35 3 3 52 3 34 10 28 45
54 45 55 54 45 50 36 55 54 45 52 59 14 52 36 59
52 50 14 54 54 50 2 54 21 21 10 14 37 47 53 52
47 28 52 28 28 29 47 30 28 51 51 29 53 51 51 29
