3 0 6 0 5 4 3 3 2 7 6 3 2 5 4 2
6 5 6 6 4 6 2 7 4 0 6 6 6 6 2 6
2 6 5 2 4 6 6 4 6 7 3 6 7 3 3 5
4 4 7 6 7 4 7 7 7 6 0 1 7 5 2 7
7 7 7 0 0 5 2 2 7 2 7 6 0 0 1 2
2 7 7 5 1 5 1 7 2 7 0 5 6 2 0 0
7 1 5 1 1 6 6 5 4 5 5 5 5 5 1 7
3 4 5 4 1 0 3 5 3 7 3 1 7 3 5 0
5 5 6 6 5 4 6 1 6 4 4 6 1 3 4 0
6 6 7 0 0 4 5 7 4 3 2 6 6 5 7 1
4 3 4 1 3 3 3 7 5 7 4 4 4 2 4 4
4 0 0 7 6 5 4 1 0 1 1 1 4 1 1 5
2 2 2 5 4 5 6 4 5 5 2 2 5 7 1 4
1 7 1 3 7 4 1 1 7 2 2 7 1 5 1 7
0 3 2 7 7 2 2 3 7 7 7 2 3 7 7 2
4 2 2 2 0 3 1 7 4 0 7 3 7 1 0 5
37 2 52 2 19 60 27 59 26 43 10 59 26 61 28 46
42 29 30 30 60 62 26 43 60 34 62 42 30 30 58 20
58 30 7 4 60 62 30 28 62 43 47 62 11 47 47 51
60 60 53 62 53 28 53 53 11 20 2 13 53 19 46 11
11 21 63 22 22 51 46 58 31 58 21 20 22 22 35 58
58 11 43 51 23 61 23 53 46 21 2 39 20 46 22 22
11 55 61 23 55 20 20 51 18 61 19 19 19 19 45 21
27 38 51 50 35 12 27 51 27 21 37 23 21 27 29 12
19 19 20 30 19 60 30 55 30 50 18 30 55 47 38 12
30 30 11 12 22 50 19 31 18 47 26 62 62 19 11 55
18 47 50 3 47 47 47 21 19 53 28 60 18 26 28 38
38 12 34 21 20 51 18 3 12 35 55 3 38 35 3 7
58 58 58 7 50 7 62 50 7 7 26 26 7 53 35 50
35 11 55 59 31 38 35 35 11 4 4 31 13 39 3 31
34 27 14 11 11 58 4 59 21 21 31 14 37 53 53 4
38 58 58 46 22 59 55 21 18 54 53 37 53 3 54 61
