3 0 6 0 5 4 3 3 2 7 6 3 2 5 4 2
6 5 6 6 4 6 2 7 4 0 6 6 6 6 2 6
2 6 5 2 4 6 6 4 6 7 3 6 7 3 3 5
4 4 7 6 7 6 7 7 7 6 0 6 7 6 2 7
7 6 7 0 7 5 2 2 7 1 7 6 0 0 1 2
2 6 7 5 5 2 1 6 6 7 0 2 4 2 0 0
7 1 2 1 1 7 7 2 4 2 7 7 5 2 1 6
6 2 6 4 1 6 5 5 6 6 7 2 7 1 5 5
2 1 2 7 1 7 7 1 7 4 4 2 1 2 4 1
6 2 2 1 7 4 6 7 4 1 2 3 6 3 7 1
7 7 4 1 4 2 4 7 4 7 1 7 7 4 1 5
0 6 1 1 0 4 1 1 7 6 1 1 1 1 6 1
2 1 2 4 4 2 6 4 7 4 7 7 4 2 1 3
1 7 4 0 2 4 6 1 7 6 6 7 3 4 1 6
0 1 3 7 7 5 6 3 7 7 7 6 4 3 4 5
3 4 6 4 6 4 3 5 4 6 4 5 6 1 6 3
37 2 52 2 19 60 27 59 26 43 10 59 26 61 28 46
42 29 30 30 60 62 26 43 60 34 62 42 30 30 58 20
58 30 7 4 60 62 30 28 62 43 47 62 11 47 47 51
60 60 53 62 53 30 53 53 11 30 2 30 53 62 46 11
11 20 63 22 21 51 46 58 31 45 21 30 22 22 35 46
58 30 43 51 51 58 23 62 30 21 2 58 50 46 22 22
11 55 58 23 55 11 53 58 60 58 53 21 29 58 45 20
20 58 30 50 35 20 19 51 30 30 63 58 11 45 29 19
58 55 4 11 35 11 63 55 11 50 18 58 35 58 38 35
30 58 46 55 21 50 30 31 50 13 26 5 62 59 11 55
53 11 50 3 50 58 50 21 50 53 35 53 53 50 35 7
54 62 55 13 54 38 13 3 53 62 55 13 3 35 62 13
58 13 58 38 50 58 62 50 11 38 11 11 38 58 35 47
35 11 60 22 58 50 20 35 11 20 62 31 47 18 3 20
34 13 47 11 11 19 30 59 21 21 31 20 60 47 18 19
47 60 20 18 20 60 47 19 18 30 18 19 30 55 20 47
