3 2 1 0 5 1 0 0 5 1 0 2 1 2 2 2
2 5 2 5 5 0 5 5 4 0 0 4 6 1 6 6
0 0 0 1 6 4 0 4 4 7 4 4 6 5 4 3
4 3 5 3 3 3 3 4 3 3 3 4 2 3 1 3
7 3 4 4 4 4 3 3 1 1 0 1 0 0 1 3
0 6 1 7 1 2 7 6 3 7 6 5 2 5 2 1
2 1 2 6 2 6 1 6 4 6 7 5 5 0 6 7
5 6 5 7 1 5 5 7 4 4 7 1 1 1 1 5
6 1 1 3 0 3 4 0 3 3 7 7 3 3 6 7
1 3 1 6 0 1 1 1 1 6 2 3 1 6 6 1
4 1 6 1 7 6 6 7 6 7 1 3 1 6 1 6
3 0 0 1 6 6 1 1 5 6 1 1 6 1 6 1
3 6 6 6 7 4 2 4 4 4 6 1 1 4 4 3
3 6 6 3 7 4 1 1 4 5 5 7 5 5 5 4
0 3 2 4 4 5 4 4 5 1 7 5 4 4 4 6
6 5 0 6 4 4 2 4 4 4 6 6 2 2 0 2
37 36 3 2 7 3 2 2 51 3 44 4 45 4 4 4
4 7 4 7 7 2 7 7 6 2 2 6 52 35 52 52
54 54 54 3 52 6 54 6 6 43 60 18 52 39 50 27
50 47 29 47 47 47 47 50 27 47 5 60 14 59 45 27
21 27 60 50 50 50 27 59 35 45 54 35 22 22 35 27
44 30 55 21 35 58 21 62 59 21 30 39 36 29 36 55
36 55 36 62 36 30 35 42 60 30 21 29 29 34 30 21
39 30 29 53 3 29 19 53 60 60 53 13 13 13 13 19
30 13 13 15 22 37 38 22 59 37 53 53 37 37 10 63
3 37 45 10 22 45 45 23 45 10 26 5 45 10 42 55
18 45 30 3 43 42 62 63 62 53 23 47 23 62 23 62
47 12 34 23 20 62 23 3 19 62 55 3 10 35 10 13
47 42 30 52 63 18 36 28 18 18 30 3 3 60 28 47
47 30 30 47 31 50 35 35 18 19 19 63 29 19 29 28
34 27 14 28 60 19 28 28 29 35 31 19 60 50 18 52
52 29 44 52 50 50 4 60 50 50 52 52 4 4 54 4
