3 2 1 0 5 1 0 0 5 1 0 2 1 2 2 2
2 5 2 5 5 0 5 5 4 0 0 4 6 1 6 6
0 0 0 1 6 4 0 4 4 7 4 4 6 5 4 3
4 3 5 3 3 3 3 4 3 3 3 4 2 3 1 3
7 3 4 4 4 4 3 3 1 1 0 1 0 0 1 3
0 6 1 7 1 2 7 6 3 7 6 5 2 5 2 1
2 1 2 6 2 6 1 6 4 6 7 5 5 0 6 7
5 6 5 7 1 5 5 7 4 4 7 1 1 1 1 5
6 1 1 6 5 1 7 3 5 5 4 2 6 5 0 6
1 5 5 5 0 6 3 7 3 3 2 3 3 3 2 7
7 0 7 6 1 1 0 0 0 7 1 7 0 0 4 4
4 7 3 3 6 5 1 0 6 6 1 2 6 6 6 6
2 3 6 6 5 2 6 5 7 2 0 2 7 0 5 7
0 7 0 7 5 7 6 6 7 6 7 7 7 6 4 4
4 4 2 6 4 6 7 4 4 1 4 2 3 7 3 7
1 4 0 0 0 2 0 2 3 2 1 3 1 1 1 0
37 36 3 2 7 3 2 2 51 3 44 4 45 4 4 4
4 7 4 7 7 2 7 7 6 2 2 6 52 35 52 52
54 54 54 3 52 6 54 6 6 43 60 18 52 39 50 27
50 47 29 47 47 47 47 50 27 47 5 60 14 59 45 27
21 27 60 50 50 50 27 59 35 45 54 35 22 22 35 27
44 30 55 21 35 58 21 62 59 21 30 39 36 29 36 55
36 55 36 62 36 30 35 42 60 30 21 29 29 34 30 21
39 30 29 53 3 29 19 53 60 60 53 13 13 13 13 19
52 55 13 62 19 13 63 5 39 19 18 58 42 19 22 42
3 39 39 19 22 42 59 31 59 37 26 5 37 59 26 53
53 54 31 10 45 45 34 34 34 53 45 31 34 34 28 38
38 31 5 5 20 51 55 22 20 62 55 58 10 10 10 62
58 5 62 10 51 58 10 51 43 58 22 26 43 12 51 11
12 11 12 11 51 11 20 20 11 20 31 31 11 20 18 28
28 28 14 42 28 42 43 18 18 23 18 14 37 43 15 43
23 28 44 12 12 14 12 14 15 14 23 37 23 23 23 44
