3 2 1 0 5 1 0 0 5 1 0 2 1 2 2 2
2 5 2 5 5 0 5 5 4 2 0 4 0 1 1 1
1 1 3 2 2 4 2 3 3 0 0 0 6 0 0 0
0 1 0 0 1 1 0 0 7 0 0 0 0 6 0 7
0 0 0 0 0 0 0 7 0 0 0 0 0 0 0 6
0 7 7 7 4 5 5 4 5 4 0 5 4 7 5 1
4 1 1 4 4 3 4 6 4 6 4 5 4 4 6 3
3 4 3 3 3 3 5 5 3 3 4 3 3 3 4 3
4 3 4 3 4 6 4 4 4 4 4 1 1 4 1 4
1 4 4 4 4 4 1 1 4 1 1 4 4 4 4 1
4 4 4 1 4 4 4 4 4 7 4 4 4 4 4 4
0 4 1 4 0 4 4 1 4 0 1 4 4 4 0 4
4 6 0 4 4 3 0 4 0 4 6 0 0 0 0 0
1 1 1 0 7 4 7 0 1 1 6 0 1 6 1 0
6 6 1 7 6 0 1 3 1 1 1 0 7 7 7 6
6 4 0 1 7 4 6 1 1 1 7 6 7 1 5 6
37 36 3 2 7 3 2 2 51 3 44 4 45 4 4 4
4 7 4 7 7 2 7 7 6 4 2 6 2 35 35 3
3 3 15 4 4 6 4 15 15 22 22 22 52 22 22 22
22 35 2 22 35 35 22 12 11 22 22 44 22 62 22 11
12 22 22 22 22 22 22 53 22 22 22 22 22 22 22 62
44 11 53 11 28 19 19 28 19 18 2 19 60 31 19 45
28 55 45 28 18 5 38 30 18 30 38 19 38 38 30 5
59 38 59 59 59 59 19 51 59 59 60 59 59 59 60 59
60 59 60 59 50 52 50 50 50 50 50 3 55 50 3 50
3 50 50 50 50 50 3 3 50 3 3 50 50 50 50 55
50 50 50 3 50 50 50 50 50 53 50 50 50 50 50 50
54 50 55 50 44 50 50 3 50 2 55 50 50 50 44 50
50 42 44 50 50 59 44 50 44 50 52 44 44 44 44 44
3 55 55 44 53 50 53 44 3 55 52 44 3 52 3 44
52 52 3 53 52 44 3 59 3 35 3 44 53 53 53 52
52 50 44 3 53 50 52 3 3 3 53 52 53 3 7 52
