3 2 6 5 6 4 3 3 1 5 3 7 2 7 7 7
3 3 4 6 7 3 2 3 4 4 1 5 5 1 3 1
1 5 3 7 7 1 6 0 7 7 0 4 6 5 7 3
7 7 1 7 4 0 5 2 7 2 6 6 5 5 6 6
6 3 6 6 7 5 2 6 7 2 6 5 0 0 1 7
6 6 7 6 6 5 5 6 6 4 0 2 3 4 3 1
7 1 6 5 1 3 1 6 4 7 5 5 5 5 6 3
3 6 6 4 1 3 5 1 6 6 6 3 3 3 6 5
3 3 6 3 6 4 7 4 4 4 5 6 1 5 4 5
4 7 6 3 6 6 5 4 5 5 0 5 6 6 6 5
6 5 5 5 5 5 5 5 5 5 5 4 5 5 5 5
4 5 0 5 5 5 1 1 5 5 1 5 7 1 7 7
5 5 5 1 1 3 5 4 1 4 6 6 1 5 1 1
1 1 1 5 5 5 1 1 4 5 6 1 1 5 6 1
0 6 5 5 6 5 6 3 4 1 5 6 5 6 4 6
6 4 6 5 5 3 1 1 1 5 6 6 1 1 1 6
37 36 52 29 30 60 27 59 35 39 27 31 26 43 43 43
47 27 38 30 43 59 26 27 60 28 35 19 39 35 27 35
35 19 27 43 43 35 30 34 43 43 34 38 52 39 43 27
43 43 35 43 38 34 39 36 43 36 30 30 19 19 30 30
30 27 30 30 21 19 36 30 43 36 30 19 22 22 35 43
30 30 43 30 30 19 19 62 30 18 2 58 37 18 59 55
43 55 30 19 55 47 35 30 18 43 19 19 19 19 30 37
59 30 30 50 3 37 19 55 30 30 30 59 59 59 30 19
59 59 30 59 52 60 63 60 60 38 19 30 35 19 38 19
38 43 30 27 30 30 19 60 19 19 34 19 30 30 30 19
30 19 19 19 19 19 19 19 19 19 19 60 19 19 19 19
38 19 34 19 19 39 23 3 19 19 55 19 43 35 43 43
19 19 19 23 55 59 19 50 55 50 52 52 55 19 35 55
35 55 55 19 19 19 35 35 38 19 52 55 23 39 52 23
34 42 39 39 52 19 30 59 50 35 51 42 39 52 50 52
52 50 52 39 39 59 55 55 55 51 52 52 55 55 23 52
