2 1 0 6 1 6 6 2 7 5 4 1 7 0 2 0
0 4 4 4 4 4 3 1 1 0 3 7 6 3 2 7
3 7 0 6 6 4 6 4 7 1 3 5 6 5 4 1
1 3 3 6 5 1 1 5 5 1 5 1 5 5 3 6
1 6 4 2 7 1 1 1 3 1 3 3 0 3 3 3
0 6 4 4 7 4 4 2 4 7 0 2 4 2 3 1
7 0 0 4 1 3 7 5 4 4 6 3 3 0 1 7
1 1 7 7 1 7 5 7 3 3 7 0 4 0 0 0
1 1 4 0 5 6 4 3 0 4 4 2 1 3 2 0
3 5 3 0 3 6 5 7 4 5 3 3 6 5 5 0
7 7 7 1 6 6 6 6 7 7 2 7 0 0 4 0
7 0 6 6 3 3 4 3 0 2 4 3 4 2 6 6
5 1 5 7 7 7 7 7 4 7 2 2 2 7 2 2
5 5 6 2 5 6 6 0 0 6 5 7 2 6 5 1
2 6 2 7 2 2 0 2 5 1 6 6 2 7 7 5
5 5 5 5 5 1 2 0 2 5 5 2 1 2 0 5
58 55 22 30 23 20 52 4 53 19 50 55 53 44 36 34
34 50 38 38 38 38 59 45 55 34 37 21 30 37 58 21
59 21 22 52 52 18 30 28 31 23 37 39 52 39 50 3
3 37 37 62 7 3 3 7 7 3 7 35 7 7 37 30
45 30 60 4 21 23 45 45 47 45 47 47 22 47 47 47
44 30 60 60 21 18 60 58 60 21 2 58 60 46 59 55
11 22 22 28 35 5 53 51 50 50 10 59 27 34 45 43
35 35 43 43 35 43 19 43 59 59 43 34 38 34 22 12
55 55 18 2 19 52 38 5 44 50 18 58 35 27 36 12
27 29 27 12 15 52 19 31 18 19 27 27 62 19 29 12
31 31 31 3 62 62 62 62 31 53 36 53 2 44 28 44
11 12 42 42 5 5 28 5 12 36 28 5 28 58 10 20
29 13 29 11 11 11 11 63 18 63 26 4 4 53 4 4
39 39 20 14 39 42 20 44 2 20 39 63 14 20 29 23
14 42 14 63 14 14 2 26 29 23 10 42 26 63 63 61
61 61 61 61 61 13 26 2 26 51 51 26 23 46 54 51
