3 0 6 0 5 4 3 3 2 7 6 3 2 5 4 2
6 5 6 6 4 6 2 7 4 0 6 6 6 6 2 6
2 6 5 2 4 6 6 4 6 7 3 6 7 3 3 5
4 4 7 6 7 4 7 7 7 6 0 1 7 5 2 7
7 7 7 0 0 5 2 2 7 2 7 6 0 0 1 2
2 7 7 5 1 5 1 7 2 7 0 5 6 2 0 0
7 1 5 1 1 6 6 5 4 5 5 5 5 5 1 7
3 4 5 4 1 0 3 5 3 7 3 1 7 3 5 0
1 1 4 5 1 3 7 3 4 4 4 1 3 3 4 0
4 5 2 0 3 1 4 7 1 6 2 1 3 0 6 0
3 3 7 1 1 1 7 7 7 1 1 4 0 2 0 2
1 5 0 1 1 1 1 1 1 1 1 5 5 4 3 3
0 6 3 3 4 4 2 4 5 4 4 0 0 0 4 5
2 5 1 2 5 4 3 0 0 6 5 7 2 7 1 6
2 0 2 4 3 3 2 2 3 0 6 0 3 4 0 3
6 3 1 3 1 1 2 6 6 0 6 6 2 2 5 7
37 2 52 2 19 60 27 59 26 43 10 59 26 61 28 46
42 29 30 30 60 62 26 43 60 34 62 42 30 30 58 20
58 30 7 4 60 62 30 28 62 43 47 62 11 47 47 51
60 60 53 62 53 28 53 53 11 20 2 13 53 19 46 11
11 21 63 22 22 51 46 58 31 58 21 20 22 22 35 58
58 11 43 51 23 61 23 53 46 21 2 39 20 46 22 22
11 55 61 23 55 20 20 51 18 61 19 19 19 19 45 21
27 38 51 50 35 12 27 51 27 21 37 23 21 27 29 12
55 55 18 61 35 27 63 47 18 50 18 45 37 47 38 12
18 29 46 12 37 23 18 31 45 10 26 23 37 12 42 12
37 47 31 3 45 45 31 31 31 45 35 50 2 26 2 26
13 29 34 13 13 35 35 3 13 13 55 29 29 28 59 59
34 42 59 59 50 28 36 50 39 38 38 44 34 34 28 39
14 39 55 14 39 50 15 44 34 42 39 63 14 63 3 42
14 44 14 38 5 15 4 14 15 44 10 44 15 38 44 15
52 15 3 5 3 3 4 52 10 54 52 52 4 4 7 43
