3 2 6 5 6 4 3 3 1 5 3 7 2 7 7 7
3 3 4 6 7 3 2 3 4 4 1 5 5 1 3 1
1 5 3 7 7 1 6 0 3 1 6 1 6 6 1 1
1 4 5 6 4 6 1 3 3 3 0 4 7 6 4 0
4 7 7 1 0 0 4 7 5 7 0 5 0 0 7 4
0 1 1 5 0 1 0 2 6 6 0 2 0 0 2 0
0 0 0 6 7 7 0 6 1 5 5 5 6 0 6 0
6 3 0 0 3 0 0 5 0 0 7 0 6 1 5 6
0 0 2 3 3 3 4 2 2 4 1 3 3 4 4 4
2 2 2 2 1 1 1 5 5 2 2 2 2 2 2 2
5 0 4 4 4 4 4 2 2 6 0 7 6 6 6 6
0 3 3 7 7 5 7 1 6 2 1 6 6 5 7 2
3 6 1 1 6 2 3 4 5 3 3 5 1 3 4 4
7 7 7 7 7 4 7 6 0 3 0 0 3 3 3 4
4 4 6 6 3 1 4 4 3 3 3 5 5 7 4 5
5 5 1 4 1 7 6 6 4 6 4 6 7 1 5 2
37 36 52 29 30 60 27 59 35 39 27 31 26 43 43 43
47 27 38 30 43 59 26 27 60 28 35 19 39 35 27 35
35 19 27 43 43 35 30 34 59 23 30 23 52 30 23 23
23 60 29 42 60 30 3 59 59 59 2 60 53 62 60 44
6 53 53 55 44 34 50 53 39 53 12 19 22 44 53 50
44 55 55 51 34 23 22 58 52 52 22 58 22 54 58 2
2 2 2 62 11 11 2 62 45 19 19 19 62 34 62 22
62 5 12 12 5 12 12 51 12 44 63 44 42 45 29 42
34 34 46 37 37 37 38 46 46 38 45 37 37 38 38 38
46 46 46 26 45 45 45 39 39 14 26 14 14 14 14 14
39 54 6 6 6 6 6 4 4 20 54 31 20 20 20 20
54 15 15 31 31 51 31 3 52 26 55 52 42 51 31 26
47 42 55 3 42 58 47 50 29 47 47 29 55 47 50 50
21 21 21 21 21 50 21 10 54 15 54 22 15 15 15 28
28 28 20 10 5 13 28 28 5 5 5 7 7 11 18 7
7 29 13 18 13 11 10 10 18 10 18 10 63 3 7 58
