3 2 6 5 6 4 3 3 1 5 3 7 2 7 7 7
3 3 4 6 7 3 2 3 4 4 1 5 5 1 3 1
1 5 3 7 7 1 6 0 3 1 6 1 6 6 1 1
1 4 5 6 4 6 1 3 3 3 0 4 7 6 4 0
4 7 7 1 0 0 4 7 5 7 0 5 0 0 7 4
0 1 1 5 0 1 0 2 6 6 0 2 0 0 2 0
0 0 0 6 7 7 0 6 1 5 5 5 6 0 6 0
6 3 0 0 3 0 0 5 0 0 7 0 6 1 5 6
1 1 0 3 3 3 0 3 0 0 2 1 1 2 4 1
2 5 2 0 0 2 3 7 3 4 2 2 1 3 1 1
2 3 0 1 6 6 6 6 0 0 6 7 0 2 0 5
5 5 2 5 5 5 4 3 6 6 1 3 7 3 2 4
2 1 4 4 4 4 6 6 7 7 7 7 7 3 4 3
4 7 4 0 1 4 7 6 4 1 1 4 1 1 1 1
4 1 7 6 3 1 6 0 7 7 1 6 3 3 0 0
3 4 0 4 4 4 3 1 4 0 4 3 1 1 6 3
37 36 52 29 30 60 27 59 35 39 27 31 26 43 43 43
47 27 38 30 43 59 26 27 60 28 35 19 39 35 27 35
35 19 27 43 43 35 30 34 59 23 30 23 52 30 23 23
23 60 29 42 60 30 3 59 59 59 2 60 53 62 60 44
6 53 53 55 44 34 50 53 39 53 12 19 22 44 53 50
44 55 55 51 34 23 22 58 52 52 22 58 22 54 58 2
2 2 2 62 11 11 2 62 45 19 19 19 62 34 62 22
62 5 12 12 5 12 12 51 12 44 63 44 42 45 29 42
35 35 34 37 5 37 2 5 2 2 46 35 35 46 38 35
46 29 46 12 22 46 59 31 59 6 26 14 45 59 45 55
14 59 44 3 10 10 10 10 34 12 10 53 2 14 2 39
39 39 14 39 39 39 38 59 20 62 55 59 43 37 14 6
14 35 6 6 6 6 62 20 11 11 11 11 11 27 28 47
28 11 28 22 45 50 53 10 28 45 45 28 23 23 3 23
28 23 21 42 5 23 42 22 21 21 3 42 37 47 22 22
47 50 22 18 18 50 47 55 18 2 18 37 55 55 62 47
