2 1 0 6 1 6 6 2 5 1 1 4 0 5 5 4
3 1 7 0 4 3 4 0 1 4 7 2 5 3 1 4
0 4 0 1 7 3 2 4 2 7 0 6 6 3 6 1
1 1 5 4 7 1 2 4 6 6 0 6 5 5 6 6
6 3 0 0 0 0 0 3 2 6 2 5 5 5 2 3
0 7 7 5 5 4 0 6 0 0 0 5 3 3 7 1
7 3 4 0 1 0 1 5 4 3 7 7 5 4 5 7
4 4 5 5 1 6 7 7 3 1 3 0 4 1 5 7
4 0 4 1 1 6 4 1 3 4 7 3 3 3 7 0
2 5 5 5 7 5 5 7 4 3 4 3 3 3 6 3
0 7 2 1 6 0 3 3 0 0 4 3 1 3 6 7
4 2 2 1 1 4 3 1 4 4 0 1 5 5 6 7
5 5 6 1 1 1 6 4 3 4 3 7 7 7 4 6
6 7 6 7 6 5 5 6 7 3 2 7 5 7 2 5
0 6 2 4 3 4 2 5 5 3 6 2 2 2 2 5
2 2 2 2 1 6 2 6 6 6 6 2 2 2 2 2
58 55 22 30 23 20 52 4 61 35 45 18 22 61 19 60
27 35 53 54 60 59 50 34 55 28 63 58 7 37 55 50
54 50 22 23 53 59 26 28 26 43 34 52 52 47 52 45
45 45 29 50 53 45 58 50 20 10 2 30 19 19 30 30
30 27 2 2 2 2 2 59 26 30 26 19 19 19 36 37
44 31 31 51 51 38 12 62 12 12 12 39 37 27 21 55
43 59 60 12 55 12 3 51 18 27 21 21 51 38 51 21
60 38 51 39 35 20 43 43 27 55 27 34 38 23 29 21
18 22 18 35 35 52 18 35 59 50 31 37 37 37 31 54
36 39 39 39 21 61 39 31 18 47 6 5 59 47 42 47
22 31 58 3 52 22 15 15 34 34 28 47 3 15 42 53
60 58 58 23 3 38 47 3 38 60 54 3 29 29 62 43
29 29 62 23 23 45 62 28 5 28 5 53 43 53 28 20
20 11 20 11 62 61 61 62 11 5 4 63 61 63 36 7
34 42 14 6 5 6 4 7 7 5 10 14 46 26 46 7
46 46 46 46 13 42 4 42 10 10 42 26 14 4 14 14
