2 1 0 6 1 6 6 2 7 5 3 0 4 6 6 4
1 1 4 4 3 3 7 1 3 1 3 3 7 3 2 1
2 5 0 6 6 6 7 0 6 7 2 6 2 5 2 3
5 4 6 6 4 5 4 4 6 6 1 7 7 5 5 7
7 7 0 0 7 5 4 3 7 1 7 5 0 0 5 5
0 6 7 5 5 5 1 6 6 4 0 6 3 7 3 1
7 3 5 1 1 7 7 6 4 5 7 3 4 0 1 7
4 6 4 6 1 0 6 1 3 5 3 0 7 1 5 5
5 1 4 6 6 1 7 1 0 2 4 1 2 0 4 0
4 5 5 3 2 2 3 4 0 6 2 3 4 4 5 4
1 1 0 1 4 3 6 7 4 7 4 3 4 4 4 2
3 2 3 2 1 5 1 1 4 1 4 6 5 1 2 2
1 1 5 0 0 5 2 0 5 1 5 0 7 0 0 1
2 0 3 2 3 3 7 7 7 3 7 2 2 5 2 3
2 5 2 5 3 2 0 5 5 5 6 2 2 2 6 7
3 7 3 7 6 1 3 3 3 3 3 2 5 2 0 3
58 55 22 30 23 20 52 4 53 19 59 34 50 52 52 50
35 35 38 60 37 59 53 45 37 3 37 37 31 37 58 45
58 19 22 20 62 62 21 34 62 43 58 20 58 39 58 27
61 60 20 62 50 51 50 50 20 20 55 21 53 19 19 11
21 21 22 22 21 51 50 59 31 45 21 19 22 22 51 51
44 30 31 51 51 19 23 62 30 18 2 30 37 31 59 55
31 59 61 23 55 31 53 30 18 61 53 59 18 34 45 53
60 30 18 52 35 2 62 35 27 61 27 34 11 45 29 61
61 55 18 10 10 23 63 55 34 4 18 45 4 34 38 12
38 29 39 27 4 4 15 60 12 10 26 27 60 38 29 60
3 3 44 3 28 47 52 63 38 63 28 47 28 38 28 26
47 26 27 26 13 7 23 3 28 35 28 52 29 35 26 26
3 13 29 2 2 7 36 2 29 23 39 44 43 44 44 13
14 44 5 14 5 5 11 11 11 5 11 36 14 39 36 5
14 39 14 39 5 14 2 7 7 7 10 36 36 36 42 43
47 43 15 43 42 13 47 47 15 15 15 4 7 46 54 15
