5 2 6 0 1 4 6 4 0 0 3 2 3 7 2 2
5 6 7 2 7 7 5 5 1 7 6 1 3 0 3 3
5 7 5 0 2 0 0 5 0 2 0 5 4 4 2 1
1 2 2 6 2 2 4 3 0 0 3 4 3 5 0 1
1 1 6 6 6 0 1 7 6 6 6 4 7 7 2 3
3 3 2 2 0 4 0 4 0 2 7 6 6 7 6 6
6 0 0 4 0 0 1 7 7 1 1 4 1 1 7 7
7 6 7 7 7 7 0 5 5 5 5 4 6 2 7 1
4 5 4 5 4 0 7 7 5 5 5 5 7 7 5 7
7 7 5 0 6 0 7 5 2 2 3 0 2 7 0 0
2 1 1 1 3 1 6 4 0 7 7 1 7 3 4 4
2 3 3 6 2 3 6 1 6 2 1 1 1 1 7 4
4 4 4 4 3 3 4 1 1 2 4 3 3 3 1 5
3 1 2 2 4 1 1 5 3 0 0 0 4 0 6 4
5 5 5 4 4 4 4 3 3 4 6 2 0 6 2 3
6 3 4 6 5 4 5 5 3 1 0 0 2 7 2 1
91 44 92 42 87 33 79 64 3 81 63 44 6 93 44 75
8 53 80 5 54 54 65 65 43 67 53 43 45 42 32 32
78 80 8 68 18 81 81 78 16 5 16 78 90 90 5 56
30 44 44 27 5 5 20 32 42 29 32 33 32 8 42 43
43 43 40 40 40 55 69 80 40 53 40 33 80 80 75 45
45 45 75 75 29 33 29 33 16 75 41 79 27 28 79 79
79 3 3 90 29 29 17 54 54 17 17 64 69 69 67 67
67 66 28 28 28 67 16 91 91 91 91 51 92 18 15 17
64 8 64 8 64 68 41 54 52 52 52 52 15 15 78 15
15 41 52 3 53 3 41 78 31 31 63 81 31 41 81 42
31 56 56 56 6 56 53 51 16 93 93 4 93 45 90 90
57 76 76 27 57 89 27 17 27 18 4 4 4 4 93 7
7 7 20 7 19 19 7 69 69 31 20 6 6 6 30 39
63 30 57 57 51 30 30 39 63 55 55 55 77 55 9 20
39 39 39 77 20 51 51 63 89 77 66 57 68 66 18 89
66 89 77 66 65 77 65 65 89 87 68 68 18 28 88 87
