5 2 6 0 1 4 6 4 0 7 0 3 3 2 0 2
5 5 6 7 5 5 3 3 7 7 6 1 7 2 6 7
7 7 5 5 7 1 7 1 1 2 7 7 6 6 0 6
1 6 0 4 1 4 4 6 1 6 0 0 2 4 4 2
4 1 4 3 2 2 0 2 5 4 7 3 7 5 7 1
4 2 1 1 7 6 5 5 6 3 3 2 3 3 3 3
3 5 5 4 0 2 1 4 4 4 2 2 2 0 2 0
2 1 1 1 0 1 4 4 3 3 1 4 0 3 1 6
5 6 6 6 6 6 5 6 2 5 5 2 2 6 4 2
5 0 0 5 3 5 6 5 5 5 1 5 6 2 5 2
0 6 2 3 7 7 6 4 7 7 7 1 7 1 4 1
0 2 1 5 1 3 0 7 0 7 6 7 0 0 0 0
7 0 7 1 6 6 2 7 2 7 5 1 1 7 2 7
7 0 0 7 4 3 2 0 4 1 1 5 5 1 0 1
1 2 2 0 5 1 1 5 3 4 3 3 3 0 0 4
4 6 4 7 6 3 3 3 3 3 4 0 7 0 3 4
91 44 92 42 87 33 79 64 3 80 81 63 63 44 68 75
8 78 53 67 91 91 45 19 28 28 53 4 93 5 66 54
54 54 65 65 54 30 54 69 17 5 41 28 66 66 16 66
43 79 42 77 17 51 51 53 17 53 29 29 31 64 64 31
64 4 64 63 31 44 55 31 8 20 67 63 67 78 67 43
20 31 43 43 67 40 39 39 40 32 32 18 32 32 32 89
89 91 91 90 29 18 69 90 90 33 18 18 18 68 5 29
44 87 17 69 29 69 33 33 89 89 87 51 68 45 17 79
52 40 79 40 40 92 52 79 75 78 78 75 75 53 90 5
39 68 16 65 63 65 66 21 65 78 43 39 92 5 21 75
16 27 44 76 80 15 92 51 80 28 28 4 93 4 90 4
3 88 56 39 56 89 42 15 42 80 92 80 42 81 81 81
15 81 93 69 27 27 57 15 57 15 21 87 87 41 57 41
41 55 55 41 51 45 88 55 33 30 30 21 21 56 68 56
56 57 57 55 52 30 30 52 76 20 76 76 76 16 16 20
20 27 77 93 27 6 6 6 6 6 77 3 93 3 45 77
