6 5 2 1 7 2 0 4 5 5 7 4 1 5 5 7
5 7 2 7 4 4 5 2 4 4 0 3 2 4 0 5
0 4 2 3 7 3 6 6 7 5 6 4 6 6 2 1
0 7 7 2 7 3 6 3 6 2 7 7 4 2 1 3
1 3 1 1 1 1 0 3 6 7 3 7 0 1 1 1
1 6 2 3 3 3 6 4 2 2 2 1 1 6 3 3
3 6 3 6 3 3 1 0 0 6 6 6 6 0 0 0
3 4 1 4 6 7 7 5 7 7 1 7 0 0 0 6
0 0 7 0 0 0 0 0 0 4 6 7 1 0 3 0
0 0 0 3 6 2 4 6 3 1 2 2 7 3 2 2
1 1 1 2 7 4 5 2 7 4 5 3 7 3 3 3
3 3 4 4 6 2 0 6 0 4 4 6 3 4 6 5
5 0 4 6 3 4 5 5 3 6 5 3 3 2 6 2
6 4 2 4 2 4 3 6 3 5 3 6 4 3 6 3
6 5 5 2 5 5 6 6 3 6 4 5 1 7 0 2
6 3 6 3 3 2 4 2 2 1 3 3 4 3 6 7
79 8 88 4 80 57 68 20 52 52 93 7 69 52 52 15
52 15 57 54 51 51 65 57 51 51 68 6 57 51 68 65
68 7 57 89 67 32 66 92 15 21 66 77 40 40 5 56
68 54 54 75 67 63 40 63 40 75 54 54 7 44 43 19
87 63 87 87 87 87 55 19 40 41 19 93 55 4 4 4
4 9 5 32 32 32 9 33 5 5 5 69 69 9 6 63
6 9 6 9 6 63 69 16 16 27 27 27 27 16 16 16
76 33 17 20 27 15 15 21 80 80 30 80 29 29 29 66
68 16 80 16 68 68 16 16 16 33 27 80 17 29 19 29
29 29 29 19 53 75 20 53 45 17 44 44 80 45 44 75
17 17 17 18 80 20 65 18 80 20 65 76 54 76 76 76
19 76 20 20 66 18 3 66 3 77 77 66 6 77 79 65
78 3 77 79 6 77 91 91 6 66 91 6 6 18 66 44
79 33 18 33 44 33 32 27 32 91 32 27 33 32 27 32
27 78 78 5 78 78 92 92 45 53 90 91 69 28 55 5
92 89 40 45 45 75 7 5 75 43 89 89 64 89 79 54
