5 2 6 0 1 4 6 4 0 7 7 2 4 0 0 2
7 7 5 7 2 7 1 1 3 3 2 6 7 4 6 1
7 6 2 5 7 5 5 5 5 4 5 4 0 6 7 7
1 5 5 4 6 4 1 6 6 4 1 1 6 5 7 1
4 1 4 1 4 6 3 6 3 7 4 6 4 4 2 5
5 2 2 2 7 7 2 3 0 4 4 2 2 5 4 2
0 2 0 0 0 0 1 5 5 6 5 4 4 3 7 7
7 0 1 0 2 3 1 3 3 1 1 3 0 7 4 4
0 1 7 3 3 3 3 3 4 4 7 7 1 7 7 2
7 3 3 7 0 6 5 0 0 5 6 1 1 1 5 6
4 1 4 7 6 7 6 6 2 6 2 2 6 3 5 6
1 7 2 2 2 3 0 1 7 6 6 6 3 5 6 3
6 6 3 3 3 3 2 5 5 1 3 5 3 3 3 3
6 5 2 2 2 0 1 2 1 0 1 2 5 7 0 0
7 0 7 2 7 2 7 3 3 0 6 6 1 3 0 1
4 0 6 0 1 1 5 0 0 4 3 0 0 3 5 4
91 44 92 42 87 33 79 64 3 80 80 5 90 81 68 44
54 54 78 28 57 54 56 69 89 89 31 53 93 64 66 30
41 66 57 39 28 52 52 52 52 77 52 77 29 40 54 54
43 65 65 51 66 51 43 53 40 64 56 17 66 8 15 4
51 4 51 4 51 53 19 9 19 15 7 92 20 90 5 91
65 31 75 75 67 67 31 89 16 64 64 31 31 39 33 18
16 18 16 16 16 29 69 91 91 9 91 77 90 19 67 67
67 68 17 68 88 19 87 19 6 17 87 32 68 80 33 33
68 87 80 6 32 32 32 32 90 90 93 93 87 93 93 88
15 89 89 15 29 27 78 29 29 39 27 30 30 17 21 9
33 30 77 80 79 15 79 79 88 53 88 18 9 45 39 9
4 28 18 18 57 6 55 17 28 27 27 27 45 21 92 45
92 92 45 63 63 63 44 21 21 30 76 78 76 76 76 76
79 78 75 75 75 81 43 44 43 42 43 44 78 28 42 42
41 42 41 57 41 57 41 63 45 81 40 40 69 63 55 69
77 81 40 81 56 69 39 3 55 20 6 55 55 6 21 20
