5 2 6 0 1 4 6 4 0 7 0 3 3 2 0 2
5 5 6 7 2 5 2 2 6 7 2 6 3 5 5 5
5 4 5 5 7 4 7 6 4 7 4 7 7 2 2 2
0 2 7 1 1 2 6 0 0 0 0 0 1 0 2 6
2 6 6 6 5 5 4 0 5 0 0 5 6 7 4 6
1 0 0 4 2 1 7 2 2 6 1 2 6 2 1 1
6 6 3 3 4 3 0 0 4 3 5 5 0 5 3 5
3 4 2 3 2 4 7 6 1 1 7 1 7 3 1 1
1 1 1 7 2 7 5 3 0 5 5 7 7 4 7 6
5 6 1 3 3 3 1 5 6 5 2 1 1 4 4 4
4 5 4 4 4 3 3 7 7 7 7 6 7 6 5 7
4 0 1 1 2 7 7 7 7 2 0 6 4 3 4 4
7 2 2 2 3 4 6 6 4 1 1 1 0 7 6 3
1 4 7 1 6 7 1 0 6 7 1 4 1 3 0 3
0 3 3 0 5 0 5 5 5 4 4 3 5 5 4 3
4 3 4 7 2 2 3 2 3 4 3 2 3 0 6 0
91 44 92 42 87 33 79 64 3 80 81 63 63 44 68 44
8 78 53 67 75 91 88 5 53 67 75 53 45 8 65 65
65 77 65 65 54 77 54 66 33 93 64 41 41 18 5 88
42 5 41 56 56 5 79 29 29 29 29 29 17 16 31 79
75 92 79 79 91 91 33 16 8 16 16 8 53 28 51 27
4 81 81 77 44 69 28 31 44 27 4 31 40 31 69 56
66 66 32 45 20 45 42 42 20 45 21 21 42 21 45 39
76 64 57 89 75 64 93 27 4 43 93 43 28 89 4 4
43 43 43 28 75 80 78 89 81 78 78 67 67 64 67 66
39 66 30 32 32 32 17 52 27 52 18 56 56 77 7 7
7 78 77 7 7 63 63 54 54 28 41 40 41 40 39 80
33 68 69 30 57 80 80 15 15 18 81 92 51 32 51 51
15 88 88 88 89 90 92 92 90 30 30 30 16 93 53 89
17 90 54 17 27 15 17 55 40 15 69 33 69 76 55 76
55 6 76 55 52 55 21 52 21 20 20 19 52 91 51 63
20 76 90 93 31 18 6 5 6 90 6 18 6 68 40 68
