6 5 2 1 7 1 7 2 0 4 4 1 7 3 6 0
3 6 7 0 0 2 6 5 7 6 3 2 0 0 0 0
0 7 6 0 0 5 3 7 2 5 6 5 5 7 4 6
2 0 0 0 5 2 5 4 5 5 5 5 6 4 6 4
5 6 5 6 5 3 0 6 0 0 1 0 4 1 2 0
2 3 3 3 3 3 3 3 1 2 2 2 2 2 6 7
7 7 0 7 7 7 1 0 2 4 1 1 4 5 0 0
3 0 2 2 2 1 2 0 4 1 3 4 4 4 5 0
5 7 5 7 7 2 2 7 7 2 2 2 6 5 5 5
2 0 6 1 0 5 5 5 6 6 6 5 2 2 5 2
2 0 3 1 6 6 3 2 6 3 3 3 7 3 3 3
3 7 3 3 2 3 0 3 7 3 2 2 0 2 1 1
1 1 1 7 5 3 7 7 5 4 7 3 0 3 0 2
1 3 3 3 0 1 0 0 0 0 1 6 1 7 6 7
1 1 0 1 0 5 0 3 0 4 2 7 5 3 3 1
6 7 1 0 4 1 4 5 5 4 5 1 4 4 1 5
79 8 88 4 93 4 80 57 68 20 7 69 15 6 27 29
6 92 80 42 68 75 40 52 15 66 63 18 3 68 16 16
16 54 66 3 16 21 6 67 31 39 66 52 52 54 51 66
75 3 3 3 52 5 65 77 65 65 65 65 66 64 53 90
78 92 8 9 8 6 55 27 29 29 17 29 33 17 5 29
44 6 19 32 32 32 32 32 56 31 31 31 5 31 27 15
15 15 42 54 54 54 69 42 57 33 43 43 64 52 42 16
76 68 57 75 75 43 75 68 64 43 63 51 64 64 39 42
52 54 65 54 54 31 31 54 54 31 31 31 79 52 78 78
75 68 79 17 29 52 78 78 79 79 79 78 75 75 21 75
75 81 45 87 27 27 45 57 27 19 19 45 41 45 45 19
19 28 63 19 57 89 42 89 28 63 57 57 42 57 43 43
43 43 43 41 52 63 41 41 52 51 41 63 16 63 16 44
69 89 89 89 81 30 42 42 81 42 30 27 30 28 27 28
30 30 16 87 81 39 16 32 16 51 5 15 39 76 32 69
92 67 56 81 64 17 51 21 21 51 21 56 64 51 69 21
