6 5 2 1 7 1 7 2 0 4 4 1 7 6 3 0
3 6 3 6 3 2 3 3 3 7 4 3 7 3 7 6
3 7 1 6 2 0 1 5 5 3 4 6 6 4 6 6
0 1 7 1 4 4 0 0 6 6 0 1 0 2 2 0
0 0 1 6 4 1 0 2 2 2 2 2 7 5 4 1
2 2 7 0 7 0 0 0 0 0 0 1 6 0 7 0
5 0 7 7 5 7 1 0 7 7 5 5 3 3 0 5
2 0 1 0 2 2 1 6 5 5 1 1 4 5 2 2
7 7 7 7 7 2 7 6 5 5 2 2 6 6 5 5
2 6 6 6 6 3 3 5 3 5 2 2 2 3 3 0
3 3 3 1 6 6 3 6 6 3 6 2 0 3 3 3
3 3 3 3 0 3 0 3 3 0 1 0 3 3 1 3
1 1 1 7 5 3 2 3 5 4 3 7 3 7 2 7
2 2 2 2 1 0 7 1 1 4 5 1 5 7 0 4
1 0 3 1 4 1 1 7 3 4 1 7 1 3 7 1
6 7 6 7 4 7 4 0 4 4 1 1 4 4 1 5
79 8 88 4 93 4 80 57 68 20 7 69 15 27 6 68
6 92 76 92 76 75 76 76 76 15 90 6 93 6 80 79
19 80 4 66 31 81 17 52 21 63 64 66 66 64 66 66
3 56 41 56 90 77 3 3 9 9 3 17 3 5 5 29
29 29 56 53 33 30 55 18 5 31 31 31 15 78 51 87
44 31 15 68 67 16 16 16 68 68 16 69 27 16 15 42
52 42 54 54 52 54 69 42 54 54 52 52 63 32 42 65
57 29 17 42 57 57 30 53 65 65 30 17 64 65 75 57
54 54 54 54 54 31 41 53 52 78 31 75 79 79 78 78
75 79 79 79 53 19 19 78 45 78 75 75 75 45 19 81
63 63 45 87 27 27 45 27 27 45 27 44 16 89 89 89
32 89 63 32 16 89 16 63 63 16 43 16 32 32 43 32
43 43 43 41 52 19 44 19 52 51 76 41 76 41 57 41
57 57 57 57 87 81 67 17 87 20 52 17 52 28 42 20
17 42 76 87 20 17 87 67 76 20 69 15 17 76 15 69
92 67 40 15 64 15 51 42 20 51 30 56 64 51 69 21
