6 5 2 1 7 1 7 2 0 4 5 4 1 5 7 5
7 2 6 4 2 1 0 7 0 0 6 0 2 6 3 5
5 5 5 1 6 2 5 4 3 3 3 4 5 0 0 0
1 0 4 0 0 0 6 5 0 1 3 2 3 5 2 6
7 0 3 6 6 3 1 1 2 4 2 7 5 1 0 0
0 1 1 5 4 3 2 5 3 6 1 2 2 4 4 4
7 6 7 2 1 6 1 0 6 6 2 4 7 3 4 0
2 2 2 5 6 6 3 1 1 1 1 1 4 6 5 6
1 1 1 1 1 6 7 5 5 5 5 7 6 6 6 7
0 7 0 0 0 0 7 7 7 7 1 7 7 2 5 6
1 1 1 0 1 2 3 0 2 6 6 5 2 3 5 5
3 7 2 3 2 3 3 2 3 3 2 2 3 2 2 3
3 3 3 6 5 5 4 4 5 4 3 6 0 4 5 2
1 6 3 0 3 1 3 3 3 0 0 1 0 7 6 1
5 2 3 4 6 6 6 3 4 4 1 1 1 4 1 1
6 1 1 7 1 3 4 2 4 7 4 5 5 4 1 7
79 8 88 4 93 4 80 57 68 20 52 7 69 52 15 52
54 57 92 51 57 30 68 15 68 68 40 68 18 27 32 21
52 52 8 17 9 44 21 77 6 63 63 33 78 42 16 16
43 29 64 29 29 29 79 39 3 17 45 44 45 8 31 66
67 29 32 9 9 32 30 30 75 33 5 15 78 56 16 16
16 56 56 21 51 32 57 21 76 92 4 31 31 51 51 51
54 66 28 75 43 53 69 42 53 53 75 33 28 89 33 42
31 31 57 39 53 53 32 56 56 17 17 17 64 9 21 9
17 17 17 17 17 40 41 21 52 78 78 41 40 40 40 41
3 41 42 42 29 42 54 54 41 54 43 54 54 57 21 53
43 43 43 42 43 44 45 42 75 53 53 78 75 45 78 78
19 28 75 19 57 19 19 75 63 63 75 57 45 57 57 19
63 63 63 53 52 52 64 64 52 51 76 53 16 64 52 44
69 27 45 16 89 30 89 89 45 16 16 56 16 28 27 56
21 31 89 77 27 27 27 89 77 20 4 4 4 33 4 4
92 56 56 93 56 6 20 5 20 15 20 21 21 51 69 15
