6 5 2 1 7 2 0 4 5 5 7 4 1 5 5 7
5 6 3 6 3 0 3 3 0 0 0 3 0 0 0 1
1 3 2 1 0 0 2 0 0 0 6 1 6 0 6 6
0 4 0 0 4 4 4 4 6 3 1 3 3 5 6 4
7 7 0 3 5 3 3 7 2 0 0 3 7 3 7 7
5 7 7 3 7 5 5 5 5 5 7 2 7 2 6 3
2 0 7 7 0 0 7 6 3 4 2 2 4 2 4 5
3 6 6 3 2 1 0 2 0 0 0 0 0 5 2 6
2 2 6 6 6 2 1 1 3 1 3 3 3 1 1 1
1 7 0 1 0 2 1 1 2 1 1 3 3 7 7 2
2 3 2 1 0 2 3 0 0 2 0 2 6 2 2 2
7 0 3 6 2 3 6 3 3 3 6 3 3 3 7 3
1 3 7 6 5 5 1 6 5 4 7 3 0 3 2 0
6 0 7 1 1 1 1 3 0 0 1 5 5 5 5 7
1 3 7 2 3 7 6 6 2 5 2 7 4 4 7 7
7 5 5 7 7 7 4 0 5 4 3 0 0 7 1 5
79 8 88 4 80 57 68 20 52 52 93 7 69 52 52 15
52 92 76 27 6 68 6 76 29 42 68 6 29 29 42 30
30 45 75 69 16 3 5 16 16 16 66 87 66 3 66 66
3 7 3 3 7 7 7 20 79 45 17 89 89 21 53 20
15 80 16 63 39 63 63 54 44 29 29 6 41 6 41 41
65 41 41 45 67 8 8 8 65 8 93 31 54 31 79 63
31 42 54 54 42 42 54 27 76 33 31 31 33 75 33 65
76 27 27 32 44 43 68 5 81 81 81 81 81 65 75 79
31 31 79 27 27 31 4 56 6 4 76 76 76 4 4 4
43 41 42 43 29 31 43 87 31 43 43 76 76 41 54 75
57 32 44 87 29 57 32 29 29 44 42 57 9 44 44 44
41 68 63 27 57 89 27 45 45 45 27 45 45 89 54 32
87 32 41 79 52 78 87 92 52 51 41 32 16 63 75 68
79 68 80 30 87 30 30 89 81 68 30 78 78 78 78 93
30 6 93 57 19 93 92 92 18 52 75 15 33 33 15 15
54 52 52 15 15 54 7 81 21 7 89 68 81 28 69 21
