0 1 2 3 4 5 6 0 1 1 1 2 3 5 6 0
0 1 2 2 3 3 7 5 6 0 1 1 1 5 7 5
5 5 7 0 6 2 0 0 4 4 1 2 3 1 4 4
0 2 1 1 1 0 7 6 0 2 7 4 3 4 5 5
5 5 2 5 7 5 5 5 5 0 0 6 1 1 4 3
2 2 7 7 2 3 3 7 2 3 7 2 6 2 4 2
1 1 4 0 2 0 1 2 2 4 5 5 2 5 1 1
1 0 0 3 0 4 1 4 5 1 7 5 0 5 0 5
7 5 2 2 5 5 5 5 4 5 6 7 7 4 7 7
0 4 4 5 0 3 4 3 3 4 0 7 0 0 0 0
1 4 4 1 6 1 3 4 3 7 5 1 1 1 1 1
2 0 3 3 2 2 6 2 7 4 2 4 2 7 6 7
1 1 1 6 2 5 6 6 4 4 3 3 5 1 2 2
6 6 4 5 0 0 7 4 7 7 1 3 4 3 1 0
1 2 3 1 5 3 2 7 0 4 7 3 3 2 3 2
6 3 3 7 2 5 5 3 3 7 3 7 0 3 6 7
3 4 5 6 7 8 9 3 4 4 4 5 6 8 9 3
3 4 5 5 6 6 15 8 9 16 17 17 17 8 28 21
78 91 28 29 40 44 29 29 7 7 69 57 6 56 90 90
68 5 30 69 69 68 67 40 42 88 80 20 45 20 52 52
52 8 88 21 15 21 39 39 39 29 29 92 17 17 7 19
31 31 28 15 31 32 32 15 44 32 93 31 9 31 51 18
87 87 51 16 57 16 69 44 57 33 21 21 44 78 30 30
30 81 81 32 81 51 30 33 52 69 93 52 68 65 81 39
80 39 5 5 39 39 39 39 64 65 66 67 67 64 67 67
3 64 64 65 29 45 51 45 45 51 3 28 3 3 3 29
43 51 77 69 27 69 45 51 32 54 78 56 56 56 56 56
57 68 76 76 31 75 27 75 28 20 75 20 75 80 53 80
69 69 69 53 31 78 79 92 77 77 76 76 21 17 44 44
79 27 77 78 81 81 28 77 28 28 30 45 51 32 87 68
30 31 89 87 52 63 31 67 16 20 80 32 32 31 32 5
66 89 63 15 44 52 78 76 89 54 89 54 81 89 27 54
