6 5 2 1 7 2 0 4 5 7 4 1 7 3 3 0
6 5 2 1 2 5 6 5 0 0 7 7 2 0 6 6
0 5 6 3 0 0 1 0 1 1 0 1 0 3 2 2
0 1 1 2 0 2 0 6 3 0 3 2 1 3 7 1
5 1 3 4 0 0 7 7 3 7 0 6 2 4 5 7
2 2 2 5 2 5 5 5 2 7 2 2 2 2 2 4
3 3 4 2 4 0 3 3 1 6 1 3 3 2 7 0
3 0 2 0 0 6 2 0 2 1 6 2 1 3 2 1
6 6 6 6 6 6 7 6 6 3 1 4 6 1 1 3
0 3 6 3 0 3 7 3 3 6 1 6 1 7 7 2
1 1 3 1 7 4 3 2 6 3 7 4 4 3 7 6
2 7 3 6 2 6 6 7 7 3 3 3 0 2 3 3
4 3 1 0 6 3 2 6 4 6 3 3 3 7 3 7
1 6 7 6 6 6 6 6 3 3 6 6 6 6 6 6
6 6 6 6 6 6 6 6 6 6 6 6 6 6 6 6
2 6 6 6 6 3 5 6 6 6 6 6 6 3 6 6
79 8 88 4 80 57 68 20 52 93 7 69 15 6 6 29
92 52 75 43 57 52 66 52 42 68 41 15 31 68 66 66
3 52 66 45 16 3 4 3 4 4 16 4 16 6 5 75
3 4 4 75 16 5 81 79 63 29 63 44 30 32 15 30
78 4 32 33 16 16 54 54 32 41 29 27 31 64 65 54
31 31 31 78 31 78 21 21 44 54 44 44 44 44 44 20
45 45 20 75 20 29 6 6 43 79 43 45 45 44 67 29
6 29 31 42 29 79 44 29 44 43 79 44 43 45 44 43
79 79 79 79 79 92 41 79 79 45 43 33 79 43 43 45
3 45 79 45 29 45 41 45 45 79 43 79 43 41 41 75
43 43 45 87 41 33 45 57 27 45 41 33 33 45 93 27
57 28 63 27 57 27 27 41 28 45 45 45 42 57 45 19
33 45 43 3 27 19 57 92 33 27 19 45 76 41 19 41
69 27 80 27 27 27 27 27 45 63 27 27 27 27 27 27
27 27 27 27 27 27 27 27 27 27 27 27 27 27 27 27
57 27 27 27 27 45 78 27 27 27 27 27 27 89 27 27
