6 5 2 1 7 2 0 4 5 7 4 1 7 3 3 0
6 5 2 1 2 5 6 5 0 0 7 7 2 0 6 6
0 5 6 3 0 0 1 0 1 1 0 1 0 2 0 2
2 1 1 3 4 1 6 7 4 7 0 6 5 6 5 4
4 4 5 5 5 4 5 5 5 4 2 2 7 2 4 0
2 0 7 1 7 6 7 7 4 0 2 0 6 2 4 0
0 0 0 0 0 0 1 4 6 6 4 1 2 2 4 3
2 2 2 4 6 4 5 4 1 5 4 4 6 0 2 0
5 5 3 5 2 2 5 3 5 7 5 4 5 7 7 7
1 0 0 1 7 3 7 4 5 5 5 5 7 2 2 2
1 0 3 5 3 7 7 7 0 7 1 4 1 2 1 5
3 7 3 3 1 2 5 7 7 2 7 7 0 4 6 4
4 4 7 0 6 2 7 7 7 4 3 4 5 4 3 4
1 1 4 3 6 6 6 6 3 6 3 4 1 3 4 1
1 1 3 1 1 5 1 1 5 6 1 7 3 3 3 7
2 7 6 1 4 1 1 0 0 0 3 6 2 3 2 2
79 8 88 4 80 57 68 20 52 93 7 69 15 6 6 29
92 52 75 43 57 52 66 52 42 68 41 15 31 68 66 66
3 52 66 45 16 3 4 3 4 4 16 4 16 5 16 5
88 87 87 6 7 87 92 28 7 41 3 66 65 9 65 77
77 77 21 65 65 77 65 8 8 77 75 75 41 75 51 16
75 42 41 43 67 40 54 54 7 29 44 29 53 31 7 55
55 55 55 55 29 29 69 51 53 53 51 87 88 88 33 32
31 31 31 33 92 20 21 33 87 8 51 51 92 42 44 42
78 78 45 78 44 44 78 45 21 54 78 64 21 93 54 28
30 68 42 30 93 63 93 90 91 91 91 91 15 5 5 5
43 81 19 91 19 67 67 67 81 54 30 20 43 44 43 39
19 28 19 19 56 18 39 80 80 18 80 80 68 90 79 90
90 90 93 3 92 88 28 28 41 64 89 64 21 64 89 33
30 30 33 32 27 27 27 27 45 27 45 20 69 76 20 17
17 69 76 56 56 39 56 56 39 53 69 15 76 76 76 15
57 67 40 17 64 17 17 81 81 81 63 40 57 89 18 57
