0 1 2 3 4 5 6 0 1 1 1 2 3 3 4 4
5 6 6 0 2 1 4 1 0 1 7 1 4 5 0 5
6 3 5 1 0 7 1 6 7 7 0 6 5 7 1 5
6 7 7 4 2 5 5 6 4 6 0 0 4 4 1 4
1 2 0 2 2 1 0 3 7 7 3 2 1 2 4 0
4 7 7 7 5 5 4 4 1 1 6 0 4 2 2 0
6 6 2 2 2 2 5 6 2 6 6 6 5 3 0 7
7 5 7 3 3 4 7 6 0 0 7 4 4 3 4 1
6 6 3 6 2 6 1 2 2 5 5 1 1 6 2 4
0 0 1 0 0 5 3 3 3 2 3 3 3 3 3 3
3 3 2 0 3 2 2 0 5 6 5 1 1 2 4 3
6 1 0 6 5 7 7 5 4 6 1 1 0 7 1 4
1 4 1 6 5 2 4 1 4 7 3 2 1 0 0 3
2 2 3 4 2 2 2 2 2 5 5 5 1 4 4 0
4 4 4 5 5 5 5 3 4 7 7 3 7 7 4 7
6 7 3 3 3 3 7 3 3 4 6 0 0 5 6 0
3 4 5 6 7 8 9 3 4 4 4 5 6 6 7 7
8 9 9 3 5 69 7 43 16 17 15 17 20 21 16 39
40 45 8 4 16 15 17 40 28 28 29 40 8 28 87 8
92 28 28 33 88 21 21 79 90 79 16 29 90 90 69 90
69 5 68 75 75 87 55 19 41 41 19 88 87 88 20 16
20 41 41 41 39 39 77 77 17 17 66 68 20 88 88 42
9 66 31 31 31 31 78 27 57 27 27 27 39 19 42 54
67 78 54 45 45 20 54 27 42 42 54 51 7 45 33 69
66 66 45 66 75 92 30 44 44 78 78 30 30 92 44 77
3 68 30 29 29 21 76 76 76 75 63 76 76 32 63 32
32 32 75 42 6 44 44 29 39 40 78 56 56 5 90 89
92 56 55 53 65 80 80 21 33 92 43 43 3 15 56 51
56 51 30 53 52 31 51 43 51 54 19 18 43 68 68 89
18 57 19 33 18 18 18 57 57 52 52 52 69 77 77 81
64 64 64 65 65 65 65 63 64 67 67 32 67 67 64 93
40 93 63 6 63 89 80 89 89 33 53 81 81 52 79 81
