1 0 3 0 1 0 1 1 2 2 2 0 1 3 2 3
2 1 3 3 2 1 3 2 2 0 3 3 3 0 0 2
2 3 2 3 2 0 0 2 3 3 2 1 3 3 0 0
1 3 2 2 0 3 2 1 0 1 2 3 0 0 2 2
1 3 2 1 0 0 3 3 1 1 0 2 2 1 1 0
1 2 3 1 3 1 1 1 0 1 1 0 3 0 0 0
0 3 2 0 1 1 0 3 2 2 2 2 2 3 3 3
0 2 0 0 0 2 2 2 2 2 2 2 2 2 2 2
1 1 2 0 3 1 0 2 1 3 1 2 2 1 1 2
1 3 3 2 3 0 3 3 0 2 2 2 2 0 1 2
0 0 0 2 1 2 0 1 2 2 3 0 0 3 3 3
2 2 2 3 1 0 2 1 3 3 0 3 2 1 2 0
3 0 0 2 3 0 0 0 0 0 3 2 2 0 3 3
3 0 0 0 0 0 3 3 3 2 3 3 3 2 3 3
3 3 3 3 2 2 2 2 3 2 2 2 2 2 2 3
2 2 3 2 2 1 2 1 2 3 3 3 2 3 3 3
32 28 24 44 16 28 48 48 29 29 29 37 25 49 45 51
13 41 33 33 20 43 42 38 22 37 26 19 35 30 12 13
20 51 36 26 45 14 46 13 19 42 47 18 42 42 14 46
34 19 31 47 44 35 36 27 28 16 36 51 37 37 36 20
48 49 36 16 12 12 51 24 18 18 28 22 22 34 34 28
34 29 26 25 26 25 48 48 44 48 16 39 26 12 44 12
12 26 22 39 27 27 14 33 20 15 45 15 20 51 33 33
46 15 39 30 12 36 45 36 45 45 13 13 22 45 22 22
18 41 45 39 33 34 39 20 34 33 34 15 20 34 34 15
34 33 33 45 26 39 24 35 21 38 38 22 22 37 48 45
39 39 39 20 48 15 28 27 15 38 40 30 30 19 35 19
31 31 31 51 18 46 15 34 51 24 46 51 15 48 15 23
40 21 30 13 19 23 21 21 30 30 51 47 31 39 51 33
51 46 46 46 46 46 49 49 49 22 49 24 49 38 24 33
24 35 24 35 36 45 38 45 33 45 45 36 36 36 36 26
36 36 51 38 22 32 47 32 29 35 17 17 22 49 17 17
