1 0 3 0 1 0 1 1 2 2 2 0 2 1 3 2
3 2 1 1 0 3 1 0 1 0 3 1 0 0 0 1
2 0 2 2 2 2 3 1 2 1 3 3 2 3 2 2
3 2 1 1 0 0 1 0 2 2 3 3 1 1 3 0
1 2 1 1 2 3 3 1 1 0 0 2 2 3 1 3
3 1 0 3 2 1 0 3 0 2 2 1 0 1 2 1
0 1 0 2 0 1 1 1 1 1 3 1 1 0 3 3
3 2 0 2 0 0 3 3 0 3 3 3 3 0 2 3
3 0 0 2 2 2 3 0 3 0 0 0 2 2 2 0
2 0 2 2 0 0 2 0 1 0 0 3 2 3 0 1
3 0 0 3 2 0 0 3 3 0 0 3 0 2 3 1
0 1 2 3 1 3 0 1 3 0 1 3 2 2 2 2
3 0 2 2 2 2 2 2 1 2 1 2 0 3 1 3
2 3 3 3 0 3 3 0 0 0 1 1 1 1 2 1
1 1 3 3 1 3 3 0 3 3 3 3 2 3 3 3
0 0 2 0 2 2 0 1 0 3 0 3 3 0 3 1
32 28 24 44 16 28 48 48 29 29 29 37 29 25 49 45
51 13 41 41 14 33 43 12 32 12 42 34 14 30 39 34
20 30 20 20 36 36 51 18 45 16 42 42 47 42 15 15
35 36 16 16 21 21 25 28 13 13 33 49 43 16 17 12
43 36 43 16 13 26 33 18 18 12 12 22 22 26 48 33
26 41 39 35 22 16 14 35 14 38 38 18 46 27 47 27
44 34 46 47 28 41 48 34 34 18 49 34 34 46 33 49
19 15 30 15 39 39 51 19 39 19 26 33 33 30 47 26
26 39 30 15 38 31 40 30 26 30 30 30 38 31 31 12
31 30 31 31 12 12 31 12 34 30 12 26 38 26 12 50
26 14 12 26 15 21 21 35 35 21 21 26 14 15 35 34
21 18 15 51 18 35 39 34 35 21 34 35 38 36 38 38
51 14 36 13 13 20 13 13 48 22 48 22 23 49 34 35
13 17 51 17 39 17 49 39 39 39 41 16 16 16 36 16
16 16 17 17 16 33 33 39 33 33 17 17 15 33 33 33
46 46 15 21 22 15 37 34 37 40 37 40 40 46 40 34
