1 0 3 0 1 0 1 1 2 2 2 0 2 1 3 2
3 2 1 1 0 0 2 2 1 0 2 2 0 2 0 1
0 0 3 2 1 3 1 1 1 3 2 0 0 0 2 1
1 0 0 3 1 3 0 1 1 1 3 3 1 1 1 2
3 3 1 2 3 0 1 1 2 3 1 3 2 0 0 0
2 0 0 0 0 0 0 1 2 2 3 1 3 2 2 0
0 2 0 1 0 2 2 2 2 2 2 2 3 3 3 3
1 1 3 1 3 1 3 2 0 0 2 0 0 0 1 2
2 0 3 2 3 2 1 2 1 1 0 0 0 0 0 0
3 3 2 1 0 2 1 0 1 1 1 1 1 1 1 1
1 3 3 0 3 3 3 0 1 0 3 2 0 0 2 1
0 3 0 0 1 2 1 1 1 3 0 3 2 1 3 0
0 0 0 0 3 1 1 2 2 2 2 2 0 2 1 2
1 3 2 0 0 2 3 3 3 0 0 3 1 3 0 3
3 1 3 1 3 3 1 3 3 1 0 2 1 0 0 3
3 1 2 2 0 3 3 2 3 3 2 2 2 2 0 3
32 28 24 44 16 28 48 48 29 29 29 37 29 25 49 45
51 13 41 43 12 12 38 38 32 21 36 47 12 47 12 16
14 46 42 15 16 42 18 48 48 42 36 39 39 30 20 34
50 28 28 33 41 26 28 16 25 25 24 49 43 16 25 22
33 33 41 13 26 46 50 34 22 33 27 33 22 23 23 23
20 23 39 46 23 46 23 50 47 47 19 48 35 20 20 12
12 20 12 18 39 15 15 15 15 15 38 38 19 19 19 19
34 34 19 34 26 34 26 31 30 30 31 30 30 30 50 31
38 12 35 36 35 36 50 36 32 50 23 23 23 23 23 23
40 17 36 48 14 36 34 46 34 48 32 48 48 32 34 50
41 33 33 28 17 17 17 39 25 37 33 38 14 39 38 25
37 24 44 46 27 22 27 27 27 24 46 33 45 48 26 14
14 14 14 14 42 27 27 22 36 45 45 47 46 45 50 22
18 49 45 39 39 22 42 42 42 46 46 42 50 42 46 42
26 50 24 27 49 24 48 49 33 48 28 15 50 12 30 26
35 18 20 20 39 49 17 47 49 26 45 20 45 13 28 49
