1 0 3 0 1 0 1 1 2 2 2 0 1 3 2 3
2 1 0 1 2 3 3 2 3 3 1 2 0 1 1 1
1 2 0 1 2 1 1 0 0 2 2 0 0 0 0 0
3 2 3 2 1 1 0 0 0 3 3 3 3 3 3 1
1 1 1 1 0 1 2 2 2 2 2 1 0 1 0 2
2 0 0 2 2 0 0 0 0 0 0 1 0 1 0 1
2 2 2 2 1 2 2 2 2 0 0 2 2 2 2 2
3 0 2 2 3 0 0 0 0 0 2 2 2 2 3 3
0 1 0 0 3 3 3 2 3 3 2 2 3 3 3 3
0 0 3 3 2 3 3 3 3 0 0 2 2 3 0 2
2 0 2 3 1 3 1 0 0 0 0 0 0 0 2 2
2 0 3 2 3 0 3 1 2 2 2 3 3 2 2 2
2 2 0 0 3 3 3 0 0 0 0 3 3 3 0 0
3 3 0 0 0 2 3 0 0 2 3 3 3 3 3 0
0 1 3 3 3 1 3 3 1 2 1 2 0 0 0 0
1 1 2 2 2 2 1 2 2 2 2 1 2 1 2 2
32 28 24 44 16 28 48 48 29 29 29 37 25 49 45 51
45 41 21 25 29 51 51 13 33 42 34 45 30 34 27 41
34 45 30 34 29 34 34 30 30 13 36 12 12 12 12 14
26 13 35 20 34 43 39 39 28 26 26 33 26 33 35 50
16 16 16 16 14 18 38 38 47 47 47 50 39 16 21 47
47 28 39 47 47 12 39 39 28 12 28 41 12 16 28 41
31 31 31 31 48 22 13 13 13 23 23 29 29 31 31 31
33 21 45 45 33 44 14 46 46 30 36 36 45 36 17 17
21 43 21 44 51 19 19 15 26 19 29 15 49 49 40 42
30 30 49 49 13 35 17 17 17 39 39 29 29 26 30 29
29 14 29 42 41 26 41 37 37 37 37 30 30 39 13 15
15 39 26 13 17 46 17 34 13 13 13 35 26 31 31 22
22 22 46 46 42 33 33 46 46 46 37 33 33 33 46 37
33 33 37 39 39 22 24 39 21 13 26 26 17 24 24 30
30 16 24 19 19 43 24 24 43 31 43 15 21 21 21 21
50 16 15 31 31 38 43 38 38 38 31 50 38 50 38 38
