1 0 3 0 1 0 1 1 2 2 2 0 1 3 2 3
2 1 0 1 2 3 2 3 1 2 1 1 0 0 2 3
0 2 2 2 2 2 1 1 2 3 2 3 2 0 1 1
3 1 2 0 0 0 2 2 3 0 3 0 1 3 3 2
2 2 3 1 1 2 0 2 2 0 2 2 0 1 0 2
0 0 0 2 2 1 1 3 1 1 1 1 0 1 1 1
1 0 0 1 1 1 1 3 2 0 0 0 1 3 0 0
2 2 2 2 0 0 0 0 0 0 0 0 2 2 2 0
2 2 1 3 3 0 0 3 3 0 0 0 3 2 3 3
3 3 0 1 2 3 3 3 3 3 3 2 0 0 3 0
3 3 3 2 0 2 1 2 0 3 3 1 3 2 2 1
2 3 1 1 3 3 0 3 3 3 3 2 3 2 2 3
3 3 1 2 3 3 1 3 2 3 1 3 2 0 0 0
2 0 0 0 1 2 3 1 1 2 1 3 1 1 1 1
1 1 3 3 1 3 3 1 0 0 0 0 0 0 1 2
1 1 1 1 2 1 2 1 2 2 1 2 0 3 3 0
32 28 24 44 16 28 48 48 29 29 29 37 25 49 45 51
45 41 21 25 29 51 13 33 34 45 34 16 23 23 38 35
30 38 20 36 20 20 18 18 13 26 13 26 13 46 43 43
26 50 22 30 30 30 38 38 51 30 42 30 43 42 42 45
22 22 42 18 34 15 30 15 31 39 31 31 39 34 39 31
39 39 39 47 47 50 50 35 16 16 16 50 21 16 50 41
16 21 21 18 18 18 34 35 15 46 46 46 18 19 12 12
36 38 38 38 12 12 12 12 21 21 21 12 20 20 20 46
20 31 34 19 19 23 23 40 26 23 23 23 49 15 26 26
51 26 39 34 15 35 51 35 35 17 17 22 37 37 35 37
51 40 19 36 37 47 32 13 37 49 51 32 40 13 47 32
22 40 32 32 49 24 37 19 40 24 40 15 40 31 15 49
19 42 50 13 49 49 50 42 36 42 48 19 31 46 14 14
36 46 14 14 27 22 24 27 48 22 48 24 27 27 48 27
27 27 33 33 48 33 33 43 44 44 44 44 44 44 43 29
41 43 41 43 29 41 29 41 45 45 41 45 14 33 33 14
