1 0 3 0 1 0 1 1 2 2 2 0 1 3 2 3
2 1 0 1 2 3 3 2 3 3 1 2 0 1 1 1
1 2 0 1 2 1 1 0 0 2 2 0 0 0 0 0
3 2 3 2 1 1 0 0 0 3 3 3 3 3 3 1
1 1 1 1 0 1 2 2 2 2 2 1 0 1 0 2
2 0 0 2 2 0 0 0 0 0 0 1 0 1 0 1
2 2 2 2 1 2 2 2 2 0 0 2 2 2 2 2
3 0 2 2 3 0 0 0 0 0 2 2 2 2 3 3
0 1 0 0 1 3 0 3 2 1 3 3 3 3 1 1
3 0 3 2 3 0 0 2 3 2 3 3 2 3 1 1
3 2 3 3 2 2 2 3 0 0 0 0 0 0 0 3
0 3 3 2 3 3 3 0 1 2 1 1 1 3 0 2
3 2 2 2 3 2 1 2 1 1 0 1 3 1 1 3
1 3 3 3 3 1 1 0 0 1 3 3 0 2 2 1
0 2 2 1 1 1 1 2 1 3 1 1 1 3 3 0
3 3 2 2 0 2 2 0 2 2 0 3 1 1 0 3
32 28 24 44 16 28 48 48 29 29 29 37 25 49 45 51
45 41 21 25 29 51 51 13 33 42 34 45 30 34 27 41
34 45 30 34 29 34 34 30 30 13 36 12 12 12 12 14
26 13 35 20 34 43 39 39 28 26 26 33 26 33 35 50
16 16 16 16 14 18 38 38 47 47 47 50 39 16 21 47
47 28 39 47 47 12 39 39 28 12 28 41 12 16 28 41
31 31 31 31 48 22 13 13 13 23 23 29 29 31 31 31
33 21 45 45 33 44 14 46 46 30 36 36 45 36 17 17
21 43 21 21 43 17 21 17 22 43 17 17 49 17 41 32
40 30 42 13 26 39 37 15 49 15 35 42 22 35 25 25
42 22 33 42 22 22 22 35 46 46 46 14 14 46 30 24
46 24 24 20 24 24 24 37 50 20 18 18 18 33 37 38
19 15 15 15 19 15 50 15 27 27 37 18 51 27 50 35
50 51 35 51 51 18 18 37 37 27 26 26 14 38 38 50
14 38 38 27 48 43 27 20 43 49 41 41 43 19 19 23
19 40 20 36 23 20 20 23 36 36 23 40 48 48 23 40
