1 0 3 0 1 0 1 1 2 2 2 0 1 3 2 3
2 1 0 1 2 3 2 3 1 2 1 1 0 0 2 3
0 2 0 1 2 1 1 1 2 2 2 2 1 3 0 3
2 3 0 0 1 1 3 2 3 3 3 0 2 2 2 0
3 2 2 1 2 0 3 0 2 0 2 2 0 2 0 1
1 0 0 1 0 2 1 1 1 1 3 1 1 1 2 3
3 3 3 3 3 0 0 0 3 0 0 0 3 3 3 2
2 2 2 3 0 0 0 3 1 2 2 0 3 2 2 2
1 2 2 2 2 3 3 1 2 3 3 3 3 3 0 3
2 1 3 2 3 0 0 0 3 3 0 0 2 0 3 0
3 0 3 3 2 2 1 2 0 3 3 3 0 3 2 0
2 1 0 3 1 0 0 0 0 3 0 0 3 1 0 0
0 1 1 2 0 1 1 0 0 0 0 2 2 1 3 2
3 1 3 2 1 2 2 3 0 2 0 3 1 1 3 3
1 3 2 3 2 3 2 3 1 1 1 3 3 3 1 1
1 1 1 1 0 1 0 0 0 0 0 0 1 0 0 2
32 28 24 44 16 28 48 48 29 29 29 37 25 49 45 51
45 41 21 25 29 51 13 33 34 45 34 16 23 23 38 35
30 38 30 34 31 34 41 34 15 20 20 45 16 42 14 42
15 35 12 12 48 48 40 20 17 19 51 12 20 36 36 12
33 36 36 16 36 37 33 37 13 44 36 13 14 13 14 18
18 30 30 43 30 15 43 48 34 34 49 27 41 41 38 26
40 40 40 40 40 21 21 21 40 21 21 21 42 42 19 15
15 15 15 42 12 12 12 19 50 31 31 30 26 31 31 31
16 20 20 38 20 26 35 16 38 26 26 35 35 35 39 35
31 16 42 38 26 39 39 39 26 42 39 39 38 39 51 37
49 14 49 49 22 47 18 36 46 49 51 51 14 19 47 23
22 18 14 51 18 46 23 23 14 24 46 23 49 48 30 23
46 50 18 13 46 18 50 37 37 28 37 47 47 27 17 47
19 27 17 22 27 22 22 19 46 22 46 19 27 27 33 33
27 33 22 33 13 24 13 24 43 48 41 24 24 24 43 50
50 50 43 50 44 43 44 44 44 28 44 28 43 28 28 29
