1 0 3 0 1 0 1 1 2 2 2 0 1 3 2 3
2 1 0 1 2 3 2 3 1 2 1 1 0 0 2 3
0 2 2 2 2 2 1 1 2 3 2 3 2 0 1 1
3 1 2 0 0 0 2 2 3 0 3 0 1 3 3 2
2 2 3 1 1 2 0 2 2 0 2 2 0 1 0 2
0 0 0 2 2 1 1 3 1 1 1 1 0 1 1 1
1 0 0 1 1 1 1 3 2 0 0 0 1 3 0 0
2 2 2 2 0 0 0 0 0 0 0 0 2 2 2 0
2 2 1 0 2 0 0 0 1 2 2 2 2 3 1 3
3 2 0 2 2 0 1 1 1 0 0 2 2 3 3 3
3 0 2 3 1 2 0 3 1 2 3 1 2 2 2 0
2 0 1 2 1 1 3 3 2 3 2 2 2 2 2 3
2 2 0 2 2 0 2 2 3 0 3 2 2 2 2 0
0 3 0 2 0 0 0 0 0 0 3 3 0 3 3 3
3 3 3 2 2 0 2 0 2 3 2 2 0 3 3 0
3 3 3 0 0 0 3 1 0 1 0 3 1 0 3 1
32 28 24 44 16 28 48 48 29 29 29 37 25 49 45 51
45 41 21 25 29 51 13 33 34 45 34 16 23 23 38 35
30 38 20 36 20 20 18 18 13 26 13 26 13 46 43 43
26 50 22 30 30 30 38 38 51 30 42 30 43 42 42 45
22 22 42 18 34 15 30 15 31 39 31 31 39 34 39 31
39 39 39 47 47 50 50 35 16 16 16 50 21 16 50 41
16 21 21 18 18 18 34 35 15 46 46 46 18 19 12 12
36 38 38 38 12 12 12 12 21 21 21 12 20 20 20 46
20 31 34 21 20 21 21 21 41 20 20 20 20 17 34 51
35 29 39 29 29 39 41 16 41 23 12 20 22 26 40 35
49 37 45 42 41 31 21 35 16 45 33 16 31 45 47 23
45 28 16 13 18 16 17 42 31 24 13 45 45 31 13 49
13 13 23 13 38 23 13 15 49 28 49 15 15 15 15 12
12 40 12 38 12 12 12 39 23 21 26 26 21 26 26 26
26 51 35 31 38 23 38 39 31 49 15 15 39 35 40 39
35 49 49 37 39 37 17 34 37 34 37 35 34 46 33 34
