1 0 3 0 1 0 1 1 2 2 2 0 1 3 2 3
2 1 0 1 2 3 2 3 1 2 1 1 0 0 2 3
0 2 0 1 2 1 1 1 2 2 2 2 1 3 0 3
2 3 0 0 1 1 3 2 3 3 3 0 2 2 2 0
3 2 2 1 2 0 3 0 2 0 2 2 0 2 0 1
1 0 0 1 0 2 1 1 1 1 3 1 1 1 2 3
3 3 3 3 3 0 0 0 3 0 0 0 3 3 3 2
2 2 2 3 0 0 0 3 1 2 2 0 3 2 2 2
1 2 0 0 0 0 0 0 3 0 3 2 3 0 0 0
2 0 0 0 3 0 0 1 1 0 3 2 2 3 2 3
3 2 3 3 3 3 0 0 0 3 2 2 0 2 3 2
2 0 2 3 1 3 3 3 2 3 3 3 2 2 2 0
0 2 0 2 0 0 2 3 1 1 1 0 2 3 1 3
3 1 0 0 0 3 1 3 0 0 3 0 3 2 0 2
2 2 0 2 0 2 2 0 2 0 0 0 0 2 1 0
3 1 3 1 0 1 3 0 3 3 0 1 3 3 3 3
32 28 24 44 16 28 48 48 29 29 29 37 25 49 45 51
45 41 21 25 29 51 13 33 34 45 34 16 23 23 38 35
30 38 30 34 31 34 41 34 15 20 20 45 16 42 14 42
15 35 12 12 48 48 40 20 17 19 51 12 20 36 36 12
33 36 36 16 36 37 33 37 13 44 36 13 14 13 14 18
18 30 30 43 30 15 43 48 34 34 49 27 41 41 38 26
40 40 40 40 40 21 21 21 40 21 21 21 42 42 19 15
15 15 15 42 12 12 12 19 50 31 31 30 26 31 31 31
16 20 12 21 21 21 21 21 26 12 26 15 49 14 39 12
31 30 12 12 26 39 12 34 34 12 35 20 31 35 20 42
17 38 35 42 26 35 21 37 37 42 20 20 37 20 35 45
45 28 45 51 18 24 17 42 45 24 17 17 45 31 31 23
23 20 23 13 23 23 38 26 25 25 34 14 31 49 34 26
26 50 14 39 39 49 18 49 14 14 49 14 49 15 46 15
15 15 30 31 30 31 15 30 15 30 30 30 14 47 34 46
35 34 35 41 39 41 17 39 33 33 39 16 33 24 33 24
