0 0 0 0 0 0 0 0 0 0
0 0 0 0 0 0 1 1 1 1 
1 1 1 1 1 1 1 1 2 2 
2 2 2 2 2 2 2 2 2 2 
3 3 3 3 3 3 3 3 3 3 
3 3 4 4 4 4 4 4 4 4 
4 4 4 4 5 5 5 5 5 5 
5 5 5 5 5 5 6 6 6 6 
6 6 6 6 6 6 6 6 7 7 
7 7 7 7 7 7 7 7 7 7 
3  3  3  4  4  4  5  5  5   6  
6  6  7  7  8  9 15 15 16 16 
17 17 18 18 19 19 20 21 27 27 
28 28 29 29 30 30 31 31 32 33 
39 39 40 40 41 41 42 42 43 43 
44 45 51 51 52 52 53 53 54 54 
55 55 56 57 63 63 64 64 65 65 
66 66 67 67 68 69 75 75 76 76 
77 77 78 78 79 79 80 81 87 87 
88 88 89 89 90 90 91 91 92 93
