2 0 1 4 2 2 6 1 7 0 1 2 1 5 4 4
4 5 5 4 2 1 2 2 5 4 5 6 4 4 3 0
2 6 2 2 6 1 4 4 5 4 6 6 6 0 0 5
7 1 1 1 1 5 1 4 4 6 1 1 2 3 4 0
3 3 3 3 2 5 4 2 2 5 5 5 0 1 1 0
0 4 0 3 0 0 1 1 1 6 6 3 2 1 0 0
7 0 0 1 5 3 7 6 3 3 7 7 1 0 0 4
6 4 6 6 7 0 5 2 5 5 5 0 1 1 1 4
4 4 7 7 7 7 7 7 0 2 4 2 2 2 4 6
6 5 6 6 7 5 0 5 5 5 0 2 2 6 0 2
2 5 6 2 2 6 7 7 6 4 2 4 0 2 7 5
0 0 1 7 7 7 6 6 5 2 1 1 5 0 0 6
3 3 3 7 5 5 3 3 3 6 3 5 3 7 3 1
1 3 7 3 7 2 7 7 0 3 6 7 2 3 2 6
4 3 5 5 3 0 0 3 3 3 7 5 5 3 0 6
6 6 2 7 4 7 6 0 7 0 6 3 0 7 7 1
58 2 23 18 26 46 52 3 43 54 45 4 45 61 18 50
6 51 19 60 46 35 26 26 61 28 29 42 6 6 27 12
58 10 36 36 52 35 28 50 7 18 10 30 30 54 54 51
63 13 55 55 55 29 55 50 18 10 35 35 14 27 28 22
59 27 47 47 26 51 50 26 26 51 51 51 22 55 35 12
44 28 12 37 44 44 23 23 23 42 10 15 14 45 22 22
43 22 12 23 7 47 53 42 47 47 43 43 23 34 44 50
10 50 10 52 43 12 7 14 7 7 7 34 13 13 13 60
60 60 21 43 63 63 63 63 34 58 18 58 58 58 18 42
62 29 62 62 11 61 34 29 29 29 34 14 4 30 34 4
14 19 30 4 4 30 31 21 30 60 36 60 2 14 21 19
54 12 55 21 21 21 42 42 19 36 13 13 61 44 44 20
27 27 27 31 19 19 5 5 5 20 5 61 37 53 59 45
35 37 53 59 63 36 53 53 54 5 52 53 46 59 36 20
28 37 39 39 5 22 2 59 59 37 31 61 39 47 54 20
20 20 4 31 28 11 52 2 31 2 52 37 2 31 11 45
