2 1 0 7 0 5 7 7 1 0 1 2 1 5 6 3
2 3 4 3 3 0 4 2 4 2 1 3 7 3 7 1
4 3 1 3 7 4 3 3 3 7 7 4 7 3 4 7
7 4 6 6 4 1 2 7 3 2 0 0 5 5 3 7
5 3 7 0 7 5 1 2 7 6 6 5 0 0 3 3
3 6 7 5 5 3 5 6 6 7 0 6 3 3 3 0
2 3 7 5 1 7 4 7 4 2 7 0 2 0 2 2
1 2 7 4 1 2 5 7 0 1 4 0 6 4 4 6
6 1 6 6 6 6 0 0 4 4 0 4 0 4 2 4
0 7 0 0 7 0 3 7 0 6 0 1 5 3 2 2
7 0 5 1 1 2 6 2 1 1 1 4 1 1 1 5
0 5 6 5 6 5 1 1 6 4 4 5 6 5 5 4
2 2 6 2 2 1 2 2 7 1 2 2 7 6 4 2
1 1 6 5 3 5 6 0 1 5 0 5 5 5 0 0
5 0 5 5 3 0 2 5 5 6 6 6 5 6 6 6
6 6 6 3 6 1 2 5 3 0 2 2 2 3 5 5
58 55 22 31 34 29 53 31 3 54 45 4 45 19 30 37
14 37 38 15 47 2 60 46 60 46 45 37 11 37 53 45
18 47 45 47 53 60 47 47 47 43 11 18 11 37 28 31
11 28 20 42 60 35 58 31 27 26 2 34 7 19 37 11
7 27 43 22 43 7 55 58 31 30 30 19 22 22 27 27
27 30 31 51 51 27 19 62 30 21 2 30 59 59 59 22
26 59 21 19 55 21 38 21 18 14 21 22 14 34 14 14
55 58 11 50 3 14 19 43 34 55 18 34 20 38 38 52
52 55 52 52 52 52 12 12 50 50 12 50 12 50 36 50
54 53 54 12 21 54 59 53 12 10 34 23 39 59 36 36
53 54 39 3 35 58 20 58 35 35 35 60 23 35 23 39
54 39 20 51 20 51 23 3 20 60 18 51 10 51 61 18
46 26 10 46 46 45 36 46 43 23 26 26 43 10 28 26
3 23 10 29 5 29 10 44 3 29 44 29 29 39 44 44
61 44 61 61 5 44 4 61 61 62 62 42 39 42 42 42
62 62 62 5 42 13 4 7 15 2 4 4 4 5 7 7
