2 0 1 2 3 4 5 0 1 2 3 4 5 4 5 0
7 7 0 3 1 0 0 5 3 1 3 3 7 3 6 6
2 0 3 1 5 5 3 0 5 7 2 5 2 5 1 5
5 1 3 6 4 6 1 2 7 6 7 0 2 6 2 6
6 3 7 3 7 1 3 4 5 6 5 3 0 2 2 6
0 6 3 4 4 5 4 6 3 4 5 5 3 7 1 1
3 1 2 1 1 3 4 6 1 2 2 5 5 0 1 4
4 4 3 4 1 3 5 5 0 4 2 0 2 1 4 4
7 7 1 1 0 1 7 4 7 5 7 7 1 5 4 6
7 4 2 3 7 2 3 3 3 4 1 4 2 5 6 2
7 0 1 1 4 3 1 7 2 7 2 0 5 0 4 5
4 5 1 1 0 5 1 0 2 5 7 7 7 6 6 6
6 0 5 7 3 3 4 3 5 4 3 3 1 1 1 5
3 5 4 0 6 0 0 0 4 6 6 7 7 6 6 6
6 6 2 4 7 2 4 3 4 7 6 0 2 7 4 7
0 2 3 7 7 2 7 2 0 0 7 5 0 0 1 4
58 2 3 4 5 6 7 2 3 4 5 6 7 6 7 2
53 21 22 59 3 2 2 7 5 3 5 5 31 47 52 52
36 12 27 3 7 29 47 34 29 43 58 29 58 39 23 51
61 3 37 30 60 30 13 46 11 10 11 34 14 62 46 30
30 27 43 15 21 35 27 50 39 42 61 47 22 58 58 30
44 30 5 60 18 19 60 62 59 18 19 19 37 31 45 45
37 45 4 23 55 37 50 42 45 26 36 19 19 34 45 50
50 50 37 50 35 37 19 51 34 60 26 34 4 45 60 60
53 53 13 13 34 13 31 6 31 51 31 53 35 51 38 42
31 38 46 47 21 4 47 47 59 28 35 6 4 7 42 36
53 54 35 35 28 59 55 21 36 53 36 44 29 44 28 39
38 39 55 13 2 51 13 44 46 39 63 63 21 62 62 62
62 22 61 21 15 59 18 59 29 38 15 27 55 55 55 39
27 29 18 22 42 54 54 54 18 20 52 63 63 52 52 20
52 20 14 28 11 58 28 27 28 11 10 22 46 43 18 43
22 46 15 11 11 14 43 14 54 54 43 61 44 44 23 6
