2 0 1 4 2 4 5 4 7 0 6 2 2 6 6 5
3 5 5 6 2 5 2 3 3 1 4 4 0 2 3 4
3 1 2 7 7 4 6 0 5 7 5 5 2 1 6 5
5 6 5 6 3 0 6 6 5 5 4 4 6 5 0 0
0 2 7 4 7 0 1 2 2 2 6 6 0 0 1 4
4 4 1 5 5 4 6 6 6 4 0 2 4 4 3 0
7 3 0 1 1 5 1 0 3 5 7 5 5 1 5 7
7 2 1 4 1 0 5 1 1 7 7 1 7 1 7 7
5 7 2 0 0 7 7 1 4 1 4 1 2 3 4 0
2 5 1 0 1 1 1 0 4 0 0 6 6 0 4 0
0 0 4 1 4 0 4 4 0 0 1 3 1 6 1 6
0 7 6 6 0 6 6 1 3 6 1 6 7 3 6 7
3 6 6 6 3 3 3 4 4 3 3 6 1 3 4 1
5 5 4 6 5 1 6 6 6 2 2 7 6 2 5 7
4 5 2 0 3 7 0 5 7 7 7 7 2 3 1 5
5 2 2 2 2 7 7 7 3 3 5 5 7 7 7 1
58 2 23 18 26 60 19 18 53 54 20 4 26 52 52 29
59 51 39 30 26 19 26 27 37 35 60 6 12 46 27 28
59 23 26 43 43 28 30 34 7 43 19 19 58 35 30 51
29 30 29 42 59 34 30 30 19 51 60 60 20 19 22 22
12 26 63 60 21 12 55 58 58 36 20 20 22 22 35 50
50 28 55 51 51 50 52 62 52 50 2 58 60 18 59 22
11 59 2 23 35 61 35 2 59 61 53 29 29 23 51 53
53 58 23 50 3 12 7 55 55 63 63 23 63 45 53 63
61 53 4 2 22 11 63 3 18 3 18 45 4 47 38 12
36 29 45 12 13 13 45 44 18 44 44 62 62 44 38 44
44 34 38 3 38 34 38 38 34 34 45 47 45 62 35 52
54 43 10 42 54 42 42 3 37 62 55 52 43 37 62 43
47 42 10 10 37 37 37 50 28 47 47 10 55 47 28 13
39 39 28 42 39 3 20 10 20 4 4 31 10 4 7 31
6 7 14 54 5 31 2 7 21 31 31 31 46 5 13 7
61 46 46 46 46 11 21 21 5 5 61 61 21 21 11 13
