2 2 0 6 3 0 0 5 3 1 4 2 1 6 2 2
2 5 5 2 1 5 0 5 0 0 6 1 0 1 2 0
5 0 0 3 6 1 3 4 0 7 2 4 6 4 3 3
4 3 3 6 7 0 3 2 3 6 3 1 7 5 5 5
3 4 3 4 6 6 4 1 1 1 1 1 1 6 4 0
0 1 1 6 1 0 0 0 0 6 0 1 4 7 6 7
1 6 6 1 7 6 7 5 5 5 5 1 3 6 1 3
1 6 6 6 1 6 5 5 6 6 7 6 6 6 1 6
1 5 6 5 5 7 2 7 7 7 4 1 2 0 6 5
7 7 7 5 7 7 0 7 4 7 2 0 3 3 7 4
3 0 3 4 4 3 6 5 1 3 5 5 5 2 4 2
4 5 0 4 5 4 4 7 1 5 0 4 4 7 3 1
4 1 4 1 1 3 2 2 2 2 2 2 3 3 0 2
2 1 3 7 7 7 6 0 7 6 0 7 7 7 7 7
7 6 2 7 7 0 0 5 1 0 2 0 3 2 4 2
4 4 7 4 4 4 5 2 2 2 2 4 0 2 2 5
58 26 22 42 37 54 12 29 47 13 50 4 13 52 58 58
14 51 29 58 55 51 12 51 22 12 52 13 12 35 58 12
51 12 22 47 52 35 47 28 22 43 58 50 52 60 47 27
60 27 27 62 53 22 47 46 27 30 27 35 53 19 19 19
27 50 47 50 30 62 50 3 3 3 3 3 3 10 50 54
44 23 55 10 23 54 54 54 54 52 2 35 60 53 52 53
55 10 10 23 53 10 53 7 7 7 7 13 37 62 45 5
55 30 30 62 35 20 19 51 30 30 63 20 20 20 55 20
55 61 20 61 51 11 26 43 21 21 18 45 26 22 10 19
43 43 21 19 21 21 34 31 18 43 26 34 37 37 21 60
37 34 59 60 60 59 62 61 35 59 61 61 29 26 28 26
28 29 34 28 29 28 28 43 45 29 34 18 18 31 59 45
18 45 18 45 23 59 36 4 4 4 4 4 59 15 34 14
14 23 15 11 31 11 62 44 11 42 44 31 63 63 31 31
63 42 14 63 11 44 2 7 23 44 14 44 37 14 38 36
38 38 11 38 38 38 7 36 36 36 36 6 2 46 46 61
