2 1 2 4 4 5 1 7 3 6 7 5 7 6 6 4
2 3 4 4 3 6 3 4 1 2 6 2 5 5 1 1
4 6 2 6 6 6 7 7 6 7 7 2 7 4 4 6
0 7 5 7 6 1 7 7 7 6 3 6 0 3 3 1
1 0 0 0 5 5 1 4 7 5 5 1 1 7 0 7
0 4 6 1 2 6 4 3 0 3 0 3 3 4 3 2
4 7 4 1 3 3 3 3 4 3 5 3 5 5 5 3
3 3 3 6 6 3 7 2 2 7 5 1 3 3 5 0
5 5 6 6 7 3 7 7 0 7 1 6 6 5 0 6
2 2 2 2 7 0 0 7 0 0 0 0 2 2 6 6
6 6 0 0 1 0 6 6 6 0 7 7 5 6 1 4
6 1 4 4 6 4 1 1 1 0 5 1 5 1 1 0
2 5 4 1 1 2 2 4 4 4 7 0 5 5 4 5
5 4 1 3 3 3 4 1 1 1 2 2 2 7 2 7
2 2 2 2 4 4 4 3 7 7 6 0 3 3 2 2
3 2 2 4 0 0 0 5 6 6 3 1 2 3 5 2
58 3 4 6 60 7 13 11 15 62 63 51 31 42 42 50
4 47 50 18 47 42 47 50 3 58 42 46 7 39 45 45
60 42 14 10 62 62 11 11 62 43 11 46 11 18 18 42
22 53 29 43 10 45 53 63 11 10 5 10 44 27 5 45
45 44 22 22 19 19 55 38 31 19 19 23 23 31 44 43
44 28 20 35 4 20 28 15 12 59 12 15 15 18 59 58
18 21 18 23 27 27 27 27 60 27 61 59 19 61 61 59
59 15 15 52 52 37 21 26 26 63 29 35 5 5 29 12
51 51 30 30 43 37 21 43 34 21 45 30 30 19 22 30
46 46 46 46 21 34 34 31 34 22 22 34 26 26 52 52
52 52 54 54 35 54 62 20 30 34 31 31 29 20 35 38
20 35 38 38 20 38 23 3 35 2 29 23 29 55 55 12
4 39 60 55 55 4 4 50 50 38 43 44 39 39 50 39
39 60 55 47 47 37 60 13 13 13 26 26 14 53 36 53
14 14 14 14 28 28 28 59 53 53 10 54 37 47 36 36
37 36 36 28 44 54 54 7 62 10 5 13 36 37 7 58
