2 1 0 0 5 0 7 6 1 0 1 2 7 7 1 0
7 5 2 2 2 6 0 4 5 1 1 6 6 1 2 4
0 4 0 6 7 4 1 1 0 4 4 4 6 4 6 5
1 4 0 6 6 1 6 6 6 6 6 0 7 4 4 4
7 6 7 6 2 5 1 3 7 7 3 7 7 6 7 6
4 5 0 5 6 2 0 6 0 1 5 5 4 5 2 0
5 1 0 1 5 5 7 1 4 1 7 7 1 0 7 7
1 1 1 1 1 5 5 5 0 5 5 5 5 4 4 5
5 2 1 3 3 4 4 0 3 4 1 1 2 2 2 0
2 7 7 7 0 2 3 7 7 7 2 3 6 3 3 3
3 3 3 3 3 3 3 2 2 2 4 5 2 2 4 4
4 6 0 6 6 4 4 1 5 5 4 0 5 4 5 3
0 4 3 0 3 7 7 4 5 1 5 5 5 5 5 2
2 5 0 2 1 1 4 0 4 4 4 1 1 5 1 3
4 3 3 4 3 3 0 6 6 3 6 3 0 7 0 7
0 7 0 3 7 3 1 3 3 0 3 5 2 1 0 2
58 55 22 34 19 54 53 30 35 54 45 4 63 53 55 34
21 19 58 58 58 42 54 50 61 3 3 20 20 23 58 50
54 50 22 10 53 18 55 55 54 18 18 18 52 18 52 51
45 28 2 52 52 3 30 30 20 20 20 54 53 50 50 50
53 52 53 20 4 51 45 47 63 63 5 63 63 52 63 62
60 51 12 51 62 58 12 62 12 23 7 7 60 7 36 22
7 45 12 23 7 7 21 23 18 23 21 21 23 12 21 21
35 35 35 35 35 61 19 51 22 61 61 61 61 38 60 19
51 36 13 37 37 60 60 22 59 60 45 45 26 26 36 12
36 31 31 31 22 4 59 31 31 31 26 5 62 37 27 47
47 47 47 47 27 59 27 4 36 36 28 39 4 4 28 38
38 30 34 30 30 38 38 3 19 19 28 34 39 28 39 37
34 38 37 34 37 43 43 28 29 13 39 29 29 29 29 14
14 39 44 14 3 3 6 44 6 6 6 13 13 39 13 59
6 27 59 6 5 59 2 62 62 27 10 27 2 43 44 43
44 43 44 5 43 5 55 5 15 2 15 29 14 55 44 14
