0 1 1 0 1 2 1 0 2 2
0 2 3 0 1 2 2 0 3 2
1 0 3 0 1 2 3 1 3 2
1 2 2 0 1 2 1 1 1 1
1 3 2 3 1 0 1 1 1 0
1 0 2 1 2 3 1 0 2 0
3 0 0 1 1 2 2 2 2 3
3 1 3 2 1 0 2 1 1 2
1 0 1 2 2 3 3 2 0 3
2 1 2 1 3 3 0 0 1 0
48 29 37 40 45 18 21 12 26 34
44 34 47 20 13 26 18 24 39 14
17 16 27 44 21 50 51 13 23 50
45 50 38 16 13 38 33 45 13 29
13 15 46 27 49 16 25 45 45 48
13 36 50 41 38 35 25 40 50 12
51 32 36 41 49 18 50 30 26 35
15 29 35 22 21 36 22 37 25 46
41 40 17 34 42 19 47 30 32 47
34 49 30 21 43 35 36 44 41 28
