0 1 1 3 0 1 1 0 3 1 1 0 3 1 1 2
3 0 0 0 0 0 0 1 3 3 1 2 1 1 0 1
3 3 2 1 3 0 3 2 3 0 0 2 1 3 3 1
2 2 2 2 0 3 0 2 3 0 3 2 2 0 0 3
1 2 3 3 2 1 3 0 1 0 2 1 1 2 0 0
2 0 2 3 3 1 1 2 0 1 2 3 0 3 0 1
3 1 1 0 2 1 0 0 2 2 0 0 1 2 0 3
3 0 0 3 2 1 3 2 3 1 2 0 1 1 2 3
3 1 3 3 2 0 2 1 1 0 0 3 0 1 1 3
3 1 3 2 2 1 3 2 3 2 1 3 2 2 2 2
1 3 1 1 1 3 0 2 2 1 3 1 3 3 2 0
0 0 1 0 3 1 3 3 0 2 2 1 2 1 1 1
3 2 0 0 1 3 2 3 2 0 1 2 0 0 2 2
2 3 3 0 1 2 3 0 0 1 3 1 1 2 0 2
3 3 0 1 2 2 2 2 2 2 0 1 2 3 0 3
3 0 2 0 0 1 0 1 2 2 2 2 1 0 3 0
32 17 45 47 40 49 17 32 47 21 21 36 43 29 17 22
27 32 40 44 16 32 20 13 43 43 17 14 37 45 16 21
19 43 22 25 31 24 43 46 47 32 48 46 37 19 19 21
50 18 34 34 44 43 36 30 39 44 35 50 26 40 24 51
45 46 39 31 46 25 43 24 17 36 22 17 29 46 48 20
22 44 50 35 27 21 45 50 40 33 14 23 28 47 16 33
39 25 29 36 34 41 48 24 46 42 24 44 13 18 28 19
27 32 36 39 50 45 27 18 23 13 22 16 29 21 46 27
47 21 51 23 30 12 34 45 25 28 24 27 16 17 25 31
19 29 23 46 30 17 15 38 43 14 33 51 26 26 50 26
25 39 13 41 45 35 36 42 34 33 39 21 51 15 50 12
36 24 41 44 15 33 47 23 16 26 34 17 46 33 17 37
39 22 28 12 45 47 34 47 50 32 21 50 20 40 38 18
42 19 19 40 33 30 43 36 32 41 19 33 49 34 48 34
39 43 12 29 30 46 34 30 26 50 36 45 42 43 36 43
43 16 42 48 24 13 20 25 46 42 50 46 33 32 19 36
