3 0 0 2 2 1 2 0 0 3
3 1 2 1 1 2 0 3 2 1
1 3 2 2 1 1 2 2 3 0
1 1 0 3 2 3 1 2 1 3
0 1 3 3 0 0 0 2 1 1
3 3 3 3 1 3 3 3 3 2
2 2 0 3 0 3 0 3 1 0
1 1 3 3 3 2 2 1 2 1
1 3 2 2 3 1 1 3 0 0
3 3 0 3 0 1 2 1 0 1
3 2 3 1 3 2 2 1 1 2
2 3 2 2 1 3 1 2 0 2
3 3 3 3 3 0 3 0 2 1
3 3 3 2 3 0 1 3 1 2
3 3 3 1 2 3 0 3 3 2
2 3 3 0 2 0 3 2 3 0
1 2 1 1 0 2 0 0 3 3
2 1 0 2 0 2 2 3 1 0
0 3 1 3 0 3 3 1 0 3
3 3 2 3 2 2 3 2 3 3
2 2 3 0 1 0 1 1 3 1
3 1 1 3 0 1 0 0 0 0
1 3 3 2 2 1 0 1 3 3
3 0 1 0 0 2 1 0 0 3
1 3 1 2 3 3 2 0 2 3
1 1 2 1 3 1 0 1 1 1
3 2 3 3 1 0 0 2 0 0
3 1 2 1 1 2 1 2 0 0
0 2 0 2 3 1 0 0 0 2
2 3 3 0 0 3 2 0 3 3
3 3 0 0 2 2 3 3 0 1
2 0 0 0 1 2 2 1 2 3
1 0 3 0 0 3 2 0 1 0
1 2 0 1 3 3 3 3 2 1
3 0 2 2 3 0 0 0 1 2
2 1 0 1 3 1 0 3 0 2
1 3 0 2 1 2 0 2 2 0
1 1 0 1 3 3 1 1 2 1
0 3 3 2 2 2 2 0 3 3
2 0 0 2 3 3 1 0 3 0
3 0 1 0 2 1 3 1 1 2
2 1 1 1 1 0 0 1 3 1
0 3 3 0 1 2 1 1 3 1
1 2 0 0 0 0 0 0 2 2
3 1 1 1 3 2 1 2 0 3
1 3 1 0 1 2 3 1 1 1
0 1 2 0 3 1 2 2 0 3
2 0 0 3 1 1 2 3 2 0
1 2 3 1 3 1 1 2 3 2
3 2 3 3 0 0 1 1 3 1
0 1 3 3 1 2 3 3 1 3
1 1 1 1 2 2 2 0 3 1
0 1 0 3 3 1 3 2 2 2
1 1 2 0 0 0 3 3 3 3
1 1 1 2 0 0 0 0 2 3
3 1 2 3 2 2 3 1 1 3
2 3 1 2 3 1 0 2 1 0
0 2 1 0 1 0 3 0 3 1
0 0 2 3 0 0 2 1 2 0
1 3 2 0 3 2 0 2 2 2
1 0 0 3 3 1 2 0 3 1
0 1 1 1 0 1 2 0 1 3
0 3 0 1 0 3 1 1 2 2
0 3 3 2 2 2 2 1 0 3
3 1 1 0 1 3 3 3 3 1
2 0 0 1 0 2 2 3 2 2
0 0 3 3 0 3 3 0 1 0
2 0 0 3 2 2 2 2 3 1
0 0 1 0 0 2 0 2 2 3
0 2 1 2 1 2 0 3 1 1
0 2 3 3 3 3 3 1 3 1
1 1 1 3 2 1 2 3 3 0
1 2 0 2 1 2 2 2 3 2
3 3 0 1 2 2 1 1 3 0
0 2 3 3 2 1 3 3 0 0
2 2 0 0 0 1 1 3 3 3
2 1 3 1 1 0 2 0 3 3
0 0 1 1 1 3 0 3 3 3
0 3 1 0 2 1 3 0 2 0
1 1 2 0 3 3 1 0 2 0
2 2 1 0 1 1 2 3 2 3
1 3 3 2 2 2 0 3 2 0
3 2 2 0 2 3 2 3 0 0
2 0 0 3 0 3 3 2 3 1
1 0 2 1 0 0 3 1 3 2
2 2 1 1 2 1 0 0 2 3
0 3 2 1 2 1 0 3 0 1
1 2 1 0 1 3 3 3 1 0
1 1 1 2 3 2 3 2 0 1
1 0 1 1 2 3 1 1 1 0
0 1 0 1 2 0 2 1 0 2
1 3 2 3 1 2 3 0 3 1
2 3 0 2 1 3 0 1 1 3
1 0 0 0 2 0 1 0 2 2
0 1 0 3 3 3 1 1 0 3
1 0 0 1 3 1 0 1 0 3
0 3 3 0 1 1 3 2 2 3
1 3 3 0 1 1 3 3 0 1
2 1 2 2 0 0 3 1 1 1
0 0 2 3 1 1 0 3 2 2
35 28 16 30 38 41 34 24 44 47
19 25 50 41 45 46 36 39 34 17
37 31 46 42 13 45 46 46 27 44
41 29 16 35 30 27 21 46 33 43
20 37 39 43 28 32 40 22 49 37
35 31 51 19 25 51 19 39 27 50
18 18 32 39 44 27 40 51 21 12
17 29 19 31 35 42 46 33 38 29
21 19 50 18 43 49 37 39 40 28
31 43 36 51 32 21 50 33 32 45
51 22 51 13 51 14 42 33 17 14
34 27 34 50 37 35 29 30 48 18
35 43 23 43 31 20 51 16 18 21
27 43 15 42 27 12 25 27 37 14
39 23 15 29 34 47 16 51 39 22
30 39 39 16 46 12 51 22 15 16
29 26 37 45 36 34 40 20 19 39
34 41 48 30 20 22 30 39 41 44
48 23 45 19 44 51 35 45 48 51
15 39 18 23 26 42 39 26 47 51
38 38 27 12 41 40 49 25 35 17
43 49 25 23 20 41 36 12 40 36
45 51 51 26 26 13 16 17 47 19
23 44 25 28 12 26 33 36 44 15
25 23 29 38 15 23 46 24 14 15
49 33 22 21 39 21 48 33 37 49
15 30 31 43 17 32 20 22 28 40
39 33 30 41 29 34 13 18 48 24
44 18 40 22 39 17 32 36 40 42
30 27 27 44 16 31 18 12 43 43
27 47 28 24 14 14 35 47 32 21
42 44 12 44 13 18 18 29 14 35
45 36 15 28 36 43 46 12 13 24
25 46 12 37 35 51 47 43 50 29
19 36 42 50 31 28 28 16 41 46
26 41 16 37 51 33 28 47 36 14
41 15 44 30 13 46 40 42 22 44
13 41 44 33 39 15 49 25 34 25
12 23 27 22 38 34 14 28 35 51
26 32 48 22 35 51 17 12 27 32
43 44 13 16 50 21 43 29 49 34
46 29 17 25 33 44 16 41 27 45
48 23 19 44 45 42 17 13 43 25
25 30 12 12 16 28 16 44 30 26
35 25 37 41 23 30 17 50 24 31
17 27 21 40 37 50 39 13 45 49
24 13 46 32 19 29 26 14 20 35
46 12 16 35 13 37 34 39 14 36
17 46 23 41 23 25 49 42 47 22
47 30 43 19 12 12 17 37 15 37
36 25 43 27 25 42 51 51 13 19
17 21 13 29 18 22 42 44 15 13
32 25 44 27 31 21 19 34 26 42
45 29 50 28 24 32 15 51 39 15
29 13 25 18 24 16 16 36 26 35
27 41 22 19 14 30 39 17 45 23
22 19 25 14 23 45 16 46 13 12
36 46 29 12 17 24 51 24 31 17
44 12 14 51 32 32 38 49 46 28
49 15 18 24 51 50 36 34 38 50
21 36 40 39 27 13 42 44 23 37
32 45 21 37 40 41 42 36 45 15
36 39 32 25 40 15 33 25 30 18
36 19 39 38 42 42 30 29 28 31
35 25 37 48 13 43 19 47 15 33
38 32 40 25 28 38 42 15 22 14
28 40 15 39 48 31 43 40 25 48
42 48 28 51 26 22 42 42 35 13
20 40 13 24 40 26 32 46 26 39
36 42 45 30 25 46 32 27 17 41
12 38 39 39 27 23 19 37 27 37
45 49 49 39 50 33 38 15 27 40
49 30 48 18 29 26 34 14 35 14
47 35 16 49 50 14 45 41 47 16
32 42 39 27 50 45 43 47 36 44
38 46 12 12 44 45 13 15 27 39
18 45 35 33 41 24 50 44 43 31
20 12 17 25 25 47 28 47 39 47
24 47 45 12 42 29 31 40 22 32
41 49 14 12 51 39 49 32 42 40
30 22 33 32 25 45 46 23 30 19
17 19 47 38 38 14 24 19 26 44
27 34 22 36 42 47 38 39 28 48
14 32 32 35 20 27 43 38 23 37
13 48 34 33 36 32 51 41 15 46
38 50 33 45 42 25 32 16 34 47
36 31 50 41 34 49 32 35 24 13
33 34 49 44 33 19 31 47 25 20
41 13 13 26 51 34 15 14 44 33
25 48 29 45 38 43 17 29 17 36
12 45 20 17 46 24 18 33 32 50
37 27 26 27 17 30 43 20 43 29
26 43 48 22 33 39 16 17 21 35
37 32 12 48 26 44 49 20 50 18
40 13 32 35 23 47 13 29 12 39
45 12 24 33 15 13 20 41 32 51
48 23 19 44 13 33 51 14 14 43
41 19 23 28 45 21 47 31 28 37
46 25 34 14 40 40 39 13 17 21
12 32 26 51 13 49 12 27 18 18
