2 0 3 1 1 2 2 1 0 1
1 0 2 2 2 0 2 1 1 2
1 3 0 0 0 1 2 0 1 0
2 0 2 2 2 2 0 0 2 1
0 3 2 0 2 1 0 1 3 1
0 0 1 0 1 3 1 2 3 2
3 2 0 2 0 2 3 2 0 1
0 1 1 0 1 2 3 3 0 3
2 2 1 2 0 1 3 1 0 0
0 3 2 0 1 3 0 1 3 2
22 24 35 17 13 34 14 17 20 37
45 36 30 34 34 48 38 21 17 30
13 43 12 40 12 37 14 28 25 32
14 40 50 42 42 22 28 28 18 49
24 51 42 40 14 21 28 33 27 41
20 24 41 36 45 31 45 46 39 18
23 50 48 14 44 18 23 18 28 17
24 29 25 20 25 22 43 19 44 43
38 46 33 42 32 17 27 45 48 24
12 35 18 20 21 27 36 41 47 50
