3 2 0 2 2 1 1 0 2 0 3 3 3 2 1 1
3 2 1 0 1 2 0 2 3 0 2 1 3 1 3 0
2 0 1 2 3 1 0 0 1 0 3 2 1 2 0 3
3 1 3 0 0 0 2 1 3 3 2 2 0 3 0 2
0 2 1 0 0 2 0 3 2 2 0 3 3 2 3 1
1 0 3 1 2 1 3 3 2 0 3 0 0 1 3 3
1 0 3 3 3 1 3 2 1 1 2 3 3 2 1 3
3 2 1 3 2 3 2 3 0 2 3 2 2 3 1 3
0 3 0 2 1 3 0 0 2 3 3 0 3 0 2 0
3 0 3 0 1 1 3 2 3 2 1 1 3 3 2 3
1 2 3 0 3 3 3 3 2 1 2 0 0 1 0 3
0 3 0 0 0 0 2 1 0 0 3 0 1 1 1 2
0 0 1 1 0 3 2 3 3 2 2 1 2 1 1 0
0 2 1 3 2 1 1 1 2 1 1 2 2 0 1 3
0 3 0 1 3 3 0 0 2 3 1 2 2 0 2 1
2 0 3 0 1 0 1 3 0 3 2 2 0 1 0 2
15 22 24 50 18 25 13 12 46 28 47 51 23 22 25 25
43 50 37 28 37 34 24 14 31 44 46 49 23 21 19 32
38 20 13 26 39 13 28 40 41 24 31 18 21 30 44 15
39 33 51 20 16 28 34 21 43 23 26 38 28 23 48 50
24 22 13 48 20 30 36 35 22 30 12 35 35 46 39 13
37 20 23 17 22 41 43 43 46 32 19 40 44 29 31 39
37 48 43 35 19 21 43 46 29 17 34 27 47 22 33 19
35 26 21 47 30 27 18 23 32 38 15 34 50 47 41 27
16 39 32 34 49 27 24 28 30 47 35 12 31 32 30 44
23 48 23 44 45 33 35 22 23 46 45 13 35 35 50 51
49 42 27 20 35 51 15 27 22 29 22 28 40 37 20 23
24 43 44 12 44 28 38 17 12 20 23 20 17 21 37 46
36 28 37 25 36 47 26 35 47 14 18 13 18 25 13 12
20 30 49 35 38 17 45 49 34 25 21 26 34 28 37 19
24 19 32 49 15 51 24 36 30 39 29 18 22 32 22 29
50 44 31 44 13 16 17 15 20 51 34 34 48 33 16 22
