2 0 0 0 1 2 1 3 1 0
2 2 3 1 3 1 3 0 1 1
3 0 0 2 2 0 3 0 3 2
0 2 3 0 3 2 2 2 2 3
3 3 1 0 0 2 0 3 2 1
0 3 1 1 0 0 3 1 3 2
2 1 1 0 0 0 0 2 3 1
0 1 0 2 2 1 2 1 0 0
1 1 1 1 1 1 0 0 2 0
0 0 2 1 1 3 1 0 3 1
22 20 24 40 41 22 25 27 33 16
14 26 39 37 19 29 31 12 45 41
19 24 20 46 14 12 39 40 31 50
12 18 43 20 23 22 22 22 18 43
43 31 21 36 24 38 24 19 30 29
28 51 45 41 16 44 27 29 35 42
38 17 41 12 44 28 44 14 31 29
48 49 44 14 34 49 34 37 36 36
37 13 21 37 33 29 36 48 50 20
28 20 42 21 49 23 25 32 35 21
