0 0 0 0 0 0 0 0 0 0 0 0 0 0 0 0
0 0 0 0 0 0 0 0 0 0 0 0 0 0 0 0
0 0 0 0 0 0 0 0 0 0 0 0 0 0 0 0
0 0 0 0 0 0 0 0 0 0 0 0 0 0 0 0
1 1 1 1 1 1 1 1 1 1 1 1 1 1 1 1
1 1 1 1 1 1 1 1 1 1 1 1 1 1 1 1
1 1 1 1 1 1 1 1 1 1 1 1 1 1 1 1
1 1 1 1 1 1 1 1 1 1 1 1 1 1 1 1
2 2 2 2 2 2 2 2 2 2 2 2 2 2 2 2
2 2 2 2 2 2 2 2 2 2 2 2 2 2 2 2
2 2 2 2 2 2 2 2 2 2 2 2 2 2 2 2
2 2 2 2 2 2 2 2 2 2 2 2 2 2 2 2
3 3 3 3 3 3 3 3 3 3 3 3 3 3 3 3
3 3 3 3 3 3 3 3 3 3 3 3 3 3 3 3
3 3 3 3 3 3 3 3 3 3 3 3 3 3 3 3
3 3 3 3 3 3 3 3 3 3 3 3 3 3 3 3
12 16 20 24 28 32 36 40 44 48 12 16 20 24 28 32
36 40 44 48 12 16 20 24 28 32 36 40 44 48 12 16
20 24 28 32 36 40 44 48 12 16 20 24 28 32 36 40
44 48 12 16 20 24 28 32 36 40 44 48 12 16 20 24
13 17 21 25 29 33 37 41 45 49 13 17 21 25 29 33
37 41 45 49 13 17 21 25 29 33 37 41 45 49 13 17
21 25 29 33 37 41 45 49 13 17 21 25 29 33 37 41
45 49 13 17 21 25 29 33 37 41 45 49 13 17 21 25
14 18 22 26 30 34 38 42 46 50 14 18 22 26 30 34
38 42 46 50 14 18 22 26 30 34 38 42 46 50 14 18
22 26 30 34 38 42 46 50 14 18 22 26 30 34 38 42
46 50 14 18 22 26 30 34 38 42 46 50 14 18 22 26
15 19 23 27 31 35 39 43 47 51 15 19 23 27 31 35
39 43 47 51 15 19 23 27 31 35 39 43 47 51 15 19
23 27 31 35 39 43 47 51 15 19 23 27 31 35 39 43
47 51 15 19 23 27 31 35 39 43 47 51 15 19 23 27
