0 0 1 1 2 2 2 1 3 0
1 3 2 2 2 1 2 3 1 0
2 1 0 1 3 2 3 3 0 3
3 1 3 1 1 2 0 2 0 1
1 0 3 0 2 0 0 1 0 3
1 2 3 3 0 2 1 0 2 1
2 1 1 2 0 3 1 0 3 3
0 2 1 0 2 3 0 0 0 0
1 3 3 1 0 3 2 0 0 1
3 2 2 3 0 3 2 2 1 1
2 2 0 0 0 3 3 0 3 3
0 0 0 2 2 1 1 1 3 2
3 2 3 2 0 2 1 1 0 1
0 0 2 2 3 2 3 1 1 2
2 2 2 0 2 1 0 3 3 3
0 2 1 2 2 1 3 3 0 0
3 2 2 1 1 0 2 0 1 2
0 1 3 1 3 2 2 1 1 1
1 3 3 0 0 3 0 1 2 3
2 1 3 3 3 3 2 1 1 1
3 1 1 3 1 2 3 1 2 3
2 1 0 2 2 0 0 2 1 0
1 1 2 0 1 3 1 3 3 3
0 0 2 1 0 0 1 0 3 3
3 1 2 0 1 2 3 2 3 0
1 2 2 3 1 1 0 1 1 1
3 3 0 3 1 3 3 1 3 3
3 2 2 2 1 2 3 3 3 1
1 1 1 2 1 0 1 0 3 0
3 1 3 2 1 3 2 1 3 0
2 1 3 0 2 1 2 0 3 0
0 3 3 2 1 2 0 0 0 1
1 1 0 3 3 1 2 2 1 1
0 1 3 2 0 2 2 2 2 2
0 3 1 0 0 2 2 3 2 2
3 1 1 3 3 1 2 3 3 2
0 1 1 3 2 0 0 1 0 2
1 2 1 3 3 2 2 1 0 0
2 1 2 1 1 2 1 2 0 0
2 3 1 1 2 3 1 3 0 3
3 3 1 0 3 0 2 0 1 2
2 1 3 2 0 0 1 0 0 1
1 2 0 0 2 0 0 3 1 0
2 3 1 2 3 3 1 1 2 0
2 0 1 2 3 2 0 0 3 2
1 1 2 1 1 1 1 3 3 2
3 0 1 3 2 1 3 3 2 3
1 2 0 0 3 2 1 0 1 0
2 0 2 1 2 1 1 2 0 3
3 0 2 3 1 3 2 2 2 1
1 1 3 1 2 0 3 0 1 1
3 1 1 3 0 2 0 0 1 2
2 1 0 2 3 3 2 2 3 0
0 1 3 1 2 2 0 0 2 2
0 2 2 0 3 2 0 2 3 0
1 0 3 3 1 0 2 3 2 0
3 2 0 1 0 1 0 3 2 3
3 0 2 2 2 3 2 1 0 1
1 2 3 1 2 1 3 2 1 0
3 2 1 0 1 1 3 0 2 3
3 2 2 0 3 2 1 3 1 3
3 3 3 2 1 3 2 3 1 3
3 1 1 0 1 2 0 1 2 3
0 2 3 2 2 1 0 3 0 2
3 0 2 0 3 2 3 3 1 3
2 2 0 3 2 3 3 3 2 1
0 1 0 1 0 3 1 1 3 0
2 0 1 3 0 0 3 3 0 0
2 1 2 0 2 2 2 0 3 2
2 0 2 1 1 1 1 3 1 1
0 0 0 0 0 2 1 1 3 3
3 3 0 1 0 3 2 1 3 3
0 3 2 1 2 2 0 0 2 2
0 3 0 1 0 3 3 1 1 0
0 2 1 2 3 2 0 3 2 0
2 1 3 3 2 2 3 1 2 3
0 0 0 0 0 3 3 2 2 1
1 2 1 3 0 1 1 0 1 3
2 3 1 2 0 2 0 2 0 3
0 3 1 2 1 0 2 1 0 3
2 3 2 1 0 2 2 0 1 2
2 1 1 1 1 1 0 1 0 0
3 3 0 1 2 0 3 1 3 1
2 0 1 3 3 1 2 0 3 3
3 3 0 1 3 1 1 2 0 1
1 3 1 3 1 2 1 3 2 3
2 3 0 3 0 1 3 1 3 2
3 2 0 3 3 1 3 1 2 1
0 0 3 1 3 0 0 2 2 0
3 2 0 0 2 2 1 2 0 0
3 2 0 3 2 2 2 3 2 3
1 3 0 1 3 0 2 1 3 0
3 3 2 2 0 1 3 1 3 2
3 2 2 0 0 1 2 1 0 0
0 2 0 3 2 1 2 2 2 2
2 3 3 3 0 2 1 3 2 3
0 1 0 3 3 3 2 2 0 0
0 3 3 3 1 3 2 1 2 1
0 2 2 3 2 2 2 1 0 3
1 1 3 3 0 1 3 2 2 0
32 48 17 33 18 26 18 25 15 16
29 19 14 46 42 25 34 47 45 36
34 37 48 45 35 42 39 23 24 39
47 33 15 41 41 46 28 50 44 29
29 16 19 28 14 24 32 49 44 31
25 38 15 19 28 42 21 40 26 33
42 45 21 26 40 19 13 44 23 31
24 38 25 32 30 15 44 44 40 36
21 27 19 13 16 51 22 20 32 17
43 18 42 35 36 31 26 30 29 21
38 34 32 48 24 43 19 36 43 19
24 32 44 18 22 45 41 25 27 50
51 26 19 14 12 46 41 33 32 17
28 44 22 22 23 46 31 41 17 30
18 18 30 44 26 17 44 19 19 15
40 46 29 22 46 33 51 39 44 40
27 22 50 33 25 36 14 12 45 34
16 17 27 41 51 38 14 25 25 21
17 47 39 16 28 27 48 17 26 31
30 29 19 23 39 47 50 37 17 41
39 41 45 19 41 38 23 41 26 39
38 45 24 14 18 16 36 14 41 20
29 41 18 12 21 51 49 31 51 31
40 24 14 41 48 40 29 12 47 51
19 25 38 28 21 30 27 42 15 24
33 26 34 27 33 45 48 17 37 33
15 35 28 43 13 19 27 37 19 43
27 22 46 26 33 42 47 43 15 25
25 21 45 14 45 20 37 24 51 20
31 29 51 14 49 19 38 21 31 36
42 37 35 36 30 49 22 36 39 28
44 35 19 14 29 26 40 36 20 33
49 41 48 15 19 33 14 50 29 41
12 17 19 22 40 30 26 42 26 30
16 31 21 24 20 34 30 31 18 14
51 25 49 39 47 13 38 15 15 14
20 37 25 35 46 16 16 45 20 22
21 30 13 15 27 14 42 21 44 28
26 49 18 29 25 26 25 14 16 48
26 43 21 37 34 39 29 51 44 47
19 31 41 12 15 36 46 12 37 14
50 45 27 30 44 36 49 40 28 49
17 34 28 32 42 36 24 35 13 16
46 15 13 26 39 31 21 21 42 24
50 16 45 50 27 18 44 12 47 38
45 25 30 25 29 37 45 35 31 30
47 32 29 47 18 13 43 35 26 35
49 46 44 12 19 30 33 32 29 12
50 48 14 41 14 49 37 38 20 19
15 36 18 23 21 47 30 50 50 21
25 21 51 41 34 48 35 28 17 37
23 25 37 23 48 46 28 40 17 30
50 29 48 30 19 35 34 50 43 24
16 37 23 45 38 34 16 20 50 22
48 50 30 24 15 18 40 42 23 16
17 28 19 51 17 24 42 31 34 20
23 22 20 41 48 21 40 19 30 43
23 40 38 46 42 31 30 45 32 37
45 22 51 49 34 29 39 30 49 44
39 14 25 36 45 37 43 12 14 23
15 14 18 48 47 18 33 51 49 15
47 51 47 50 21 51 18 15 17 19
39 45 21 32 29 46 44 29 30 19
40 18 47 38 30 25 12 19 48 14
35 28 18 24 47 18 19 43 45 39
38 46 16 23 22 27 23 15 46 25
20 33 32 13 48 19 13 13 19 48
38 20 13 15 28 16 43 39 28 32
30 33 50 24 50 22 30 32 19 18
38 20 38 13 49 33 25 31 21 13
36 28 48 44 40 18 13 41 23 27
31 47 40 17 40 23 14 41 31 43
36 19 30 29 50 18 24 44 34 38
36 43 44 37 16 31 39 13 33 44
44 22 33 38 31 42 36 27 38 44
14 49 43 47 46 30 31 25 14 31
12 44 40 48 28 31 19 18 26 13
29 26 33 39 16 37 37 32 33 51
38 15 25 34 32 42 44 18 12 39
28 51 37 18 41 36 34 49 36 23
14 35 42 25 36 50 50 36 33 14
18 33 29 25 41 33 12 41 36 28
31 51 16 45 34 48 39 37 19 45
50 12 29 35 51 25 46 32 19 31
19 19 36 21 39 29 17 22 48 13
33 39 21 23 13 38 21 39 38 35
34 23 36 47 44 41 43 45 19 14
51 14 36 35 23 13 39 45 50 13
36 20 15 29 19 32 16 26 46 12
27 18 40 44 18 30 41 34 24 16
31 14 40 19 30 42 22 27 34 15
17 51 12 37 31 36 42 45 15 32
15 23 42 22 12 33 15 37 19 22
27 18 14 40 36 21 34 13 24 28
20 22 12 43 22 37 26 30 30 34
26 27 39 39 24 50 17 51 30 43
20 37 44 35 47 43 46 34 20 36
48 39 19 27 37 43 26 41 30 37
40 46 42 23 14 14 26 25 20 51
37 45 43 39 24 21 27 34 46 40
