2 1 2 1 2 0 1 3 3 1 3 0 2 1 1 3
0 3 3 1 0 1 3 1 1 2 0 3 2 3 0 1
1 3 0 3 2 1 1 1 0 3 2 3 0 2 3 1
3 3 1 1 3 0 0 2 2 2 3 0 0 2 3 1
2 1 3 3 0 0 1 3 0 3 0 1 0 2 2 1
0 1 1 2 3 1 0 2 1 3 2 1 1 3 2 3
1 1 3 0 1 0 1 2 2 2 1 2 2 1 3 1
1 2 2 2 2 2 2 2 2 3 1 1 3 3 2 0
3 0 2 1 3 2 1 2 2 3 2 2 2 1 2 1
2 2 0 2 3 0 3 1 3 0 1 3 3 1 2 1
0 0 1 1 0 3 1 1 3 3 2 0 0 2 0 3
0 1 3 1 1 1 0 3 3 3 2 1 0 1 2 1
2 2 2 2 0 2 0 2 2 0 0 0 2 1 0 3
3 3 1 3 3 3 3 1 2 3 3 2 3 3 3 0
1 1 1 3 1 0 0 2 3 0 1 3 1 1 3 3
0 1 2 3 2 0 2 2 0 2 0 1 1 3 2 3
30 45 34 29 34 12 13 15 43 49 43 28 42 41 45 47
40 27 47 13 32 25 31 13 13 18 16 19 34 15 28 13
41 27 28 43 42 17 41 49 44 19 26 43 20 42 19 33
35 51 13 17 51 48 28 22 18 30 27 12 12 30 23 29
30 25 47 47 20 24 49 47 12 23 24 13 36 18 18 29
40 25 13 18 47 45 44 50 13 19 42 37 17 19 34 51
49 13 31 28 21 20 33 34 50 46 29 34 26 17 43 13
13 42 18 26 18 50 46 46 42 51 41 17 47 35 22 36
51 20 26 17 35 14 17 38 50 43 46 22 34 49 18 13
46 50 12 18 35 44 27 49 35 40 49 31 15 49 18 17
36 12 21 13 12 15 25 13 23 35 30 20 24 26 44 27
48 29 27 25 49 13 44 19 31 23 22 45 32 25 22 49
26 30 30 30 44 46 48 14 30 36 40 48 50 49 20 15
31 35 33 39 51 23 27 17 46 15 23 42 15 47 19 24
21 13 17 39 29 24 32 34 39 48 37 23 17 41 35 47
16 17 30 31 42 16 38 50 24 38 40 37 17 35 38 27
