3 2 2 3 2 2 1 0 1 1
3 3 0 3 0 1 0 2 2 3
2 2 3 2 0 0 0 3 3 0
0 2 0 1 1 2 3 3 1 3
1 3 0 0 0 2 0 2 3 3
3 2 2 1 1 3 1 0 1 0
3 3 1 0 2 3 1 2 1 0
0 1 2 0 0 2 1 0 0 1
1 0 3 2 1 3 3 2 1 1
1 3 1 2 1 3 2 3 3 0
3 1 2 2 2 2 0 0 1 1
0 0 0 2 0 1 3 2 3 0
1 0 1 2 3 0 0 2 3 1
1 3 2 1 2 0 3 0 0 0
1 0 0 3 3 0 0 0 3 3
0 0 0 3 1 3 2 1 3 1
3 2 3 0 1 0 0 2 2 3
1 2 1 2 2 3 2 3 1 3
2 2 1 0 1 2 0 1 0 0
0 0 1 3 0 1 1 2 0 3
3 2 3 3 0 1 3 2 2 3
0 1 0 2 2 3 1 2 2 3
0 3 0 3 0 0 3 1 0 1
3 2 2 0 2 3 2 3 2 1
0 0 3 1 0 1 1 3 0 3
3 1 3 0 3 3 3 0 1 3
2 2 2 1 1 3 0 0 2 1
0 1 1 1 1 2 2 0 3 1
2 2 3 0 3 3 0 1 2 2
2 0 2 3 1 0 1 0 1 1
0 3 1 3 0 3 0 0 0 2
0 1 3 0 0 1 1 1 3 2
1 3 0 0 1 1 3 0 2 1
2 1 0 0 1 2 3 1 0 2
3 1 0 1 1 3 1 2 1 2
1 1 0 1 0 0 1 3 1 3
2 1 0 3 0 0 3 1 3 1
3 1 0 2 3 1 1 3 1 2
2 1 3 2 1 1 0 3 2 3
3 1 1 0 1 0 2 3 1 1
1 1 0 2 1 0 1 1 0 2
1 3 1 0 2 1 2 3 1 1
1 3 0 3 0 2 0 1 2 1
2 0 0 2 1 1 1 2 0 1
3 2 2 3 3 0 1 1 2 1
2 0 1 2 1 0 3 2 0 2
3 1 0 2 3 2 0 3 0 0
2 1 2 3 2 2 3 3 1 1
3 2 1 0 1 0 1 0 1 3
1 2 3 2 2 1 1 3 1 3
0 1 0 1 1 2 2 3 3 3
1 2 2 0 0 0 2 0 2 3
3 2 0 0 2 2 2 2 0 1
3 1 3 2 1 0 1 1 1 3
2 0 3 0 1 2 2 1 0 2
2 1 3 2 1 1 2 1 1 2
1 1 3 3 1 1 0 0 1 1
1 1 3 1 0 1 2 0 2 1
1 1 0 1 2 2 2 1 2 2
3 0 0 2 0 1 3 0 2 2
2 0 3 2 0 0 3 1 2 2
1 2 2 0 2 3 3 2 1 2
2 1 0 0 2 2 1 0 1 0
3 3 3 3 3 0 3 2 1 3
1 1 0 2 0 1 2 3 2 1
0 2 3 2 2 3 3 1 3 2
0 2 1 2 2 0 2 3 0 1
3 3 2 1 2 3 1 0 3 1
1 2 2 2 1 1 2 2 1 1
0 0 0 3 0 3 3 1 1 1
1 1 3 0 0 2 0 3 1 0
1 3 0 1 2 3 2 2 2 1
2 0 2 2 3 1 0 2 1 3
1 3 2 1 2 1 2 2 1 3
0 1 2 3 2 0 1 1 3 1
1 2 0 1 1 2 0 1 1 3
0 1 0 2 1 3 2 0 1 0
2 0 1 1 2 0 1 0 2 1
1 2 3 0 2 0 2 1 2 2
1 3 3 2 3 0 1 2 3 2
1 2 2 3 3 3 3 1 2 2
2 0 0 0 1 3 3 1 1 0
2 0 0 3 0 3 0 1 1 2
0 1 2 0 0 3 1 2 1 3
1 1 2 1 2 0 3 3 1 2
3 1 0 2 1 1 3 2 3 1
3 0 0 2 0 1 3 0 1 3
1 3 0 0 3 0 3 3 3 3
2 0 2 1 0 1 1 2 3 2
0 1 0 0 3 1 1 2 3 1
0 0 0 3 3 1 1 1 2 2
2 3 3 3 0 1 0 3 2 3
0 0 0 0 3 2 3 0 0 0
1 3 0 1 1 1 2 2 1 1
1 1 1 1 0 1 3 3 2 1
1 0 2 0 2 2 1 1 0 1
0 1 3 1 0 0 0 0 2 2
1 0 0 2 3 0 2 0 3 3
0 1 0 3 3 1 0 0 2 0
2 2 3 2 3 1 2 3 2 0
23 26 34 35 42 50 41 36 29 49
23 15 40 27 48 25 28 30 34 19
22 26 19 38 44 44 16 19 47 40
44 22 28 17 49 14 47 47 29 43
29 23 32 16 44 18 20 14 39 15
39 22 14 49 25 27 45 24 37 40
43 43 25 36 34 35 49 18 37 40
48 41 14 44 36 18 37 48 36 21
13 36 43 34 49 35 43 30 25 13
25 23 29 14 41 19 30 51 47 48
31 17 18 50 18 26 28 12 29 17
36 40 32 46 32 45 15 14 15 40
45 28 41 22 19 20 44 34 31 41
25 47 26 45 18 20 23 24 44 36
13 16 16 23 43 16 44 40 31 35
16 36 12 19 21 23 34 41 19 33
19 34 35 20 29 36 20 14 30 31
33 26 17 34 50 43 22 39 33 19
42 26 49 12 33 38 36 29 36 44
36 12 17 31 48 25 21 14 40 19
47 34 35 39 12 41 47 14 42 51
12 37 28 18 30 27 21 18 34 51
48 19 44 43 32 32 43 21 36 49
19 46 50 12 50 47 14 15 34 49
28 28 35 13 28 13 41 47 48 47
23 33 51 40 15 51 31 36 13 35
26 42 34 49 25 43 16 36 46 49
12 29 17 21 17 26 14 16 43 13
26 30 23 16 19 23 44 17 26 22
42 16 50 39 13 44 25 16 37 33
16 43 25 47 20 39 48 36 48 30
44 33 47 36 28 21 25 17 35 14
17 23 32 40 33 13 51 20 42 45
42 17 16 32 21 34 43 17 44 18
27 49 36 49 37 47 37 30 41 26
49 33 44 33 48 44 37 51 49 27
14 21 36 51 44 12 39 41 35 45
35 37 40 46 19 17 29 43 25 38
46 49 19 26 21 17 40 47 42 51
47 21 29 48 41 44 42 39 13 33
17 17 40 38 17 44 25 37 20 46
33 35 29 36 46 37 14 15 41 33
33 51 28 35 44 14 40 37 46 49
18 20 28 50 41 33 17 18 40 25
19 22 34 35 31 40 21 29 30 37
46 40 25 34 13 40 27 18 16 42
35 25 12 46 39 34 16 27 20 24
34 25 34 23 50 42 27 19 33 49
23 46 45 40 49 28 37 24 21 47
21 46 35 46 14 41 45 27 41 51
36 41 12 41 45 14 18 51 35 27
25 22 30 28 32 24 46 36 42 27
23 38 20 24 34 38 42 42 32 49
23 25 31 50 17 28 37 13 13 27
14 44 19 44 13 30 42 37 44 30
46 21 27 34 29 21 22 13 41 46
25 21 51 23 25 29 36 40 13 29
25 21 23 25 12 41 22 32 46 21
45 25 28 33 22 38 42 17 14 30
27 32 24 26 36 21 51 20 34 34
46 32 51 30 40 16 35 13 42 46
21 42 26 36 34 31 43 50 25 26
22 13 40 24 14 18 25 40 21 20
35 15 19 19 43 28 47 22 25 35
17 25 16 14 44 45 38 39 46 41
20 46 19 18 46 43 23 41 35 38
40 50 33 14 38 44 14 39 32 21
15 39 14 49 18 51 25 36 35 29
33 14 18 18 29 29 46 26 13 33
40 20 16 31 40 35 51 21 29 25
13 41 51 48 16 30 24 19 33 20
25 15 16 21 34 39 18 50 38 25
14 20 42 26 27 45 32 26 45 47
45 47 14 25 34 25 50 46 21 19
40 37 50 31 46 12 45 37 35 17
13 14 28 21 21 50 40 49 41 23
24 25 48 46 25 27 14 40 25 28
50 36 45 29 18 20 41 24 46 21
41 46 15 36 46 48 42 25 30 34
45 39 43 34 51 20 37 42 35 38
45 30 26 23 15 31 51 37 14 38
14 48 24 20 41 19 23 29 17 48
18 24 20 31 44 23 20 25 13 34
28 37 46 24 32 35 21 38 33 35
41 37 38 37 22 16 43 31 21 34
19 29 16 14 41 25 27 18 43 21
35 24 48 46 44 21 35 40 13 27
21 39 12 40 39 24 35 43 15 51
14 40 18 21 48 21 49 18 19 46
24 37 40 48 15 45 49 46 43 13
12 32 36 15 39 25 29 17 50 42
46 43 19 43 28 25 36 31 18 15
28 20 36 48 47 30 51 28 28 44
33 31 20 17 49 37 26 46 21 17
33 33 49 21 28 37 39 43 38 49
33 16 50 12 18 30 37 37 12 45
32 25 15 49 44 16 40 40 18 42
21 40 20 38 39 24 30 12 51 15
20 37 48 23 51 33 28 16 18 28
30 42 51 46 51 17 14 23 22 28
