0 3 3 3 0 1 1 2 2 3
1 2 0 3 1 1 2 2 2 2
1 3 3 2 0 0 1 3 2 0
1 1 3 0 0 0 1 2 3 0
3 3 2 2 2 1 1 0 1 2
3 1 3 2 2 1 3 3 1 1
0 0 1 1 0 2 0 1 2 3
3 0 2 2 1 0 0 3 1 0
0 0 2 3 0 0 1 0 1 1
3 1 1 2 3 2 0 0 2 3
40 35 23 35 16 33 33 14 46 15
37 42 16 31 13 13 42 46 22 46
13 27 39 14 24 48 49 23 30 36
21 17 39 20 48 40 17 26 51 28
31 19 34 46 50 33 13 12 33 34
31 41 31 14 34 49 19 43 13 25
12 16 17 13 20 34 28 45 22 19
35 16 42 26 33 20 20 27 37 40
48 36 26 43 24 16 49 40 45 45
19 33 29 38 19 34 16 44 30 27
