3 3 0 1 1 3 3 3 3 2 1 1 3 1 0 3
3 3 0 1 3 3 1 0 3 3 2 2 2 3 0 0
2 2 0 0 1 3 2 1 1 3 2 2 2 1 3 2
2 3 1 1 1 3 2 3 2 2 1 0 1 2 3 0
1 2 0 3 0 3 2 0 2 2 2 2 0 3 0 0
0 0 3 2 1 0 0 3 2 3 1 2 3 2 1 3
0 2 0 3 0 1 3 1 2 2 3 3 3 3 0 1
0 2 0 2 1 1 2 0 2 1 3 1 1 1 3 2
0 0 2 3 2 1 3 3 1 2 3 3 3 3 1 3
1 1 1 2 2 2 3 3 2 3 1 2 1 3 0 0
2 0 2 1 1 2 3 1 1 3 0 3 0 2 0 0
2 0 0 3 2 1 2 2 3 2 0 3 1 2 2 3
0 0 2 1 0 1 0 0 1 2 1 3 3 3 2 0
1 2 0 0 3 1 1 2 1 0 3 1 1 0 2 3
3 0 3 1 0 0 2 0 2 1 1 3 2 1 3 2
1 3 2 0 1 2 1 1 0 2 0 0 1 0 3 2
47 19 40 33 17 15 19 27 47 30 17 21 43 17 28 27
23 39 16 21 35 15 29 44 27 19 26 30 18 15 32 40
14 14 28 20 29 31 14 33 41 23 34 38 30 17 51 14
50 35 33 13 13 43 18 43 38 46 41 20 45 46 19 36
21 50 40 51 16 19 18 36 34 50 46 30 24 51 28 36
20 36 19 14 49 48 16 51 42 51 29 18 27 22 25 27
20 14 40 47 24 25 15 25 42 34 27 31 43 15 16 33
32 34 20 42 49 17 22 20 46 33 43 29 25 33 31 30
20 32 42 27 14 45 27 15 33 38 19 39 35 47 33 23
13 41 49 46 18 14 47 27 50 23 45 22 25 23 12 36
30 44 46 45 41 38 19 17 41 51 40 31 28 26 40 16
46 32 44 23 14 13 38 38 19 30 36 23 49 18 30 39
12 36 22 13 12 17 40 24 41 42 13 47 19 47 38 24
21 38 32 28 15 49 33 18 45 44 47 41 37 28 38 47
47 40 19 21 48 20 22 24 14 25 17 15 26 29 39 22
33 47 38 48 29 38 37 13 20 42 44 48 37 28 27 22
