1 2 0 3 2 1 2 0 3 2
1 3 1 3 0 1 0 2 2 1
0 3 1 2 0 2 1 3 1 1
1 2 3 2 1 3 2 0 1 0
2 2 1 3 1 1 1 1 3 0
1 1 3 3 0 2 3 3 2 0
3 3 2 0 2 2 3 2 2 1
3 0 2 2 2 3 2 0 2 1
3 3 3 1 2 0 1 0 0 0
2 3 0 2 0 2 1 1 2 1
1 3 3 3 0 0 1 2 1 3
1 3 3 0 0 1 1 2 3 0
2 3 2 1 3 3 3 1 3 3
1 0 2 3 3 0 3 0 3 1
2 2 1 3 3 0 2 2 1 0
0 0 3 1 3 3 1 3 3 2
0 2 3 2 3 3 3 0 1 3
2 3 0 0 1 2 3 1 0 1
2 2 2 1 2 3 0 3 3 0
2 2 0 0 3 0 0 0 0 0
1 3 2 3 0 0 2 0 1 1
1 0 0 1 2 0 0 3 0 1
2 1 0 1 3 3 3 3 2 2
0 0 1 0 2 2 2 1 0 2
2 1 0 1 1 0 3 0 0 1
0 2 1 0 2 2 3 3 0 0
0 2 0 3 3 3 3 0 3 1
0 3 1 1 3 1 2 3 0 2
0 0 0 1 3 2 0 1 1 3
2 2 2 2 3 3 0 1 3 1
0 3 2 3 1 3 2 1 3 0
3 2 0 1 1 0 1 1 1 3
1 2 1 0 2 3 2 3 1 0
0 3 1 3 1 2 1 0 1 1
3 3 0 3 2 3 2 0 0 2
0 0 1 2 2 2 0 3 1 3
1 3 3 2 3 3 2 2 2 2
1 2 1 3 1 1 1 2 0 0
3 2 1 1 3 2 3 1 2 2
2 2 1 0 0 2 1 2 1 3
0 3 3 0 2 0 1 0 0 3
0 0 2 0 3 2 0 0 3 1
3 0 1 2 0 3 2 3 3 1
1 2 2 2 0 0 0 2 0 3
3 0 2 2 2 0 0 3 0 1
2 1 3 1 1 1 2 0 2 2
1 0 3 3 1 1 0 1 3 2
2 3 1 1 3 0 1 3 0 0
0 3 0 0 0 0 1 2 2 3
0 3 1 0 0 3 0 0 2 1
3 3 0 1 1 0 1 2 2 3
2 3 0 3 3 0 3 1 0 0
2 1 2 3 1 3 0 1 1 0
1 0 0 0 0 2 0 1 2 0
0 3 1 2 0 1 0 1 1 1
3 3 1 3 0 3 3 2 0 0
3 0 0 1 2 0 0 0 0 3
2 0 0 1 0 0 3 1 0 2
2 0 2 2 1 3 2 3 0 1
3 3 1 1 0 2 2 3 1 0
0 0 1 2 2 0 1 0 0 0
1 0 3 0 3 0 0 1 1 2
2 0 0 2 1 0 3 2 2 3
2 2 2 0 3 0 0 1 2 1
0 1 0 2 3 0 2 1 2 1
0 2 3 3 1 0 2 1 0 3
3 1 0 0 0 3 2 3 0 0
3 2 3 2 1 3 2 1 0 2
2 3 3 1 3 2 3 1 1 0
2 3 2 0 1 3 0 0 0 1
0 1 2 2 3 0 3 1 0 0
3 0 3 3 2 0 1 2 3 1
2 2 3 3 1 0 0 2 2 0
2 2 1 1 1 0 2 1 0 2
0 3 3 2 1 1 1 3 3 3
0 0 3 1 0 0 2 3 3 3
1 1 1 3 3 1 0 0 3 2
3 2 0 1 1 2 1 2 2 2
0 3 3 1 3 1 3 3 1 1
1 0 2 1 2 2 2 1 3 3
2 2 2 1 2 2 2 3 3 2
2 0 2 1 0 3 2 2 2 1
2 3 0 2 3 1 1 3 2 2
0 1 2 0 2 1 0 3 3 0
1 0 2 1 0 2 0 3 0 0
3 0 0 2 2 1 3 2 2 2
3 0 2 1 1 3 1 0 1 1
1 3 0 1 0 0 0 2 1 2
1 2 3 3 2 3 3 2 0 3
3 2 0 0 3 1 3 2 3 0
3 2 1 0 0 0 0 0 1 2
1 3 0 1 0 3 2 3 2 2
1 1 3 0 1 0 0 0 1 0
2 3 3 0 2 2 2 0 3 0
0 3 0 3 3 2 2 2 3 2
2 0 3 1 1 2 3 3 0 2
1 2 1 0 1 2 1 3 2 2
2 0 1 0 3 0 3 3 0 0
0 2 3 3 0 3 3 2 0 3
2 3 3 1 3 0 3 0 3 0
21 34 40 15 42 29 46 28 15 42
13 27 13 27 44 37 40 18 30 37
44 43 45 22 16 14 37 47 41 13
21 22 15 50 33 23 46 48 29 24
22 30 29 19 45 41 13 33 27 12
25 41 19 35 48 50 43 23 18 12
39 43 50 24 18 46 31 46 26 41
51 44 50 34 18 19 46 12 22 17
47 39 31 21 26 40 25 20 20 44
30 15 24 34 24 42 45 45 14 33
21 27 23 15 36 40 45 42 33 23
49 19 47 20 36 25 25 42 39 16
22 27 42 21 31 43 43 21 51 15
45 20 26 47 23 36 35 16 47 17
50 50 49 23 47 12 38 46 41 36
16 24 31 45 39 47 21 19 15 34
40 46 39 42 35 51 19 12 45 31
18 47 32 44 29 22 39 29 44 21
50 18 18 25 14 47 24 27 27 32
14 42 28 32 15 24 28 28 12 44
25 43 18 43 24 32 18 48 37 25
49 36 48 41 14 48 20 47 12 13
38 25 48 41 23 15 31 31 18 34
48 40 21 16 50 42 18 29 16 38
50 25 40 49 37 40 27 24 40 41
32 26 25 28 30 50 47 15 12 28
12 18 24 15 35 51 31 16 43 29
40 19 37 41 15 33 30 39 48 26
48 28 20 13 23 46 32 25 45 47
50 30 38 46 51 35 12 21 47 29
48 31 46 27 45 31 18 41 35 44
23 22 48 17 41 36 29 17 17 51
41 14 41 12 50 27 26 47 21 28
36 47 49 47 33 18 33 24 13 21
23 43 16 43 34 23 38 32 28 46
40 28 33 50 18 30 40 31 45 23
33 39 23 46 15 35 50 30 46 50
13 50 49 15 37 25 25 50 24 32
47 42 33 45 51 34 27 17 30 18
30 30 33 16 24 18 25 18 41 15
48 31 47 16 38 40 17 40 32 43
16 40 30 40 31 38 48 36 23 41
47 20 29 50 12 23 18 27 27 49
29 22 38 42 40 16 20 18 20 43
15 40 30 30 22 12 20 23 28 17
38 45 47 41 49 29 34 40 26 14
21 48 39 23 21 41 24 41 27 34
18 23 37 41 39 44 33 35 16 28
48 15 20 40 20 20 37 18 50 15
36 19 13 16 16 35 48 28 38 37
27 15 36 17 29 36 21 18 14 23
42 47 16 23 23 28 43 41 36 20
38 17 46 43 37 19 20 45 49 44
49 16 36 28 48 34 36 13 26 36
36 15 45 22 16 33 48 33 21 13
51 15 25 15 40 31 47 50 36 40
39 20 48 13 46 44 36 12 44 27
22 16 32 13 44 36 19 37 36 22
42 40 38 26 17 23 42 27 36 25
15 31 13 45 24 46 42 35 21 48
28 44 17 18 22 48 49 16 48 32
45 16 15 12 31 40 44 49 49 46
30 44 16 26 33 16 51 22 34 23
38 14 42 36 23 44 48 17 26 25
40 17 20 26 23 32 22 13 14 41
48 38 19 27 29 44 26 33 16 35
35 21 32 32 20 19 34 39 44 24
47 34 47 30 29 51 50 33 12 34
46 31 51 37 27 50 23 29 49 12
38 19 50 44 45 51 44 24 48 17
20 41 42 34 23 24 23 45 32 20
31 44 51 39 14 44 33 30 31 21
46 42 39 39 21 12 48 38 26 36
38 30 21 49 41 32 42 29 32 14
20 35 51 18 13 45 21 47 27 27
16 28 39 25 16 44 18 51 19 15
41 45 25 47 31 41 36 48 15 34
23 22 16 13 29 42 13 26 22 26
48 19 19 25 31 25 51 27 25 29
17 32 14 45 46 22 18 41 35 19
30 30 38 33 22 26 50 31 27 14
38 36 34 29 20 31 22 14 18 41
46 27 20 50 19 33 33 23 50 26
12 21 34 40 22 13 48 19 19 32
17 20 50 13 28 42 20 35 48 16
27 44 40 50 42 41 19 30 46 34
35 24 42 45 41 35 25 36 21 37
25 35 36 45 32 44 44 38 29 34
29 34 43 35 18 39 39 50 44 51
19 18 16 16 39 37 27 18 39 12
51 18 25 48 32 48 32 12 29 26
33 15 12 45 16 43 34 35 30 46
29 33 23 32 45 36 44 12 25 40
26 51 31 44 22 26 30 28 27 40
40 31 48 19 43 50 38 30 51 46
22 16 15 49 33 22 19 43 48 50
49 14 33 12 45 14 33 27 22 14
18 40 29 16 47 12 27 43 12 16
24 38 47 39 32 35 31 34 28 19
22 23 19 17 27 48 43 48 31 36
