2 2 1 1 1 1 3 2 3 3
2 0 2 1 0 3 0 1 3 0
2 2 0 1 3 0 3 0 1 2
0 3 0 0 1 2 2 1 3 3
1 2 1 3 1 0 1 0 1 0
1 0 0 0 0 0 1 0 2 1
0 2 2 1 3 0 3 0 2 3
0 0 2 1 1 3 0 3 2 0
0 2 3 0 2 1 0 2 3 2
3 0 2 1 0 1 3 0 2 3
50 38 37 13 37 37 19 18 35 27
46 40 38 29 44 27 36 13 31 36
46 50 20 45 39 40 31 40 17 26
24 35 36 28 41 34 38 25 23 39
37 34 25 15 21 44 29 44 37 48
13 36 16 40 24 12 13 32 46 25
44 34 18 37 51 24 51 12 26 51
36 36 46 33 13 31 36 47 26 12
40 46 23 32 18 45 16 26 23 18
43 16 26 21 24 45 47 40 30 23
