3 3 0 2 3 2 2 3 2 0
1 0 3 1 2 3 1 2 1 2
1 0 3 2 0 3 0 3 0 0
1 1 1 1 3 2 3 1 1 1
0 3 3 3 1 1 3 0 3 2
2 3 3 3 2 2 2 1 0 0
2 1 0 3 1 0 1 3 1 0
0 3 3 0 1 2 1 0 0 0
2 1 0 2 1 2 3 2 3 1
3 0 0 0 2 1 2 0 0 0
23 39 32 18 15 42 38 35 22 44
25 32 43 49 18 27 41 30 37 34
45 36 35 38 16 23 32 15 48 32
29 41 33 49 39 50 27 33 17 13
16 31 39 51 29 45 35 44 35 22
22 27 51 23 14 26 14 13 44 12
30 25 16 19 41 24 29 15 17 48
28 15 39 40 33 42 49 32 32 12
30 33 36 38 45 26 35 38 23 41
27 48 48 16 22 29 30 28 24 36
