3 1 3 0 1 3 3 3 3 3
2 1 0 1 3 3 2 1 3 1
2 3 3 3 0 0 0 2 2 3
2 1 3 2 3 0 3 0 0 2
3 1 1 3 3 1 0 0 2 0
0 3 1 2 3 0 3 1 1 1
3 1 3 0 2 0 2 2 3 2
0 3 2 3 2 0 2 2 1 3
2 3 2 1 2 1 2 2 3 0
2 0 3 1 3 1 1 2 0 2
3 0 3 0 3 0 0 1 1 2
1 1 2 1 2 2 1 2 1 0
0 1 2 0 1 1 3 1 1 1
2 3 0 1 1 1 0 2 3 3
2 0 0 2 3 3 3 3 2 0
3 1 1 3 0 2 2 2 3 3
1 3 2 2 1 3 3 3 3 1
2 0 3 3 3 1 3 1 1 2
1 1 1 0 1 1 0 3 3 2
1 3 2 2 2 1 3 1 0 2
3 0 2 3 0 0 1 2 2 0
0 0 2 0 1 0 3 1 1 1
1 2 0 1 3 2 3 3 0 1
2 0 2 0 0 3 2 0 2 1
2 1 3 1 2 1 0 3 3 0
2 3 3 1 1 0 2 3 1 0
2 0 3 2 1 2 1 1 1 0
0 2 2 1 0 0 1 1 0 1
1 1 0 0 1 3 3 3 3 2
2 1 1 2 3 1 3 2 3 3
1 1 1 1 1 2 1 2 2 3
0 0 2 3 2 1 0 1 3 3
1 1 1 2 1 1 0 1 0 0
1 2 2 3 2 2 0 3 3 1
0 3 1 2 0 2 2 1 2 0
3 2 0 2 0 2 0 2 2 2
0 2 1 2 3 2 2 2 2 0
3 3 3 3 2 3 0 3 0 3
0 0 1 0 0 2 1 2 1 2
2 3 3 0 0 0 0 3 0 2
0 1 1 2 2 0 2 3 1 3
0 2 2 0 1 0 1 0 1 3
3 2 0 1 0 3 3 2 2 1
3 2 0 3 3 2 3 0 0 1
1 1 1 0 3 1 1 2 1 0
1 0 0 2 3 3 2 3 0 1
3 0 3 3 3 0 0 2 2 3
1 0 1 3 0 2 0 2 1 0
3 3 2 2 0 1 1 3 0 0
2 1 1 0 3 0 1 2 1 1
3 0 0 0 0 3 1 0 3 1
2 2 0 2 1 1 2 0 3 2
3 1 3 0 0 0 2 2 1 3
2 0 2 1 3 3 2 2 3 1
0 0 2 2 2 0 3 3 3 0
2 0 2 1 2 3 1 1 3 0
3 0 0 3 2 2 1 2 0 0
2 3 0 3 2 0 0 1 2 0
1 1 1 2 2 2 2 1 2 0
3 1 2 3 2 1 0 0 1 3
3 2 1 3 1 3 3 2 2 0
3 1 1 1 1 1 3 0 1 3
2 0 3 0 1 0 3 1 2 1
2 2 1 3 3 0 0 3 0 1
3 0 1 2 1 0 1 1 3 1
3 2 0 0 1 0 1 2 1 2
2 1 0 2 1 0 2 1 2 0
1 3 2 1 2 1 1 1 3 3
0 2 1 1 3 2 0 0 0 2
2 1 3 2 0 0 1 0 1 1
2 0 3 0 2 2 2 3 0 3
0 0 3 0 3 0 0 1 0 0
0 1 0 0 0 1 2 2 2 3
1 0 0 0 2 1 0 2 1 1
1 2 2 1 2 1 1 1 1 0
1 1 1 0 3 0 1 2 3 0
1 2 3 2 0 1 0 3 0 3
1 0 1 2 1 0 3 0 1 2
3 3 1 1 0 3 3 0 0 2
2 0 2 3 1 0 3 2 1 2
0 3 0 3 3 1 3 3 0 2
0 3 3 2 2 2 3 3 3 0
2 0 0 1 0 3 0 1 1 0
0 2 0 0 2 0 1 0 0 3
3 2 0 1 3 1 3 2 3 0
2 2 1 0 2 3 0 1 2 3
3 0 0 2 3 0 0 2 2 3
3 1 0 0 1 2 2 3 3 0
0 1 3 3 1 2 3 3 3 1
1 2 1 2 3 2 0 3 1 1
0 0 2 2 2 3 0 1 3 3
0 0 2 1 0 3 1 2 0 0
0 2 2 0 0 0 1 2 1 3
0 3 0 1 2 0 1 2 3 2
1 2 3 0 3 3 1 0 3 1
1 0 3 0 3 2 2 0 3 1
3 3 3 1 2 2 1 2 1 2
3 0 2 1 1 3 2 1 0 2
1 3 3 1 1 2 0 1 3 2
2 2 1 3 3 3 3 2 1 0
15 49 35 16 45 51 35 35 23 35
38 13 12 29 35 47 14 21 35 25
30 43 47 35 28 20 28 22 14 27
18 21 15 46 15 16 27 44 20 38
43 37 41 35 23 29 48 12 42 28
44 15 29 42 19 20 51 41 17 45
23 33 31 20 34 28 38 42 51 26
32 31 38 35 26 20 26 46 49 27
50 15 18 13 46 21 26 34 43 24
50 24 27 21 27 17 41 50 20 14
23 12 19 48 39 24 16 17 45 42
49 13 46 29 46 42 13 34 49 28
48 25 14 36 13 49 51 13 45 17
14 35 24 29 45 13 44 30 27 51
38 24 44 46 51 39 31 27 30 20
23 33 13 35 32 22 34 14 23 27
45 15 26 38 41 15 47 47 43 33
30 24 35 47 15 33 43 13 41 34
17 13 45 48 29 45 20 51 15 42
21 23 38 22 50 21 43 49 48 42
23 44 34 19 28 24 37 42 18 48
24 28 46 32 13 24 47 45 37 41
41 26 48 17 39 30 35 15 20 25
30 32 30 40 28 27 38 20 30 17
30 41 15 13 22 49 16 31 15 28
34 19 43 13 21 40 50 39 25 24
30 16 39 26 33 26 29 21 37 20
16 50 46 37 28 32 21 29 28 17
33 45 44 12 29 51 39 31 23 46
18 41 37 18 43 17 23 38 31 47
29 33 33 17 21 22 13 30 46 31
44 12 30 39 38 41 40 37 19 51
49 21 25 26 41 25 12 29 40 48
41 46 26 39 34 42 44 19 51 21
12 31 41 22 20 22 14 45 26 16
31 42 24 34 28 42 28 42 34 26
24 42 45 38 27 14 26 30 18 48
31 15 15 15 22 23 36 27 24 23
20 36 25 32 48 22 29 34 49 50
14 31 39 20 12 16 44 51 40 46
24 21 25 34 38 16 46 31 45 23
16 42 14 12 13 36 29 36 13 31
15 50 36 29 12 31 19 38 42 17
39 26 44 35 19 18 27 12 44 17
29 13 29 48 43 13 17 50 33 16
49 24 32 34 43 15 34 51 36 25
19 36 51 35 27 44 48 22 30 15
17 16 41 35 28 46 48 30 25 48
39 31 46 30 12 21 25 19 32 16
18 13 21 48 27 32 21 38 29 41
47 20 44 40 16 23 25 36 27 41
14 42 12 50 13 49 14 48 27 26
47 29 31 16 28 16 14 26 25 31
50 20 30 41 27 31 34 50 35 45
40 24 34 26 46 20 23 51 31 36
38 12 34 33 46 23 21 45 43 44
39 36 48 31 46 30 41 38 24 32
22 47 36 15 38 28 16 21 50 36
41 29 13 46 30 42 34 33 22 36
35 41 14 51 30 25 48 48 21 51
39 30 37 47 33 15 35 34 46 20
35 41 45 29 29 17 15 16 13 31
26 36 35 40 49 28 31 21 26 29
30 34 45 31 51 32 36 19 16 13
19 44 45 14 17 32 29 41 23 21
15 46 28 48 41 24 29 42 45 42
46 33 32 34 45 32 26 41 34 36
41 27 42 21 46 25 49 17 47 43
36 14 33 41 35 38 20 40 40 34
38 29 19 30 44 40 13 32 21 25
26 12 23 28 26 38 26 47 24 47
16 36 39 32 15 48 12 25 44 32
12 29 24 12 32 45 22 14 38 23
25 20 24 36 42 13 44 26 33 17
33 22 46 41 18 17 49 13 49 12
41 21 13 44 27 40 37 34 27 16
21 42 23 30 44 13 32 47 28 31
13 24 49 14 33 16 23 32 33 34
31 15 25 45 20 19 15 36 12 38
30 28 22 19 13 20 39 14 33 26
36 15 28 31 39 29 23 35 48 30
20 47 35 22 42 22 15 35 43 16
46 32 12 25 16 23 48 17 45 20
28 50 40 32 50 12 49 24 20 47
35 34 20 29 35 45 39 22 39 12
38 50 37 48 22 31 28 25 30 19
27 48 20 46 43 44 28 22 30 23
15 45 40 36 45 14 46 27 51 20
32 21 27 27 25 50 31 51 27 17
13 50 41 22 39 50 36 31 41 25
44 20 38 38 42 23 40 13 39 31
36 24 22 25 24 47 41 26 36 24
32 14 18 36 44 16 13 26 37 35
44 51 24 29 22 20 45 14 39 42
45 18 35 20 31 15 21 20 19 21
25 16 51 20 23 38 26 40 31 45
27 31 23 33 26 42 17 26 45 46
43 32 38 21 41 35 42 33 32 26
49 51 23 29 45 14 24 13 47 50
30 14 41 15 47 35 35 22 25 48
