2 1 3 0 2 2 3 2 3 0 2 2 1 0 0 0
2 3 2 2 2 0 1 2 1 3 1 1 2 2 0 3
1 3 3 1 0 1 0 3 2 1 2 0 3 2 3 0
0 1 0 2 0 3 3 3 0 3 2 3 0 3 2 3
3 1 1 0 1 2 2 1 0 2 0 0 3 1 2 1
0 3 2 1 3 3 1 2 0 0 0 2 2 3 0 1
1 2 3 0 2 2 3 3 2 2 2 2 1 3 0 2
3 1 3 0 1 3 0 1 3 3 3 1 1 1 0 1
3 0 3 1 3 3 1 3 0 2 2 1 0 0 0 0
1 2 0 0 2 2 1 1 1 3 2 0 2 3 0 2
1 0 0 3 0 2 0 1 1 0 0 0 3 0 1 3
1 2 1 3 3 1 3 2 0 2 0 1 3 3 2 0
3 2 3 2 1 3 3 3 1 3 3 1 3 1 2 1
2 1 1 0 2 3 2 1 1 1 3 0 1 0 1 0
1 3 0 1 3 0 3 2 2 0 2 3 1 1 0 3
3 3 0 0 0 1 1 0 3 1 3 2 3 2 2 0
14 21 23 44 42 34 51 18 27 28 22 46 37 12 32 48
22 23 34 42 26 32 17 38 33 19 21 21 46 22 16 47
33 31 39 37 44 45 12 43 42 25 14 24 47 46 39 24
36 29 20 46 24 27 15 15 16 31 38 51 20 19 18 27
39 29 41 40 45 38 18 13 32 14 36 16 35 37 22 37
48 51 42 29 31 19 13 18 36 44 40 18 30 39 28 21
13 34 15 40 50 26 23 35 34 38 50 38 29 51 32 34
35 29 23 40 13 15 28 41 31 51 15 41 21 49 28 41
51 32 47 25 23 43 49 23 32 34 30 17 12 20 44 24
17 34 44 48 30 34 13 13 25 47 26 36 22 15 32 50
45 28 44 15 44 42 12 41 37 48 44 44 47 16 17 19
41 14 21 51 51 45 43 22 40 26 24 17 23 23 22 28
19 18 47 50 29 31 27 15 37 35 19 41 15 45 50 29
42 45 41 12 18 15 38 29 17 21 51 20 41 40 25 28
49 51 32 49 15 32 35 34 46 36 50 31 33 49 24 23
43 47 36 12 24 33 37 16 15 13 43 26 43 46 18 40
