2 2 3 3 2 3 1 3 2 3
3 0 3 1 3 2 3 0 1 3
1 0 0 1 0 2 3 0 2 0
3 2 1 3 1 2 2 2 0 3
2 0 2 2 0 2 2 2 1 2
1 0 0 0 1 2 0 2 2 3
3 0 0 1 1 3 2 2 1 0
3 0 2 1 2 3 3 3 3 2
3 2 1 2 2 0 2 1 3 3
1 3 0 2 2 0 0 0 0 1
38 14 35 51 22 39 21 19 46 19
31 32 27 41 23 30 31 44 41 47
37 32 28 29 16 22 51 24 30 36
19 18 29 35 13 18 38 26 36 43
34 32 30 14 12 42 42 50 13 26
33 36 28 24 21 30 24 50 46 31
47 20 48 49 29 23 42 42 37 28
47 48 50 29 34 35 43 35 19 34
47 50 45 26 18 24 30 49 43 31
29 19 48 34 42 48 28 44 40 17
