0 1 0 1 2 1 1 1 1 0
0 3 3 0 3 0 1 2 2 2
1 1 0 1 2 1 3 1 3 2
3 2 0 1 1 2 3 0 2 3
2 3 1 3 3 0 2 2 1 2
0 2 3 1 0 2 2 3 2 2
2 0 1 3 1 0 1 0 2 1
0 2 0 3 0 2 1 0 3 2
1 0 0 0 1 0 1 2 3 1
3 1 1 2 1 0 1 2 3 3
1 1 0 0 0 3 0 2 2 3
3 0 1 2 3 3 0 0 3 3
3 0 2 2 2 2 2 0 3 0
3 1 0 2 0 0 2 1 0 3
2 0 2 1 2 0 1 3 2 1
0 0 3 0 1 0 2 2 1 2
2 0 3 3 3 0 1 2 2 0
2 3 0 3 3 0 0 0 0 0
1 1 1 0 1 0 2 3 3 1
2 2 0 2 3 2 3 3 3 3
1 2 2 2 2 2 2 3 1 0
2 3 1 3 2 3 0 2 0 1
0 3 3 2 2 3 0 3 1 0
3 3 2 3 1 0 0 3 1 3
1 2 1 0 0 0 3 0 1 2
0 0 3 3 0 1 2 2 0 2
1 3 0 1 0 0 3 2 0 2
3 0 3 0 1 0 2 1 2 2
3 3 3 0 3 0 3 0 3 1
3 2 0 2 2 3 3 1 2 0
0 3 3 1 1 1 0 1 0 2
3 2 3 2 2 0 3 3 2 3
0 1 3 1 2 2 1 3 2 0
3 2 1 3 3 2 3 1 3 1
0 3 1 0 3 3 2 3 0 2
1 2 1 3 3 0 3 2 2 2
2 3 2 0 1 1 2 2 1 1
2 1 1 0 1 3 2 2 3 2
3 3 3 0 2 3 0 2 3 3
2 2 0 0 0 0 1 0 3 2
0 3 1 1 2 0 1 2 1 3
3 1 0 2 2 2 2 1 2 2
2 3 3 2 0 2 0 1 3 0
3 3 2 3 3 2 3 0 3 2
1 3 1 1 3 1 2 0 2 1
0 0 1 0 3 2 2 2 2 1
2 2 0 2 1 0 1 3 0 2
2 1 1 2 3 0 0 3 2 1
3 0 1 2 2 2 1 1 1 3
0 1 3 2 0 0 1 1 2 0
2 2 3 1 0 3 3 0 3 1
3 1 3 1 3 1 2 3 3 0
1 2 2 3 3 3 0 3 0 1
2 2 2 1 0 2 2 0 2 3
1 2 0 1 0 3 1 2 0 2
3 0 1 0 1 2 0 0 1 0
3 2 2 2 2 2 0 2 0 3
1 1 1 3 2 3 0 3 2 1
3 3 3 2 2 1 2 3 0 2
1 0 2 0 2 3 1 1 3 0
1 1 1 3 1 1 3 2 1 2
1 0 3 0 0 3 1 3 2 3
2 1 3 0 0 1 1 1 3 2
1 1 3 0 3 1 1 2 3 0
0 3 0 1 2 1 2 1 1 2
3 3 1 2 1 3 3 0 0 1
2 1 0 1 1 2 2 3 2 0
2 3 1 3 2 3 0 0 2 3
1 2 1 2 1 2 0 3 0 3
0 1 2 0 1 2 2 2 3 0
0 0 3 0 0 0 2 3 1 2
1 2 1 1 0 2 0 3 2 1
3 1 2 2 2 0 0 1 3 1
1 2 2 2 2 2 2 3 1 0
0 2 3 1 3 0 2 0 0 2
2 3 2 1 3 3 1 0 3 2
0 3 1 1 3 1 1 0 0 2
3 1 0 2 0 0 2 0 1 1
2 1 1 3 3 2 0 2 2 3
1 0 2 2 3 1 0 0 1 3
2 1 0 1 3 2 1 0 1 0
0 3 0 1 2 1 2 0 0 2
3 0 2 3 0 1 1 0 3 0
3 0 1 1 3 0 3 2 2 3
0 1 0 3 0 0 1 0 3 2
1 0 1 2 1 1 1 1 3 1
2 3 0 3 1 1 3 3 3 1
0 2 2 3 0 3 0 3 1 1
1 2 0 0 3 0 3 2 2 0
3 2 2 2 1 3 2 0 1 2
0 3 0 3 3 3 1 1 3 3
3 2 3 0 2 3 3 0 3 0
1 1 0 3 0 0 2 0 1 2
3 2 2 2 0 3 3 0 0 1
0 3 2 2 0 1 3 1 1 0
2 2 1 2 1 3 0 2 2 0
1 0 1 2 0 2 2 3 3 3
0 3 1 2 2 3 2 1 2 2
2 2 2 2 2 2 1 0 1 3
2 1 0 1 1 0 0 3 0 0
16 29 32 29 30 45 21 49 45 28
20 27 27 48 31 28 45 42 30 26
45 45 40 41 46 41 43 29 39 34
47 38 16 17 29 22 27 36 18 19
46 15 17 43 15 40 22 22 25 42
48 38 43 29 28 18 18 27 14 14
38 32 37 43 49 40 21 16 14 29
28 18 16 15 44 22 13 32 35 46
29 28 20 28 17 28 33 26 31 45
31 29 17 14 45 20 25 14 51 31
13 21 44 32 16 39 40 26 34 51
51 12 21 34 47 51 44 28 35 23
19 24 50 50 46 34 14 24 51 24
43 21 12 14 48 20 14 37 28 35
22 32 26 49 22 28 17 23 38 21
48 12 47 12 41 48 14 38 33 46
18 40 39 43 15 36 37 30 38 24
26 19 36 27 39 16 32 36 32 16
41 17 41 16 33 32 22 23 43 33
42 30 48 50 39 46 27 31 39 27
25 46 18 42 18 22 46 51 37 12
26 23 25 51 26 15 16 18 20 21
36 47 19 30 26 43 16 19 21 48
27 23 34 51 37 44 44 19 13 39
21 26 29 48 28 24 19 40 21 30
24 16 15 27 12 29 50 18 40 22
33 51 28 21 48 44 19 46 24 34
43 36 15 32 13 32 22 21 50 38
19 27 31 40 43 36 35 32 23 13
31 14 48 22 18 47 47 29 30 32
44 27 51 49 25 17 20 41 20 38
51 18 43 26 26 20 47 51 18 43
40 33 19 33 26 50 41 35 34 44
35 30 49 43 47 38 19 29 31 17
20 51 13 44 31 39 30 43 48 30
21 38 41 51 39 20 39 50 46 14
22 15 50 36 17 49 22 38 33 41
34 21 29 24 45 15 34 30 51 30
51 19 23 28 18 39 12 26 47 15
26 22 48 44 16 12 41 20 15 18
32 35 17 21 30 40 21 22 33 47
39 41 28 50 14 18 14 33 18 34
30 51 31 38 40 46 16 25 43 24
43 31 46 19 27 22 19 32 31 14
25 51 49 21 23 25 50 44 34 49
48 28 17 48 35 18 30 22 22 37
26 42 44 26 33 44 25 51 24 50
38 13 13 26 19 32 40 27 38 29
19 24 13 22 38 18 33 17 25 43
32 37 39 42 12 32 33 13 34 24
18 22 31 45 16 35 27 36 31 41
51 45 31 41 15 33 42 15 39 28
37 50 18 39 39 23 12 39 36 37
46 22 30 49 16 22 18 32 30 27
29 38 12 25 16 15 37 38 28 18
23 12 45 12 17 26 24 44 21 28
35 46 14 14 22 30 36 38 28 47
33 17 49 15 30 35 16 39 30 17
51 39 47 34 18 49 38 23 40 38
17 12 38 24 42 47 33 17 51 40
45 41 33 47 13 13 23 18 17 30
33 20 19 36 16 27 45 27 42 15
38 37 43 16 28 45 45 41 19 30
41 37 15 16 35 29 29 14 47 32
40 31 24 33 34 37 38 45 33 14
51 39 33 26 29 47 51 24 44 13
14 13 44 13 21 30 26 15 18 12
34 27 21 47 42 19 48 24 18 19
25 14 45 46 41 50 36 47 36 15
40 13 26 44 17 18 42 34 15 12
24 48 35 36 44 12 50 51 37 18
17 46 37 17 24 38 48 35 38 17
39 37 46 42 14 16 16 33 43 41
21 14 30 14 34 26 50 35 17 44
36 34 35 13 39 24 50 48 40 22
18 23 26 25 47 15 17 48 15 14
12 15 41 49 39 49 41 48 48 22
15 45 20 30 12 44 38 12 45 17
50 17 21 35 51 26 20 42 38 39
17 28 22 22 31 29 44 28 45 35
14 49 32 21 47 46 33 36 25 20
24 19 16 49 18 45 30 28 28 14
47 24 30 15 44 49 17 20 51 20
39 28 37 41 47 28 35 46 22 51
12 29 44 43 32 48 45 24 43 42
37 16 17 18 49 25 17 45 51 37
46 23 20 23 37 13 15 27 47 13
24 46 34 51 44 23 20 39 41 49
33 38 24 20 19 12 27 14 34 20
35 26 18 14 45 43 22 40 13 38
44 47 12 43 23 51 41 21 27 43
15 46 27 28 50 51 47 32 43 40
33 33 16 43 28 16 14 28 21 34
15 46 34 18 36 23 43 28 24 29
28 15 30 14 40 45 43 37 13 16
46 42 45 30 33 51 44 42 30 36
45 32 29 22 12 38 26 19 35 31
40 15 21 30 22 39 18 49 14 18
50 42 26 26 18 22 37 48 37 23
14 45 48 25 45 40 16 15 16 16
