0 2 3 3 3 3 1 1 2 1 0 0 3 0 1 2
3 2 1 3 3 3 0 3 1 3 3 1 1 0 3 1
3 3 0 1 1 3 3 1 2 0 3 3 2 1 2 0
1 3 0 2 2 0 3 3 0 1 0 0 0 1 2 2
3 2 3 2 1 2 1 2 0 0 0 1 0 3 2 0
2 3 0 1 3 1 1 2 1 1 1 3 2 3 2 3
3 2 3 0 2 0 2 0 2 3 1 1 0 0 1 3
1 2 0 3 1 0 3 3 1 3 1 2 1 2 0 0
1 1 3 0 0 1 3 2 2 2 0 1 2 2 3 2
3 3 2 0 2 1 0 1 1 2 2 0 3 2 2 2
3 3 3 2 3 2 3 3 2 0 2 2 1 2 3 1
1 1 0 1 1 1 0 3 3 3 1 2 2 2 2 3
1 3 1 1 3 3 2 2 3 2 0 2 3 2 2 2
0 2 3 2 0 3 2 2 1 0 0 0 2 1 1 1
0 1 0 0 3 2 1 3 2 3 2 0 2 1 2 2
2 2 3 3 0 1 2 2 1 3 0 1 2 3 3 3
12 46 39 23 27 27 49 41 22 21 44 32 15 20 41 34
43 30 49 31 39 27 24 47 25 47 31 33 17 28 19 25
39 23 24 49 33 27 43 45 30 16 19 19 46 49 42 48
13 35 48 30 18 32 39 23 32 33 24 48 16 37 22 34
35 22 15 50 33 14 37 42 20 32 24 41 20 23 38 40
46 27 32 49 43 49 41 50 17 49 29 47 18 51 22 15
27 38 47 12 26 24 14 24 38 47 13 13 12 24 49 15
49 30 20 43 29 40 39 23 21 43 33 34 33 50 24 24
33 29 35 44 44 13 35 18 14 38 12 33 34 18 51 34
47 43 38 44 46 45 36 45 25 50 22 44 23 26 38 30
23 31 51 30 43 42 35 15 30 36 38 34 49 34 27 41
13 45 24 13 49 21 40 47 31 19 25 46 14 34 50 51
13 47 17 37 43 35 38 22 47 22 16 46 35 18 22 34
20 46 35 38 32 43 46 38 37 16 20 44 38 33 41 29
44 29 48 20 39 38 21 47 18 19 26 20 38 21 26 46
26 22 19 27 44 29 30 18 37 19 28 13 34 27 39 51
