0 3 2 2 0 0 1 2 0 0
1 0 1 3 0 1 2 3 3 2
2 0 3 1 1 3 3 3 1 1
1 3 2 1 1 0 1 0 1 3
1 2 1 0 2 0 0 0 3 0
3 0 1 3 1 3 0 0 0 2
2 2 0 0 1 3 0 2 2 1
3 3 1 3 1 3 0 0 3 0
2 2 3 0 2 1 2 0 0 1
3 0 2 0 0 2 1 0 1 1
2 1 1 0 3 3 0 1 1 3
3 2 0 2 1 1 3 3 2 2
2 0 1 0 1 3 1 1 1 0
3 2 1 1 0 3 1 1 0 0
2 3 3 2 2 2 3 0 3 0
1 1 1 0 2 2 0 2 0 3
2 1 3 3 2 0 1 1 0 0
0 3 3 1 1 1 1 3 2 0
2 1 2 0 0 1 2 0 3 0
1 2 2 2 1 0 2 1 3 3
3 3 2 2 1 0 3 0 3 2
3 1 0 1 2 1 2 2 2 3
1 3 3 0 1 2 1 3 0 1
0 1 1 0 2 0 1 2 2 0
3 1 1 0 0 1 3 1 0 1
2 2 0 0 3 1 3 2 1 1
1 0 2 2 0 0 3 1 0 3
2 0 2 0 0 2 2 1 3 0
3 3 1 0 3 0 3 0 2 2
0 2 2 0 1 0 2 1 1 3
1 1 2 1 1 1 2 1 2 1
3 2 1 3 3 2 1 3 0 0
1 1 2 1 3 3 1 2 3 0
0 3 3 2 2 3 2 1 3 3
0 3 0 2 2 2 0 1 3 0
2 2 1 0 1 1 0 1 1 3
1 2 1 2 3 3 2 3 1 1
2 3 1 2 1 2 3 0 2 1
2 0 0 2 1 2 0 3 3 1
3 2 1 0 3 1 0 0 0 0
0 2 2 1 1 0 0 0 1 0
0 3 3 2 3 2 3 0 3 1
3 2 3 1 1 3 2 0 2 0
1 1 0 2 3 1 1 0 2 1
1 3 2 0 1 2 1 0 2 3
3 3 1 0 3 2 0 1 3 3
2 3 1 1 1 0 1 2 1 2
3 0 2 0 3 3 1 3 1 1
3 1 3 3 3 0 3 2 3 2
0 1 2 1 3 0 1 0 3 3
2 0 2 3 3 2 2 2 3 1
3 3 1 2 1 0 3 0 1 2
1 2 2 2 1 3 3 1 2 2
1 2 3 2 2 1 2 3 3 1
2 1 0 3 0 0 2 0 3 0
1 2 1 0 1 2 2 2 1 1
3 1 2 1 3 0 0 1 0 3
0 1 1 0 1 1 1 0 0 2
2 3 3 0 0 1 0 3 0 3
3 3 3 1 2 1 2 3 0 3
3 3 2 0 1 2 3 1 1 3
1 3 1 1 2 1 2 0 2 0
1 1 0 2 3 3 0 0 1 1
3 3 0 3 0 0 3 1 2 3
2 3 3 3 2 2 3 0 0 2
1 3 2 3 3 3 3 2 2 0
0 1 0 1 2 1 1 2 1 1
2 0 0 2 3 2 2 0 3 0
0 3 0 3 3 1 3 2 2 0
2 1 1 2 1 3 3 2 0 0
3 1 1 1 1 3 2 2 1 3
1 2 3 2 2 3 0 1 0 3
2 3 1 3 0 2 3 3 2 0
0 3 1 0 0 2 1 2 1 3
3 0 1 0 1 0 1 0 3 0
2 0 0 2 1 0 3 0 3 3
3 0 0 0 1 1 0 2 2 1
2 3 2 1 0 1 3 2 2 1
3 0 0 0 2 0 3 2 0 2
0 2 3 1 0 1 1 1 1 2
1 2 0 2 3 3 0 3 0 0
1 0 2 2 1 2 1 0 3 2
0 3 1 0 2 1 2 0 0 2
2 0 3 2 0 1 3 2 3 0
1 3 3 2 0 3 1 3 3 2
0 2 3 2 2 3 2 3 0 0
1 2 1 0 0 0 3 1 1 3
0 0 2 3 1 1 1 2 1 3
3 2 0 0 2 1 1 3 0 2
0 3 2 2 1 0 0 3 0 0
2 0 2 1 2 2 1 1 1 2
0 1 0 3 3 2 0 1 2 3
2 0 3 3 2 2 1 0 2 2
3 1 2 2 1 3 0 3 1 3
2 2 0 1 0 1 0 1 0 1
3 1 3 0 0 0 2 1 2 2
1 1 0 0 1 1 0 1 2 3
3 0 2 0 1 3 3 0 2 1
3 3 2 0 0 3 0 3 0 2
1 1 3 0 1 2 1 1 2 0
40 23 30 34 28 16 45 22 40 36
29 40 21 27 12 13 34 23 51 14
38 36 43 29 25 51 43 31 45 41
29 35 50 29 21 20 29 40 49 23
37 14 37 48 50 20 16 44 39 28
15 36 45 47 33 31 20 40 44 38
42 14 20 12 13 15 20 46 34 33
23 35 17 39 13 35 40 12 15 24
38 38 43 24 46 49 30 24 48 17
31 28 26 28 20 50 45 28 21 41
14 13 49 16 39 51 20 33 41 31
35 14 24 30 37 49 15 51 14 30
30 48 33 48 41 35 41 25 33 48
39 50 29 45 44 19 29 37 28 20
42 19 15 38 50 22 39 16 43 28
37 13 29 32 42 14 44 34 40 47
38 49 43 47 38 20 45 41 48 12
36 51 39 17 37 13 49 27 18 12
38 33 50 44 48 33 46 24 23 48
13 18 50 18 45 16 30 45 51 51
35 27 50 42 49 12 31 32 31 42
51 49 36 49 42 49 42 18 46 35
29 43 43 16 41 38 13 27 36 49
40 13 41 48 46 36 33 14 50 28
31 21 41 28 28 21 39 41 48 45
38 34 12 24 43 37 39 42 33 41
21 28 26 34 20 24 47 33 24 23
30 40 30 32 20 14 34 33 47 48
47 27 17 36 27 24 43 32 30 14
32 30 34 20 13 44 14 37 41 43
45 29 50 29 25 33 42 33 18 45
31 22 49 43 23 38 41 47 32 40
21 49 30 13 23 35 17 18 27 44
48 15 47 50 26 43 14 25 27 15
28 35 28 46 46 42 32 21 27 40
14 14 25 20 13 25 32 49 41 43
25 26 33 46 15 19 42 27 45 33
14 19 45 50 17 50 23 16 50 37
22 12 40 50 25 34 28 51 35 41
19 22 37 48 39 17 40 32 44 24
44 34 18 49 29 16 24 44 41 24
28 47 47 14 43 38 19 32 19 25
23 38 31 41 49 27 46 16 14 48
25 21 28 30 47 45 29 40 50 41
29 51 26 32 45 18 25 24 30 39
39 23 21 16 51 26 40 17 19 43
50 31 49 21 37 44 21 46 41 34
35 20 46 44 27 47 17 31 41 21
47 29 39 43 47 44 31 30 35 22
48 25 42 33 27 16 33 24 35 31
42 12 42 35 19 34 22 18 39 29
27 15 45 14 13 48 27 24 41 14
33 30 22 14 25 35 15 25 30 18
33 34 39 38 30 13 50 31 23 25
42 41 36 43 36 28 34 32 23 32
17 38 17 12 29 18 26 26 33 37
51 37 22 33 27 16 12 37 16 35
20 37 49 32 13 17 49 48 20 22
38 35 39 32 28 49 12 19 40 39
19 27 39 25 38 21 50 51 16 23
47 31 50 24 49 14 43 41 17 23
45 15 21 25 18 25 26 12 50 32
21 25 36 30 27 47 48 24 33 13
51 47 16 15 48 40 51 21 34 51
50 23 23 31 18 14 51 40 20 26
29 43 18 15 47 31 15 50 22 44
36 17 12 33 46 41 45 42 29 37
22 24 20 14 23 22 50 12 27 16
16 23 32 27 23 21 39 30 46 36
46 17 45 42 49 27 31 50 32 48
19 49 49 17 49 27 34 30 45 39
25 22 19 46 42 43 32 17 20 43
34 35 21 27 48 38 31 51 30 48
40 35 49 36 12 22 37 50 33 19
27 28 25 32 49 28 37 12 47 48
18 36 48 42 49 16 35 12 31 47
27 48 36 36 21 49 24 26 14 25
50 51 50 37 12 37 51 18 18 37
43 12 16 36 46 20 19 38 24 42
44 46 19 21 28 29 49 33 13 46
37 22 24 50 43 35 48 27 44 40
29 12 30 14 49 26 41 32 15 18
36 31 45 24 30 29 14 12 32 46
14 24 23 18 24 45 27 14 39 36
49 15 19 30 32 15 21 15 31 18
24 34 23 30 18 43 18 27 32 40
21 50 41 36 48 20 47 41 13 39
48 40 46 19 13 21 45 42 13 51
31 14 48 40 30 29 49 39 44 18
48 47 34 18 37 28 24 43 36 36
30 12 46 25 42 46 25 49 49 42
24 33 36 31 47 26 24 33 50 47
34 16 23 19 42 50 33 12 38 50
35 13 26 50 41 35 36 27 45 19
30 34 16 41 48 17 28 29 24 21
39 25 43 16 20 36 50 25 46 38
21 25 48 32 21 41 32 37 22 23
23 48 34 16 29 19 51 12 26 13
23 15 26 16 48 39 48 27 48 42
13 21 51 36 41 26 21 45 50 24
