0 0 0 0 0 2 3 2 3 3 0 2 1 3 1 0
0 3 0 2 0 1 2 1 3 2 1 1 3 2 2 2
2 0 0 3 3 0 2 3 2 2 3 1 0 2 3 2
0 2 1 0 0 2 1 2 2 2 1 2 0 3 1 3
1 3 2 2 2 0 1 0 3 3 0 1 0 3 0 1
2 2 0 2 2 1 0 2 0 0 2 3 1 1 1 0
0 1 1 1 2 2 2 3 2 3 3 2 1 1 3 2
0 2 3 0 0 0 2 2 2 2 3 2 1 0 2 1
1 0 1 0 0 0 3 3 3 3 3 0 1 3 2 1
3 0 3 0 2 3 3 2 0 1 1 2 3 0 0 1
2 2 2 1 2 1 1 2 0 3 2 3 2 2 0 1
1 1 2 3 3 0 0 2 3 3 0 0 3 3 2 2
2 0 0 0 1 2 1 1 0 2 1 1 3 0 2 1
0 1 0 0 2 3 1 3 3 3 3 3 2 3 3 2
0 0 1 2 1 0 1 2 2 1 1 3 2 3 3 3
0 2 3 2 1 1 1 2 3 2 0 1 2 2 3 3
24 20 32 44 44 50 35 30 27 27 36 14 25 43 49 44
32 51 24 34 16 29 18 17 15 42 45 41 51 14 14 46
30 44 20 43 43 20 22 51 34 46 39 45 44 34 51 50
40 22 13 16 20 34 37 22 18 14 45 42 20 39 25 39
45 47 22 22 30 28 21 44 19 43 12 25 12 43 32 29
42 14 16 18 34 41 24 38 24 32 34 39 49 25 33 40
28 21 33 37 42 38 42 19 26 43 15 30 49 13 35 46
24 22 31 32 32 16 34 34 50 14 31 50 13 44 14 33
17 40 17 40 12 36 51 19 19 51 31 16 41 47 46 29
23 28 43 40 50 15 39 18 32 17 13 22 15 28 24 21
50 50 46 37 50 45 49 18 48 31 46 31 38 42 48 33
29 45 22 23 39 12 40 26 19 23 20 48 51 15 30 22
18 36 12 36 49 18 17 21 36 34 25 49 15 20 14 45
20 37 48 40 38 47 33 43 23 35 35 15 30 23 27 42
16 40 41 18 37 16 29 38 34 13 41 39 50 43 39 27
12 50 39 34 33 33 45 50 31 46 12 33 50 26 31 39
