3 2 0 2 0 3 3 3 1 1
3 1 0 0 1 2 3 2 1 2
0 3 0 1 0 2 2 2 1 2
1 3 1 3 1 2 3 0 3 0
3 2 1 0 0 0 1 2 0 0
3 3 0 2 0 1 3 3 1 0
1 0 3 3 1 1 0 0 2 1
1 2 3 1 0 1 2 3 1 3
1 0 1 3 3 1 2 1 0 3
2 2 0 0 2 0 1 2 1 3
35 34 20 22 24 31 23 19 13 29
43 21 40 28 37 38 43 26 21 18
28 35 16 33 40 22 42 18 41 22
13 51 45 15 37 50 35 36 15 44
31 46 25 24 48 24 29 18 40 48
23 19 44 42 24 33 31 27 45 28
25 48 39 31 41 33 24 28 50 25
29 30 47 37 24 13 38 39 13 43
13 12 37 23 51 29 30 33 20 43
26 18 32 20 42 12 21 42 29 39
