3 2 1 1 3 2 3 0 2 2
3 2 2 1 1 3 2 0 3 1
2 3 2 3 1 1 0 3 2 3
1 0 3 3 3 2 3 1 0 1
0 3 2 1 0 2 0 1 2 0
3 1 1 0 1 2 3 2 2 2
2 1 2 0 3 2 1 3 3 3
0 2 3 2 0 1 1 0 0 0
1 3 1 2 2 2 1 0 3 1
3 1 3 0 0 0 0 1 0 2
51 50 33 13 15 42 31 32 18 18
39 26 38 25 13 35 22 20 39 41
22 23 26 51 45 29 12 31 14 47
45 24 27 27 35 18 31 13 40 29
44 51 50 29 12 34 16 49 50 32
39 13 41 36 21 30 35 18 42 14
30 49 18 44 35 34 21 51 47 31
44 46 47 30 44 45 49 36 12 20
25 51 49 18 26 46 37 28 51 37
51 49 39 12 32 20 44 49 48 22
