1 2 1 2 1 2 2 1 2 0 3 1 2 0 1 1
0 0 3 2 0 2 1 2 3 0 1 0 2 1 0 1
2 1 0 2 2 3 0 3 1 0 0 0 2 0 3 3
3 0 0 0 1 0 3 1 2 3 0 3 3 2 1 1
3 1 1 1 3 2 2 1 1 0 2 1 1 3 3 1
0 1 2 0 3 1 2 3 0 1 3 1 3 2 0 2
1 3 1 1 0 2 2 3 3 2 3 3 2 2 3 2
2 2 1 0 3 0 0 2 1 3 2 0 3 1 0 1
2 2 1 1 0 2 0 0 2 0 3 0 0 0 3 1
3 1 2 3 2 2 0 1 2 3 0 3 3 2 3 0
0 3 0 2 1 2 0 0 3 3 0 3 3 3 0 1
2 1 1 1 3 3 3 1 0 2 0 2 1 0 3 0
2 1 1 3 2 1 0 0 3 2 1 0 1 2 0 3
3 2 3 0 3 2 1 1 1 2 2 2 0 1 1 3
2 0 2 2 0 2 1 2 2 3 0 3 0 1 0 0
2 0 2 3 1 0 2 3 3 1 3 1 0 2 3 2
33 50 17 34 21 38 42 17 38 36 15 45 22 48 41 49
12 20 35 30 36 14 33 34 35 48 21 24 26 45 16 37
26 37 28 46 30 35 28 47 17 24 20 44 46 48 23 19
31 36 32 48 13 20 51 33 42 39 36 51 19 22 17 33
23 41 37 29 39 14 22 25 29 24 14 37 21 43 27 25
44 13 22 36 43 13 46 51 44 33 47 17 31 14 32 30
37 43 33 17 28 22 42 27 47 26 35 51 22 22 39 46
42 26 33 16 39 28 32 26 13 43 46 40 27 25 40 21
22 38 17 29 12 30 36 40 38 16 47 40 24 48 51 37
51 21 46 35 22 46 44 29 42 15 24 51 35 22 35 28
44 27 48 26 29 22 32 44 51 47 48 47 39 27 16 17
42 49 17 17 23 15 39 17 20 30 16 38 25 24 35 16
22 17 17 47 18 45 48 44 23 14 37 28 29 50 44 31
27 26 19 44 27 22 49 17 13 38 26 42 20 45 29 39
34 48 34 42 40 34 29 18 46 23 48 43 36 17 40 12
38 12 14 39 17 48 22 39 39 37 51 37 20 26 19 42
