3 3 1 2 2 1 3 1 2 1
1 3 3 2 3 3 1 0 2 3
3 1 0 3 0 0 3 0 3 1
2 3 1 0 0 1 1 1 1 0
1 1 3 1 3 2 1 2 0 3
3 0 0 1 0 3 3 2 2 1
0 3 3 3 3 1 1 0 1 0
2 1 3 1 1 0 0 1 1 0
0 1 3 3 2 2 3 2 0 0
1 0 0 1 2 3 2 1 0 3
0 0 3 2 3 1 0 3 1 3
2 0 3 2 0 1 2 3 0 3
3 2 3 1 1 0 1 3 2 3
3 2 3 0 0 2 2 2 1 3
0 0 0 1 1 2 0 2 3 3
2 1 0 2 0 3 3 2 2 3
1 0 3 0 2 3 1 0 1 2
1 3 1 1 0 2 2 3 0 3
2 0 3 3 0 2 1 3 2 0
1 1 2 1 3 2 3 2 2 0
1 2 2 3 1 2 3 0 3 2
0 0 1 2 2 3 0 2 2 3
2 3 2 1 0 0 0 0 1 0
1 1 3 0 3 2 0 0 2 0
2 3 2 0 2 1 3 0 0 0
0 1 2 3 2 3 3 1 0 0
0 2 0 0 3 3 2 1 0 2
3 2 0 2 2 0 2 3 2 3
2 3 3 1 3 0 3 3 0 1
1 2 0 1 3 0 1 1 1 3
2 1 1 1 0 3 0 2 1 1
0 3 0 2 2 0 2 1 3 1
2 3 1 2 3 1 3 3 2 1
2 3 0 3 3 1 1 1 0 1
2 0 3 3 0 0 0 2 0 1
3 0 3 1 3 0 3 0 0 2
3 3 2 2 1 1 3 1 1 2
1 3 0 0 3 3 0 1 0 2
3 2 1 1 3 1 0 2 0 2
3 0 2 2 2 3 2 1 2 0
1 0 0 1 2 3 2 0 0 1
2 3 1 2 0 0 2 3 2 3
1 2 0 1 2 3 0 1 2 2
1 3 0 1 0 1 2 3 0 3
0 3 2 1 3 1 0 0 0 2
1 2 1 2 3 3 2 0 3 3
1 2 3 2 1 0 2 1 2 2
3 3 0 0 3 2 1 2 2 0
0 0 1 3 1 0 2 3 2 3
1 0 1 0 2 3 1 0 2 0
0 2 2 1 3 0 1 0 2 3
3 2 3 0 0 1 1 0 1 2
1 2 1 0 3 3 1 1 0 1
2 0 0 2 0 0 3 3 2 0
1 2 0 0 2 3 2 3 0 1
0 3 1 3 1 3 0 1 1 1
3 1 2 0 2 3 3 2 1 1
0 3 0 3 3 1 3 3 3 3
1 1 3 2 2 0 0 3 3 0
3 0 0 0 0 2 0 2 3 3
2 2 2 2 3 2 0 3 2 2
2 1 3 2 3 1 2 1 2 1
2 2 2 0 2 3 1 0 0 2
3 3 1 3 1 2 2 3 0 0
1 0 3 2 2 1 2 0 2 2
1 0 3 2 1 2 2 1 1 2
3 1 1 0 3 1 3 0 1 0
3 1 2 3 1 3 1 2 0 1
2 3 2 3 2 0 3 0 2 0
0 1 2 3 3 0 0 3 2 0
2 2 0 1 1 1 3 2 3 0
0 3 1 2 1 3 3 1 1 0
1 0 1 1 2 1 0 1 2 2
2 1 2 1 2 0 0 2 1 1
1 0 3 1 3 2 2 3 2 1
1 1 0 0 1 3 3 3 2 0
3 0 3 0 1 0 2 3 1 3
2 0 1 1 0 0 0 0 3 2
0 2 2 0 0 3 3 2 3 1
1 1 2 1 3 3 0 1 0 3
3 3 1 3 3 0 2 0 2 1
0 3 0 0 3 0 2 0 2 2
1 3 1 2 2 0 3 1 3 3
2 1 1 1 1 1 0 2 2 0
1 1 3 2 3 0 2 0 2 3
0 2 0 1 3 3 2 0 2 3
3 2 0 3 1 1 2 2 3 3
0 1 1 1 2 1 1 0 2 2
3 2 1 3 3 1 2 1 1 0
0 3 2 0 1 2 2 2 3 0
0 3 3 3 3 0 1 2 0 2
0 1 3 0 3 2 2 1 0 1
3 2 2 0 3 3 0 0 2 0
2 0 2 0 2 1 3 0 0 0
2 3 0 2 1 0 1 2 0 0
3 2 3 1 1 3 1 2 3 2
3 1 1 1 2 1 0 0 1 3
3 2 1 2 2 2 3 3 3 3
0 1 3 1 0 3 0 2 0 0
2 3 2 2 0 0 0 1 2 3
35 15 37 18 50 41 47 29 26 25
33 51 43 30 51 19 17 40 26 27
19 45 12 51 32 40 39 12 19 49
26 35 33 12 40 25 33 13 21 32
37 17 39 41 27 14 13 34 44 31
23 20 36 49 28 23 19 22 50 17
32 51 43 43 43 25 17 36 41 16
14 33 15 37 25 12 20 17 45 28
20 17 23 43 42 26 23 38 12 36
29 12 16 49 26 27 46 21 40 27
12 32 39 30 43 33 12 43 49 15
46 12 35 42 36 33 34 15 32 51
43 42 43 33 33 44 45 27 38 43
23 30 23 16 16 14 34 42 49 15
12 44 28 33 45 34 48 14 35 39
42 41 28 46 24 47 23 30 42 23
25 32 15 28 14 19 17 24 49 14
21 31 37 29 32 50 46 15 32 19
50 44 23 35 48 14 21 35 14 12
41 41 18 29 19 14 15 42 18 32
37 14 42 15 49 38 35 16 27 30
16 28 25 18 30 15 16 26 38 31
42 19 34 33 32 24 48 12 21 48
21 37 15 28 15 30 32 16 38 28
42 19 22 36 22 29 15 28 48 24
28 49 38 39 18 39 47 41 36 40
24 22 48 24 31 43 38 13 16 14
23 18 40 34 38 12 18 19 30 19
18 15 27 29 23 36 31 27 40 17
25 38 16 45 19 20 49 41 17 47
14 33 45 21 24 43 16 30 37 17
44 43 36 14 18 44 14 25 19 41
38 39 17 46 51 41 43 43 34 25
38 27 36 51 47 29 17 37 16 37
42 20 27 51 36 48 44 42 12 41
23 40 47 21 51 28 27 24 28 18
47 19 26 38 49 13 23 13 41 18
45 19 36 12 51 27 36 17 44 42
15 18 25 37 43 49 44 30 12 18
15 32 38 38 26 15 50 21 18 48
49 20 32 41 26 23 14 28 28 29
14 43 17 14 32 44 46 51 14 23
25 26 24 37 22 15 32 41 50 50
29 15 36 17 44 13 42 23 16 51
48 31 46 13 43 37 36 48 28 26
33 34 37 50 39 39 30 48 23 23
25 22 27 34 13 32 46 17 34 30
43 15 32 36 31 46 17 38 38 12
20 40 41 15 13 44 22 51 38 39
21 20 13 32 26 15 45 16 14 24
20 50 14 49 39 40 49 12 22 27
51 14 15 36 40 33 41 32 17 22
41 14 41 20 15 27 25 45 12 29
34 36 36 38 48 40 31 15 50 48
21 50 32 32 18 27 14 47 28 13
20 15 29 23 41 39 28 17 49 41
23 29 22 24 14 31 15 26 45 13
48 35 48 43 23 13 31 35 47 47
33 49 15 38 30 16 12 35 15 16
35 28 20 28 20 42 28 30 27 47
18 30 50 14 23 46 44 47 14 30
14 29 23 14 27 41 42 33 14 21
30 46 18 48 38 27 25 12 28 18
27 23 21 31 21 38 50 51 24 48
17 24 31 50 14 37 26 36 38 42
25 28 19 38 17 26 42 25 37 30
43 13 41 48 47 33 35 20 13 24
47 21 34 51 17 35 33 18 48 13
50 51 38 39 30 28 23 40 46 48
32 21 30 19 47 32 20 15 30 36
46 30 28 29 41 45 47 22 15 20
12 27 33 22 37 35 19 33 33 40
29 16 41 41 38 17 12 33 42 42
34 41 42 37 38 16 16 50 49 33
49 48 27 41 51 42 46 27 30 49
37 13 24 24 13 47 19 39 46 12
35 28 35 12 29 16 26 43 45 23
34 48 25 21 12 12 20 28 15 38
36 14 30 36 32 47 15 38 31 45
21 17 50 37 23 19 32 21 40 47
19 35 37 43 35 20 18 44 50 17
44 23 24 20 23 28 50 28 34 18
33 15 17 26 26 32 39 49 27 35
42 37 41 49 21 13 12 42 14 32
29 17 47 30 31 36 18 40 18 43
12 18 16 17 23 15 18 24 46 43
35 34 20 23 13 41 34 46 27 19
36 17 49 17 14 49 29 48 42 34
15 30 17 51 23 13 34 45 37 12
44 31 46 48 21 38 22 30 31 44
40 23 15 15 43 48 37 14 28 22
24 45 31 48 19 34 50 13 44 25
39 50 34 32 19 23 48 36 42 16
22 32 26 44 46 37 35 12 36 48
22 31 36 22 29 44 13 26 24 24
47 34 39 37 49 19 29 18 19 18
31 21 17 37 38 21 20 44 17 27
43 46 17 18 22 46 19 23 15 39
44 49 39 41 20 15 48 22 48 44
38 23 34 46 20 12 32 33 26 39
