3 1 0 3 0 0 3 1 0 0 0 0 0 3 3 3
3 2 1 1 2 2 0 2 2 1 0 0 3 2 3 2
1 1 2 0 3 2 0 1 1 2 0 2 0 0 0 0
0 0 1 3 0 3 1 2 2 2 0 2 2 0 0 2
0 2 3 2 1 3 2 3 1 3 0 0 2 2 3 0
0 1 1 1 3 1 2 1 2 0 0 1 1 1 3 0
3 3 0 1 1 3 1 1 0 1 0 2 3 0 0 2
2 1 1 0 3 3 1 2 2 0 0 0 0 1 1 3
3 0 2 0 3 0 0 3 3 2 1 0 3 2 0 2
1 3 1 0 3 0 0 2 0 1 1 1 3 2 0 1
1 2 3 0 3 1 2 2 2 0 1 1 1 0 3 3
0 0 1 2 0 3 2 2 1 0 0 2 1 2 2 1
0 2 1 1 2 0 1 1 3 3 3 3 0 3 3 1
1 3 1 3 1 0 2 1 3 0 0 3 2 1 0 3
1 2 3 0 0 0 3 2 0 1 2 2 0 2 3 2
3 3 3 0 0 1 1 2 3 2 0 3 0 3 1 3
35 29 40 35 20 16 31 21 36 12 44 36 44 47 35 51
43 26 45 33 38 14 44 46 38 41 32 48 51 14 43 34
37 33 38 32 31 22 28 25 13 22 40 26 12 48 16 24
44 36 21 39 16 35 49 38 22 14 28 34 30 28 28 34
12 38 47 46 17 23 38 43 25 27 16 48 34 46 39 36
48 45 45 29 15 37 14 37 38 40 48 49 13 25 15 28
15 51 24 45 17 31 49 49 20 29 32 50 23 36 12 34
30 29 25 36 39 19 49 30 50 28 44 44 32 49 29 47
43 28 46 12 19 40 16 43 51 18 33 28 15 14 40 26
33 27 21 28 35 20 28 42 12 41 45 25 23 18 12 41
37 18 43 28 15 45 22 42 14 16 25 33 29 16 51 19
20 16 21 30 40 15 42 42 25 20 12 42 45 42 26 41
40 34 33 13 30 32 49 41 27 15 35 31 24 19 15 13
13 19 25 31 21 44 30 41 23 16 12 31 14 25 24 15
21 46 35 24 40 40 51 22 36 37 14 38 20 18 27 34
23 43 19 12 44 25 49 26 15 30 12 43 44 39 45 19
