0 2 3 1 3 0 1 0 1 1
2 0 3 2 2 1 2 3 1 2
0 2 3 0 3 0 3 3 0 2
2 3 2 1 0 1 3 0 3 3
3 1 2 3 0 2 2 2 3 3
0 3 1 1 0 3 1 0 0 3
2 3 2 2 1 2 2 3 0 2
3 1 1 0 3 1 1 1 2 1
3 0 0 0 2 0 3 1 1 0
2 1 2 1 1 1 3 2 3 0
1 2 2 0 3 1 2 0 1 3
2 1 3 1 0 0 2 3 2 2
1 1 0 1 1 0 0 3 0 1
3 1 0 3 3 2 2 2 1 2
1 0 3 3 0 1 1 1 2 0
0 3 0 0 3 3 3 1 0 2
0 2 3 0 1 0 3 2 3 1
0 0 2 3 3 2 3 1 1 3
0 1 0 3 2 0 3 1 2 3
2 2 0 3 1 1 1 2 1 2
2 0 3 1 0 2 1 2 2 2
2 1 0 2 3 1 1 1 2 2
0 1 0 0 1 1 2 3 1 1
2 0 3 2 2 1 1 2 0 0
0 1 0 2 3 1 1 1 0 1
1 3 3 3 3 2 2 0 3 2
3 2 1 1 0 3 2 1 3 3
1 1 2 1 0 1 0 3 2 3
2 3 1 0 0 0 2 2 0 2
1 3 1 3 2 0 1 3 1 3
3 0 0 0 1 0 0 3 2 1
1 1 1 3 2 0 0 1 1 3
2 3 0 2 2 1 0 2 2 0
0 3 1 0 2 0 2 0 3 0
3 3 1 0 0 1 2 3 3 1
3 0 3 1 3 0 1 1 1 3
3 3 3 1 0 2 0 2 0 0
3 2 3 1 2 0 0 3 2 1
1 0 3 2 0 1 3 0 2 1
2 3 3 0 0 1 1 1 0 2
1 1 2 3 3 1 0 1 2 3
0 3 0 2 1 0 2 2 0 3
1 0 2 0 2 0 1 2 1 3
2 0 0 1 2 0 1 3 1 3
0 1 0 1 1 1 3 1 0 1
0 1 1 3 2 0 0 1 0 2
1 3 3 0 1 3 0 2 2 3
3 3 3 2 1 3 3 0 1 1
3 3 3 3 0 2 2 0 1 0
3 2 1 3 2 1 2 1 1 1
1 2 3 3 0 2 2 0 2 3
1 0 0 3 3 2 0 0 0 3
0 2 0 3 2 3 3 2 3 3
2 3 3 1 3 3 3 2 1 0
0 2 0 0 3 1 0 2 0 2
0 1 3 3 0 2 1 2 3 2
3 2 2 3 1 0 0 2 3 3
3 0 3 2 1 3 0 2 1 3
3 0 1 2 3 1 2 1 3 1
0 0 1 0 1 0 1 0 0 3
1 0 1 3 1 1 3 2 3 2
1 3 3 1 3 1 1 0 3 1
0 1 2 3 0 1 0 1 1 1
1 2 1 3 3 2 3 0 2 1
0 3 2 2 3 3 2 3 2 2
1 2 0 2 1 1 3 1 2 0
1 2 3 0 1 0 2 3 0 1
3 1 0 2 2 3 1 1 3 2
2 3 1 1 3 0 3 0 1 2
0 3 0 0 3 0 3 1 1 1
0 1 3 0 2 3 1 0 3 3
1 0 2 1 2 0 0 2 3 3
3 1 1 0 3 0 0 1 3 2
2 0 2 0 2 1 0 0 3 1
0 1 1 0 2 2 2 2 2 3
0 0 1 3 3 0 0 0 2 2
1 2 0 0 1 1 0 2 3 3
2 3 0 2 1 2 0 3 1 3
0 3 1 1 1 2 0 1 3 3
2 2 0 2 2 1 1 3 3 0
1 2 2 3 2 0 3 2 3 2
2 0 2 1 2 2 1 0 2 3
3 1 2 0 0 0 2 0 3 1
3 2 3 0 3 2 2 0 3 3
2 0 1 0 3 0 1 3 3 2
2 2 2 1 1 3 1 2 0 3
2 1 2 1 0 1 1 0 2 1
1 3 3 0 1 3 2 2 1 3
0 2 0 1 0 0 0 3 1 2
0 3 0 2 1 2 1 3 1 0
1 2 1 1 0 3 1 0 0 3
0 0 2 1 3 0 2 1 1 2
1 3 3 3 1 0 1 0 0 0
0 1 3 1 3 2 2 2 0 1
3 1 3 2 2 0 1 2 0 2
0 1 3 1 0 3 3 3 3 2
2 0 1 0 1 3 0 3 3 1
0 3 1 1 2 2 2 2 2 3
2 0 2 1 0 3 2 3 3 0
3 1 2 3 1 3 2 1 3 1
20 30 39 29 51 32 21 40 21 37
18 24 23 22 38 45 22 39 41 38
40 50 47 28 27 28 39 43 48 30
30 35 34 33 20 13 15 12 51 23
27 29 18 15 24 30 14 30 15 23
16 51 29 37 28 27 49 28 20 35
14 23 14 26 45 22 26 15 48 18
35 17 29 16 43 29 25 33 22 33
23 24 20 12 22 24 15 13 17 44
38 29 18 17 21 49 51 14 47 20
25 14 18 40 31 41 34 24 33 31
26 33 47 49 12 48 26 27 46 14
33 37 24 33 13 44 16 51 44 41
35 37 16 23 23 38 46 46 41 38
33 32 23 27 20 25 29 41 34 20
24 47 24 32 19 39 31 37 16 22
20 26 35 36 29 48 27 42 31 37
12 24 22 19 43 42 51 41 45 19
36 45 12 43 38 16 23 33 38 31
22 22 28 31 45 33 49 30 25 30
22 28 51 45 36 42 33 18 26 34
18 13 20 38 47 41 25 29 50 22
20 13 16 36 37 45 38 47 25 41
26 28 39 18 26 13 17 34 44 36
28 45 40 18 43 37 49 33 48 49
41 43 51 51 15 22 22 16 23 38
47 18 17 37 28 23 46 17 27 31
13 21 38 41 28 21 32 23 30 31
30 47 45 32 32 24 30 46 36 26
37 15 37 47 26 44 21 15 37 23
19 28 36 32 13 20 48 43 18 17
25 13 25 51 50 28 32 25 41 27
38 23 44 22 38 33 48 26 22 28
12 51 29 16 30 44 18 12 35 20
27 35 13 40 44 49 18 19 19 13
51 32 27 17 43 36 37 13 33 43
51 35 23 41 16 46 32 46 36 40
27 26 43 17 46 44 24 47 14 25
25 36 15 30 16 41 51 12 30 13
26 35 27 12 28 25 49 17 40 50
17 13 50 43 47 17 32 33 34 51
12 47 24 30 45 12 50 34 48 19
13 24 18 28 50 36 21 22 49 43
46 24 32 45 18 40 49 19 45 47
12 25 32 33 29 49 47 33 32 17
48 21 49 47 14 20 16 17 36 30
49 51 43 28 17 19 20 14 34 31
27 43 19 38 33 39 43 28 49 33
39 43 31 23 48 30 26 24 37 12
15 38 45 47 18 37 38 41 49 37
29 38 51 15 20 42 22 40 42 31
25 36 44 39 23 30 28 36 32 47
48 22 20 43 18 31 23 46 47 19
38 23 31 13 39 47 15 46 45 36
20 46 40 20 19 49 36 14 40 50
48 41 27 35 16 34 41 46 27 22
47 42 14 47 41 12 32 38 15 19
43 12 15 18 37 47 36 18 49 27
31 20 49 18 43 25 50 29 39 17
28 40 49 28 45 12 33 28 36 23
33 32 21 47 25 21 27 46 51 42
37 35 47 33 39 33 21 16 27 17
24 41 22 47 44 21 16 41 41 17
13 14 41 47 47 14 19 48 30 37
48 31 22 26 19 19 30 47 22 18
25 50 20 26 17 29 39 49 30 28
37 26 39 44 37 44 34 35 40 29
19 17 12 22 14 19 29 13 47 50
22 51 41 45 19 20 23 48 29 42
20 43 20 44 31 36 31 41 41 37
12 33 47 16 34 35 25 28 23 39
29 32 26 49 30 12 36 42 19 15
15 21 41 28 35 12 24 37 39 30
26 20 30 12 34 45 36 16 51 17
16 37 13 32 34 30 30 22 18 51
44 28 33 39 31 44 16 20 46 18
17 18 36 20 25 45 24 34 47 43
46 35 20 22 45 34 40 51 49 35
28 27 45 37 45 22 48 13 19 23
34 46 24 50 14 17 37 23 15 12
29 22 18 23 42 24 35 14 39 14
34 28 46 49 30 42 41 24 50 51
35 21 42 16 24 36 50 32 35 17
23 34 51 12 39 30 18 48 47 27
30 44 41 36 39 28 37 27 39 22
50 50 18 37 41 31 49 30 48 23
34 17 42 25 24 21 45 36 30 17
45 19 27 40 17 47 38 30 25 35
32 30 44 33 20 44 20 23 45 30
12 35 32 14 41 46 29 31 37 44
37 38 33 21 20 15 37 16 40 31
12 12 46 29 35 40 38 49 37 34
49 15 31 51 49 24 49 12 24 12
32 33 39 49 15 30 22 46 28 49
35 45 23 18 18 24 33 42 12 38
12 13 19 49 48 31 15 23 23 14
26 28 13 36 25 39 40 19 39 21
48 31 13 25 26 38 22 14 42 35
42 20 46 13 32 27 14 27 51 12
27 25 38 47 29 43 46 37 43 13
