1 2 3 3 3 3 3 3 0 0
2 2 2 1 1 1 3 3 1 3
3 1 2 1 1 2 1 0 0 0
3 1 1 0 1 2 2 2 3 1
0 3 1 0 3 2 3 2 0 0
2 1 3 3 0 3 1 3 3 0
1 2 1 1 2 0 3 2 3 1
2 2 3 3 2 0 3 0 1 0
2 1 2 0 2 0 3 0 2 3
0 1 3 1 1 3 3 0 0 2
33 18 43 31 35 19 47 19 16 28
26 18 22 37 37 13 19 43 17 31
47 49 50 21 37 34 45 48 16 48
39 25 29 28 13 46 22 42 23 13
48 19 49 24 15 42 47 38 44 40
34 33 39 19 48 19 49 43 23 32
33 46 21 21 38 48 27 38 43 17
30 46 39 23 18 36 35 12 29 20
26 37 50 20 42 44 47 28 22 15
36 33 19 21 29 19 43 24 20 26
