1 0 1 1 2 3 1 2 2 1
3 0 2 3 0 3 1 2 3 2
3 2 2 3 0 0 3 2 1 2
3 1 0 1 2 0 3 0 1 2
0 2 1 1 1 3 2 2 3 1
1 1 2 0 1 1 1 3 0 0
3 0 2 0 1 1 3 0 0 0
2 1 3 1 1 1 3 1 1 2
2 0 3 0 2 2 1 3 2 0
2 2 3 1 3 2 2 2 3 0
2 3 1 2 3 1 3 1 0 1
2 2 0 1 3 1 3 3 2 3
3 1 3 1 3 3 1 1 3 3
1 1 3 2 0 0 3 0 3 3
1 0 3 1 2 2 0 2 0 2
2 1 0 3 3 0 3 1 3 1
2 2 3 1 2 3 1 0 1 2
1 1 2 2 0 0 1 2 3 1
0 2 2 3 3 0 3 0 0 2
3 3 0 2 0 1 3 2 2 0
1 0 1 2 2 3 0 3 0 0
2 3 1 3 0 2 1 2 2 2
1 2 0 0 3 3 1 2 1 2
0 2 3 0 2 0 0 0 2 1
3 1 1 1 0 3 0 2 3 3
3 3 0 1 0 0 0 0 3 0
0 3 1 0 2 3 3 3 3 2
3 3 1 1 3 3 3 1 2 0
2 2 3 0 0 0 2 3 3 2
3 0 1 0 1 2 3 0 3 2
2 3 1 0 2 1 2 1 0 1
0 2 3 2 3 3 1 2 0 1
2 1 1 3 1 1 1 3 0 2
2 0 3 1 0 0 1 1 1 1
2 3 0 2 2 2 3 1 3 3
1 0 1 0 2 3 0 2 1 3
3 2 3 2 0 3 3 2 2 1
0 2 0 2 2 2 0 3 0 2
3 1 3 3 0 1 3 3 3 0
0 2 3 3 3 2 0 3 3 3
3 1 1 1 0 2 2 2 0 0
0 1 1 2 2 0 2 2 3 0
3 0 1 2 0 3 2 1 1 0
2 2 0 3 0 2 1 0 1 0
0 3 1 2 0 3 0 2 1 1
3 3 3 2 1 2 0 2 1 0
0 2 3 3 0 2 3 0 0 2
0 1 0 0 0 1 0 3 0 3
3 1 3 2 1 2 0 0 2 0
3 3 1 3 3 1 1 0 0 3
0 2 2 2 2 0 1 1 3 1
3 0 2 2 1 1 0 3 2 2
1 2 2 3 2 3 2 1 2 3
0 1 2 1 3 2 1 3 2 3
2 2 1 0 0 1 1 2 2 2
3 3 2 2 1 1 3 3 3 3
0 2 3 3 0 0 0 2 2 0
0 3 0 3 2 2 0 0 1 0
0 0 2 0 2 1 0 1 0 1
1 0 0 3 3 3 1 2 0 1
1 1 3 2 3 0 3 3 3 2
3 2 2 1 3 3 0 1 3 3
1 2 3 0 1 0 2 2 0 3
2 3 2 0 0 1 1 3 1 1
1 3 2 1 1 3 3 1 2 1
2 3 2 1 1 0 3 2 1 0
0 1 3 0 0 2 3 1 3 1
3 2 2 3 1 3 3 0 3 3
0 2 3 3 0 0 1 0 3 0
0 0 2 2 2 3 0 1 2 2
0 3 0 3 1 2 1 1 3 0
0 1 0 2 3 1 2 3 1 3
0 3 2 1 0 0 0 3 1 3
0 2 2 2 3 0 2 1 2 2
0 1 1 0 3 0 0 3 2 1
2 1 1 0 2 1 3 3 2 1
2 1 2 0 3 2 0 1 2 2
3 1 3 3 1 3 2 1 0 0
1 1 2 0 0 1 0 2 2 3
0 0 2 2 3 2 2 3 3 2
3 1 1 2 0 1 3 3 0 3
3 1 3 0 0 0 3 3 2 1
2 1 0 3 0 0 3 2 3 2
3 2 2 0 1 3 3 1 0 3
0 1 0 1 3 0 3 0 1 0
1 0 3 2 0 3 0 2 3 3
0 0 0 2 2 1 1 1 2 2
0 1 2 2 2 2 2 3 0 2
1 3 2 3 1 2 2 1 0 3
1 0 0 2 2 2 3 2 0 0
0 0 0 2 1 3 3 0 0 0
2 3 3 3 2 0 2 2 0 1
0 1 1 3 1 1 1 1 0 0
3 3 0 3 0 0 3 1 1 2
0 1 1 2 0 1 3 3 1 0
0 1 3 0 0 3 1 0 2 3
1 0 3 2 3 2 2 0 1 0
1 0 1 2 1 1 3 1 1 0
0 1 0 0 2 2 0 1 3 1
2 1 1 2 3 1 3 3 2 2
41 44 37 41 26 51 13 26 38 41
23 12 46 23 28 35 25 18 51 38
27 22 50 51 44 44 51 30 45 30
23 41 12 13 22 12 27 16 25 18
48 14 29 45 33 35 50 30 27 49
41 17 14 12 49 49 13 31 16 32
43 44 14 20 33 49 35 32 40 48
46 21 51 41 49 13 51 21 13 42
18 12 51 36 18 50 33 35 46 16
46 30 43 37 51 38 50 38 27 48
30 43 17 26 23 45 19 29 24 17
46 46 48 33 51 25 23 23 42 23
51 21 15 13 27 43 21 45 15 15
25 29 15 18 24 36 15 32 51 35
25 20 39 41 42 34 32 22 24 42
38 17 40 39 31 48 23 17 23 13
42 18 19 37 18 15 45 44 17 50
25 13 18 26 28 24 13 50 15 25
32 42 38 39 27 36 35 12 28 38
39 47 28 22 44 29 47 34 46 32
49 16 21 14 46 35 16 27 48 40
42 15 17 39 48 14 45 18 42 22
25 50 20 32 19 35 41 14 33 46
44 14 35 20 42 24 48 20 42 49
43 29 21 17 20 47 48 46 23 47
27 19 20 17 36 12 48 32 51 36
20 31 17 20 18 43 19 23 39 26
35 47 41 21 51 39 23 41 42 16
26 14 43 20 44 16 42 23 19 46
51 24 21 24 29 18 15 28 23 30
42 47 21 44 38 13 18 37 28 49
16 30 23 34 39 43 21 22 36 37
50 33 33 39 33 49 17 19 24 42
42 48 47 33 32 48 29 37 37 17
42 51 40 14 50 30 35 17 19 51
29 48 41 32 22 31 40 46 29 31
43 50 31 42 32 15 43 46 46 37
48 42 40 50 26 46 24 39 24 42
39 37 47 15 32 37 39 15 23 44
40 42 39 51 51 38 12 39 15 39
19 49 17 45 40 30 18 46 28 48
28 25 45 22 38 32 18 30 47 28
23 24 49 46 12 15 22 17 49 36
18 26 32 47 16 46 45 24 41 40
32 19 29 46 16 23 32 34 33 25
51 31 27 38 41 30 36 38 29 24
28 42 47 15 28 14 15 20 28 42
44 49 40 24 16 37 24 39 44 35
19 33 35 38 29 38 32 20 14 16
15 27 33 31 39 13 29 44 40 27
20 46 18 18 42 20 49 41 51 41
27 12 50 22 21 41 36 19 30 46
45 38 46 31 30 43 50 21 50 35
20 13 18 49 27 18 45 23 14 15
50 22 49 20 32 29 25 22 26 26
39 23 14 46 49 45 31 15 27 15
32 46 51 15 48 48 36 26 14 20
24 47 12 19 34 42 36 32 37 40
44 40 50 48 42 17 12 13 40 21
29 44 20 19 35 47 41 34 48 21
25 33 51 46 27 28 47 39 31 38
35 26 26 37 19 23 16 25 23 23
29 22 47 16 45 36 30 22 32 19
26 43 50 20 44 33 33 51 41 17
49 15 42 21 13 27 19 33 18 17
42 35 22 29 29 48 43 26 29 20
16 21 23 24 28 30 19 21 39 13
35 38 18 43 33 51 51 28 51 15
40 14 15 47 20 36 41 20 27 28
48 44 18 18 38 31 44 17 50 50
40 27 40 27 49 30 17 45 35 48
48 21 40 14 35 41 30 47 33 27
44 47 42 33 48 40 48 39 17 23
24 26 14 18 39 32 14 45 34 50
28 25 41 24 51 24 40 51 50 17
38 45 17 44 34 29 39 43 42 45
46 33 50 16 15 50 40 21 14 38
19 29 19 19 13 31 46 21 32 48
25 41 18 20 32 17 24 22 38 15
32 16 30 38 31 34 42 31 39 30
15 37 17 30 44 29 51 47 44 51
51 25 23 24 48 44 47 31 18 21
34 49 28 15 36 20 19 34 31 38
43 34 46 20 17 35 51 21 16 43
20 25 32 17 43 16 35 16 41 24
13 12 39 50 24 47 16 46 47 15
16 40 36 18 46 25 33 13 50 46
28 13 30 46 50 26 38 27 44 50
21 27 50 39 29 38 42 21 44 51
33 16 32 34 46 38 47 38 28 20
16 32 48 50 37 43 43 32 32 28
42 35 19 35 38 12 34 18 28 29
16 13 45 15 33 37 33 49 32 24
39 47 32 19 28 20 15 33 45 22
48 13 13 22 12 29 27 15 33 48
48 13 51 16 24 27 33 16 14 31
13 20 23 30 23 38 22 16 33 48
21 44 17 34 13 13 51 13 33 32
32 29 12 32 50 50 48 25 43 49
50 33 41 14 15 17 23 23 22 42
