2 3 2 1 0 0 1 0 3 3
1 3 3 1 0 0 3 0 1 2
1 0 0 3 1 1 0 0 1 3
3 2 0 0 0 0 2 1 2 3
0 0 2 3 3 2 2 3 1 3
2 1 1 3 0 0 0 2 1 2
2 0 0 1 3 1 2 0 0 3
2 1 1 2 3 3 2 0 3 3
3 1 1 1 1 0 1 3 1 2
0 3 2 3 2 2 2 2 0 1
30 43 26 17 32 48 29 40 51 39
45 35 15 45 16 12 39 32 45 46
37 44 24 27 17 49 48 24 33 51
19 18 20 48 24 32 14 21 46 51
28 20 34 19 23 22 30 31 21 35
46 41 25 27 32 20 24 46 25 46
50 24 40 21 31 29 30 16 24 39
30 21 25 42 51 39 42 28 27 43
35 45 37 37 49 36 21 15 29 42
40 23 42 47 46 46 30 50 28 45
