3 1 1 0 1 2 2 0 3 1 2 0 3 2 2 0
2 2 1 1 0 1 3 3 1 2 1 2 2 3 3 1
3 1 1 3 3 2 1 1 3 0 0 3 0 1 0 1
1 1 0 0 1 2 2 2 2 1 1 2 0 1 3 0
3 1 1 0 2 1 2 3 3 2 2 2 2 3 0 3
3 2 2 3 1 1 2 1 2 2 0 0 0 0 2 1
2 0 3 2 2 0 0 3 3 0 3 1 2 0 0 3
1 3 2 0 2 3 2 0 1 1 1 2 0 2 0 2
1 1 2 1 0 0 1 1 1 3 3 3 3 1 0 3
0 1 0 1 0 1 2 3 1 2 1 1 1 2 1 1
1 0 2 0 2 3 3 0 0 3 0 1 3 3 2 0
1 1 1 2 3 2 0 1 1 2 2 0 2 1 0 3
1 3 1 2 3 0 1 1 2 0 0 3 2 3 2 0
2 2 0 2 3 3 2 1 3 1 0 2 2 3 0 1
1 1 0 2 3 1 2 1 3 1 3 0 3 0 0 3
3 3 2 0 1 3 1 0 0 3 1 2 1 3 2 2
39 29 33 44 17 34 22 36 27 41 46 40 47 38 30 12
46 18 21 13 24 41 27 19 21 46 33 46 50 27 19 49
23 25 21 31 31 38 33 29 51 48 24 23 48 41 28 21
29 45 40 48 41 14 50 46 50 41 21 26 48 21 51 32
39 21 45 20 26 33 30 19 39 30 34 38 14 35 32 23
47 38 22 35 13 25 30 41 50 14 48 40 12 40 34 17
46 20 51 46 34 48 48 51 15 16 23 45 38 20 20 23
49 31 22 36 26 47 34 32 45 45 21 26 28 46 32 34
49 21 30 49 40 36 49 17 17 47 31 23 31 33 44 23
36 17 28 37 20 29 14 31 29 42 41 41 41 30 21 17
17 40 42 28 30 31 19 24 28 35 36 21 35 23 38 16
45 13 25 46 39 30 20 13 21 26 18 24 22 29 44 31
25 19 37 26 31 40 17 25 46 36 40 19 34 15 14 28
30 34 44 46 19 47 46 37 19 41 12 30 22 23 16 41
29 29 36 30 31 49 42 37 19 29 43 40 43 32 36 15
43 31 18 48 29 47 37 20 28 39 45 22 41 19 22 26
