2 0 3 1 0 1 3 0 0 1
2 0 2 0 0 1 0 1 3 0
2 3 0 0 3 1 0 0 1 2
3 2 0 0 3 0 0 1 0 1
3 1 0 0 3 2 0 2 2 2
2 3 1 3 2 3 0 1 1 3
0 0 1 0 0 0 0 0 0 3
1 3 0 1 0 0 1 2 3 0
2 3 0 3 1 0 2 0 0 1
0 3 3 1 1 1 3 3 1 1
0 2 2 1 1 0 2 1 1 1
1 2 3 2 2 3 0 3 3 1
2 2 3 0 1 0 0 1 0 0
0 0 1 3 0 2 3 1 3 0
3 3 2 2 1 1 3 1 3 3
2 2 0 1 0 2 1 0 2 2
0 1 1 1 0 0 1 0 3 3
1 0 2 1 3 0 2 2 3 3
1 3 0 0 3 3 1 2 1 0
2 2 0 1 3 1 3 3 1 1
1 0 0 2 3 1 3 1 3 0
1 3 1 3 0 3 0 0 2 0
1 1 0 1 3 3 3 3 0 3
1 1 1 0 3 0 1 0 2 2
0 3 0 3 2 2 1 2 1 0
0 3 3 2 0 1 2 0 0 0
2 0 1 0 1 0 2 0 2 2
3 2 1 3 1 2 0 1 0 0
3 2 3 1 0 2 0 0 2 2
2 3 2 1 2 2 3 3 3 0
2 1 0 3 3 2 3 1 2 0
0 2 2 1 3 0 2 3 1 3
1 2 1 2 1 1 1 2 2 3
1 1 3 3 3 0 3 2 0 0
2 3 2 3 3 1 0 2 3 1
3 1 2 2 2 2 3 3 2 1
1 0 3 1 3 1 2 2 1 0
2 1 3 2 2 1 1 2 2 1
1 3 3 3 0 0 3 0 2 0
3 2 0 1 3 3 0 2 0 3
0 2 3 2 2 1 1 0 0 1
3 0 3 0 0 2 2 0 3 3
1 1 2 1 2 1 0 2 2 3
3 0 0 0 3 0 0 3 0 2
0 0 2 0 2 3 0 2 0 1
0 0 2 0 2 2 2 2 2 0
3 2 0 1 2 0 0 0 2 2
1 0 0 1 2 1 1 1 2 3
3 2 1 1 0 3 3 0 0 3
2 2 3 2 2 1 0 1 2 0
3 0 2 1 2 0 2 2 1 3
3 0 1 3 0 1 2 1 2 2
1 1 1 1 1 3 2 3 3 0
1 0 0 0 2 3 0 3 0 2
1 2 1 3 1 0 1 1 1 0
2 3 3 3 0 1 0 2 2 1
2 3 2 2 0 0 2 3 2 0
3 1 0 2 1 2 1 2 1 1
0 3 3 0 2 1 0 0 3 0
3 3 3 0 1 0 1 1 2 2
2 1 1 0 2 3 3 2 0 1
1 2 1 1 2 2 2 2 2 0
2 1 0 2 2 1 2 1 1 3
2 3 1 2 0 1 1 2 0 1
1 0 1 1 0 3 1 3 2 3
1 2 1 3 3 3 2 3 2 3
1 0 2 2 0 1 2 0 1 3
0 2 0 3 3 3 3 1 3 2
3 0 2 2 2 0 0 2 1 1
3 2 1 3 2 0 2 3 2 3
3 2 0 1 2 0 3 0 2 3
3 3 0 1 0 3 1 3 1 1
0 1 0 0 3 0 2 3 0 0
2 2 3 1 1 3 3 1 0 1
2 2 1 1 1 2 0 1 1 0
0 0 3 2 3 3 0 0 1 2
3 2 1 0 3 2 3 1 3 3
2 0 2 0 1 3 3 1 3 2
1 3 0 2 0 3 1 2 0 2
0 3 3 2 1 0 3 0 1 3
2 3 1 0 1 0 0 2 3 3
2 3 2 0 3 0 0 3 1 2
0 0 2 3 2 3 0 1 1 3
2 0 2 2 3 0 1 2 0 2
2 3 0 2 0 1 3 1 3 1
3 0 0 2 2 0 3 1 1 1
0 3 2 2 1 3 0 1 2 0
0 2 0 2 3 2 2 2 2 3
2 2 3 3 2 0 3 3 2 2
1 1 0 1 0 1 0 1 1 2
1 1 0 2 0 3 2 2 3 3
2 0 0 1 2 2 2 3 0 2
0 0 3 3 1 2 1 2 2 1
0 3 1 2 2 3 0 2 2 0
0 0 1 1 1 1 0 3 0 1
0 2 1 0 2 0 1 0 2 0
1 0 3 3 1 1 1 1 2 2
2 3 0 0 2 1 2 2 1 0
0 1 1 0 0 1 0 1 2 3
2 3 0 3 1 1 0 3 2 1
22 44 47 29 48 25 31 12 24 33
50 32 50 20 16 29 24 25 39 32
42 43 48 40 27 29 24 36 21 18
51 34 40 48 35 32 20 49 36 17
15 13 24 32 27 42 48 34 26 26
26 51 25 39 18 43 32 25 21 47
28 36 45 16 40 28 48 44 16 43
17 35 32 17 40 24 29 26 35 44
34 15 36 19 21 48 38 44 12 17
28 31 27 17 13 37 39 31 13 41
16 42 38 29 21 28 18 17 41 13
17 26 27 38 14 43 12 23 27 33
50 42 23 16 25 28 44 25 40 36
48 48 21 31 40 14 15 41 35 12
35 31 30 14 49 13 47 17 19 39
18 46 48 13 24 14 45 20 46 50
24 49 17 41 48 12 49 12 47 47
25 20 18 17 31 28 22 46 27 35
45 23 40 12 19 19 29 14 37 24
34 14 40 45 23 33 47 35 25 29
13 36 48 50 23 49 43 21 19 40
37 51 49 43 40 19 28 28 42 20
45 29 40 21 19 15 39 47 44 39
45 37 21 44 27 48 21 12 50 34
20 31 20 27 34 42 21 50 17 44
28 19 35 38 44 33 22 40 48 48
30 16 13 32 37 16 18 36 34 18
47 50 37 31 21 26 44 49 40 48
31 38 19 45 48 22 20 32 14 22
14 23 26 45 42 50 39 15 43 20
42 45 24 35 51 50 15 49 18 44
36 14 14 21 35 24 18 39 37 23
21 14 25 30 13 33 17 18 18 47
33 29 47 19 51 12 19 30 24 44
34 43 38 15 35 41 20 26 51 21
47 17 22 46 22 42 27 23 30 49
21 44 27 45 39 13 42 50 13 44
30 45 15 30 30 41 13 42 22 41
49 51 35 39 12 40 35 36 18 32
19 18 28 21 23 51 32 34 40 43
20 30 35 22 22 17 33 24 32 29
51 24 47 24 44 22 26 36 31 51
33 25 30 45 26 21 20 30 14 23
35 44 12 20 19 40 36 15 36 22
40 36 22 28 14 43 12 46 16 49
44 32 18 40 14 34 46 26 42 12
39 22 12 33 14 16 40 40 38 30
25 32 32 25 18 21 37 41 42 47
47 42 17 45 28 15 27 24 36 27
22 14 23 22 50 25 40 41 30 44
43 16 18 45 34 48 34 26 49 43
51 40 49 23 32 13 42 33 30 38
17 41 41 25 17 15 42 47 35 32
37 36 28 36 26 15 40 35 32 50
13 26 21 19 21 40 29 45 17 32
18 47 39 15 24 41 32 22 42 49
14 43 14 26 44 12 42 19 22 12
31 41 32 50 49 26 49 18 21 17
32 27 51 48 42 41 20 44 27 32
35 47 35 36 37 16 25 41 30 50
30 25 29 28 14 23 27 22 44 37
41 46 37 25 30 50 26 22 26 44
34 17 36 22 34 17 34 37 45 19
26 47 13 34 12 45 41 18 48 41
17 32 17 29 28 43 41 51 22 39
49 22 13 31 27 43 22 31 38 15
33 28 22 18 12 25 34 16 21 51
28 38 16 35 35 27 39 49 15 50
15 48 26 46 30 16 40 34 17 21
27 22 29 27 30 44 30 43 38 31
23 38 16 41 14 20 47 28 50 23
27 19 12 25 48 39 45 43 25 49
40 29 44 16 31 20 30 27 20 12
38 14 31 49 45 31 27 49 32 13
14 46 21 33 13 30 44 21 41 28
24 16 47 26 47 19 44 36 41 26
43 18 29 28 39 42 51 41 39 27
22 36 18 16 45 23 47 37 43 46
21 27 24 14 24 19 37 26 48 26
48 47 51 50 33 40 35 44 49 31
38 31 17 16 37 28 32 46 15 23
14 23 50 32 39 24 28 43 45 22
44 36 22 43 18 39 36 37 37 23
46 44 26 22 39 20 41 38 40 34
50 51 16 26 24 17 15 33 43 29
35 20 24 46 38 12 39 37 21 29
16 27 50 26 13 47 40 13 22 32
44 50 24 26 31 42 14 14 38 51
14 50 47 31 30 40 27 35 42 14
49 25 12 49 48 49 24 17 45 46
41 45 24 38 12 27 34 46 35 15
26 16 44 21 46 42 14 51 36 22
20 44 15 31 25 46 17 46 46 21
28 35 21 46 30 43 48 26 22 16
16 40 21 29 29 37 40 23 48 21
16 26 45 36 30 44 21 32 42 28
49 20 51 35 33 13 13 41 30 30
38 23 16 28 46 25 14 14 25 28
36 29 13 20 44 25 20 29 50 47
30 23 40 19 49 37 44 47 42 49
