1 2 3 0 2 1 3 3 1 1
0 1 0 0 0 3 2 2 1 2
3 1 1 2 2 0 2 1 0 3
2 2 2 0 0 1 0 2 0 2
2 0 0 3 1 0 2 0 3 2
0 3 1 2 2 1 3 1 2 2
3 1 3 0 1 1 3 2 0 2
3 0 1 3 2 0 3 1 0 3
0 1 1 0 1 1 2 1 0 1
2 2 3 3 3 2 2 2 1 1
29 42 47 36 14 29 43 39 21 25
12 45 44 32 32 19 14 18 17 18
27 17 37 38 30 12 30 49 36 47
30 34 26 24 48 45 20 42 36 22
18 24 40 19 45 24 14 28 31 22
32 15 37 26 26 41 31 33 46 30
51 13 19 28 33 21 15 42 44 34
31 16 45 47 38 20 19 17 40 19
24 41 13 32 13 17 38 25 32 13
50 50 51 31 35 34 38 50 41 21
