2 0 0 3 0 1 1 0 1 1 0 2 1 2 3 0
0 3 2 1 0 2 2 2 1 0 1 2 1 0 0 2
2 3 0 2 2 1 0 0 2 1 0 3 3 1 1 1
1 2 3 0 1 0 2 3 1 0 1 3 2 0 3 1
3 1 0 3 3 1 1 0 2 0 1 1 0 3 1 3
1 2 3 0 1 3 0 0 0 2 1 2 0 3 2 2
0 1 0 0 3 1 0 2 1 2 2 1 3 3 0 1
1 2 1 3 2 3 0 2 3 0 2 0 1 0 0 2
2 3 3 0 0 1 3 0 0 3 3 1 1 1 3 1
3 2 1 3 1 0 2 1 2 1 2 1 2 3 1 3
2 0 0 1 2 3 1 2 2 1 1 1 0 0 2 3
1 0 2 3 3 2 2 2 3 3 0 2 2 2 2 0
1 0 0 2 0 0 0 2 2 2 2 2 3 0 3 3
1 2 3 2 0 1 2 0 2 2 0 3 1 0 1 0
1 1 2 3 2 2 0 2 3 0 1 1 3 1 2 3
3 1 1 1 3 0 2 0 3 3 1 0 3 2 3 1
18 20 16 15 16 25 21 12 25 33 28 18 29 18 39 16
36 51 22 37 24 18 42 30 45 44 41 18 21 48 20 38
34 35 20 26 18 37 32 28 42 25 20 23 19 25 33 45
41 34 19 36 49 48 30 47 41 48 13 47 50 20 39 29
27 41 28 35 35 21 33 40 18 12 29 17 16 51 29 31
25 42 39 24 17 23 36 32 32 30 21 14 28 23 46 18
40 41 24 16 47 29 48 18 45 42 34 29 35 15 48 17
29 30 41 35 14 15 28 22 31 40 50 12 41 24 40 50
50 51 39 12 36 45 43 36 28 19 47 33 17 41 39 49
31 50 41 19 25 16 46 17 30 33 42 49 22 19 21 15
18 16 32 49 50 15 41 50 18 29 45 21 28 28 34 43
17 40 22 31 15 34 34 50 27 47 24 34 34 26 46 36
49 32 16 22 44 12 40 22 38 42 50 18 19 24 19 31
25 18 51 30 28 13 14 28 50 38 16 31 49 44 41 28
37 13 22 23 42 34 20 18 39 16 45 29 35 29 38 15
27 45 25 17 51 20 14 16 43 43 45 36 23 30 19 49
