0 1 3 3 3 2 1 3 1 1 2 2 0 3 0 3
2 0 1 1 3 0 1 3 2 0 3 0 1 0 2 1
2 1 2 3 1 1 0 3 0 3 2 1 3 0 1 2
1 0 3 2 2 2 0 2 2 0 1 1 2 1 1 3
3 0 0 1 3 3 3 0 1 3 3 1 1 1 1 2
1 1 2 2 0 0 3 3 3 3 2 1 0 2 3 2
0 2 1 2 1 1 0 2 1 0 2 3 1 3 1 2
3 0 1 0 0 0 1 1 0 0 2 2 3 2 0 0
0 3 3 1 3 0 1 1 3 1 0 1 2 0 1 1
0 0 0 1 1 1 1 3 0 1 0 0 3 1 3 3
3 3 2 1 0 0 2 3 2 0 2 2 1 1 3 0
3 2 1 0 0 1 2 1 0 3 2 1 1 1 0 3
0 2 0 3 1 0 2 0 3 3 1 1 2 1 1 3
2 0 3 3 0 3 3 2 3 3 3 0 2 2 3 3
1 2 0 3 1 3 2 2 2 2 1 3 3 1 2 2
0 1 0 3 1 1 0 1 2 1 2 2 3 2 1 3
44 45 47 51 51 18 21 27 17 41 30 42 44 15 40 19
46 40 49 41 35 32 13 35 34 24 19 28 33 16 50 13
38 37 50 51 45 29 24 39 44 43 50 41 47 12 49 34
45 32 23 34 50 34 16 14 26 44 21 49 26 37 33 47
15 44 28 45 51 51 19 32 37 35 43 33 25 41 21 22
49 41 22 34 36 20 23 19 47 47 46 37 48 14 51 50
44 26 21 30 13 17 20 34 21 40 22 51 13 19 17 18
19 24 13 20 40 12 49 49 36 40 30 18 15 34 48 20
32 39 35 25 27 16 37 13 39 33 48 17 22 12 41 37
48 36 48 25 33 25 29 35 20 13 28 36 27 37 27 35
47 31 42 49 20 36 18 51 38 28 22 26 21 45 39 16
15 34 21 32 16 17 22 33 28 15 42 13 17 25 16 31
40 46 28 27 17 20 42 24 47 31 49 33 22 49 21 31
38 24 27 23 16 39 27 46 23 43 15 36 30 18 15 23
17 30 24 27 21 19 46 42 26 50 41 51 35 25 42 26
12 29 16 51 45 13 12 37 38 17 50 22 23 26 37 43
