0 1 2 1 2 1 3 2 0 1
3 1 2 1 0 2 0 0 0 0
0 2 1 1 1 1 3 1 2 3
1 3 2 0 3 1 2 2 0 1
1 0 3 1 2 0 0 3 2 0
0 3 0 1 0 1 2 1 0 3
2 2 0 1 3 3 2 0 2 0
1 1 0 2 3 0 3 1 0 1
0 0 2 2 0 0 3 1 1 1
2 3 1 2 1 1 1 1 0 0
3 0 0 1 0 3 0 3 0 1
1 1 3 3 0 3 1 2 3 3
0 0 2 0 2 0 3 0 0 0
3 3 1 0 2 0 0 1 3 3
2 3 3 0 1 2 1 1 0 3
0 0 1 0 0 3 3 3 0 0
3 2 3 0 2 2 0 0 0 1
2 0 1 2 0 2 2 3 1 2
1 3 0 2 1 3 0 3 3 1
3 0 1 0 0 3 3 2 1 3
3 0 2 3 2 1 1 3 3 3
3 2 2 0 2 1 0 3 0 0
0 1 1 2 2 2 3 0 1 2
0 2 3 1 2 2 2 2 0 2
0 0 3 2 1 3 2 2 2 0
0 2 3 0 3 3 2 0 3 1
0 2 3 3 3 2 0 1 1 2
0 2 1 0 3 3 3 3 2 1
2 0 2 2 1 3 3 3 3 1
3 3 3 2 1 3 0 0 3 3
2 0 1 1 2 1 1 1 1 1
1 3 0 1 3 3 3 0 3 0
1 0 0 0 0 2 1 3 1 2
2 3 3 1 3 3 2 1 2 2
0 0 1 2 2 2 3 2 1 0
1 0 1 2 2 1 2 1 2 3
2 0 3 0 0 1 1 0 2 3
3 0 1 3 2 0 0 3 0 0
3 2 2 1 2 1 1 1 1 2
1 0 0 0 0 1 0 2 1 0
3 0 0 1 1 2 0 1 2 3
0 2 0 2 1 1 0 0 2 1
3 2 3 0 1 2 2 3 0 0
0 2 0 2 3 1 3 1 3 0
2 1 2 3 2 1 0 1 1 0
1 1 1 2 0 3 1 1 1 2
3 0 3 2 2 3 1 2 1 0
3 2 0 3 2 3 1 2 0 0
2 1 0 0 0 1 2 2 3 1
1 1 0 1 0 1 2 2 0 0
1 2 3 2 0 2 3 1 3 0
1 3 2 1 3 3 1 1 3 3
2 3 2 2 0 0 0 2 0 3
3 0 2 3 1 2 2 3 1 3
2 0 2 2 0 2 2 1 2 1
2 0 3 0 0 2 3 1 3 0
1 1 3 1 3 0 2 1 0 0
1 3 3 2 3 1 3 2 2 0
3 1 2 3 3 3 3 3 2 3
2 1 3 0 3 2 3 1 2 3
2 0 0 3 3 2 2 3 1 2
2 3 0 3 0 3 2 3 0 2
3 1 2 1 3 2 0 0 1 3
0 3 1 3 1 3 1 3 3 0
2 0 2 3 0 1 2 2 1 0
3 3 1 3 0 3 3 1 2 3
2 1 1 1 3 0 3 0 1 2
1 1 3 2 3 2 3 1 2 0
3 2 0 0 3 2 2 0 0 1
3 1 3 1 1 1 0 1 2 1
0 3 2 1 0 1 0 3 0 2
3 1 3 0 3 3 2 3 0 3
3 2 3 2 3 0 3 3 1 2
3 3 0 2 2 0 2 3 0 3
1 3 1 3 0 3 0 1 1 1
2 3 0 3 0 0 0 1 2 2
3 1 2 1 0 2 0 1 3 2
1 0 2 2 2 3 0 0 1 0
0 3 0 1 1 3 3 0 0 1
3 3 0 0 3 1 1 1 1 0
1 0 1 2 2 2 1 3 1 3
3 0 1 2 0 3 1 1 2 3
2 1 3 0 0 1 2 0 2 0
1 0 0 3 1 2 0 1 3 3
2 1 0 0 2 3 0 3 1 2
3 1 2 2 3 3 2 3 1 2
3 2 2 2 1 1 1 2 1 0
0 0 1 2 2 2 3 2 1 2
0 1 2 1 1 0 3 2 0 0
0 3 1 3 1 2 0 0 0 0
2 3 3 0 3 0 0 1 0 3
1 3 1 1 3 1 2 3 2 1
0 2 3 2 0 1 2 0 0 2
1 1 3 3 3 2 0 0 0 1
2 1 0 0 0 3 1 2 1 1
3 0 2 0 3 3 0 1 0 0
3 2 0 0 0 1 1 1 1 3
2 1 2 0 1 3 1 1 2 0
2 3 3 1 0 2 1 1 3 2
1 0 0 2 2 0 2 0 3 0
44 29 22 13 34 25 31 22 28 41
47 49 34 17 40 18 48 16 36 16
36 42 33 25 45 17 23 45 22 47
49 15 50 32 15 13 30 30 20 29
37 48 23 13 14 48 36 47 38 48
28 35 36 21 24 13 50 33 40 27
26 30 28 49 47 51 38 40 26 20
17 25 20 22 43 24 47 21 36 21
44 44 22 14 40 16 51 49 45 45
22 35 29 38 41 21 25 13 28 12
31 32 20 29 44 35 12 27 36 45
37 45 31 39 32 23 25 42 23 35
36 16 50 36 26 48 27 24 48 36
27 23 17 12 42 40 28 49 35 39
18 19 39 32 25 26 17 25 32 35
36 36 49 20 24 39 31 31 16 20
19 38 31 20 26 30 24 32 44 45
30 24 25 30 24 30 14 15 17 26
21 19 20 14 37 43 32 15 19 37
47 28 37 12 16 15 31 46 41 35
27 44 34 27 46 13 45 47 39 39
19 50 18 48 14 17 32 35 32 16
28 29 21 50 34 22 43 40 13 22
32 14 47 45 50 18 38 18 28 18
36 44 15 46 33 15 42 46 22 32
32 18 23 36 39 15 34 20 23 29
48 42 31 51 23 14 32 49 21 34
16 22 45 28 23 27 35 47 30 25
22 32 46 14 21 19 27 23 51 21
47 23 31 34 17 15 12 24 39 23
42 24 37 45 38 17 33 37 37 13
21 47 40 45 43 31 43 40 23 28
25 20 48 20 20 30 29 27 37 34
38 47 23 33 51 19 18 13 26 50
28 44 25 38 22 42 39 38 29 40
33 40 33 30 18 21 18 45 26 43
30 44 35 24 44 49 41 12 22 43
27 16 45 47 50 44 20 35 44 44
51 34 34 33 42 45 21 17 25 14
29 40 48 16 16 17 20 38 25 48
35 32 24 29 41 50 16 33 46 23
12 42 24 30 37 41 28 20 42 45
31 14 39 36 37 18 50 19 44 20
48 42 40 46 19 45 31 21 27 16
34 13 42 35 46 13 20 25 13 36
29 17 49 18 20 31 33 17 13 14
27 44 27 42 50 39 25 46 41 28
51 38 40 35 26 19 29 26 28 16
50 25 44 16 32 37 34 22 39 13
33 29 12 17 12 33 42 22 24 24
13 18 19 30 20 30 31 25 27 44
33 27 50 45 35 23 33 17 15 15
26 47 14 26 48 16 24 50 48 43
19 32 46 47 49 14 42 39 21 35
22 24 50 46 28 42 42 41 46 21
30 40 23 40 24 14 51 21 35 48
25 29 43 41 23 20 30 45 36 44
13 39 23 18 23 33 15 42 34 24
43 49 18 19 35 31 31 39 38 35
22 13 51 16 47 46 47 29 30 35
38 44 20 19 43 50 50 35 41 42
18 35 44 47 16 47 50 15 32 38
31 45 22 33 31 38 48 24 33 19
20 27 29 51 17 51 21 43 47 20
38 36 42 43 40 17 46 30 13 24
31 43 41 43 48 43 39 33 26 31
30 33 17 33 27 12 47 36 41 22
29 25 27 22 47 14 31 49 50 28
31 26 44 40 19 14 50 48 40 33
23 37 23 13 41 41 28 45 46 29
24 31 18 21 16 21 28 43 24 50
19 33 43 12 47 23 46 27 12 47
51 34 19 46 47 48 27 43 45 46
19 43 36 50 30 44 46 27 44 43
49 15 29 51 32 15 20 33 41 25
42 23 32 23 12 12 32 49 46 14
39 25 18 37 48 14 36 17 19 42
17 24 50 14 46 51 48 28 13 16
28 31 20 17 17 51 19 40 44 25
23 51 20 20 31 29 49 45 37 40
41 32 37 30 26 34 17 15 33 47
35 44 13 18 32 15 45 33 14 35
26 41 43 40 28 29 46 32 46 20
13 16 36 39 17 38 28 21 31 47
14 13 48 48 50 23 36 23 25 22
35 17 46 26 23 23 22 47 33 50
39 18 34 30 21 45 17 30 49 20
12 44 45 30 42 46 51 26 45 50
20 29 50 45 25 20 47 46 20 32
24 23 21 47 25 46 32 36 44 36
22 23 15 16 31 28 40 17 16 27
29 35 33 37 43 33 22 39 22 17
12 30 35 18 40 17 38 36 40 34
29 33 47 31 39 18 36 16 44 21
34 33 48 20 28 43 49 34 49 49
47 48 50 32 51 31 36 45 32 48
27 18 24 32 36 21 37 25 17 47
22 33 26 48 49 43 45 29 18 20
50 31 51 33 20 18 49 41 23 42
13 44 44 46 38 24 50 32 47 16
