3 0 1 2 3 0 3 1 1 2
0 1 2 2 3 3 3 0 3 0
1 0 3 3 2 0 3 1 0 3
1 3 0 2 2 0 3 3 1 1
2 2 1 3 0 3 1 2 2 2
0 1 1 3 3 0 3 3 2 0
1 3 0 3 0 1 0 1 2 1
3 1 2 3 2 1 3 1 3 1
3 3 0 0 0 1 0 3 3 3
3 0 0 3 1 0 2 2 1 3
43 20 37 50 27 48 19 13 45 38
36 25 46 46 19 35 47 40 27 12
13 44 27 15 46 44 51 17 12 51
13 27 28 34 14 12 31 47 13 17
42 46 37 51 16 39 49 26 14 46
36 21 17 19 47 40 35 47 34 16
41 19 20 35 36 17 48 21 50 37
15 25 18 23 42 17 39 29 39 45
15 47 24 28 36 17 12 39 43 51
51 40 36 23 45 32 14 34 33 27
