1 3 1 2 1 2 3 2 1 2
0 0 2 2 0 0 1 3 3 0
3 3 2 1 1 3 0 2 3 3
0 1 1 2 0 3 1 1 3 3
3 1 3 1 0 2 0 0 1 1
3 2 3 1 2 2 2 0 1 1
0 1 3 1 1 1 3 2 1 2
2 0 1 0 2 3 1 2 2 2
3 3 3 3 1 0 2 0 3 0
3 2 1 1 3 3 2 3 1 3
3 1 0 3 0 1 0 0 0 1
1 3 0 1 0 1 0 2 3 0
3 3 0 3 0 1 0 0 2 1
2 1 2 0 2 1 0 3 1 3
2 0 3 0 2 0 2 1 0 2
1 3 3 0 2 0 0 1 3 2
1 3 1 0 0 1 0 0 1 1
3 3 0 3 3 3 2 3 0 2
2 0 1 2 3 1 0 1 3 3
3 2 3 1 1 0 1 3 2 1
1 1 3 2 0 0 3 3 0 0
0 0 1 0 0 1 1 1 0 0
1 0 0 0 1 3 0 2 0 1
2 1 0 2 1 1 0 3 3 1
2 1 2 3 0 0 0 0 1 0
1 0 2 2 0 3 1 1 1 3
3 3 3 3 2 0 2 3 0 1
3 1 3 1 0 0 2 0 3 2
3 1 3 3 1 2 1 0 3 3
3 2 3 1 0 1 0 2 0 3
1 2 1 3 3 2 2 0 3 3
2 1 0 2 3 1 3 1 2 2
3 1 3 2 3 2 2 1 3 1
2 1 3 1 3 1 1 0 0 1
3 1 3 2 1 2 3 0 3 2
2 0 2 0 2 1 2 1 0 2
1 0 2 0 1 1 3 0 1 2
2 2 0 0 3 3 2 2 0 1
0 2 0 0 1 2 3 1 2 1
0 0 1 3 0 3 2 0 3 2
1 1 1 1 1 1 1 3 3 2
1 1 2 0 3 3 2 0 0 1
2 0 3 0 3 0 3 3 2 2
0 0 1 0 1 3 0 2 2 0
0 1 2 0 3 2 2 2 3 0
3 0 1 1 1 0 2 3 1 1
2 0 3 3 0 3 3 3 0 0
1 3 3 3 2 0 0 1 1 0
3 0 2 3 3 1 3 1 2 1
1 1 0 1 2 2 0 0 2 0
2 2 2 2 2 0 3 2 0 0
3 1 3 3 0 1 0 1 2 3
2 0 0 1 2 2 0 0 1 2
2 1 2 0 0 0 1 1 2 2
1 0 2 3 0 1 3 1 3 3
2 1 1 2 1 1 3 0 2 3
2 1 3 0 2 3 1 2 0 0
2 1 0 3 0 2 1 2 1 1
0 2 1 1 1 2 2 0 2 2
3 1 3 3 1 0 2 1 0 0
3 2 2 3 3 3 1 3 2 3
3 2 2 1 0 0 1 0 3 3
2 1 0 2 2 0 3 0 3 3
2 0 1 2 1 0 0 2 3 3
1 3 2 2 1 3 2 0 1 2
1 0 2 0 1 0 3 2 2 3
2 0 1 3 0 2 1 2 2 3
3 0 3 3 0 0 1 0 0 0
2 3 0 1 0 2 0 2 3 0
3 3 3 0 3 0 2 0 2 3
2 3 1 1 0 2 0 2 2 3
0 3 3 3 0 2 3 0 3 2
3 1 3 2 0 1 2 1 3 2
3 2 3 2 0 3 1 1 3 3
1 0 0 1 0 1 3 3 0 2
0 0 1 0 2 0 2 0 1 3
0 0 0 2 2 0 3 0 3 2
0 0 1 3 1 3 2 1 1 0
2 0 1 0 0 3 0 1 3 0
1 1 3 1 2 3 0 2 0 2
3 3 2 2 2 0 3 1 3 2
3 1 2 0 2 3 2 2 3 1
2 1 1 1 2 3 0 2 2 3
2 0 0 0 1 1 1 0 1 1
1 1 2 1 1 1 3 1 1 3
2 0 1 3 2 3 1 0 0 2
1 3 2 1 0 2 2 2 2 2
1 0 1 2 1 2 3 1 2 1
2 3 1 1 1 1 0 0 1 3
3 0 1 3 3 2 1 1 3 1
3 0 0 1 0 2 1 1 2 1
0 2 2 3 2 2 2 0 0 2
0 0 3 1 0 0 0 0 3 3
2 3 0 3 3 3 0 0 3 3
0 3 2 0 0 1 3 1 3 0
1 0 2 0 3 3 0 0 2 2
1 2 0 2 1 2 0 0 1 1
3 0 0 0 1 1 2 0 1 1
2 0 1 0 3 1 0 0 2 2
3 3 0 3 2 2 1 0 0 3
17 35 33 34 45 22 47 14 37 22
16 12 18 18 36 12 33 43 39 40
31 35 50 45 25 15 48 34 15 15
28 41 29 42 40 15 33 21 31 15
43 33 19 17 28 42 32 28 17 13
15 14 27 33 30 14 22 24 45 33
36 33 39 45 41 29 51 30 25 18
46 40 21 16 22 31 25 50 22 14
51 51 15 39 25 16 14 20 35 48
39 22 49 37 47 27 42 27 49 39
15 29 12 39 20 45 28 20 40 17
49 19 44 45 12 21 36 22 39 44
27 47 28 51 40 25 44 20 50 33
26 17 38 20 30 13 20 15 37 27
50 20 47 44 14 32 46 29 48 30
33 27 31 40 26 32 16 13 35 50
25 23 45 24 44 49 36 36 13 41
43 31 24 39 43 39 34 15 20 14
18 20 41 42 23 29 28 29 51 51
39 38 31 49 49 40 49 39 30 49
21 45 39 18 48 48 35 31 44 32
40 20 29 36 12 49 21 45 16 12
21 40 24 40 17 39 16 30 24 45
18 13 28 22 29 45 40 35 27 21
46 25 22 47 44 24 36 12 41 12
41 24 14 22 16 27 17 49 17 35
35 19 19 35 14 40 18 39 28 33
47 45 35 13 44 16 26 24 15 26
35 17 47 23 49 42 17 44 23 43
15 30 35 13 24 25 32 22 40 51
33 38 37 31 51 26 30 40 39 35
22 13 16 38 47 13 27 25 50 18
47 17 35 18 15 14 26 41 31 13
14 37 27 29 15 25 13 12 24 37
15 17 47 42 45 18 35 48 43 14
46 48 50 28 22 25 22 37 16 50
21 32 14 28 21 29 43 24 25 14
34 14 44 36 35 35 18 38 36 29
36 42 20 36 45 50 23 21 38 25
16 32 49 43 36 31 42 36 43 30
29 29 21 17 33 29 45 27 31 18
13 21 46 44 39 23 38 12 44 33
46 48 43 48 15 28 51 27 26 22
44 28 25 12 29 19 12 34 34 40
24 25 42 28 35 18 26 38 51 40
51 48 41 33 37 28 38 43 29 21
42 28 19 43 20 35 31 47 40 40
37 43 39 23 46 40 40 17 45 16
47 44 38 15 43 21 15 41 22 41
45 21 40 37 30 34 36 20 18 32
38 34 22 34 42 28 43 30 12 32
23 37 27 47 24 21 32 25 22 23
18 20 40 37 30 46 44 32 21 34
18 41 34 44 24 36 17 49 14 42
13 12 34 43 40 13 23 41 19 51
14 29 49 30 45 45 47 28 34 23
42 33 27 44 22 47 13 26 32 48
50 25 32 39 48 22 37 46 45 37
12 42 13 29 33 46 26 20 26 34
35 13 35 43 41 28 42 37 16 24
27 42 30 23 43 43 33 15 22 51
31 22 14 21 20 44 25 24 47 31
26 29 20 38 18 12 35 36 23 43
46 24 29 26 45 24 16 46 35 15
37 15 30 22 37 19 38 48 45 30
17 28 50 44 13 12 43 50 42 47
46 28 37 51 36 30 29 38 42 47
47 16 31 43 44 32 41 20 24 44
50 47 40 25 36 50 16 22 43 24
43 23 35 28 31 40 42 44 14 47
42 31 41 41 36 14 40 26 42 47
24 27 51 47 24 14 27 36 51 14
23 21 31 18 20 45 18 49 19 18
39 50 39 26 32 51 29 49 47 19
33 44 20 25 48 25 43 39 24 46
40 40 13 28 14 36 42 28 33 31
24 36 28 22 14 44 27 40 35 38
44 24 21 35 49 35 22 33 37 16
30 36 13 28 44 43 28 29 15 16
41 17 47 13 42 39 40 14 48 18
19 35 18 46 38 44 23 29 15 14
47 33 46 36 26 51 42 22 27 25
46 49 13 45 30 47 20 26 26 47
18 16 40 44 37 13 21 12 21 21
17 41 30 29 45 33 23 13 29 31
22 36 13 43 34 51 45 40 36 38
45 43 30 13 40 14 14 46 30 22
13 16 45 46 17 34 27 49 50 13
42 15 13 25 21 33 40 20 45 39
47 28 13 43 43 46 17 37 43 25
47 40 36 49 24 30 49 37 50 17
40 50 46 43 50 30 34 32 44 50
16 16 23 37 40 44 40 24 35 39
50 43 12 47 39 23 24 40 47 31
40 31 30 32 36 17 15 25 39 32
21 32 34 48 35 15 24 36 34 18
45 50 24 34 29 34 36 28 33 49
51 12 44 24 25 33 22 40 13 13
14 40 21 16 23 41 44 16 30 14
51 35 36 19 50 26 21 36 36 19
