2 0 3 0 2 2 2 2 2 1
3 3 2 2 2 2 1 3 1 1
1 1 0 3 1 2 1 2 0 3
2 3 3 2 3 2 2 0 1 3
2 1 1 1 3 1 3 3 2 2
0 3 3 1 3 0 0 1 3 0
1 3 1 0 3 3 3 3 3 1
3 0 2 0 0 3 3 2 2 3
2 2 3 1 2 0 0 3 1 0
2 1 3 3 2 1 2 2 1 2
46 20 27 12 22 38 22 30 26 49
35 51 50 38 30 14 25 19 29 21
37 45 16 19 13 26 37 14 40 35
34 51 23 34 23 42 38 40 45 19
46 33 17 41 23 29 19 27 22 50
44 39 23 25 39 20 24 25 19 12
25 43 17 24 47 23 23 51 47 33
51 44 14 36 44 47 35 26 30 39
26 38 51 21 42 16 16 39 41 32
46 37 35 35 14 17 18 42 17 18
