3 0 3 1 2 0 0 2 2 0 0 1 3 0 0 2
1 3 3 0 2 2 3 0 0 0 1 0 1 0 0 1
2 1 0 3 0 1 0 3 0 0 3 1 3 1 2 3
0 1 0 0 2 1 3 0 1 0 0 2 0 0 1 3
2 0 0 2 2 0 0 3 2 0 0 2 3 0 3 1
0 3 2 0 2 0 1 2 0 3 0 0 0 0 1 2
0 2 3 0 3 2 3 1 2 2 3 2 1 1 2 0
0 2 0 2 3 1 0 2 1 1 3 1 3 1 2 0
3 0 1 0 1 1 2 0 3 2 0 0 0 3 0 2
3 3 0 2 3 2 3 0 0 2 0 1 0 1 2 3
1 1 2 1 2 2 1 3 3 0 3 2 1 1 3 2
0 1 2 0 2 0 3 3 3 2 2 0 0 3 2 0
1 1 0 3 2 0 2 3 0 2 2 2 3 3 3 2
1 3 2 0 0 1 3 0 0 1 2 0 2 1 2 3
2 0 1 0 3 0 2 1 1 1 2 2 3 1 3 0
1 2 1 3 3 3 0 0 3 0 0 0 1 0 3 3
31 12 47 29 14 12 16 38 46 16 16 37 47 40 32 14
13 35 43 48 30 38 15 32 44 48 45 36 41 24 12 13
30 41 20 35 20 37 48 35 12 12 47 29 39 49 46 47
12 45 28 16 50 13 35 16 13 44 48 46 24 32 37 47
42 44 40 18 34 12 12 39 22 36 16 14 51 36 35 17
28 39 46 32 14 16 13 22 40 27 20 28 48 36 21 30
20 46 31 24 35 46 35 13 18 50 23 46 13 25 38 44
28 34 36 38 27 29 28 22 33 41 47 45 51 33 30 48
35 40 21 20 33 21 38 36 15 18 20 20 16 47 44 42
31 47 12 34 43 34 31 16 28 38 12 37 16 21 38 47
33 29 14 37 46 18 37 35 27 36 15 50 33 49 35 38
48 37 30 20 22 40 19 39 15 26 26 24 12 19 50 12
25 25 44 39 50 32 42 47 36 46 34 14 43 15 15 34
45 15 50 48 16 45 27 40 16 25 22 36 34 45 50 31
38 12 21 12 35 40 50 17 25 17 38 30 23 41 47 24
49 14 25 39 47 39 40 12 27 20 12 20 37 24 47 35
