1 0 0 2 1 0 0 0 0 2
2 1 3 3 2 2 1 3 2 3
2 0 1 0 1 2 2 2 3 0
2 0 3 2 2 2 3 3 2 2
2 1 2 0 0 2 0 1 2 2
2 1 1 0 1 0 0 2 2 2
2 2 2 2 1 1 0 0 1 0
0 1 1 0 0 2 0 1 1 3
2 1 2 0 2 3 1 2 0 3
3 3 1 3 0 3 2 1 2 0
25 48 28 22 13 36 48 12 12 46
18 17 23 27 38 42 29 15 42 23
38 44 21 24 17 26 38 46 31 16
50 32 39 46 38 18 47 15 46 42
26 17 14 24 40 26 12 21 30 38
50 41 17 44 45 12 36 46 26 18
34 46 30 46 49 29 40 28 25 48
12 41 45 20 20 30 36 37 41 15
22 21 50 44 34 35 29 46 28 23
47 23 17 15 32 15 34 29 30 36
