3 3 0 0 3 1 3 3 3 1 1 2 2 3 0 3
1 1 2 3 0 3 3 1 3 3 1 0 2 0 1 0
0 3 3 3 2 3 0 3 0 3 1 1 2 0 1 3
3 1 2 3 0 0 2 0 2 1 0 0 3 3 1 2
1 3 2 1 1 3 2 1 2 0 3 1 3 1 3 2
1 0 0 3 3 3 2 0 2 2 2 1 1 3 3 0
2 2 2 3 3 0 1 1 2 0 0 2 1 3 0 0
2 2 2 1 1 1 3 1 0 0 0 0 1 2 3 2
0 0 0 0 0 3 3 3 0 3 3 1 3 1 2 3
0 1 2 0 2 2 0 1 1 2 2 0 0 0 3 0
3 2 2 0 1 3 0 0 3 3 1 0 3 2 1 3
0 2 3 0 2 0 1 3 3 2 2 1 0 2 2 1
2 2 2 2 0 1 2 1 1 0 3 3 0 1 0 3
1 2 2 0 1 2 2 0 3 1 2 3 2 1 1 2
2 1 1 0 2 0 3 3 0 0 3 3 1 1 0 0
3 1 0 3 2 0 1 3 1 0 2 0 3 2 3 2
27 31 40 44 23 37 51 43 27 25 29 38 50 23 16 19
41 37 30 15 16 15 27 41 39 35 41 44 22 44 21 36
32 19 47 39 50 19 28 15 24 39 49 41 14 16 49 27
19 25 42 35 36 28 38 32 38 17 12 20 19 51 25 30
21 27 18 37 25 23 30 37 22 36 51 29 51 37 47 30
49 12 12 51 39 31 26 36 46 50 42 33 41 39 27 24
50 30 22 15 47 40 41 25 42 40 28 46 17 35 36 48
42 26 46 33 49 49 43 29 24 28 20 32 13 46 43 26
48 20 48 48 20 35 47 43 20 15 35 41 43 37 34 27
44 41 42 12 14 38 32 17 21 18 30 16 24 28 51 36
15 34 22 48 33 47 20 32 31 19 41 32 39 38 13 39
12 22 35 36 26 40 45 47 39 46 50 37 12 46 38 29
50 26 46 30 36 37 38 41 17 24 43 19 12 21 24 35
45 34 30 12 45 18 26 48 35 45 42 23 30 13 49 14
50 21 17 36 30 36 23 35 40 44 19 15 45 29 40 44
43 41 20 39 46 44 49 43 49 20 34 24 51 14 23 22
