0 1 2 3 3 2 2 0 0 1
0 0 2 3 1 3 3 1 2 2
2 3 1 1 0 0 3 0 1 1
3 1 0 0 3 1 2 2 1 1
0 0 0 3 3 0 1 3 0 3
3 1 2 0 2 0 0 0 3 2
1 3 1 2 2 2 3 3 1 1
1 3 1 3 2 0 2 0 1 2
3 1 2 2 3 0 1 0 1 2
3 3 3 3 0 2 2 2 2 2
2 3 0 3 1 3 1 1 1 0
1 2 1 0 3 0 1 3 0 1
3 1 0 0 2 3 3 0 3 3
0 0 0 0 1 1 1 0 0 0
3 0 3 0 1 3 1 2 2 1
3 2 0 2 1 1 2 0 3 2
0 3 2 1 2 2 0 2 1 2
3 2 0 1 3 2 1 1 0 2
1 0 1 2 0 1 0 0 1 0
3 0 2 3 2 3 1 2 0 1
3 1 3 1 1 2 2 1 3 3
0 2 0 2 2 2 0 3 0 1
0 2 1 3 1 0 0 2 2 2
1 0 2 0 3 3 2 0 1 0
0 0 2 2 1 2 1 3 3 2
2 0 0 0 3 0 2 2 0 2
2 2 0 1 3 1 3 2 2 1
0 3 1 0 3 3 0 1 2 1
1 0 2 1 3 3 2 2 3 2
3 1 3 2 0 2 3 1 2 3
0 1 3 2 0 2 3 0 2 3
1 2 2 0 3 1 0 1 2 0
0 1 0 3 2 1 2 3 0 0
2 0 2 2 3 3 0 0 0 0
1 2 0 2 3 0 1 3 0 2
1 0 1 0 1 0 3 0 3 1
1 2 1 3 0 3 3 3 3 3
0 1 1 0 1 0 1 0 2 2
0 3 1 3 1 1 0 3 3 0
0 3 1 3 3 0 3 2 0 3
1 0 0 3 0 3 2 2 2 1
1 2 2 1 0 1 2 0 0 2
1 2 0 0 3 0 3 2 2 0
2 1 2 0 1 3 0 0 1 2
3 3 1 1 2 3 0 0 2 2
0 0 0 3 3 0 1 2 1 2
1 0 3 3 3 1 3 1 3 1
3 3 3 2 0 2 3 2 3 1
1 0 0 0 0 3 3 1 1 1
1 1 0 3 1 3 2 3 0 3
1 0 2 3 3 2 2 1 3 2
0 3 3 3 2 1 2 1 2 1
0 1 2 3 3 2 1 3 1 0
3 3 1 0 1 0 2 0 3 3
1 0 3 1 0 3 1 1 3 3
2 0 3 2 0 2 2 0 0 2
1 2 2 2 0 0 1 1 0 3
3 2 0 0 0 0 2 0 1 1
3 1 1 1 2 1 2 2 2 2
2 2 0 2 2 2 0 3 2 3
3 1 0 3 3 1 0 3 2 3
2 0 2 0 1 3 0 3 2 3
0 0 2 3 3 1 0 1 0 2
2 0 0 3 1 0 3 2 2 0
3 0 0 3 2 1 1 1 1 2
2 2 2 2 3 1 0 2 1 3
1 2 1 2 1 3 1 0 1 3
3 0 3 0 2 2 3 1 3 2
2 3 1 1 1 0 0 2 0 1
2 0 1 1 0 0 0 2 2 3
3 0 0 0 1 1 1 3 2 2
3 2 0 2 0 1 0 3 1 2
2 1 1 0 0 0 1 3 0 0
2 0 2 2 2 0 2 2 1 3
2 3 2 1 2 0 1 0 2 3
2 3 1 2 0 2 0 1 2 3
0 0 0 3 3 2 2 3 3 1
1 1 2 0 3 0 0 0 3 0
1 3 1 2 3 0 3 0 1 1
3 0 3 1 1 3 3 3 1 1
0 2 3 3 3 2 1 2 2 0
1 2 1 1 1 1 2 1 3 0
1 0 3 3 3 3 3 0 3 0
1 0 3 1 0 1 2 3 2 1
1 1 3 1 2 0 3 3 3 3
0 0 3 3 3 3 2 1 1 3
3 0 1 1 1 0 0 2 0 0
0 0 1 1 2 3 3 3 1 1
1 3 0 0 3 1 1 2 3 2
1 3 1 0 1 2 3 0 1 3
3 2 0 1 0 0 2 3 1 3
0 0 0 0 2 3 0 2 1 2
3 1 2 0 1 2 0 2 3 1
3 2 3 3 1 1 1 1 2 3
0 3 1 1 3 1 1 2 2 2
1 2 0 3 1 2 1 1 0 1
3 2 0 3 0 1 0 2 2 1
2 3 1 3 2 1 2 3 2 0
3 2 2 2 1 3 3 2 0 0
0 1 1 2 0 3 0 3 3 2
48 33 46 47 31 46 18 28 36 49
48 36 50 35 33 19 19 37 14 26
18 31 41 25 28 28 47 28 37 41
31 13 28 20 51 33 26 38 13 33
28 12 12 15 19 32 37 51 20 43
27 29 50 20 30 44 40 44 51 34
13 39 29 22 14 42 39 51 37 13
45 19 21 51 38 28 18 44 25 50
31 17 42 30 39 24 17 28 45 34
39 43 15 15 24 42 34 18 46 38
42 39 16 15 17 43 45 25 37 16
49 22 45 24 35 36 45 31 16 17
23 25 24 24 50 19 39 44 19 39
32 40 32 20 41 21 33 48 40 48
19 36 47 36 21 47 41 18 30 49
23 34 28 30 17 13 14 48 31 14
40 51 50 13 46 42 16 46 25 42
39 14 48 21 15 26 25 37 12 14
45 40 41 26 20 29 12 24 45 20
47 36 26 51 38 27 25 30 40 49
19 37 23 21 33 42 38 37 19 51
36 38 40 38 26 14 48 23 44 29
44 14 33 39 37 24 48 14 22 18
37 20 26 36 35 15 30 20 41 24
36 24 42 38 33 22 41 31 35 50
42 36 12 16 51 28 50 50 40 50
50 30 36 25 43 37 47 14 22 25
16 15 45 48 23 51 12 29 46 41
25 28 38 25 47 27 34 18 27 26
23 41 51 38 44 22 15 33 50 19
40 25 35 34 16 18 35 48 18 27
13 18 34 28 39 29 28 25 34 36
20 17 44 43 38 13 14 27 48 48
34 28 14 14 51 35 28 28 48 24
13 38 44 34 39 20 41 27 40 22
45 12 25 12 37 28 15 12 27 29
25 42 17 47 20 27 51 27 51 47
44 25 41 48 49 12 25 36 22 26
12 43 41 23 25 41 36 43 31 48
24 39 17 27 47 28 47 30 40 43
37 40 32 39 36 35 30 34 42 17
21 30 18 37 44 49 22 44 20 18
33 38 12 32 35 28 47 30 34 12
34 21 22 12 49 35 48 12 13 42
31 47 17 49 38 27 44 20 14 22
48 44 16 31 51 28 25 18 29 14
41 44 43 35 23 21 15 41 51 29
19 19 31 22 32 26 31 18 39 37
33 16 48 36 48 15 27 21 41 21
33 37 12 27 33 43 14 35 12 19
49 16 30 35 39 42 18 33 39 50
16 23 27 27 14 17 18 33 30 33
16 41 34 47 27 22 21 35 17 16
15 39 29 32 33 40 18 24 15 23
29 24 35 49 44 47 25 37 15 35
30 24 51 14 28 46 42 36 44 30
13 42 42 38 44 48 49 17 36 31
43 38 20 28 32 16 26 40 41 49
43 45 33 33 42 21 18 22 38 18
18 50 24 46 42 34 20 23 18 19
35 29 44 15 35 17 32 23 22 43
22 36 50 16 45 27 48 19 18 35
48 40 34 31 15 49 20 17 40 50
34 20 36 35 13 12 19 26 42 28
23 44 28 27 46 37 41 37 29 22
50 38 18 14 43 37 24 42 29 51
29 30 41 26 17 31 33 16 17 31
15 20 39 24 42 14 19 17 51 42
14 47 37 37 37 36 20 26 16 49
30 48 25 17 12 40 36 46 22 31
15 40 20 40 25 37 49 15 34 50
39 34 20 30 36 49 40 23 33 30
38 41 45 20 16 12 41 47 44 40
42 12 42 46 26 44 42 42 33 51
30 47 18 29 42 36 41 28 14 23
22 23 49 22 44 22 16 29 14 23
32 44 48 39 15 34 18 27 23 41
45 41 38 36 31 48 20 36 19 40
33 27 25 34 51 16 15 44 13 37
43 28 35 13 49 15 51 23 25 29
28 46 31 31 43 34 13 42 38 28
21 14 45 41 37 21 46 29 51 28
33 16 27 47 35 47 31 40 31 16
49 44 35 49 44 17 50 47 50 33
17 49 47 17 46 40 23 51 51 47
16 12 35 31 51 51 34 13 37 31
23 16 25 21 49 20 40 42 12 36
24 44 49 37 18 51 35 19 25 33
49 35 36 12 47 41 25 42 51 50
33 43 37 24 49 50 51 20 21 43
47 42 12 41 32 28 18 31 29 31
32 32 48 48 42 27 44 50 33 38
39 45 26 12 33 46 12 34 47 25
19 14 19 31 37 13 29 29 14 35
36 27 41 49 15 33 49 18 34 18
37 38 12 39 49 46 13 41 24 25
51 42 28 23 28 25 32 26 38 33
42 27 45 15 50 33 42 19 42 48
47 42 46 14 17 43 27 50 32 12
12 25 41 42 12 31 36 35 47 46
