1 3 3 3 0 2 2 1 0 1 0 1 1 3 2 2
1 0 3 0 1 1 2 3 2 0 0 2 1 0 1 2
2 1 1 1 1 3 0 2 2 3 3 3 0 3 1 2
1 3 1 3 2 0 3 3 0 2 0 0 3 1 2 2
2 0 1 1 1 0 3 0 1 3 2 1 3 0 2 2
3 1 2 2 0 0 1 3 1 3 0 0 2 0 1 1
3 1 1 1 2 2 3 3 3 3 2 2 1 3 1 1
0 1 2 1 3 1 3 3 1 1 1 1 0 0 1 0
2 2 2 2 3 1 3 0 3 3 3 1 3 3 0 3
0 0 3 0 0 0 0 2 1 3 3 1 1 1 3 0
2 2 0 3 3 0 2 1 3 2 2 2 3 2 2 1
2 3 1 1 2 1 0 2 2 3 2 1 3 3 2 2
0 3 3 2 3 1 3 3 0 3 0 2 0 2 1 1
0 3 0 1 3 0 1 2 1 3 3 0 2 0 1 0
0 1 2 1 0 3 3 2 3 1 3 3 2 1 3 1
1 0 3 0 0 0 3 3 1 0 0 1 2 3 2 2
17 43 27 35 24 22 46 21 36 33 16 41 49 23 42 46
49 32 51 36 17 21 46 47 30 32 24 30 29 28 41 26
42 29 17 33 17 51 24 22 46 15 39 35 24 23 37 34
49 39 45 27 18 48 43 19 32 38 48 24 35 41 18 34
18 12 13 49 21 20 15 20 25 27 26 13 35 16 50 14
23 45 34 50 12 48 41 19 25 43 32 16 18 32 49 25
31 41 21 25 26 18 27 51 19 39 18 30 49 27 45 21
44 17 26 41 51 13 23 47 49 37 41 37 20 44 25 12
26 14 22 50 47 17 51 44 19 35 31 37 39 31 28 43
48 36 35 36 36 12 24 22 17 51 31 13 49 37 19 32
18 42 20 35 19 48 14 49 43 18 22 42 31 50 14 33
34 27 13 37 34 41 20 22 38 27 22 49 47 27 14 22
20 47 47 14 47 13 43 35 28 35 44 34 20 38 21 45
44 47 36 49 51 16 13 50 21 27 35 24 22 16 49 40
48 37 26 17 16 51 27 34 39 49 19 27 22 25 23 33
45 24 19 36 16 20 51 23 33 12 44 37 50 19 22 18
