0 0 2 3 3 0 0 0 3 0
3 0 2 0 2 2 0 1 1 0
0 3 2 3 3 0 2 1 2 2
0 3 2 3 1 2 1 0 0 1
3 1 3 3 2 3 1 2 3 2
3 1 2 1 1 3 0 2 2 1
0 0 2 0 3 3 0 0 1 2
1 3 0 2 1 1 0 0 2 2
3 0 2 2 0 1 0 0 0 2
0 1 0 0 0 2 1 3 2 1
48 40 46 35 39 44 24 24 31 48
39 12 42 44 14 26 48 21 41 40
36 27 26 15 19 24 42 37 26 42
24 23 22 15 45 50 25 40 12 25
19 45 31 23 46 15 21 46 35 50
27 49 38 37 49 51 48 34 50 41
24 36 42 24 23 35 16 40 45 26
13 35 12 14 41 25 32 48 22 30
15 16 46 46 12 37 44 44 48 22
40 25 20 12 40 30 37 39 30 49
