0 3 2 3 0 2 2 1 2 1
3 0 2 3 3 3 1 0 2 2
1 0 0 3 3 0 3 1 3 0
2 1 3 0 0 3 2 1 1 0
2 2 3 3 3 3 3 2 1 3
1 0 3 0 2 0 1 2 1 1
0 1 1 0 2 1 3 2 2 0
2 1 1 1 3 1 0 0 0 2
0 3 1 3 1 0 0 2 3 3
3 3 0 2 1 3 0 3 0 2
0 3 2 2 3 1 2 0 2 0
2 3 0 0 1 2 3 0 2 3
0 1 0 0 1 1 1 2 3 3
3 0 2 2 3 3 3 3 3 2
1 0 0 1 2 2 2 2 1 1
1 0 3 2 1 1 0 0 2 0
0 0 1 0 2 1 2 2 0 1
3 2 0 3 2 0 1 0 1 2
2 3 2 1 1 3 3 1 0 0
1 0 1 1 1 1 1 2 2 3
3 1 1 2 1 2 3 3 0 0
2 3 3 1 2 2 3 2 1 0
2 1 0 3 1 3 2 2 1 3
2 3 3 3 1 3 1 0 1 0
2 0 0 2 0 1 1 3 0 0
0 1 3 3 3 2 0 0 3 1
0 0 0 0 0 3 0 0 3 2
3 1 2 0 1 2 3 1 0 0
3 3 3 3 3 3 1 1 1 0
3 2 2 0 1 0 1 3 0 2
0 1 1 2 0 3 1 0 0 0
1 0 3 2 0 1 0 2 3 0
3 3 0 0 1 1 1 3 1 3
0 3 3 3 2 0 3 2 3 3
1 2 1 3 2 3 3 0 1 0
1 2 2 1 3 0 0 0 0 3
0 2 2 2 1 3 0 1 0 3
1 2 1 1 2 1 3 3 1 2
0 3 1 2 3 3 1 3 0 3
0 1 0 2 2 2 2 1 2 0
0 0 3 3 2 1 2 3 0 0
0 2 1 2 0 0 0 3 0 1
2 3 1 1 0 3 2 3 2 3
3 0 1 2 1 2 3 2 2 3
3 3 2 0 2 3 2 1 1 3
1 3 0 0 3 1 3 3 1 1
2 2 3 3 0 3 3 0 2 2
0 3 0 2 0 0 0 2 3 1
3 1 0 2 1 3 3 3 0 2
3 2 0 1 3 1 0 0 3 2
0 2 2 1 0 2 3 2 2 1
2 3 2 3 2 3 1 1 0 3
3 0 1 2 3 2 3 3 3 3
2 2 1 3 1 2 2 2 1 0
3 0 2 3 2 0 0 2 3 0
2 3 0 2 0 3 1 2 2 3
0 2 3 3 3 2 3 1 3 2
3 3 2 3 3 0 0 2 1 2
2 2 0 0 3 2 2 1 3 0
1 2 0 3 2 0 3 1 0 0
0 3 3 1 3 0 0 0 0 0
0 2 3 3 0 0 2 3 2 1
1 1 2 3 1 2 2 2 0 1
1 1 0 2 1 3 0 2 3 2
1 1 0 0 1 3 3 0 1 1
2 0 2 0 0 3 0 0 3 3
3 2 2 2 2 3 3 0 1 3
2 0 0 0 2 3 0 2 0 0
1 3 0 2 3 0 1 2 1 0
3 3 3 0 1 1 3 0 1 3
3 1 3 2 2 1 1 3 3 1
3 3 2 2 2 0 0 0 2 3
3 2 2 0 0 1 1 0 2 3
2 1 0 3 3 2 1 1 2 0
0 3 1 1 2 2 3 1 2 1
2 3 1 0 2 3 1 1 3 3
2 1 0 3 0 3 3 3 2 2
1 2 1 0 1 3 3 1 0 2
2 3 2 2 0 0 1 1 2 2
2 3 2 2 2 2 0 1 0 1
0 1 2 3 0 2 1 2 3 2
3 3 2 3 1 1 2 0 2 2
1 0 1 0 1 3 3 0 3 1
2 3 0 3 2 2 0 1 1 3
2 2 1 0 0 2 0 2 1 1
0 2 0 3 2 3 2 1 2 1
3 2 2 0 1 3 2 3 0 2
3 1 2 1 2 1 2 0 2 0
2 2 1 0 0 2 0 0 2 3
0 2 1 3 3 0 0 3 3 1
3 1 1 0 2 0 3 1 1 0
3 3 3 0 0 0 3 3 0 0
3 2 0 3 0 1 2 1 1 0
3 1 0 0 3 2 3 2 1 3
3 1 0 2 1 1 0 0 1 1
2 0 2 0 2 2 3 3 2 2
0 2 2 2 0 0 1 3 2 3
3 0 3 2 1 0 1 3 1 3
1 2 0 2 0 3 1 2 3 1
2 2 0 2 0 2 3 3 2 3
44 39 18 51 20 14 46 41 46 21
47 44 30 27 51 15 45 44 22 18
37 28 28 23 39 12 23 21 39 12
18 41 31 20 28 15 38 37 33 24
38 22 19 23 27 43 51 38 13 39
21 36 19 20 50 24 33 42 21 25
36 41 29 44 18 29 35 38 42 32
50 41 49 37 27 29 20 36 28 18
40 47 41 23 45 24 28 34 51 51
39 23 12 26 21 35 28 43 36 34
44 19 38 26 43 37 30 48 42 44
34 23 48 48 37 50 51 16 18 31
36 21 48 12 33 33 49 18 51 47
23 48 30 50 51 35 27 27 47 18
33 44 24 29 46 42 34 30 33 49
37 12 15 42 17 21 44 28 38 24
40 32 25 16 22 33 18 50 28 37
39 14 24 39 22 24 41 44 13 18
46 27 50 45 37 43 47 41 48 36
25 24 37 21 21 41 37 34 50 47
47 17 45 34 21 18 27 31 44 16
42 27 35 49 50 50 27 14 49 16
14 37 40 27 29 47 50 42 45 35
34 15 47 39 37 27 17 40 13 36
26 16 28 14 16 25 49 47 28 32
40 45 51 23 31 30 28 28 19 33
32 12 36 36 28 39 24 16 39 14
19 29 38 36 37 50 27 45 20 20
19 35 15 39 51 27 45 29 49 48
47 42 42 24 41 44 13 47 12 42
16 45 33 14 36 39 45 48 48 32
17 32 27 46 40 21 16 34 47 20
27 19 36 44 21 21 37 27 25 27
32 35 23 31 30 16 39 26 47 23
49 46 21 39 50 35 35 40 41 36
37 18 14 21 19 20 48 24 36 23
40 30 30 14 17 27 32 41 28 39
37 30 13 33 34 45 51 47 41 46
48 19 17 46 19 19 17 31 36 43
16 37 28 38 30 38 30 17 50 40
36 36 31 35 30 33 14 19 48 24
32 42 21 26 24 12 48 31 16 21
50 19 33 33 44 51 18 39 46 19
19 20 33 14 41 34 51 18 26 35
19 39 46 24 30 35 34 33 49 51
41 39 32 24 43 33 47 39 45 13
46 50 35 47 24 31 43 28 42 46
12 27 20 22 40 44 44 50 19 37
15 45 20 26 21 19 19 27 16 22
27 18 12 49 31 29 24 16 19 26
32 18 14 25 32 50 39 46 30 33
26 27 42 23 26 27 37 13 48 27
47 12 45 42 31 14 15 15 23 23
50 46 21 47 17 50 18 14 33 48
47 44 46 31 50 40 36 30 27 40
46 51 24 46 40 19 37 50 34 47
40 50 35 39 35 22 23 13 27 50
23 51 14 47 51 12 32 50 41 14
42 46 40 40 39 38 46 13 43 12
41 42 28 47 14 20 35 25 28 16
16 39 27 49 27 32 12 40 12 44
40 50 15 19 28 12 42 51 26 13
25 13 22 39 29 30 34 18 16 41
45 21 20 50 37 19 40 42 47 38
13 41 48 28 41 15 15 36 49 21
18 40 14 20 36 15 12 44 31 47
35 14 26 30 46 31 39 20 13 43
18 24 32 36 30 43 16 38 16 24
25 51 16 38 31 12 21 30 37 28
19 39 35 12 13 29 15 28 49 23
15 13 43 34 18 13 21 27 39 13
39 27 50 50 18 40 28 40 30 23
27 50 42 48 36 37 37 48 34 43
22 45 32 27 19 18 21 25 42 32
12 23 17 13 30 26 47 17 42 33
26 15 41 20 34 47 37 33 15 51
34 49 16 47 24 51 27 43 14 14
25 26 29 48 25 47 43 25 20 38
42 23 18 50 12 12 49 25 38 34
14 23 50 34 38 42 28 33 16 29
20 41 22 23 48 14 25 18 31 22
15 43 30 35 29 21 46 44 42 34
37 40 13 12 49 51 31 44 47 21
38 35 28 23 26 26 48 41 25 15
26 46 17 32 48 26 20 22 41 37
24 34 32 39 22 35 30 41 50 49
47 22 18 32 17 19 34 27 24 22
27 17 22 25 50 37 38 20 22 32
22 42 21 12 40 50 48 48 26 19
24 38 25 19 43 32 48 43 23 37
35 29 29 12 42 32 51 37 25 24
31 23 27 44 24 20 39 47 32 32
51 30 32 39 24 45 42 49 29 20
43 33 12 32 31 26 15 38 13 31
35 37 40 38 41 33 16 24 49 33
30 16 22 48 34 30 23 39 26 46
32 38 30 14 12 20 37 31 34 47
27 40 43 26 37 44 13 51 49 39
25 30 24 46 44 47 33 26 47 17
22 34 28 42 16 46 23 47 34 39
