1 0 3 2 0 1 0 3 1 3 1 3 2 3 0 1
3 0 0 3 0 0 1 0 1 3 3 1 0 0 1 3
1 0 1 0 3 1 0 0 3 2 2 0 0 3 1 2
2 0 2 3 2 2 1 3 1 3 1 1 1 2 2 0
1 2 2 1 2 0 1 3 2 0 3 0 1 3 0 1
3 1 3 3 1 1 1 0 2 1 1 0 2 2 3 2
1 0 0 3 3 3 3 1 1 3 1 1 2 1 2 1
2 2 3 2 2 2 1 3 3 2 2 3 2 0 1 1
2 2 2 0 2 3 0 1 2 0 2 3 2 2 1 0
0 3 1 3 3 0 1 3 3 0 2 2 1 2 1 2
0 0 0 0 0 3 3 3 1 2 3 3 3 0 1 1
2 0 3 2 2 0 3 2 1 0 3 3 0 3 2 1
0 0 0 2 0 3 0 1 3 1 0 0 3 3 1 0
1 1 2 2 2 0 1 2 1 1 2 3 0 1 0 3
1 1 1 0 3 2 1 3 3 1 2 3 3 1 1 2
3 2 1 1 0 1 1 0 3 0 3 3 0 0 0 3
25 20 23 22 48 45 24 47 25 19 37 31 26 39 32 37
51 32 44 15 48 40 21 44 45 35 19 41 32 24 29 15
49 12 49 36 51 13 48 16 47 18 26 36 12 15 33 50
42 16 26 35 22 26 13 47 33 47 41 45 25 34 26 40
17 38 50 41 18 12 17 39 50 16 27 32 33 47 44 49
47 37 19 51 33 49 25 40 46 17 17 24 22 22 15 46
13 36 44 35 27 23 47 25 21 27 33 17 30 41 30 17
42 30 19 26 34 26 29 35 31 42 42 23 34 20 29 25
38 42 50 20 26 23 40 29 42 12 42 39 46 46 41 24
24 31 45 19 27 28 17 51 15 40 42 42 37 26 33 14
44 40 20 48 28 27 27 43 49 50 23 27 51 32 41 37
30 20 31 50 30 16 31 14 29 36 31 23 16 43 14 17
20 32 16 42 36 31 44 13 51 45 12 40 31 31 41 44
33 49 18 26 38 20 21 22 37 21 22 15 44 33 12 23
29 41 25 28 47 34 13 39 15 45 30 31 39 41 37 46
19 38 41 41 48 21 13 12 47 20 31 43 32 48 32 43
