1 0 0 0 0 1 3 1 2 2
0 3 2 0 1 1 2 3 0 1
2 2 3 3 2 3 1 0 3 1
3 2 0 2 0 2 0 0 0 3
2 2 3 0 2 2 0 1 3 0
3 3 1 3 0 3 0 0 3 1
0 2 1 2 2 0 0 0 2 2
0 3 2 1 3 0 3 3 0 0
0 0 2 2 1 1 0 1 1 3
1 0 2 1 1 1 3 2 3 2
25 40 20 16 12 45 23 25 38 42
32 39 18 24 49 25 46 31 32 49
18 42 35 15 14 47 37 48 23 25
35 38 44 18 24 34 48 20 12 19
42 22 15 32 50 34 32 37 31 24
47 39 21 47 48 15 16 32 23 41
24 30 45 30 22 44 12 16 34 42
36 35 26 33 43 36 43 35 20 44
28 32 18 22 33 29 44 41 21 19
17 44 42 37 37 41 19 22 19 26
