3 3 2 3 0 0 0 3 0 0
3 3 2 1 2 3 1 3 2 1
2 3 3 3 1 0 3 0 2 1
1 0 3 0 1 1 3 3 1 2
3 2 0 3 0 3 2 3 2 3
2 0 3 2 2 3 1 2 3 1
1 3 3 2 3 3 1 3 1 2
2 2 2 0 0 0 2 3 2 2
0 1 1 2 3 0 3 0 0 3
0 2 3 3 2 0 3 1 3 0
0 2 3 0 2 1 0 0 3 3
0 2 1 0 0 3 0 2 0 3
0 3 2 2 1 1 3 0 2 1
1 1 1 3 0 1 1 2 1 3
0 3 3 1 3 2 2 3 0 2
1 3 2 1 2 3 2 0 0 2
1 1 3 2 1 2 3 1 1 3
1 3 1 1 0 3 0 2 2 2
3 2 1 0 0 0 0 1 0 3
1 3 1 0 2 2 1 0 2 2
0 3 1 1 2 2 3 1 3 2
1 2 2 1 0 1 0 0 3 3
1 1 3 0 0 1 3 0 0 3
2 0 1 2 2 1 2 2 3 0
2 3 0 3 0 0 1 3 2 3
2 0 3 2 1 1 1 2 1 1
2 3 3 3 2 1 3 2 0 0
3 3 3 3 3 0 2 1 0 0
2 1 3 2 2 1 0 1 0 3
2 1 1 0 1 1 3 3 1 0
3 3 2 1 0 0 2 2 2 2
0 2 1 0 0 1 0 3 3 0
0 1 1 2 2 2 3 3 2 0
1 0 0 0 0 1 1 0 1 1
1 3 3 0 0 1 2 1 1 3
2 2 3 2 1 0 3 1 1 0
0 3 2 0 1 1 2 2 0 1
1 2 2 1 2 1 0 3 3 1
1 1 1 2 3 1 2 0 2 0
0 1 0 1 2 0 0 3 3 3
1 0 0 0 3 0 1 2 3 2
2 1 3 0 2 1 2 2 2 0
0 3 3 3 0 0 0 0 3 3
1 1 1 0 0 2 2 1 1 0
1 3 2 2 2 1 0 1 0 2
1 3 3 1 3 0 2 3 3 3
3 2 3 0 0 2 2 1 0 0
1 0 3 1 3 0 0 1 1 1
2 3 3 1 1 0 1 2 2 0
3 2 2 2 1 1 1 3 1 3
1 2 2 0 1 0 1 0 2 1
0 1 2 2 3 1 2 0 2 3
3 3 1 0 1 0 3 0 0 2
0 3 3 2 1 2 3 1 0 3
1 1 1 2 3 1 3 1 3 1
3 3 0 1 1 1 1 0 2 1
2 1 2 1 0 3 2 2 2 1
1 0 1 3 2 1 2 3 0 2
0 3 2 0 2 2 1 0 1 2
3 1 0 1 1 0 1 0 3 1
2 1 2 1 3 1 3 0 0 0
0 3 1 1 3 2 3 2 1 0
2 2 2 3 0 3 1 3 0 3
1 2 2 3 0 0 1 3 1 0
0 2 3 2 3 2 3 2 1 3
3 1 1 2 0 3 1 0 3 3
0 3 0 3 0 3 0 0 1 3
3 2 2 2 2 3 1 2 3 2
3 0 3 1 0 2 2 1 2 3
2 1 1 1 2 0 1 0 2 0
3 1 1 3 0 2 2 0 2 1
3 2 3 3 3 2 0 2 0 2
0 2 3 1 1 2 2 1 0 2
3 1 3 2 3 0 3 3 2 2
1 0 2 0 3 3 1 3 1 0
0 2 3 3 3 0 3 1 3 2
2 1 3 3 2 0 2 0 3 3
3 0 1 3 3 3 0 0 3 3
0 0 1 3 1 0 0 3 1 2
2 3 0 1 1 1 1 1 3 1
2 1 3 1 2 2 3 1 0 2
0 2 3 0 3 0 2 3 3 3
2 2 3 0 0 2 0 3 1 0
0 1 2 2 2 2 1 2 1 3
1 1 1 2 0 1 3 1 0 1
1 1 0 2 1 2 2 2 0 3
2 1 2 0 1 1 2 2 3 3
2 1 3 0 1 2 0 1 0 3
1 0 2 3 0 2 0 1 1 0
2 2 1 3 2 3 3 3 3 3
3 1 1 2 2 2 2 1 3 1
1 1 2 0 3 2 1 2 1 1
0 1 2 3 2 3 2 1 0 0
1 2 1 3 1 2 3 3 2 3
2 3 1 1 0 2 2 1 1 3
3 0 0 3 2 0 0 0 1 3
0 1 1 0 3 0 3 1 2 1
3 0 3 2 3 1 2 2 2 1
1 0 3 1 0 0 2 2 1 1
2 1 2 2 0 3 0 1 1 0
15 19 18 35 48 32 12 39 44 48
31 39 38 13 14 51 25 23 50 45
34 35 15 31 13 16 35 36 38 45
45 36 47 12 49 29 35 35 33 26
23 46 48 27 16 43 30 15 26 39
30 32 27 38 14 19 25 14 39 17
49 47 27 38 23 31 41 39 41 22
34 30 26 40 40 36 30 15 14 30
36 45 49 42 39 40 39 20 20 31
36 18 15 31 18 48 23 45 27 40
40 34 47 48 30 33 36 20 51 35
24 42 45 32 28 19 12 22 12 51
28 43 38 18 21 21 47 24 14 13
49 13 41 51 44 33 21 34 45 47
32 51 19 45 19 38 34 19 40 46
45 19 46 49 26 39 42 44 16 18
49 49 27 38 29 18 51 41 37 43
45 27 33 13 44 31 24 30 46 26
35 30 13 20 28 44 20 21 36 23
29 19 49 32 34 14 17 36 18 38
32 51 25 45 14 38 23 21 43 26
29 34 26 21 36 41 40 48 39 31
21 41 39 24 28 25 15 40 44 23
14 12 49 46 18 49 30 46 43 44
18 31 36 43 20 32 49 19 14 47
46 16 19 14 13 49 37 38 45 13
46 51 19 47 46 29 15 22 44 16
23 31 43 35 35 24 34 37 36 28
18 21 31 50 18 17 28 41 44 47
22 25 33 48 49 37 43 39 29 16
27 19 22 45 24 24 18 30 38 38
28 14 17 44 32 41 24 19 43 32
40 41 45 46 30 46 43 43 38 28
13 44 36 12 32 29 49 44 21 49
45 47 35 44 40 21 42 41 45 51
46 50 35 18 49 16 43 37 45 28
16 35 46 48 25 49 46 50 24 21
45 18 50 37 14 41 48 15 35 17
21 13 33 30 43 41 22 16 18 40
24 29 40 29 14 44 32 35 27 47
29 20 36 36 35 36 25 34 47 46
38 37 51 40 46 21 34 22 50 28
36 15 43 15 20 20 36 40 31 51
33 13 49 44 32 46 26 37 33 36
37 51 22 26 14 37 24 45 12 38
41 51 39 29 47 32 50 43 15 39
15 34 35 40 28 14 14 37 12 36
17 12 43 49 31 40 24 29 21 13
46 19 23 45 37 36 29 18 18 12
15 34 46 42 41 25 25 19 41 39
33 34 26 32 21 48 25 12 18 45
28 37 14 26 47 33 14 16 46 19
15 19 21 40 33 40 43 36 48 22
16 39 19 42 29 22 31 49 28 19
49 17 21 42 47 37 39 33 47 29
51 51 36 49 33 49 49 40 26 25
30 45 30 21 48 39 50 50 46 37
29 44 17 51 42 29 26 51 16 38
24 31 46 48 42 46 37 24 13 18
35 41 40 41 45 12 21 16 27 21
46 17 34 21 15 37 19 16 16 16
36 35 49 13 51 30 43 50 17 24
14 38 22 35 32 43 25 35 40 15
21 50 46 47 20 24 49 47 17 20
24 46 19 14 47 26 43 26 37 31
39 25 41 34 24 27 33 40 31 15
48 51 12 43 40 39 44 20 25 51
51 26 26 30 50 23 17 34 31 46
19 48 35 29 44 38 34 13 14 51
42 17 37 49 42 16 49 40 30 44
43 13 25 27 28 14 34 12 34 37
35 14 51 51 51 22 44 42 20 42
20 46 27 17 17 50 46 45 44 18
35 37 15 46 39 36 43 43 42 46
49 24 50 24 15 51 33 47 21 44
20 38 31 43 19 40 27 29 47 34
46 37 35 51 14 12 22 48 51 31
35 36 17 51 27 51 32 44 47 27
32 48 25 27 45 36 36 27 25 22
38 27 44 41 33 21 33 33 43 21
30 25 43 17 42 46 47 13 44 46
44 50 19 40 39 24 14 19 15 35
30 30 51 32 36 18 28 23 49 24
28 13 30 14 46 42 17 14 49 51
17 45 41 50 28 13 43 25 28 41
21 13 24 38 29 22 30 14 16 39
46 13 26 48 29 41 14 18 31 31
30 13 43 24 17 26 32 33 32 23
25 36 42 27 12 34 44 17 13 40
30 38 13 15 34 35 19 27 19 43
43 29 13 42 22 22 14 25 19 21
21 17 34 20 15 26 33 34 29 25
32 33 42 47 34 19 26 49 48 28
41 22 33 19 41 38 43 31 14 19
46 39 25 21 12 46 30 45 49 27
35 24 12 35 26 32 28 20 33 43
20 25 49 24 27 40 23 13 34 41
19 44 51 18 39 13 50 50 38 41
49 16 19 17 36 24 22 26 17 29
34 33 30 18 16 27 40 49 33 20
