1 1 3 2 3 1 1 3 0 1 1 3 3 2 3 1
0 1 0 2 3 3 3 1 3 1 0 3 0 0 2 3
2 3 1 3 2 2 1 0 3 3 2 3 2 1 0 3
2 1 2 2 0 1 2 0 1 2 0 3 3 2 0 0
0 2 0 1 1 0 3 2 2 1 1 0 1 2 1 3
2 0 1 0 0 0 3 2 1 1 1 2 2 1 2 2
2 0 1 3 0 1 0 0 1 3 0 0 2 2 3 0
2 3 2 3 3 1 3 1 2 0 3 3 2 1 3 0
2 2 0 3 3 0 1 2 3 2 0 1 3 0 2 2
0 2 3 1 1 3 3 3 0 3 1 3 1 2 2 2
0 2 2 0 2 1 2 3 3 3 3 0 1 2 1 3
3 3 1 0 1 3 0 0 1 1 0 0 2 3 1 1
0 2 3 1 1 3 3 1 2 1 3 2 0 2 0 2
2 1 1 0 2 3 3 2 2 1 3 2 3 0 2 0
2 2 2 2 0 3 0 3 0 1 2 1 3 1 2 1
2 3 3 0 3 0 3 1 0 3 3 2 2 2 3 0
45 49 19 18 23 41 45 15 32 37 49 19 23 14 47 37
36 17 44 22 19 43 23 21 51 25 16 47 36 36 30 31
46 39 17 15 46 42 17 40 39 27 18 27 22 21 48 19
30 41 34 30 24 33 50 48 13 30 16 43 47 34 16 20
12 26 28 37 17 24 23 34 34 25 41 44 41 22 49 27
50 40 41 48 20 12 19 42 25 29 33 30 34 25 34 18
42 36 21 39 44 45 48 36 41 43 12 40 26 22 39 32
34 23 22 27 47 45 43 29 42 28 51 15 46 13 39 36
42 14 40 15 23 24 37 18 43 26 44 21 15 48 42 14
28 34 43 25 33 39 35 31 16 47 37 27 25 14 26 42
24 34 42 16 30 29 34 51 27 27 31 36 13 38 13 35
39 35 29 48 45 23 36 40 17 45 36 32 18 31 17 33
24 14 43 37 41 39 39 41 18 41 27 46 44 26 24 14
34 25 37 28 34 35 43 42 18 33 35 14 35 20 14 48
46 50 38 22 24 19 40 31 12 29 22 33 51 17 26 21
34 47 51 24 47 20 27 13 44 31 51 14 42 14 31 28
