3 2 0 0 1 2 0 3 2 0
1 1 1 2 1 0 3 3 0 1
2 2 3 1 0 3 2 2 2 0
1 2 0 2 3 1 1 2 0 2
1 0 2 0 2 1 0 0 2 0
3 2 2 1 0 3 0 1 3 2
3 0 2 3 1 2 2 3 0 1
1 0 2 0 2 0 3 3 1 1
2 1 0 3 1 0 3 0 0 3
2 3 2 3 0 0 0 2 2 2
1 3 3 0 3 2 0 2 0 1
1 3 3 3 1 1 1 0 2 0
0 2 0 3 0 2 1 3 2 2
0 0 1 1 2 1 1 1 3 3
1 1 2 0 0 0 3 1 0 3
2 0 2 1 2 3 0 2 2 3
0 0 0 1 2 2 2 1 2 3
0 0 3 3 2 2 2 0 1 1
3 0 3 1 1 1 0 3 2 1
2 0 0 3 0 2 3 2 1 3
2 1 0 3 1 1 1 3 3 2
2 3 0 1 0 2 2 2 1 3
1 1 3 3 0 3 0 3 3 2
0 0 1 1 3 2 2 3 3 2
2 1 0 0 1 2 2 2 2 3
2 0 3 1 0 3 1 2 2 2
2 3 3 2 3 1 2 1 3 1
0 0 0 3 1 1 3 3 3 2
3 0 3 3 1 0 0 1 1 3
0 2 2 2 1 1 3 1 0 1
3 1 1 2 1 3 3 2 2 0
0 3 1 0 3 1 2 0 3 0
1 3 1 3 1 1 3 2 1 1
0 0 0 3 0 3 1 1 2 1
3 1 1 1 2 2 3 1 0 2
1 1 2 2 3 2 2 3 3 1
0 0 1 0 0 2 2 0 2 1
0 0 1 1 0 2 2 3 2 0
0 1 1 1 0 2 1 3 3 3
3 1 1 3 2 1 0 0 0 3
3 2 1 0 1 2 0 3 3 1
1 0 3 3 2 1 3 1 3 3
0 1 1 3 0 0 3 0 2 2
1 2 0 2 3 2 1 2 0 1
1 3 3 1 0 3 3 2 1 1
0 1 3 2 2 1 0 1 1 1
0 0 2 0 0 1 2 0 2 2
2 2 2 1 1 2 3 0 1 0
0 3 0 2 2 2 2 1 3 0
2 0 3 3 1 1 2 3 1 2
1 1 0 3 2 2 1 1 1 3
3 1 3 3 0 2 0 1 2 3
1 0 2 3 3 1 1 2 1 0
0 3 3 1 2 3 0 3 2 1
1 3 1 3 2 2 0 0 1 2
2 3 0 3 0 3 3 2 2 1
2 0 3 3 2 0 0 0 0 1
3 0 3 2 3 3 1 0 3 0
2 3 1 3 1 3 0 1 1 0
1 0 3 2 2 3 3 1 1 1
2 3 3 2 0 1 0 3 1 0
2 3 3 1 1 2 3 1 0 0
3 2 0 1 2 0 3 2 2 0
3 2 0 0 0 2 3 2 0 3
0 2 1 2 1 3 1 0 3 2
1 0 3 2 1 2 1 0 1 1
1 1 0 0 1 2 2 0 2 3
0 0 1 3 0 1 2 0 3 2
1 0 0 1 0 0 3 1 0 1
0 1 2 0 3 2 0 2 1 2
3 3 1 2 1 2 0 2 3 2
1 2 3 1 3 1 1 0 2 0
0 0 3 1 1 0 1 1 3 3
0 1 1 3 1 3 0 3 1 2
2 2 1 3 1 0 2 1 0 3
1 2 2 3 2 3 2 0 1 3
3 0 3 2 1 1 0 3 2 2
1 1 2 1 1 3 0 2 3 3
2 1 3 3 3 2 3 0 2 1
2 0 3 0 1 2 2 0 1 0
3 2 0 2 0 3 0 3 0 0
3 3 1 2 1 1 1 0 2 3
1 1 2 1 1 3 0 3 1 2
1 1 2 3 3 2 1 3 3 3
3 3 3 0 0 1 2 0 1 2
0 0 1 3 1 0 1 2 1 3
3 2 1 3 0 3 0 0 1 1
1 3 2 2 1 2 0 0 3 3
2 1 1 3 3 3 3 0 2 2
0 3 0 1 3 0 0 1 3 0
2 2 1 0 3 2 0 2 2 1
1 1 2 3 1 0 2 2 3 2
0 3 2 1 2 2 0 2 2 2
2 2 3 0 1 1 3 0 0 3
2 0 1 2 1 2 1 0 3 3
1 0 1 2 3 2 2 2 3 2
0 3 2 0 0 1 0 2 2 3
0 2 1 0 3 3 3 1 1 2
1 2 0 3 1 0 3 1 3 3
0 3 3 3 1 2 3 3 1 3
19 38 44 36 37 18 32 35 38 36
21 25 17 42 33 12 35 23 36 37
18 34 43 13 32 31 14 30 26 28
45 14 28 42 15 37 49 30 16 50
37 28 34 44 14 25 48 44 38 24
39 46 34 25 24 27 16 45 27 50
47 48 26 31 37 18 22 31 12 49
45 32 34 44 30 24 19 15 21 21
26 17 12 31 33 36 31 44 28 35
18 47 22 19 48 16 40 22 30 34
45 31 15 12 19 30 20 22 28 49
17 51 35 35 45 37 37 24 14 20
24 26 36 39 20 38 49 15 14 18
20 16 33 29 22 37 21 29 31 15
37 49 42 44 24 40 47 21 36 39
14 16 14 45 34 51 24 26 26 15
16 40 40 37 50 46 46 45 46 23
12 44 15 19 30 30 26 20 17 17
35 48 51 21 45 41 48 47 14 25
46 48 36 39 44 30 27 26 41 47
22 25 28 27 13 21 13 19 27 38
50 47 24 21 48 18 42 50 25 51
49 29 35 27 40 27 36 15 27 38
40 48 41 29 47 26 42 27 51 14
30 17 28 36 45 42 30 38 22 27
18 28 35 13 32 39 17 50 42 18
50 27 43 18 51 37 46 37 51 29
36 48 32 19 37 21 51 31 35 34
35 32 43 31 29 44 16 21 37 19
20 22 50 30 45 33 47 45 16 33
39 37 49 30 37 47 39 14 18 24
12 15 17 20 43 29 30 20 51 40
41 35 45 35 17 45 31 18 29 29
36 28 40 43 32 43 33 45 22 33
27 49 33 45 34 22 51 13 16 30
25 25 22 14 23 14 34 27 27 45
20 48 25 48 44 42 26 44 14 25
16 40 25 17 32 50 14 43 30 40
36 33 45 21 12 14 49 31 43 23
27 33 29 51 26 21 16 36 48 47
23 26 29 20 37 14 44 19 43 17
21 44 35 39 42 49 51 17 51 15
36 17 33 35 28 40 19 20 34 18
21 18 32 50 19 30 21 26 40 21
33 47 47 41 24 31 43 38 25 41
12 13 47 42 18 17 24 45 17 13
32 36 34 48 44 29 14 32 30 18
38 30 42 33 13 26 51 28 41 36
48 47 48 14 30 26 42 21 27 36
50 12 51 23 17 49 14 51 41 26
25 21 24 27 18 42 29 45 21 39
27 13 15 31 44 46 40 25 38 19
17 16 22 39 51 13 33 26 37 16
16 43 27 37 46 23 44 27 34 17
21 15 41 35 22 26 16 16 49 22
26 23 16 19 40 35 51 50 42 45
30 36 43 31 46 12 24 36 48 29
23 48 27 42 31 23 37 40 51 32
38 35 33 27 37 15 20 13 37 20
13 16 43 30 26 31 31 13 37 37
14 19 27 18 44 45 28 39 37 40
18 35 31 21 33 22 51 13 36 16
51 26 12 25 14 16 31 18 18 12
19 18 28 28 48 18 15 30 28 15
36 14 49 34 25 47 45 40 47 38
41 36 31 50 17 42 49 32 21 49
49 33 40 48 21 14 34 20 38 23
48 44 21 23 28 25 46 40 51 50
37 36 48 37 32 36 19 21 48 13
28 49 34 24 47 26 20 50 13 50
31 39 49 22 29 18 28 30 51 26
13 30 31 33 15 25 41 36 38 32
32 12 27 21 29 12 45 17 19 51
32 17 25 15 49 15 24 47 33 30
38 18 33 31 21 20 18 17 36 43
29 26 14 35 42 47 42 48 29 31
19 12 15 30 33 21 16 31 26 26
41 45 14 17 29 39 12 18 47 47
50 45 27 35 39 14 23 12 14 21
42 12 39 44 29 34 18 44 33 28
15 18 32 30 32 15 32 35 12 16
27 43 17 38 21 49 41 40 26 35
21 25 30 25 33 35 44 31 29 38
29 41 26 15 27 30 17 39 47 39
27 43 47 28 12 25 26 16 17 42
48 12 41 35 25 20 45 42 45 23
27 18 13 27 24 39 20 32 33 49
37 27 42 50 13 46 48 36 23 23
46 13 41 23 43 39 19 20 22 34
36 35 28 25 39 24 36 45 19 36
30 22 41 24 27 14 40 26 30 41
25 21 26 23 49 20 14 34 35 14
12 43 30 49 22 26 20 46 38 34
42 42 51 40 17 21 19 28 24 15
34 28 13 22 41 42 41 20 19 15
45 12 41 22 43 18 34 30 19 26
40 31 46 48 44 25 32 26 34 47
12 42 41 32 15 39 43 13 45 14
21 22 48 31 33 24 27 41 23 43
40 19 51 43 29 50 43 39 45 31
