0 2 1 0 3 1 2 3 3 1
1 1 2 0 0 2 0 2 3 0
2 1 1 3 0 1 2 3 3 1
3 1 0 0 0 1 3 1 2 1
1 3 3 3 2 3 3 0 1 2
0 0 2 0 2 3 1 2 3 1
3 0 0 3 0 2 3 3 0 0
1 0 1 2 0 2 3 2 2 3
3 0 0 3 1 3 0 0 2 1
0 1 3 2 1 3 3 3 1 0
44 26 29 32 35 41 42 19 15 37
17 45 22 24 16 42 12 46 27 12
26 33 29 15 16 37 30 47 39 45
31 21 16 12 36 49 31 17 42 41
49 43 23 35 22 39 43 40 33 30
36 16 18 24 34 39 41 42 47 49
19 36 28 43 48 30 39 39 36 32
49 32 33 30 12 30 15 34 14 15
47 44 44 31 29 27 36 40 18 29
44 21 15 22 17 27 23 19 29 16
