2 3 1 2 1 2 3 3 0 1
2 0 2 2 1 0 1 0 3 3
1 3 0 3 2 3 2 1 2 0
2 1 3 1 3 3 0 3 2 3
1 0 3 3 1 2 1 3 3 3
1 1 2 3 2 3 1 1 3 1
3 3 2 1 3 0 2 1 1 0
0 3 3 1 3 2 3 0 1 2
0 1 3 3 0 0 2 2 1 1
3 3 3 1 1 0 3 2 1 2
0 2 2 3 1 1 1 2 2 2
2 0 1 0 0 0 0 3 1 2
1 3 1 3 3 0 3 0 1 1
2 1 1 0 2 1 2 2 3 2
3 0 2 0 2 2 3 3 0 1
2 3 1 3 3 2 1 1 2 2
1 3 2 1 2 0 0 2 3 3
3 2 2 2 1 2 0 0 1 0
1 1 3 1 3 3 1 0 1 2
1 2 3 1 2 2 2 0 3 0
0 2 2 2 1 3 2 0 1 1
2 0 0 1 2 2 2 1 2 2
2 2 2 1 1 3 1 1 2 3
1 2 0 0 2 1 3 2 3 0
3 2 2 1 3 2 1 2 3 2
2 2 3 1 2 1 2 3 1 0
2 3 3 0 2 1 3 2 1 2
0 3 1 1 2 1 3 1 0 0
0 3 1 1 3 0 0 2 1 2
0 3 2 1 2 0 3 1 0 3
3 3 1 3 1 2 1 2 0 2
2 2 0 3 1 1 3 3 1 1
3 3 2 1 0 1 2 0 3 2
0 3 1 1 1 1 2 3 2 2
2 0 3 2 2 2 3 3 2 3
2 1 1 1 3 2 1 3 0 0
1 2 1 1 3 2 2 2 2 2
1 3 3 0 1 3 0 1 0 0
0 2 1 3 1 0 3 1 3 3
0 3 3 0 0 0 1 3 3 1
1 3 3 3 2 0 2 1 2 0
0 2 1 0 1 0 0 1 2 0
2 0 3 0 3 3 3 1 2 1
2 3 3 3 2 1 0 1 1 3
1 2 1 2 1 0 3 1 1 0
2 1 1 3 1 3 0 0 0 2
3 0 2 3 3 0 1 0 3 0
1 1 2 0 2 3 3 0 1 1
0 1 1 1 3 1 0 3 1 0
2 0 0 0 0 0 0 2 1 3
0 1 1 2 0 3 1 0 3 0
3 3 0 0 2 2 2 3 3 1
2 2 1 1 2 2 1 0 0 0
3 1 1 1 1 1 2 0 3 0
1 2 1 2 2 0 3 0 2 3
1 2 1 3 1 0 2 2 3 0
3 3 2 2 2 3 2 0 0 3
3 1 2 2 3 2 2 1 2 1
3 3 2 3 0 2 3 1 3 1
1 3 2 2 2 0 1 2 2 2
1 3 2 3 0 2 1 3 2 2
1 1 0 2 3 3 3 0 0 1
3 1 2 2 0 2 0 0 2 2
0 3 1 0 1 1 2 1 1 0
3 1 0 2 1 1 1 0 2 1
2 2 1 3 0 2 2 0 0 3
3 3 3 1 1 3 1 0 1 0
0 1 1 0 3 1 2 2 0 0
1 3 2 2 1 2 0 2 0 0
0 1 1 0 3 3 3 0 2 3
0 0 2 0 1 1 0 3 2 1
2 1 0 3 1 0 0 1 1 3
3 2 2 1 0 0 3 2 0 1
0 3 1 2 2 3 3 0 3 3
0 0 2 2 2 1 0 2 3 0
3 2 1 0 3 3 2 2 0 1
1 2 0 2 0 3 2 3 1 0
1 1 0 0 2 2 1 1 0 2
3 1 3 0 0 0 2 0 3 2
2 2 1 0 1 3 2 1 2 2
0 3 0 0 1 2 2 2 3 0
1 3 1 1 3 1 1 1 1 3
0 2 2 2 3 2 3 2 0 0
0 0 1 3 2 0 3 1 2 1
3 2 0 1 0 0 3 0 0 2
2 2 2 0 2 3 2 3 2 2
3 3 2 3 2 2 1 2 2 2
2 2 2 1 0 0 0 2 1 1
2 0 2 3 2 3 2 2 2 2
0 1 1 2 2 2 3 1 0 3
2 0 2 0 1 2 0 1 3 2
2 1 2 0 2 3 1 3 0 3
2 0 3 0 0 3 0 1 2 3
0 2 0 1 1 0 2 3 3 2
2 1 2 1 0 2 0 0 3 2
3 1 0 3 1 1 0 2 1 0
1 1 0 2 3 2 3 3 3 0
1 3 1 0 1 0 3 2 2 2
2 1 2 1 1 3 2 2 2 3
1 2 1 0 0 1 3 3 3 2
34 27 21 34 17 38 19 51 16 25
14 32 42 14 37 44 29 48 27 35
49 51 32 15 14 51 42 17 26 48
18 13 43 13 47 15 44 27 22 43
25 20 15 35 17 46 45 19 35 39
29 45 18 43 34 35 29 49 15 13
35 47 14 37 27 44 42 37 13 20
48 35 31 13 15 34 43 40 33 50
40 13 51 27 28 16 14 34 29 37
23 23 19 49 49 12 51 22 25 34
24 46 38 19 45 13 49 46 14 30
50 24 49 28 32 40 12 27 33 46
37 43 33 35 35 44 15 24 13 17
34 37 41 24 14 33 30 26 31 46
51 28 42 12 38 26 47 19 36 25
34 43 33 35 31 14 33 41 14 34
45 35 46 25 46 40 48 38 43 19
31 30 22 38 13 38 32 32 37 48
21 37 35 17 47 31 37 12 41 38
21 22 43 17 26 26 46 32 31 48
40 34 14 38 21 47 38 16 49 21
34 28 20 13 50 26 50 37 46 46
18 42 14 49 17 51 45 49 50 47
45 50 12 24 34 49 27 18 43 36
15 34 50 17 47 34 25 50 31 26
26 42 39 17 22 29 34 15 13 24
26 19 39 24 30 13 27 34 25 42
36 23 49 17 38 17 27 49 36 24
24 51 33 49 43 48 28 34 29 26
20 43 50 13 38 36 47 21 28 31
23 35 41 47 37 22 33 38 40 38
30 30 48 15 49 29 47 23 33 49
15 47 38 49 20 25 38 36 23 22
12 51 37 25 25 21 42 27 18 50
18 40 39 42 26 18 39 31 38 23
38 49 13 37 43 50 21 27 36 32
45 22 17 25 47 34 14 14 50 30
25 43 51 28 13 23 12 29 24 48
32 18 37 39 13 36 47 17 31 19
36 23 31 36 24 36 25 23 39 21
37 23 39 39 42 48 18 25 30 36
20 46 41 20 33 20 32 17 42 24
22 44 39 32 27 31 15 29 34 37
42 39 31 51 14 29 24 13 13 23
37 42 33 14 45 48 35 25 21 28
30 25 41 43 25 47 28 32 40 26
31 44 34 47 47 36 33 28 31 44
17 13 34 32 42 47 27 16 13 37
20 21 13 17 51 25 40 23 49 12
18 24 16 16 16 24 20 50 25 35
20 33 33 18 36 39 45 28 39 40
35 15 40 24 22 34 14 23 19 41
22 34 45 29 26 34 13 32 36 32
47 13 25 21 17 25 46 24 51 24
13 26 17 46 46 40 23 36 38 51
17 38 45 19 45 12 18 42 39 44
23 23 46 34 14 39 22 32 16 31
47 33 46 26 51 26 14 17 42 13
23 43 14 35 20 50 39 17 19 13
25 27 26 46 42 40 25 26 50 46
45 47 38 15 20 34 45 43 46 34
21 41 20 14 39 19 47 40 24 29
31 29 50 18 28 50 44 32 46 42
28 27 13 32 21 33 42 17 25 36
31 17 24 50 45 29 13 28 42 37
46 22 13 51 32 42 30 16 40 31
43 43 43 29 21 31 13 16 49 32
16 25 41 20 51 21 34 22 16 28
41 35 38 38 13 22 12 34 36 24
12 41 21 28 31 35 15 44 26 31
40 20 34 48 37 17 12 23 26 25
30 45 36 51 17 12 36 45 25 35
39 38 18 21 36 36 35 42 24 29
48 47 17 46 14 31 19 40 39 35
16 16 42 34 46 33 28 18 19 44
19 50 21 24 27 47 14 34 40 49
41 26 40 46 24 15 38 23 29 36
45 25 24 40 30 42 41 33 44 46
19 49 51 24 44 24 26 36 31 38
14 22 45 24 37 47 30 17 30 14
24 51 24 32 17 22 22 38 39 16
49 19 37 21 35 13 49 37 21 47
28 18 26 14 43 22 35 38 24 40
24 20 17 39 34 16 27 17 14 33
35 30 12 33 40 16 39 28 48 30
46 50 38 20 30 39 30 43 50 26
31 35 50 19 22 34 41 14 30 30
30 42 14 41 20 28 48 46 13 13
26 16 30 51 46 19 30 38 26 14
32 17 21 42 50 38 47 17 12 27
46 12 18 24 21 26 24 33 39 22
30 33 42 48 18 19 29 43 36 15
30 40 39 36 32 39 48 49 26 31
48 46 36 33 21 20 22 51 31 42
18 29 42 33 40 18 20 36 39 14
35 49 20 47 49 37 20 14 45 20
45 29 24 34 27 22 31 35 35 32
13 23 49 28 17 36 35 46 50 14
42 49 14 45 13 19 18 46 46 47
21 46 41 40 32 25 51 15 51 50
