0 2 2 1 3 0 0 2 0 0
2 3 0 0 1 0 3 0 3 2
3 0 2 3 1 0 1 3 3 0
0 0 2 3 1 1 0 0 0 1
0 0 2 3 0 2 3 0 0 2
2 3 1 0 2 3 2 0 3 2
2 1 3 3 0 2 2 3 1 3
0 2 0 3 1 2 2 2 2 0
2 2 3 1 1 2 3 3 3 0
3 2 1 3 0 2 1 0 1 0
28 46 30 33 19 28 36 18 36 40
46 15 32 36 45 32 31 36 51 14
27 36 38 43 49 40 13 51 39 28
20 36 26 31 45 37 24 32 40 45
44 36 18 15 28 46 47 32 48 30
46 47 41 40 38 43 42 48 23 22
14 49 35 23 20 34 46 27 49 47
28 42 40 35 45 50 46 18 14 36
46 30 19 21 37 18 19 39 15 36
23 22 29 15 36 18 33 44 29 36
