3 0 2 2 1 1 0 0 2 0 2 0 3 2 0 0
2 0 0 1 1 3 1 3 0 1 2 2 2 2 0 3
2 1 0 2 1 2 0 0 0 3 1 2 1 1 3 1
0 1 3 1 2 1 3 0 0 0 0 2 2 2 2 3
3 2 3 3 1 1 3 0 3 1 0 1 1 3 3 1
3 0 0 2 0 0 1 2 2 1 2 0 0 2 1 2
3 1 0 2 3 2 1 1 2 0 1 2 2 2 1 1
0 3 2 0 2 1 3 1 1 1 1 1 1 1 0 0
3 1 2 1 0 0 0 2 2 0 0 2 0 1 3 3
3 2 1 0 3 1 3 3 1 1 3 0 2 3 2 1
2 0 2 3 0 1 1 1 0 0 0 2 3 2 2 0
3 2 2 0 2 0 1 1 1 1 2 3 3 0 3 3
2 1 2 1 3 0 2 3 3 1 0 1 2 0 3 2
1 2 1 0 2 2 3 2 3 3 0 2 2 1 1 3
1 0 3 3 2 3 0 2 1 2 3 0 2 0 1 2
0 1 0 1 0 0 1 1 3 1 1 1 3 2 1 1
51 28 18 46 49 17 24 44 42 12 46 16 35 38 12 48
26 20 20 45 45 51 21 15 28 33 50 34 14 18 36 39
18 45 12 26 33 14 36 48 48 31 33 30 41 37 27 45
28 45 47 45 34 13 27 48 36 12 28 42 30 50 18 35
31 42 47 15 29 21 31 24 31 17 40 13 37 19 35 17
43 44 16 42 12 16 45 46 14 21 26 44 36 18 49 38
15 29 24 18 23 50 29 13 14 28 25 14 30 26 25 13
32 43 26 32 38 17 47 49 29 49 25 17 17 25 24 36
51 13 26 29 32 20 16 14 38 48 16 42 36 49 35 51
51 46 45 16 35 41 51 23 25 41 43 20 30 47 50 49
22 24 42 27 32 41 37 45 32 40 24 46 19 26 26 32
15 26 26 36 26 32 13 49 37 45 50 15 51 44 47 19
38 29 46 49 47 32 46 27 19 25 36 37 46 12 35 42
25 38 21 48 38 22 35 26 51 23 12 34 26 29 41 47
13 48 27 31 34 51 12 18 37 26 47 36 14 20 29 30
28 49 12 45 16 44 17 17 35 37 49 33 31 38 37 17
