0 0 2 2 0 1 2 2 0 1 0 3 2 2 0 0
3 2 3 2 3 1 3 2 2 1 3 1 1 2 3 2
2 3 0 3 1 1 0 3 1 3 1 1 2 2 1 1
1 1 3 2 1 1 0 1 1 0 1 1 2 1 2 3
0 0 3 0 2 0 3 0 2 0 2 2 2 2 3 1
2 2 0 1 3 3 1 2 3 1 0 0 2 0 1 2
1 2 0 1 3 1 0 0 3 3 0 0 0 0 2 3
1 1 3 0 2 0 0 1 0 3 2 0 2 0 2 2
0 3 0 2 1 1 2 1 0 2 3 3 0 2 3 1
0 3 3 0 3 0 0 0 2 0 0 2 2 2 0 2
0 2 2 0 1 1 2 2 3 2 3 0 0 3 1 1
1 3 0 0 3 1 1 1 1 3 2 0 0 0 1 2
3 2 3 3 0 3 1 2 1 1 3 3 3 1 3 0
0 3 0 2 1 3 0 1 0 1 2 0 3 0 2 2
0 0 2 0 2 2 1 2 3 1 3 2 3 1 3 3
2 0 3 1 1 2 0 1 1 1 0 1 3 2 0 1
32 20 26 30 36 37 26 50 12 25 40 47 42 38 36 36
31 30 35 14 47 17 31 46 38 21 19 17 49 22 35 50
38 35 40 43 37 37 44 31 21 23 37 37 42 14 41 17
49 45 51 38 21 21 28 37 41 28 25 21 30 25 42 27
20 16 23 20 50 32 43 36 34 24 22 22 14 46 43 45
26 46 40 29 51 35 41 26 27 37 48 44 34 24 33 26
45 18 20 25 51 13 28 24 39 19 48 12 28 12 38 51
17 37 47 20 14 40 48 45 36 35 22 16 14 44 22 50
44 15 20 50 13 13 22 45 44 18 27 43 12 30 27 41
32 39 51 12 31 12 32 36 34 44 24 22 14 34 20 42
36 38 18 40 49 45 42 30 47 30 23 20 48 39 17 41
21 15 28 20 31 45 49 41 29 39 22 20 24 20 29 26
39 26 23 15 32 43 21 34 25 37 35 19 43 45 43 16
40 35 28 50 33 15 48 17 40 17 50 44 35 40 18 42
24 48 22 12 50 14 17 50 35 49 31 46 31 33 43 15
42 32 35 45 33 46 28 13 33 37 44 37 47 18 40 13
