2 1 1 3 1 0 0 0 0 3
1 2 3 3 2 1 2 0 2 2
1 2 2 3 1 1 0 3 3 1
0 1 1 3 3 1 0 2 1 2
0 0 3 3 2 3 2 1 3 0
2 0 2 2 0 1 1 1 3 2
0 0 3 0 0 0 1 3 0 3
1 0 3 0 3 1 3 0 3 0
3 2 0 3 3 3 1 0 0 3
0 1 2 1 1 0 3 1 2 0
42 33 37 23 21 48 12 24 36 35
45 38 27 19 38 33 42 32 18 50
45 30 26 19 29 29 20 39 27 33
36 17 37 19 43 49 36 14 45 46
24 20 39 39 18 47 22 13 31 48
50 32 18 34 20 49 29 49 19 42
36 12 15 20 36 20 45 27 24 23
45 32 15 32 19 33 39 24 27 24
43 34 40 15 39 39 45 44 16 47
32 13 30 49 37 36 15 41 14 28
