2 2 2 3 2 2 2 3 1 2
1 2 1 1 3 1 3 0 1 1
1 0 3 2 3 0 1 1 3 1
3 0 3 3 1 3 3 2 1 2
0 0 2 1 3 3 1 2 2 2
3 0 1 0 1 0 1 0 2 3
2 3 1 1 2 2 3 1 2 3
3 0 1 0 3 3 2 0 3 1
1 0 3 2 1 1 2 3 3 2
1 2 3 3 3 3 0 2 2 2
2 3 0 1 1 1 1 3 1 0
1 3 2 1 0 2 1 1 0 3
1 3 3 2 3 1 0 3 0 2
1 3 1 3 0 2 2 2 0 0
3 3 0 3 1 1 3 3 2 2
3 0 1 0 3 2 2 2 0 3
1 3 1 2 0 3 3 2 3 3
2 0 0 0 1 1 3 0 2 0
2 1 2 3 1 3 2 1 0 2
0 3 1 2 2 0 0 3 2 2
1 0 1 3 0 3 2 3 1 1
2 1 3 1 0 1 3 2 2 3
1 3 1 1 0 0 0 2 2 1
1 3 1 0 2 2 0 0 0 1
0 0 0 0 0 3 0 2 1 3
1 3 1 0 1 0 0 1 2 2
0 2 2 0 2 1 3 3 0 0
1 2 0 1 0 2 2 1 2 2
3 1 1 2 1 0 0 3 0 1
2 0 2 3 3 3 1 1 2 3
0 0 1 2 3 1 1 1 3 1
1 1 1 3 0 3 2 2 0 3
0 3 3 0 2 3 3 2 2 2
2 1 0 2 2 3 1 0 0 1
1 3 0 2 3 3 1 2 0 0
0 0 1 3 0 3 3 3 1 2
0 1 2 1 3 1 1 0 3 1
1 3 2 1 0 3 0 0 0 3
3 1 0 3 2 2 0 3 3 1
3 3 2 0 1 3 2 1 0 3
0 3 1 3 2 0 0 0 2 3
1 1 3 3 2 2 1 1 1 1
1 0 3 1 2 1 3 2 3 2
2 2 3 0 2 2 3 3 0 1
0 2 2 1 2 3 3 1 2 3
2 2 2 2 2 3 2 0 1 3
1 3 1 0 0 0 3 0 0 1
2 1 3 1 2 0 2 2 0 3
1 2 2 0 1 3 0 2 0 0
0 1 2 1 1 0 3 3 2 3
1 2 2 2 3 0 3 3 1 1
3 1 1 1 3 2 0 3 2 2
0 1 2 0 1 0 0 1 2 3
1 0 0 1 1 1 2 0 0 2
1 2 0 0 3 0 1 3 2 3
1 2 2 1 3 2 0 3 1 3
0 2 3 0 0 1 0 3 3 1
0 0 3 1 0 3 1 2 0 3
2 1 3 2 3 3 0 3 0 2
0 3 3 3 1 0 0 2 2 1
0 3 0 3 0 3 3 0 1 1
0 2 1 2 3 0 3 2 3 3
0 3 0 2 3 2 0 0 2 0
1 2 3 3 3 3 3 2 0 2
3 0 2 3 2 3 2 2 1 2
2 3 0 3 3 0 2 3 2 1
2 3 0 0 1 2 2 1 0 0
2 1 2 3 3 1 1 0 2 1
3 1 3 2 3 1 3 2 2 2
2 3 3 0 2 0 1 0 1 0
2 0 3 2 0 1 2 0 3 2
3 3 3 0 2 3 1 2 3 2
3 0 0 1 1 0 2 2 0 1
3 0 3 0 1 2 2 1 2 1
0 2 3 1 3 2 3 3 2 1
3 2 0 2 0 2 2 3 0 1
3 1 0 1 1 0 3 0 1 0
1 2 1 0 0 1 3 1 1 2
3 2 2 2 3 2 1 0 3 0
1 2 0 2 2 3 3 1 0 3
0 3 0 3 2 3 2 1 3 3
1 3 2 0 0 0 0 2 1 2
2 3 0 0 0 2 2 0 1 1
0 3 3 2 3 2 2 1 2 2
0 2 3 1 1 0 0 0 2 2
3 3 2 3 2 2 1 0 2 2
3 1 0 0 1 1 3 0 3 0
3 1 0 2 3 0 2 0 3 3
1 1 0 2 0 0 2 1 3 0
3 3 2 3 3 1 2 1 3 3
1 0 1 2 2 3 1 0 3 0
3 0 1 3 1 3 3 0 2 3
0 3 3 3 1 0 0 0 2 1
1 0 0 0 3 0 2 0 2 0
1 3 0 1 1 3 0 3 2 0
1 3 0 2 2 3 2 2 1 1
2 1 0 3 2 0 1 0 3 1
1 3 2 0 2 2 1 3 1 3
2 1 2 2 2 3 2 3 1 1
0 2 3 0 3 3 0 0 1 1
42 38 34 35 14 18 34 19 25 34
41 46 13 41 15 17 31 32 33 41
49 48 19 46 47 20 17 49 47 17
15 40 15 35 29 23 15 18 21 26
32 32 50 49 27 43 25 38 50 42
43 20 29 24 17 24 21 32 26 43
22 39 29 37 18 42 51 37 18 15
39 24 33 48 51 19 26 44 35 25
21 28 23 46 25 33 30 39 35 46
29 42 27 47 23 23 20 38 22 14
22 47 44 25 17 41 17 47 29 44
41 43 34 45 36 22 29 37 16 27
29 15 31 34 43 25 28 23 44 46
33 27 33 31 32 46 14 42 16 44
15 47 48 23 17 45 23 51 42 34
23 44 33 16 47 18 42 34 24 23
33 19 41 42 36 43 31 30 27 51
50 20 40 28 41 45 27 12 38 12
18 33 42 43 37 19 46 33 48 38
48 27 17 50 42 44 32 19 26 30
33 12 29 43 24 15 46 31 45 49
42 29 47 25 32 37 19 18 14 35
49 19 21 49 16 36 32 30 14 17
49 15 49 48 42 14 44 28 44 13
48 36 12 36 40 23 36 30 49 39
17 19 41 20 13 24 40 25 18 26
20 18 34 40 42 13 27 47 36 48
25 22 40 21 40 50 22 33 26 30
19 49 37 26 13 12 36 19 44 45
42 28 46 43 31 35 49 37 14 23
24 16 21 30 43 29 41 13 19 41
37 17 13 35 36 47 38 18 44 39
12 47 39 48 42 31 47 22 50 46
14 13 28 26 14 51 45 32 12 17
21 35 48 14 35 19 13 42 20 48
32 24 29 15 24 43 47 47 25 46
44 29 42 49 23 41 33 36 19 25
29 51 34 49 12 31 20 28 16 31
19 29 16 31 14 14 40 39 43 21
15 35 46 32 25 47 30 25 36 15
44 15 21 47 30 16 48 24 34 39
17 13 27 23 14 14 17 21 45 41
33 20 51 21 14 17 43 50 35 14
22 50 27 48 26 22 43 39 28 25
32 46 50 37 18 15 19 37 46 43
14 26 22 38 18 39 50 16 45 43
41 47 33 40 44 32 39 40 16 21
26 41 15 41 34 40 34 46 28 43
17 38 42 28 49 23 44 18 40 40
32 33 22 25 13 32 47 27 38 35
21 46 26 14 19 16 19 35 25 45
19 37 25 13 31 42 28 19 14 30
32 29 38 32 29 28 32 37 50 43
25 48 28 49 25 29 22 24 12 18
49 50 40 16 27 48 13 39 46 27
29 30 26 37 43 38 48 35 37 43
16 22 15 48 16 33 32 39 23 37
44 48 39 37 40 27 21 42 32 35
42 17 23 14 35 35 16 31 32 42
28 47 43 19 17 16 28 14 38 33
12 23 32 35 12 39 43 16 49 49
28 46 37 22 43 36 27 50 47 47
20 31 16 26 19 14 36 40 30 12
29 46 15 31 43 39 23 26 16 34
47 16 42 19 18 43 26 38 17 22
42 27 12 51 51 24 38 47 38 33
50 47 16 12 13 42 22 49 48 32
46 37 42 31 23 45 41 48 22 33
35 41 15 50 27 45 27 50 38 46
34 35 31 12 38 28 21 16 41 16
38 28 23 34 40 13 26 36 47 26
27 19 31 44 42 15 37 38 15 30
31 48 28 49 13 32 46 46 40 45
51 20 39 28 33 38 38 33 42 41
36 46 15 25 19 14 51 47 30 45
43 38 24 38 40 14 18 47 40 41
47 25 32 33 37 44 27 44 25 12
33 18 17 36 28 37 15 13 37 26
43 26 34 46 47 46 45 32 19 32
17 22 12 26 46 43 39 33 12 47
32 19 44 27 34 35 46 41 39 35
41 35 18 28 16 32 36 34 29 30
26 27 28 12 32 42 14 16 25 41
32 23 27 18 31 26 26 21 50 38
32 30 23 21 25 32 48 32 46 22
39 19 22 31 18 38 41 28 38 50
51 49 48 40 41 37 39 44 35 44
19 21 32 26 39 24 50 48 15 23
29 45 40 22 48 48 38 17 15 36
19 39 50 35 47 17 38 13 23 43
45 12 25 34 18 19 17 44 23 28
43 32 45 51 17 15 43 16 26 19
40 15 15 35 21 20 12 24 38 37
33 40 40 44 19 48 46 28 14 16
17 23 40 41 45 43 12 27 22 44
25 19 44 46 26 27 38 30 17 21
22 13 28 15 42 40 41 44 35 33
13 43 46 48 46 42 37 31 21 35
50 49 22 50 26 27 46 39 37 17
44 34 15 36 47 19 40 44 17 25
