1 0 2 0 1 1 0 3 2 2 2 1 1 0 2 1
1 2 0 1 0 2 2 2 0 2 3 0 3 1 1 1
0 2 1 3 2 2 3 1 0 1 2 1 3 0 1 1
0 3 3 0 0 3 2 3 2 3 2 0 3 3 0 0
0 1 3 1 3 0 1 3 1 2 3 2 2 2 1 2
0 2 1 3 1 3 1 0 0 0 3 2 1 2 2 0
2 3 0 0 2 0 0 3 0 1 1 2 1 1 0 1
3 0 3 1 0 1 0 0 2 3 1 3 2 2 0 0
3 0 0 3 1 2 3 1 2 1 0 2 0 0 0 0
1 2 2 3 3 1 3 0 3 2 1 0 2 0 0 1
3 1 3 2 1 2 2 1 3 0 2 1 3 1 2 3
0 0 3 1 2 1 0 1 0 3 3 0 0 2 3 0
0 1 1 0 3 3 1 1 0 0 3 0 2 3 3 0
3 2 2 1 1 3 0 3 1 0 2 3 0 1 1 3
1 1 2 2 3 1 2 0 1 1 2 3 1 2 2 1
0 0 2 0 0 0 0 1 3 2 3 0 1 0 2 1
25 12 18 20 41 45 48 47 38 30 34 41 21 32 26 21
37 14 20 41 12 18 34 18 44 30 19 24 15 49 17 49
24 26 45 39 38 50 15 45 12 25 30 45 31 12 13 21
36 15 31 40 28 47 14 27 46 19 14 20 43 39 28 36
48 29 31 49 51 32 45 31 41 38 23 18 26 18 49 46
44 50 41 23 21 31 17 48 32 28 47 42 13 38 42 40
14 23 36 20 26 40 48 43 32 25 37 38 41 45 20 41
15 24 31 29 20 45 44 20 18 47 45 35 38 14 24 48
39 40 44 43 17 42 31 29 38 33 28 18 24 24 40 24
49 18 46 43 27 25 27 32 23 14 49 24 30 32 32 41
19 13 27 22 25 22 46 45 51 36 30 45 35 25 46 15
12 40 31 21 30 33 32 37 28 35 47 32 12 14 19 16
20 17 45 28 39 27 25 29 12 40 23 20 14 51 19 40
19 42 30 37 29 51 28 31 37 32 22 35 24 29 29 39
13 41 26 30 35 33 50 36 37 17 14 31 49 38 34 21
20 20 38 48 28 32 36 45 35 26 15 32 45 16 46 21
