3 3 3 2 1 1 0 1 3 2
2 3 3 0 1 2 0 0 3 2
2 1 2 1 2 1 1 1 0 1
1 3 0 2 1 0 0 0 3 3
1 2 1 2 2 3 1 3 0 2
3 1 1 1 1 2 0 2 3 0
1 3 0 0 1 1 0 3 1 1
0 1 2 0 2 2 1 1 0 1
2 3 3 1 0 2 0 3 0 1
0 3 0 2 2 3 0 2 0 0
1 2 1 2 1 0 1 2 1 0
0 3 2 1 0 2 2 3 1 3
2 0 0 0 3 3 1 3 3 3
0 2 1 1 0 0 2 1 1 2
1 1 1 1 1 2 2 2 1 2
3 2 1 1 2 0 1 3 3 3
2 0 2 0 1 1 3 2 3 3
1 0 1 2 2 3 3 0 2 1
1 3 0 1 0 2 3 3 3 3
0 0 1 0 1 1 0 0 0 0
2 2 2 3 1 0 2 2 1 2
2 1 1 0 0 2 1 3 3 0
3 2 2 2 3 1 0 2 1 1
1 0 3 1 3 0 3 1 1 0
2 0 1 2 2 0 2 1 1 2
0 3 2 1 3 1 3 3 0 0
3 2 2 1 2 1 2 3 3 2
2 0 3 0 0 1 2 1 1 3
1 3 0 1 3 1 3 0 1 3
3 1 2 2 3 1 1 3 2 0
0 2 1 0 3 2 2 1 3 1
3 1 3 3 2 0 3 3 3 0
1 2 2 2 2 3 2 0 2 2
3 2 3 3 2 3 1 2 2 0
2 2 3 0 1 0 0 3 3 3
3 1 3 2 3 2 0 3 0 1
2 3 3 1 1 2 2 3 3 1
3 2 2 1 3 2 0 1 1 0
2 0 2 1 1 1 0 1 0 3
2 1 3 0 1 1 0 0 2 3
3 2 0 2 1 1 2 0 0 2
0 2 2 2 1 2 3 0 2 0
0 0 2 0 3 3 3 2 2 0
3 3 3 2 0 1 1 1 1 2
1 0 2 1 3 3 1 0 3 2
1 3 2 0 2 1 1 1 1 0
1 1 1 1 3 1 0 1 3 2
0 2 3 0 2 3 3 0 1 2
1 3 2 1 1 3 2 1 0 2
1 0 0 2 0 3 2 2 2 0
2 2 1 1 0 2 1 0 0 3
2 3 0 0 1 2 2 1 3 1
2 3 3 3 1 2 3 2 1 1
3 1 3 0 1 3 3 1 2 2
2 3 3 1 2 0 0 0 2 2
0 0 2 2 2 0 2 2 1 0
0 3 2 3 1 2 3 1 2 0
1 3 1 3 0 2 0 0 0 3
0 0 0 2 3 2 1 3 1 3
1 3 3 2 0 1 3 1 0 0
3 0 0 2 2 0 3 1 1 3
3 3 0 2 3 2 1 3 2 2
1 1 1 2 0 0 0 0 2 1
0 3 1 0 2 0 2 2 3 1
1 2 1 3 0 2 3 1 0 1
2 3 1 3 1 0 3 1 3 3
0 3 2 1 3 0 0 1 2 1
3 3 0 1 0 1 2 3 2 2
2 1 2 0 3 2 2 3 1 3
1 3 3 2 3 0 2 3 0 2
1 1 1 3 2 0 0 0 1 3
3 0 0 2 1 3 1 3 0 0
3 2 0 1 2 3 2 2 3 3
3 3 1 1 1 2 2 3 3 3
3 2 1 0 2 1 2 2 2 0
1 2 0 0 1 3 1 3 0 3
2 0 2 0 3 3 1 3 1 3
1 1 1 3 1 0 0 0 0 2
0 1 3 2 3 0 2 2 1 3
0 2 2 1 2 3 3 3 2 0
3 0 1 3 3 0 3 1 2 1
3 1 0 2 3 0 2 2 0 3
2 2 0 1 3 0 3 1 2 2
1 3 3 3 2 1 1 0 2 2
2 0 1 0 2 1 3 3 3 1
2 1 1 2 1 2 0 1 3 3
2 0 3 0 1 0 0 2 3 3
2 2 2 2 3 3 0 3 0 2
3 1 3 0 0 3 2 2 3 3
2 1 1 1 0 0 2 2 2 2
0 1 3 2 0 1 1 2 2 0
0 3 3 1 2 0 0 0 3 1
2 2 3 3 2 1 1 3 2 0
0 3 0 3 3 3 0 3 3 3
1 1 0 1 3 3 0 2 0 1
1 3 0 2 2 3 3 2 1 3
1 3 1 2 0 3 1 2 1 0
3 0 3 2 1 3 2 2 2 1
1 2 2 3 2 1 2 1 2 3
0 2 3 2 0 3 3 0 3 3
43 39 47 22 29 41 24 49 19 38
26 31 51 20 41 42 44 28 47 46
26 25 18 41 26 13 37 21 32 29
41 39 20 38 29 20 12 20 19 19
21 46 21 22 30 51 37 31 44 34
47 49 33 17 17 14 20 22 31 28
25 15 32 40 49 37 16 43 45 41
44 49 46 12 26 26 37 41 32 25
18 23 27 13 24 26 44 31 32 29
28 51 24 14 30 47 32 38 40 48
37 46 41 34 33 48 17 22 33 32
32 43 46 21 44 50 30 19 49 27
38 36 16 16 43 27 37 19 19 19
40 50 13 45 16 40 50 21 33 50
33 45 13 29 49 42 14 38 25 38
15 34 33 25 26 40 45 35 39 31
34 16 46 24 45 45 15 22 51 15
49 12 41 26 38 51 27 24 34 37
37 15 16 29 44 26 19 15 39 43
32 20 33 32 41 13 36 44 44 40
50 26 34 19 17 32 18 50 33 38
30 49 33 20 24 18 45 15 43 40
35 50 30 14 47 45 32 18 45 41
37 32 27 25 19 48 51 29 29 28
30 24 17 30 34 16 26 25 29 18
20 23 46 25 19 41 51 51 48 32
51 14 18 13 46 17 50 23 23 30
42 44 51 40 16 33 14 25 17 19
25 19 44 13 43 13 31 44 33 43
47 21 22 42 39 33 25 47 14 32
44 42 29 40 27 34 14 33 51 37
31 37 23 27 50 32 51 23 35 48
29 50 18 38 42 15 30 20 42 50
39 18 27 15 50 15 17 38 42 44
14 38 39 20 33 32 16 27 47 35
35 25 43 38 51 14 12 23 36 21
14 23 31 33 29 22 18 19 23 33
15 30 18 33 43 38 48 45 49 44
34 40 50 41 49 21 40 21 28 31
22 21 19 12 49 13 16 36 38 27
43 38 28 42 17 13 38 12 44 42
28 34 46 18 29 46 39 44 14 44
36 44 38 12 15 43 35 34 22 12
31 35 31 22 28 49 49 29 13 50
33 12 18 49 23 27 37 16 19 14
29 27 46 44 42 41 29 41 33 16
41 41 49 41 43 25 40 41 39 22
12 18 31 40 46 51 39 48 29 26
33 39 22 13 37 15 46 49 16 30
41 40 20 14 48 35 22 14 22 36
38 38 25 49 48 46 41 16 36 19
46 31 40 32 21 38 18 33 23 41
50 43 27 23 21 50 31 14 33 33
43 37 19 36 25 19 15 17 46 26
46 31 43 49 42 24 12 16 38 26
44 12 42 34 34 16 14 34 41 44
44 47 14 31 41 26 35 25 42 24
49 39 37 43 48 46 32 28 32 23
20 44 20 46 31 38 45 43 49 19
49 15 31 14 12 37 51 45 40 48
19 48 16 38 30 40 31 49 25 43
27 43 20 22 19 42 21 27 46 30
25 29 45 22 24 16 12 48 34 33
12 15 25 12 50 20 26 22 19 45
21 46 29 39 44 22 35 33 16 41
46 27 13 51 13 48 47 13 15 31
48 15 46 29 15 24 12 25 42 49
39 31 20 33 44 45 46 31 14 38
22 17 22 28 23 34 18 47 17 39
21 39 27 42 23 44 26 31 20 22
13 41 17 31 46 12 20 16 17 47
31 16 12 30 21 27 45 35 32 48
27 50 36 45 30 51 14 38 35 15
23 31 17 33 45 38 14 19 23 15
19 14 33 48 46 21 46 38 30 24
33 26 20 44 13 43 33 15 48 23
42 32 18 24 23 19 17 43 29 19
29 25 45 27 33 20 36 12 36 30
32 41 15 50 19 48 18 22 21 43
16 34 22 29 42 51 47 35 18 32
39 32 17 15 35 12 51 41 26 37
23 49 16 22 51 24 42 42 36 23
34 26 28 25 23 36 31 13 50 26
29 15 27 27 14 49 45 20 14 38
50 20 41 24 50 17 31 47 15 17
14 25 29 50 21 18 48 25 43 31
18 32 31 40 29 12 24 46 51 15
50 22 42 38 43 27 36 23 24 50
31 29 43 20 24 39 14 46 35 51
14 49 37 21 36 12 22 26 14 14
48 41 43 46 44 41 13 46 50 44
24 31 43 41 18 16 32 32 51 21
42 26 31 39 14 33 13 43 14 40
32 47 20 19 43 31 48 47 19 31
13 25 32 49 47 19 24 30 28 25
13 27 36 14 34 15 15 30 29 27
41 51 29 26 28 43 45 50 33 32
31 24 39 50 41 51 14 22 30 13
13 42 26 31 38 17 14 17 30 39
36 46 35 46 24 31 23 12 35 15
