3 3 0 1 3 2 0 0 2 3
1 2 3 0 0 0 1 1 3 3
0 1 0 3 1 2 2 0 2 2
2 0 1 2 1 2 0 1 0 2
1 3 2 0 2 1 1 3 3 2
3 3 0 1 2 1 2 0 3 1
0 0 3 2 0 0 2 1 1 2
0 0 1 1 2 0 0 1 1 2
0 2 1 1 1 2 3 0 3 2
0 2 1 1 3 1 1 1 0 0
15 23 40 41 43 18 20 28 30 47
21 34 35 40 28 12 45 49 51 51
16 25 32 47 41 18 30 36 46 22
18 48 49 42 29 26 16 49 32 14
13 51 18 16 38 13 25 15 39 26
43 35 16 45 42 45 50 28 35 33
48 12 31 22 44 20 34 29 37 30
12 36 45 13 30 24 12 37 17 22
44 50 25 17 13 46 31 48 47 42
24 42 41 37 47 21 33 41 20 44
