1 3 3 0 0 1 0 0 2 1 2 0 3 0 1 3
1 3 1 1 1 2 0 0 3 2 0 0 2 0 3 0
2 0 2 0 0 1 3 1 0 1 1 1 1 3 3 0
2 3 3 0 3 1 1 2 2 0 0 1 2 0 1 1
2 2 1 0 2 0 2 1 3 1 0 0 0 1 0 3
3 2 0 1 3 2 3 2 0 2 1 0 1 0 1 2
3 3 1 3 0 1 0 2 3 3 0 1 0 0 0 3
1 1 0 0 2 2 3 3 0 1 2 1 1 0 3 1
2 1 2 3 0 3 2 3 2 2 0 2 2 3 0 3
2 1 0 1 0 1 1 2 1 1 3 0 0 2 2 1
0 0 0 1 3 3 1 3 0 2 3 2 3 3 3 1
2 0 2 3 3 0 3 3 0 2 0 2 0 3 0 0
0 1 0 3 3 0 3 0 2 1 3 1 0 1 0 2
1 0 0 0 2 2 1 0 1 1 1 1 2 0 3 2
0 1 2 0 3 0 2 1 2 0 3 1 0 2 2 2
3 1 0 2 2 0 1 1 2 1 3 1 1 1 1 1
17 15 15 44 28 37 36 20 26 41 22 48 15 32 33 43
37 23 25 45 29 46 36 20 35 38 12 20 34 40 15 40
22 44 42 16 48 21 23 41 16 49 33 37 37 39 43 12
26 27 15 16 31 33 49 46 18 24 20 49 18 20 37 17
50 38 45 12 18 40 22 25 15 41 44 40 20 49 20 35
31 30 44 41 15 22 51 22 12 18 33 44 41 36 25 46
39 15 45 47 16 13 28 22 35 51 20 29 24 36 16 15
37 17 32 40 22 30 43 19 24 13 18 41 13 44 27 37
42 33 38 31 44 43 22 27 18 18 28 38 50 43 48 31
18 25 32 29 16 13 17 14 17 41 43 48 20 50 46 45
12 16 20 37 43 15 37 19 12 22 23 30 47 19 15 41
18 24 22 43 47 28 39 15 44 14 12 14 16 39 44 40
48 21 28 47 43 28 47 36 46 21 23 13 12 17 16 38
49 44 44 24 50 30 13 40 13 29 37 25 18 32 19 14
48 17 46 36 35 12 42 49 22 24 15 21 20 26 34 22
23 49 40 46 38 40 37 49 22 25 51 13 17 37 41 49
