2 2 2 1 1 2 3 2 3 2
2 0 2 3 1 1 2 2 2 3
3 2 0 2 3 1 1 0 0 0
0 2 0 2 2 3 2 3 2 1
3 2 0 0 3 1 2 0 1 2
2 0 1 3 3 0 2 3 3 3
0 1 0 0 0 3 2 3 1 3
0 1 0 0 0 1 1 3 0 1
1 0 0 2 2 1 1 0 1 0
1 2 1 2 2 1 3 3 1 1
26 42 26 33 17 50 43 22 51 30
30 32 18 23 25 29 34 46 34 51
47 14 16 46 47 25 13 28 32 24
36 26 48 30 30 31 50 43 46 45
23 34 28 40 35 33 42 36 49 18
22 24 49 19 31 12 14 31 39 31
28 45 12 12 20 39 38 43 45 19
20 25 36 20 48 41 49 51 20 17
45 44 36 42 22 13 13 36 13 12
21 42 45 50 46 37 51 23 41 41
