0 2 1 3 0 1 2 3 1 3
3 3 1 1 3 3 1 0 2 3
1 3 1 3 3 1 2 1 3 0
1 2 3 3 2 2 2 2 1 3
0 0 1 2 0 1 3 1 0 2
0 2 2 3 2 0 1 3 2 2
0 0 0 1 0 2 1 2 1 0
1 3 3 3 2 0 0 1 0 3
1 0 2 1 1 0 0 1 3 1
2 1 3 2 1 3 3 2 1 2
0 3 2 2 3 0 2 1 0 0
0 2 2 1 1 0 2 1 0 1
2 3 0 1 3 1 2 2 2 1
0 3 0 3 3 0 1 2 2 0
2 1 0 0 2 3 3 2 3 0
0 1 0 3 3 1 2 1 2 1
3 1 3 0 3 2 1 2 1 0
3 2 0 1 3 2 3 0 3 2
0 3 0 3 1 1 3 1 1 2
3 0 2 0 1 3 3 1 2 2
0 0 3 1 2 1 2 3 3 2
1 3 2 1 0 1 3 2 3 2
0 2 0 1 2 1 1 2 2 2
0 0 2 0 0 1 1 3 1 1
1 0 1 2 1 2 0 1 3 2
0 0 2 1 0 0 3 2 1 0
1 3 2 1 0 0 2 0 1 2
1 3 2 2 3 1 1 3 1 1
3 0 2 2 0 3 2 2 2 2
3 1 3 2 1 2 3 0 3 3
2 0 3 0 3 2 0 3 2 1
2 1 0 1 3 3 1 3 0 1
0 3 2 2 3 3 2 0 3 2
1 3 2 0 1 3 1 1 1 3
3 1 3 3 2 1 3 2 0 2
2 3 2 2 3 2 3 2 2 0
3 1 1 0 3 3 0 1 0 0
3 3 3 2 0 0 0 0 2 2
2 3 1 3 0 2 0 1 0 2
0 1 2 3 3 1 0 0 0 0
1 0 2 3 3 2 1 1 2 2
1 2 3 2 1 0 2 3 0 1
2 1 3 0 0 1 1 2 3 0
2 1 2 1 1 2 1 0 2 3
1 3 3 0 2 0 0 2 1 3
3 3 2 1 1 2 0 0 2 0
1 1 0 2 3 1 0 1 3 3
1 0 2 1 2 0 0 2 0 0
2 2 3 2 0 0 2 3 0 2
1 0 1 3 1 2 3 1 3 0
0 2 1 2 0 1 1 3 2 2
1 0 3 1 3 0 3 1 0 1
0 3 1 1 2 2 3 3 2 2
1 0 3 0 2 2 1 1 1 3
1 1 2 2 1 1 0 2 1 0
1 1 1 0 1 0 0 0 0 3
1 0 0 3 2 3 2 0 1 0
2 1 0 2 1 2 2 2 1 2
2 3 2 3 2 3 1 3 0 0
1 1 2 3 2 3 0 0 3 0
3 0 0 0 2 1 2 2 1 3
3 0 2 2 0 0 1 1 1 3
0 2 3 0 3 2 2 2 2 0
1 1 0 1 3 1 0 3 3 3
1 1 0 2 0 0 1 0 3 2
1 0 3 3 1 1 3 2 2 2
2 1 2 1 0 3 0 1 1 0
2 1 3 1 2 0 1 3 3 1
2 2 0 0 0 0 0 2 3 1
0 2 0 0 2 0 3 0 2 2
0 2 3 2 1 2 0 2 0 2
0 1 2 1 0 2 2 3 3 3
0 2 2 0 2 3 1 0 2 3
2 3 3 2 2 0 1 0 2 0
1 1 0 1 3 3 2 2 3 1
1 3 3 1 0 2 0 2 1 0
3 1 2 0 2 3 0 0 2 2
2 1 3 0 1 0 1 3 1 1
2 2 3 1 1 0 1 3 2 3
2 3 2 0 1 1 2 2 3 0
2 0 0 2 3 2 2 0 2 1
2 0 1 0 0 1 2 0 0 0
0 0 3 2 0 0 2 2 0 1
1 0 1 2 3 0 3 0 2 1
0 2 0 3 0 1 3 2 3 0
1 3 0 2 3 1 3 0 3 3
2 3 3 3 2 0 3 3 1 2
3 1 2 3 3 2 0 1 2 2
1 2 3 0 1 1 1 3 2 3
3 1 1 0 0 2 0 0 1 2
2 0 1 2 1 0 2 0 3 0
0 0 0 1 0 0 2 3 3 0
2 3 2 2 1 2 1 3 1 0
0 1 3 2 2 2 3 3 3 1
2 2 2 3 2 3 3 3 2 3
1 0 2 1 2 0 1 0 1 2
3 3 1 3 3 0 0 1 1 2
3 3 2 2 3 3 3 0 3 1
3 2 1 3 3 2 1 2 0 1
0 2 2 0 1 2 2 3 0 1
32 18 13 47 36 37 26 23 49 27
39 27 17 29 27 19 21 28 46 35
33 51 37 39 27 25 46 13 31 44
33 22 31 31 42 26 14 22 13 15
12 20 29 30 44 17 43 13 48 42
44 42 30 51 26 32 17 43 50 26
36 16 40 49 32 26 21 46 33 48
45 51 31 39 14 20 28 21 44 43
29 28 18 49 25 20 40 33 35 21
34 33 43 50 37 39 15 18 33 46
32 51 34 42 35 40 38 45 32 36
12 22 38 21 41 20 18 33 28 25
34 31 28 37 39 41 18 18 30 13
12 15 24 47 51 12 37 14 22 16
26 33 20 40 14 39 15 18 15 24
44 29 40 31 35 41 38 49 26 17
43 41 27 16 27 34 25 34 21 12
15 42 36 41 23 26 43 44 35 42
44 15 24 19 45 49 43 33 13 30
35 24 18 48 25 19 31 45 26 22
32 28 39 13 50 25 38 31 43 38
33 47 42 29 16 33 19 14 23 22
16 18 44 49 30 17 13 42 34 18
12 24 22 40 12 37 49 47 17 25
29 48 45 50 41 46 44 21 51 26
24 44 30 49 24 44 15 22 37 20
41 35 50 29 36 28 18 48 41 42
33 39 18 22 43 41 25 43 17 41
35 44 38 18 28 23 34 14 50 42
51 21 31 18 29 38 27 36 27 51
22 20 19 44 43 34 20 15 42 37
42 25 32 13 27 27 25 39 48 49
12 15 34 34 35 43 30 20 19 18
33 47 18 36 37 15 13 45 41 23
43 17 39 19 18 29 51 50 12 18
34 47 34 22 19 22 23 18 18 44
15 29 21 12 43 47 44 25 36 24
27 27 43 26 32 24 24 16 34 14
50 23 41 47 28 46 48 21 24 30
12 21 34 43 35 33 48 24 44 24
13 32 14 31 19 22 33 21 14 18
37 38 31 30 37 48 50 23 48 17
14 37 27 32 16 25 49 34 27 16
22 21 30 29 33 18 45 12 26 23
45 15 43 32 34 36 28 50 29 23
51 47 26 25 45 30 28 24 38 32
25 41 16 14 35 49 36 41 51 35
21 16 14 37 30 36 44 18 40 44
22 14 27 46 20 16 34 47 44 18
45 24 17 47 49 34 43 17 35 28
28 18 49 38 28 29 25 31 50 46
49 44 23 45 31 44 43 37 12 33
48 35 21 21 38 50 47 19 50 38
17 20 15 16 22 50 41 41 49 39
25 21 18 50 13 41 20 18 37 32
21 45 37 20 37 28 36 48 16 35
49 48 28 19 18 23 42 32 29 12
34 37 40 26 37 42 50 50 13 30
50 51 30 15 14 47 13 31 24 16
29 49 30 39 14 39 32 28 23 28
47 36 28 12 18 17 30 34 25 23
23 44 22 42 44 24 21 49 33 15
48 26 19 40 27 14 14 30 38 48
45 37 44 13 39 21 32 39 35 43
25 13 44 46 12 48 45 48 47 22
49 32 19 23 45 13 23 30 30 26
38 13 14 37 40 31 16 13 13 24
26 49 39 29 30 40 45 35 47 45
22 26 28 28 12 32 20 30 19 37
32 34 28 12 38 40 39 28 50 22
16 34 27 34 49 18 20 26 28 34
16 37 22 17 20 38 30 23 43 51
16 46 34 36 46 19 25 40 14 35
34 51 19 42 34 20 17 16 38 32
13 49 20 17 39 31 14 46 51 29
13 35 31 21 32 18 36 46 41 40
19 29 18 48 30 23 16 12 26 22
38 25 15 20 21 32 17 19 17 41
26 30 23 17 17 36 21 51 22 39
18 47 18 16 33 37 22 18 15 20
26 48 40 42 47 26 18 20 38 21
42 40 33 36 16 41 34 16 20 36
24 24 47 38 28 24 42 34 12 45
37 44 17 18 23 28 35 16 30 49
24 42 28 39 36 33 23 42 51 12
21 27 36 50 47 41 35 28 31 35
42 39 39 35 22 40 15 43 17 42
27 37 42 47 39 26 24 45 34 42
17 34 15 12 21 29 41 31 46 27
15 33 13 12 40 22 12 12 33 42
22 40 25 30 49 48 46 16 15 20
24 28 20 49 36 28 14 35 47 16
46 35 26 42 33 38 13 19 37 32
48 29 47 38 50 26 39 23 35 29
26 46 18 19 50 51 35 43 18 31
37 44 14 13 18 32 49 44 13 30
39 31 13 23 31 32 28 13 21 18
31 19 18 50 47 43 39 48 51 21
31 22 49 19 19 50 29 18 20 45
20 46 22 44 49 22 26 47 16 45
