1 0 2 2 2 3 3 3 2 3
1 3 3 2 3 0 2 2 0 0
3 3 2 2 0 2 3 3 3 3
0 3 2 3 0 0 2 3 1 2
2 2 1 1 3 2 3 0 1 0
3 0 0 3 1 2 3 2 3 3
2 2 0 2 1 0 0 3 2 3
3 0 3 2 3 2 2 0 1 1
2 2 0 3 1 1 1 1 2 2
1 0 0 1 0 1 0 0 3 2
3 2 1 1 1 1 2 1 2 0
3 0 2 2 0 0 1 3 1 1
2 3 1 2 0 3 0 2 1 2
2 1 3 0 2 0 0 2 1 3
2 0 0 0 3 0 0 2 3 0
3 3 1 1 3 2 1 2 1 3
1 2 2 3 0 2 3 1 2 1
3 2 0 2 0 2 0 0 2 3
3 2 0 0 3 2 2 1 0 2
3 3 1 3 2 0 0 0 3 0
3 0 0 0 1 0 1 3 2 0
2 3 2 1 0 2 0 2 1 1
3 3 2 2 2 0 0 3 3 0
2 0 3 1 2 0 2 3 1 1
2 0 1 3 0 2 0 3 0 2
2 2 1 1 2 0 3 2 1 1
1 0 1 1 0 0 3 0 2 1
3 0 1 2 0 1 1 2 0 1
3 3 3 3 0 2 1 1 3 3
2 2 1 2 2 0 0 0 1 0
3 1 0 2 0 0 3 2 1 0
1 0 2 3 0 3 3 0 2 2
3 0 0 1 2 3 0 2 3 1
2 0 0 2 2 0 3 3 1 0
1 1 1 1 1 3 2 1 0 3
3 0 0 3 1 3 3 0 2 0
3 2 1 2 3 3 2 2 1 3
3 1 1 1 2 2 3 0 0 1
2 2 2 3 0 0 2 1 3 2
3 3 3 1 1 2 1 0 0 0
3 0 3 0 1 2 2 1 3 0
1 3 2 1 3 1 0 2 2 3
0 0 3 0 2 2 0 0 0 3
2 2 2 1 1 2 3 2 3 1
1 2 3 3 2 3 1 3 1 2
0 2 0 0 0 2 3 1 0 0
2 1 0 0 1 2 2 0 1 2
1 3 2 3 1 1 0 2 2 1
3 2 1 0 3 0 2 2 2 1
3 2 3 3 3 0 0 1 3 2
0 2 0 3 3 3 0 3 0 1
1 1 2 3 3 3 3 0 0 3
3 0 1 1 0 2 1 1 2 1
3 3 0 3 3 1 2 1 2 2
2 1 1 3 2 3 2 1 3 1
1 2 1 0 1 1 3 0 1 1
0 0 0 3 1 3 0 2 2 2
0 1 3 2 1 2 3 2 1 3
1 1 0 0 1 0 2 2 1 2
1 0 2 0 1 1 3 1 0 2
0 1 1 1 1 0 3 2 0 1
0 2 1 3 1 2 0 2 0 1
2 1 0 3 1 2 0 2 3 3
3 2 1 1 0 3 1 0 2 3
1 3 3 0 1 3 3 2 1 0
0 1 3 2 3 0 0 2 2 3
1 3 0 2 3 2 1 0 2 3
1 3 0 3 2 3 3 2 2 1
1 2 0 0 3 3 2 3 2 1
1 2 2 2 0 2 2 2 1 0
1 0 0 2 1 0 2 3 0 3
0 2 1 2 0 1 0 3 0 2
2 1 1 1 3 1 3 3 0 0
0 3 0 2 1 1 0 2 2 2
1 3 3 0 2 2 1 1 2 3
2 1 3 3 2 2 1 2 0 3
0 1 2 3 3 2 1 2 2 1
2 0 1 0 1 1 3 3 2 0
2 1 3 1 0 2 3 2 3 1
3 3 3 0 2 0 1 0 0 3
3 0 1 0 1 0 0 2 1 2
0 3 0 3 0 1 3 3 1 2
1 3 1 0 0 0 1 0 0 2
3 3 2 1 1 0 3 1 1 2
2 2 1 0 1 1 3 0 0 0
2 2 3 3 0 0 0 1 2 1
1 0 0 0 3 0 0 2 1 2
1 0 3 3 1 1 1 2 0 0
1 2 2 3 0 1 0 2 3 0
1 3 3 0 2 1 0 1 3 1
1 0 2 3 0 0 1 0 0 1
0 0 0 2 1 3 1 1 0 1
2 0 1 3 0 2 3 1 0 0
0 1 2 2 0 3 3 3 2 2
0 2 3 1 0 0 1 3 1 3
1 3 0 2 2 2 2 2 2 0
2 1 3 0 0 3 0 2 2 2
2 0 1 1 3 3 1 2 1 1
2 2 3 2 2 2 1 2 1 2
2 3 3 2 1 3 2 2 1 0
17 16 38 22 50 27 43 47 42 23
29 51 43 50 15 28 30 26 12 20
47 51 14 42 36 50 51 51 31 35
44 31 46 51 12 28 22 27 37 34
18 38 29 13 35 14 15 48 13 24
51 12 16 23 49 18 35 14 43 27
26 34 40 50 25 24 36 23 22 39
39 36 35 30 31 42 38 44 33 37
34 26 32 27 49 49 49 17 30 22
29 32 28 33 48 33 24 40 43 34
35 26 21 17 17 25 22 41 34 44
35 16 30 38 44 20 21 35 13 49
30 27 37 18 24 43 12 50 17 14
42 37 27 24 22 48 24 50 13 19
34 20 24 44 15 40 36 38 15 24
31 27 17 45 51 14 37 34 29 27
29 50 42 23 28 34 27 25 38 45
19 26 32 30 16 18 12 32 26 51
27 14 32 16 35 14 26 41 32 46
15 15 29 27 18 24 28 32 23 48
35 12 28 16 13 44 37 23 34 48
38 27 38 41 44 22 32 22 37 37
23 23 18 42 46 28 20 27 31 28
34 44 19 33 14 20 14 51 49 13
34 32 25 31 20 14 36 31 44 50
38 26 45 13 50 40 31 22 37 29
29 36 13 29 12 12 27 16 30 49
47 48 45 34 24 45 13 26 36 45
35 39 15 31 20 22 29 41 43 47
42 46 21 22 30 48 12 40 33 12
31 37 40 34 28 48 39 42 49 20
45 28 14 35 16 31 27 48 38 14
15 12 40 21 46 15 24 50 43 45
38 28 24 42 38 48 19 31 37 40
41 29 45 29 25 43 46 37 12 47
27 48 16 27 41 19 23 40 26 32
47 34 41 42 47 51 46 50 21 35
39 25 45 37 30 34 39 24 20 37
22 26 42 27 32 44 18 33 19 34
35 47 19 41 37 34 17 48 12 40
47 32 35 16 17 50 46 17 15 28
21 15 18 13 51 41 32 30 42 31
24 32 51 28 14 42 36 36 32 43
46 34 46 13 37 14 19 22 35 33
37 14 31 51 38 47 21 15 21 38
36 14 32 44 28 34 51 33 24 48
18 13 40 44 37 50 46 20 25 50
41 47 30 31 17 25 48 42 22 33
47 18 33 20 39 44 46 30 42 29
31 34 19 15 43 24 24 29 35 34
40 46 20 23 27 35 20 27 12 41
33 25 22 51 35 51 43 32 44 47
19 32 33 41 32 18 41 41 22 29
31 27 12 19 43 45 34 25 30 22
30 45 13 15 14 31 50 25 23 33
29 26 21 32 25 25 39 32 13 37
20 48 28 39 37 43 36 26 22 50
44 49 51 22 45 22 27 42 29 31
13 33 20 12 49 20 14 50 45 14
41 40 26 32 45 41 47 37 28 22
48 33 45 29 29 36 43 26 40 37
44 34 45 31 13 46 24 50 44 41
14 41 16 51 29 22 28 14 51 31
39 50 17 29 12 43 17 20 38 39
49 43 43 24 25 15 27 34 45 32
48 17 15 38 39 44 28 14 42 31
21 47 24 46 35 38 37 40 34 51
25 19 16 39 42 23 31 42 26 49
37 42 40 40 23 39 22 51 22 49
41 22 14 42 20 46 34 30 13 12
13 44 40 30 25 28 42 23 20 31
48 46 49 30 24 17 44 35 28 30
22 49 33 45 27 21 27 23 12 48
24 47 24 22 49 49 28 14 18 22
17 19 19 36 38 38 33 49 14 47
42 45 43 43 30 22 45 26 20 43
24 41 30 19 51 30 33 46 38 33
42 32 25 48 33 29 43 47 42 12
26 13 35 45 44 50 23 18 27 33
15 39 15 24 46 24 37 48 44 27
47 24 13 28 17 44 36 30 17 38
48 47 32 43 48 13 51 27 41 26
41 47 21 12 12 40 13 12 28 42
51 23 42 21 21 12 35 13 17 46
30 42 21 40 25 49 39 12 16 48
14 26 51 47 28 40 48 41 42 17
49 16 32 24 27 24 36 38 21 26
33 16 27 35 33 33 21 22 24 36
33 50 46 23 20 13 20 26 47 44
33 31 31 32 50 25 40 21 15 45
41 40 14 43 32 44 17 48 48 29
16 16 32 38 41 35 17 17 36 37
50 32 29 27 16 18 19 45 48 44
20 41 34 18 20 39 51 47 30 30
40 50 35 29 20 24 41 43 21 35
13 31 32 14 50 38 26 14 50 20
38 37 43 28 20 39 20 30 50 26
34 16 41 49 47 35 33 50 17 41
26 50 15 22 18 38 17 50 13 46
46 23 23 34 45 39 14 14 13 44
