1 0 3 2 0 1 2 3 1 0
2 2 2 0 1 1 2 3 0 3
1 3 0 0 3 3 3 2 0 2
0 2 1 2 2 0 2 0 1 0
0 0 3 2 2 1 0 1 0 3
1 1 2 3 1 1 1 1 3 1
1 1 1 1 1 1 2 3 2 1
2 1 2 0 3 2 0 1 2 1
2 1 2 0 3 3 1 0 1 3
0 3 3 0 0 1 1 3 0 3
21 16 35 34 16 33 18 27 21 20
46 34 14 36 13 17 18 47 12 19
29 43 20 24 23 31 23 26 16 42
28 34 41 18 14 20 50 20 49 36
32 20 27 30 26 17 20 25 36 15
37 33 26 19 49 37 29 21 23 45
33 25 13 41 21 37 34 35 26 49
14 45 50 24 23 30 28 33 22 21
46 13 42 12 51 23 13 44 33 27
16 39 19 24 40 13 37 15 44 43
