1 2 3 2 0 0 3 3 0 2 3 0 1 3 1 1
1 2 3 1 3 1 2 1 1 3 2 0 0 3 1 3
2 2 0 0 3 3 2 2 3 3 1 2 2 1 1 3
1 2 2 1 3 2 2 0 3 3 3 1 3 3 1 0
0 0 3 2 2 2 0 0 0 3 3 3 0 2 2 0
0 1 1 1 1 2 1 2 1 0 2 0 1 0 0 3
1 1 2 0 2 3 3 0 0 3 0 2 0 3 2 3
0 2 1 1 1 2 0 2 2 0 1 1 0 0 0 3
0 1 2 3 1 3 3 0 0 2 3 2 2 2 1 1
3 1 2 2 0 0 2 1 3 0 1 3 0 3 3 0
2 2 3 0 1 0 3 1 2 2 0 2 1 1 0 1
2 2 0 3 1 1 0 1 3 3 1 1 0 1 2 0
1 3 1 2 0 0 0 2 3 3 2 1 1 2 2 0
1 0 0 2 2 1 1 1 0 3 1 0 1 2 2 2
2 0 1 0 0 1 0 0 0 3 1 0 3 2 2 3
1 2 3 2 3 1 1 3 1 2 2 1 3 2 3 2
17 50 19 46 20 32 47 39 24 50 43 20 41 23 37 37
25 46 35 37 47 37 22 33 33 31 30 28 36 39 13 23
14 18 32 12 19 23 42 14 15 39 49 22 42 13 45 35
49 42 26 33 19 34 34 12 19 47 15 13 23 35 17 36
48 24 39 30 18 34 32 28 16 43 39 27 28 22 26 40
44 41 13 17 37 26 21 14 29 20 38 16 33 16 20 31
37 49 22 32 26 47 51 44 16 35 16 30 16 35 38 31
36 42 25 33 13 46 36 50 26 28 29 49 24 32 40 31
40 49 34 15 13 31 35 24 36 22 35 42 38 18 21 25
47 33 30 18 36 32 50 45 39 28 29 35 20 27 43 28
14 30 15 40 17 24 35 21 14 18 44 34 45 21 24 49
42 14 24 23 21 25 36 17 51 31 45 25 20 33 50 12
33 31 45 30 16 44 48 18 15 43 22 45 29 46 26 36
37 36 40 50 38 49 25 25 24 47 17 16 25 46 50 34
30 36 29 44 36 29 28 28 28 51 13 24 39 42 42 43
21 18 27 46 15 21 45 39 37 22 46 13 27 34 15 46
