3 3 2 3 2 3 0 2 0 2
1 3 1 2 3 0 2 3 2 2
2 3 0 0 2 3 3 1 2 2
1 0 0 0 0 3 2 0 2 1
2 1 2 1 0 3 1 2 2 3
2 0 0 1 0 1 3 3 0 0
2 1 3 0 1 3 0 1 2 2
3 3 2 1 3 0 3 3 1 2
3 0 1 1 0 3 1 3 1 2
0 2 0 0 1 3 3 3 2 1
2 1 2 1 2 1 0 2 0 3
3 1 0 3 0 0 2 1 1 3
3 0 3 3 3 1 0 1 0 2
1 3 0 3 3 3 0 3 2 0
1 2 1 1 1 1 1 0 0 3
2 2 1 1 1 0 1 0 3 2
3 1 1 0 3 1 1 3 2 1
3 0 0 0 2 0 3 1 0 3
1 0 2 0 2 2 1 3 1 0
0 3 1 0 0 1 2 1 1 3
0 2 1 0 0 3 2 0 1 0
1 1 2 1 0 1 1 2 0 0
2 0 2 0 3 1 1 1 0 1
3 0 0 3 0 3 0 3 3 0
3 1 0 2 1 3 2 0 2 3
0 0 2 3 1 1 3 2 1 3
3 1 1 0 1 2 0 1 0 3
3 3 2 0 1 1 0 2 2 0
3 0 0 0 1 0 3 3 3 2
1 0 2 2 0 3 1 1 3 0
2 1 0 2 1 0 0 3 2 3
3 2 3 2 2 2 0 3 3 2
3 1 0 3 2 1 3 3 3 2
1 3 2 1 1 1 1 0 0 1
3 3 2 1 2 0 3 3 0 0
3 0 0 2 0 0 0 0 3 3
3 3 3 1 2 1 0 1 1 3
2 3 0 1 1 3 0 3 3 0
0 3 2 2 3 1 2 2 0 0
1 2 2 3 3 3 3 1 2 3
0 3 0 1 3 1 1 1 3 1
2 3 2 0 1 1 0 0 1 0
0 0 0 0 0 0 1 3 2 0
3 3 3 0 0 0 1 0 2 1
0 1 1 0 0 0 2 2 1 3
1 3 3 2 2 3 3 2 1 0
3 2 3 0 0 2 2 2 1 0
0 2 3 3 1 2 3 3 3 0
3 2 1 0 0 1 1 1 1 3
0 1 0 3 3 2 0 2 3 1
2 1 0 1 1 3 3 3 3 3
0 0 2 2 3 3 2 2 2 2
3 2 2 2 0 2 3 1 2 3
3 3 0 3 1 0 0 1 0 3
0 3 1 3 0 0 0 0 2 1
1 2 0 2 0 3 1 1 3 0
2 0 3 2 3 3 1 1 1 3
0 2 1 0 3 3 0 0 1 3
1 2 2 3 1 2 1 0 1 3
3 2 2 0 3 2 3 1 0 2
1 0 0 2 3 2 3 2 3 2
1 1 3 3 3 0 3 2 0 1
1 0 1 1 3 3 0 1 0 2
2 2 1 0 0 1 3 0 0 1
2 0 0 2 3 3 2 3 1 1
3 3 0 3 2 1 3 3 1 3
1 1 0 1 2 2 0 0 2 2
3 2 3 3 2 1 1 3 2 0
1 2 1 3 3 1 0 3 2 1
1 2 1 0 3 2 1 2 2 3
0 2 3 1 3 1 0 0 2 0
3 3 2 2 3 0 0 0 1 2
1 3 0 1 2 3 0 3 0 3
2 3 3 1 3 3 0 3 3 0
0 3 2 1 3 3 1 2 1 2
0 1 1 0 2 0 3 2 0 2
1 2 0 1 1 2 0 2 2 1
0 3 1 1 3 3 1 1 3 1
3 0 0 3 1 2 0 1 3 0
0 2 1 3 1 1 2 0 1 3
2 3 2 2 3 1 2 0 3 1
1 3 1 3 3 3 2 3 3 0
1 0 3 1 3 3 3 0 3 1
0 0 3 3 0 0 0 3 0 0
0 1 0 1 2 0 2 2 0 1
1 0 2 3 1 3 1 3 2 0
3 0 3 0 2 1 0 1 0 0
3 0 1 3 3 3 3 3 0 0
2 0 3 3 1 1 2 2 1 3
0 3 1 2 2 1 2 1 3 1
2 3 1 2 1 3 3 0 3 1
3 3 1 3 3 3 0 3 2 3
2 0 0 1 0 3 0 2 3 3
1 2 0 1 2 0 0 1 0 1
2 3 2 2 0 2 3 1 2 3
3 3 1 2 0 2 3 0 1 3
2 0 1 1 0 2 1 1 1 1
1 3 3 0 0 0 0 2 0 0
2 3 1 2 2 0 0 0 2 0
2 2 3 0 1 1 1 1 3 0
27 31 30 51 42 23 48 30 16 14
25 15 33 18 23 36 50 15 30 50
42 51 36 28 18 31 35 25 26 42
13 28 36 32 16 39 14 44 22 17
14 25 42 29 40 19 13 38 18 27
42 40 28 29 16 33 27 35 32 32
22 13 39 24 41 51 24 33 30 30
43 35 38 25 43 24 47 43 29 18
51 12 49 13 48 23 17 47 17 50
16 34 20 28 29 31 31 15 34 17
46 37 46 13 46 37 40 18 40 23
47 33 40 31 48 48 46 45 13 27
51 20 43 47 47 49 40 49 36 38
25 39 36 15 47 43 32 35 38 28
49 26 37 49 41 37 13 12 16 39
14 30 29 17 13 44 41 32 43 38
15 41 49 28 31 49 25 31 14 49
43 40 16 44 42 44 35 29 44 15
13 40 22 20 50 26 41 27 49 28
16 23 37 44 16 41 18 17 29 15
48 42 41 36 40 19 26 44 21 16
41 25 14 21 44 41 41 38 28 36
34 12 30 16 27 45 49 45 40 25
19 32 32 19 44 47 12 51 51 48
43 13 28 18 33 15 34 16 22 39
48 28 42 39 33 29 51 46 41 19
23 45 25 36 25 26 16 25 16 15
35 31 50 32 45 45 28 38 30 48
39 16 12 36 49 20 19 31 35 14
25 28 34 46 36 47 37 33 51 16
18 45 44 30 33 24 16 47 50 43
23 14 27 38 46 42 28 51 35 46
51 17 36 23 18 21 31 51 27 50
25 27 38 49 45 29 29 20 36 21
31 15 50 49 38 36 31 23 36 44
43 40 40 50 24 12 44 40 31 23
27 39 35 25 22 33 24 45 41 27
34 15 28 45 37 31 36 27 23 24
12 19 42 38 51 25 18 42 20 48
25 18 30 39 47 35 23 49 42 31
16 35 36 25 27 17 45 37 47 21
46 39 18 36 21 41 44 24 33 36
24 44 24 16 40 16 17 27 14 36
19 51 51 16 40 16 41 20 46 45
16 49 13 32 24 20 38 26 37 39
33 15 35 42 22 43 23 46 37 44
19 50 15 20 36 34 50 22 13 48
16 50 19 35 49 34 43 31 43 48
47 18 13 40 16 21 41 33 49 19
32 25 20 27 19 46 20 18 15 25
46 17 32 45 25 43 27 27 35 15
12 24 18 46 35 51 34 38 26 34
31 18 18 18 12 50 47 25 14 47
19 27 12 15 33 44 16 25 40 39
12 39 29 31 20 28 48 12 38 45
29 14 40 42 20 47 41 37 19 28
18 40 27 22 51 47 49 29 21 35
48 30 25 44 35 31 20 20 33 35
13 26 22 23 25 30 17 16 45 51
27 18 22 16 51 14 31 49 36 18
13 32 16 46 19 14 31 50 19 26
37 29 23 39 31 24 27 34 16 29
37 12 29 17 51 23 44 33 24 38
18 38 17 36 12 33 47 20 32 21
26 20 32 14 31 19 42 23 37 45
31 35 16 15 42 45 39 31 33 47
45 21 24 21 34 46 36 16 50 34
35 14 43 27 50 13 49 39 50 24
25 46 49 39 43 45 32 51 42 37
45 26 49 12 27 46 33 30 30 39
16 50 19 49 43 33 48 12 30 40
43 23 18 18 31 36 40 36 25 30
49 43 24 17 26 47 48 51 40 27
18 19 27 33 51 23 24 31 27 12
48 39 18 41 43 19 37 46 13 18
44 17 37 44 18 32 39 22 20 46
13 46 44 21 37 34 12 14 26 17
24 15 33 37 31 43 25 37 19 21
35 16 16 47 49 38 44 21 27 48
48 34 37 27 25 49 14 44 49 27
18 31 22 38 39 41 38 36 31 25
21 51 49 15 15 27 30 43 51 40
29 36 27 37 23 43 27 16 31 49
16 48 27 23 36 32 40 47 48 12
20 13 40 13 38 36 26 14 12 37
41 32 50 19 41 15 17 31 14 36
51 36 51 12 30 45 16 29 32 48
15 48 45 23 31 19 35 51 28 48
14 28 19 35 41 49 50 50 29 27
16 51 41 50 22 33 34 37 19 25
38 19 17 14 25 19 39 16 23 25
51 31 41 51 35 43 16 31 22 23
38 28 28 33 12 51 40 26 19 23
13 30 44 33 18 16 44 21 20 17
34 35 18 46 12 34 31 13 14 51
27 15 25 50 44 18 27 20 21 51
22 48 33 21 20 18 17 17 29 21
25 15 31 44 40 40 48 14 28 16
18 43 21 14 46 16 20 16 22 28
34 22 27 40 41 13 29 29 51 36
