2 2 2 0 1 1 1 0 0 1 0 0 0 0 0 2
0 2 1 0 1 2 3 1 2 0 2 1 0 3 0 0
3 2 0 3 1 2 3 2 2 0 0 0 2 0 0 3
3 0 1 3 0 3 3 1 1 2 1 2 1 2 0 1
2 1 2 3 2 1 1 3 3 3 1 0 1 0 0 3
3 3 0 3 0 0 2 0 2 0 2 0 0 0 2 3
0 1 1 0 2 2 2 2 1 0 1 3 3 2 0 0
0 0 1 2 0 1 1 3 1 3 3 0 0 0 0 1
2 2 3 2 3 2 2 2 3 2 3 2 3 3 2 0
2 2 2 3 2 2 3 1 2 0 2 3 0 3 0 0
1 0 1 3 1 0 2 2 0 2 1 0 0 1 1 1
0 2 2 3 1 3 1 0 0 0 1 0 0 2 3 2
1 1 0 0 2 1 1 1 3 0 2 3 0 1 3 1
0 3 1 1 2 2 3 1 0 1 1 1 3 2 2 3
1 2 3 1 0 0 2 0 0 0 0 2 2 0 2 3
3 3 2 3 3 3 3 3 3 2 3 2 1 3 2 1
14 26 14 36 45 25 33 36 48 25 20 40 36 16 44 22
48 18 49 36 41 26 39 25 34 40 34 49 44 35 16 36
15 38 12 47 41 14 19 46 34 48 36 48 26 32 28 39
43 24 49 51 36 39 43 49 25 42 17 14 41 42 36 41
50 37 22 47 14 29 17 15 19 39 17 44 41 16 16 47
19 43 36 27 40 48 14 16 38 28 22 24 24 48 42 51
16 33 37 16 14 50 38 50 17 44 21 39 39 14 20 12
44 36 45 42 24 33 13 31 13 39 27 12 24 36 20 17
22 50 35 14 15 18 14 22 35 38 31 38 27 19 34 28
46 14 38 19 42 42 43 37 30 16 34 47 48 47 12 44
49 36 29 39 29 24 14 42 36 14 45 44 24 41 45 13
40 34 26 27 41 15 25 16 44 12 45 44 16 30 19 30
21 49 32 24 22 21 13 13 47 16 26 43 28 29 23 41
28 47 29 45 30 26 35 25 28 49 25 13 35 14 18 47
37 34 47 41 44 48 50 20 40 32 12 26 26 20 26 27
19 43 38 15 51 27 15 27 51 18 39 18 25 31 46 29
