1 3 2 2 0 2 0 2 0 0
0 2 0 0 0 1 0 2 2 2
2 2 2 1 0 2 3 3 0 1
3 1 2 1 1 3 2 0 0 1
0 2 2 1 3 3 0 1 2 1
0 2 1 2 3 2 1 2 2 1
3 0 1 1 3 2 3 1 3 1
0 1 2 2 1 0 1 2 0 2
0 0 1 3 1 3 1 1 1 3
0 1 0 1 1 1 3 1 0 2
41 31 18 50 16 42 16 26 16 40
36 34 24 28 40 25 24 42 22 26
30 14 38 25 28 26 47 27 20 41
51 33 50 37 17 39 18 20 20 37
48 30 30 21 51 43 36 17 14 17
28 18 25 22 51 46 33 38 26 21
35 48 33 21 15 18 19 29 27 49
12 33 34 18 37 48 21 26 36 46
36 48 21 23 45 43 29 21 37 23
32 37 44 17 17 13 51 21 20 34
