0 0 0 0 0 0 0 0 0 0
0 0 0 0 0 0 0 0 0 0
0 0 0 0 0 0 0 0 0 0
0 0 0 0 0 0 0 0 0 0
0 0 0 0 0 0 0 0 0 0
0 0 0 0 0 0 0 0 0 0
0 0 0 0 0 0 0 0 0 0
0 0 0 0 0 0 0 0 0 0
0 0 0 0 0 0 0 0 0 0
0 0 0 0 0 0 0 0 0 0
0 0 0 0 0 0 0 0 0 0
0 0 0 0 0 0 0 0 0 0
0 0 0 0 0 0 0 0 0 0
0 0 0 0 0 0 0 0 0 0
0 0 0 0 0 0 0 0 0 0
0 0 0 0 0 0 0 0 0 0
0 0 0 0 0 0 0 0 0 0
0 0 0 0 0 0 0 0 0 0
0 0 0 0 0 0 0 0 0 0
0 0 0 0 0 0 0 0 0 0
0 0 0 0 0 0 0 0 0 0
0 0 0 0 0 0 0 0 0 0
0 0 0 0 0 0 0 0 0 0
0 0 0 0 0 0 0 0 0 0
0 0 0 0 0 0 0 0 0 0
1 1 1 1 1 1 1 1 1 1
1 1 1 1 1 1 1 1 1 1
1 1 1 1 1 1 1 1 1 1
1 1 1 1 1 1 1 1 1 1
1 1 1 1 1 1 1 1 1 1
1 1 1 1 1 1 1 1 1 1
1 1 1 1 1 1 1 1 1 1
1 1 1 1 1 1 1 1 1 1
1 1 1 1 1 1 1 1 1 1
1 1 1 1 1 1 1 1 1 1
1 1 1 1 1 1 1 1 1 1
1 1 1 1 1 1 1 1 1 1
1 1 1 1 1 1 1 1 1 1
1 1 1 1 1 1 1 1 1 1
1 1 1 1 1 1 1 1 1 1
1 1 1 1 1 1 1 1 1 1
1 1 1 1 1 1 1 1 1 1
1 1 1 1 1 1 1 1 1 1
1 1 1 1 1 1 1 1 1 1
1 1 1 1 1 1 1 1 1 1
1 1 1 1 1 1 1 1 1 1
1 1 1 1 1 1 1 1 1 1
1 1 1 1 1 1 1 1 1 1
1 1 1 1 1 1 1 1 1 1
1 1 1 1 1 1 1 1 1 1
2 2 2 2 2 2 2 2 2 2
2 2 2 2 2 2 2 2 2 2
2 2 2 2 2 2 2 2 2 2
2 2 2 2 2 2 2 2 2 2
2 2 2 2 2 2 2 2 2 2
2 2 2 2 2 2 2 2 2 2
2 2 2 2 2 2 2 2 2 2
2 2 2 2 2 2 2 2 2 2
2 2 2 2 2 2 2 2 2 2
2 2 2 2 2 2 2 2 2 2
2 2 2 2 2 2 2 2 2 2
2 2 2 2 2 2 2 2 2 2
2 2 2 2 2 2 2 2 2 2
2 2 2 2 2 2 2 2 2 2
2 2 2 2 2 2 2 2 2 2
2 2 2 2 2 2 2 2 2 2
2 2 2 2 2 2 2 2 2 2
2 2 2 2 2 2 2 2 2 2
2 2 2 2 2 2 2 2 2 2
2 2 2 2 2 2 2 2 2 2
2 2 2 2 2 2 2 2 2 2
2 2 2 2 2 2 2 2 2 2
2 2 2 2 2 2 2 2 2 2
2 2 2 2 2 2 2 2 2 2
2 2 2 2 2 2 2 2 2 2
3 3 3 3 3 3 3 3 3 3
3 3 3 3 3 3 3 3 3 3
3 3 3 3 3 3 3 3 3 3
3 3 3 3 3 3 3 3 3 3
3 3 3 3 3 3 3 3 3 3
3 3 3 3 3 3 3 3 3 3
3 3 3 3 3 3 3 3 3 3
3 3 3 3 3 3 3 3 3 3
3 3 3 3 3 3 3 3 3 3
3 3 3 3 3 3 3 3 3 3
3 3 3 3 3 3 3 3 3 3
3 3 3 3 3 3 3 3 3 3
3 3 3 3 3 3 3 3 3 3
3 3 3 3 3 3 3 3 3 3
3 3 3 3 3 3 3 3 3 3
3 3 3 3 3 3 3 3 3 3
3 3 3 3 3 3 3 3 3 3
3 3 3 3 3 3 3 3 3 3
3 3 3 3 3 3 3 3 3 3
3 3 3 3 3 3 3 3 3 3
3 3 3 3 3 3 3 3 3 3
3 3 3 3 3 3 3 3 3 3
3 3 3 3 3 3 3 3 3 3
3 3 3 3 3 3 3 3 3 3
3 3 3 3 3 3 3 3 3 3
24 24 12 32 16 28 24 28 44 28
20 20 24 12 40 48 48 48 12 20
20 36 32 16 40 36 16 32 24 28
20 44 44 16 44 48 48 16 16 20
28 40 32 44 36 24 16 32 24 40
36 44 48 24 48 20 12 36 44 32
40 36 20 48 36 16 28 44 36 12
16 40 20 32 24 40 16 40 20 24
44 48 24 16 24 28 24 16 44 32
32 36 12 12 44 24 40 36 44 24
32 20 24 44 24 40 48 32 40 16
20 40 24 48 16 12 20 16 12 44
24 44 12 40 36 48 20 12 28 20
40 48 36 28 40 24 16 24 40 44
16 36 40 28 12 28 16 20 40 16
48 24 44 24 28 20 20 16 12 36
44 12 40 40 20 20 40 16 44 36
36 12 12 12 32 40 48 48 32 44
40 44 32 28 12 44 12 48 24 32
16 24 32 24 36 48 40 12 20 32
44 20 24 40 20 32 48 32 32 40
48 12 20 36 32 44 44 48 12 20
28 12 32 48 16 16 12 20 12 32
24 36 24 44 32 16 12 48 32 32
36 44 36 32 32 28 48 20 24 40
13 21 25 33 21 33 29 49 13 29
45 33 33 21 17 13 13 29 13 33
37 17 25 21 37 45 21 49 21 45
33 41 17 29 29 41 37 25 45 13
41 45 21 13 25 41 21 25 49 33
41 33 37 41 25 49 37 49 25 33
25 33 21 41 45 45 37 17 13 49
17 17 13 45 25 37 33 13 21 25
45 29 45 17 13 17 45 49 21 33
49 33 41 13 45 37 41 17 33 13
33 29 29 21 45 49 49 37 29 33
41 25 45 49 25 29 17 37 21 29
41 29 49 49 21 17 21 25 45 17
13 33 29 17 13 37 21 33 29 17
13 17 37 37 37 13 29 37 45 29
29 21 21 25 17 17 45 37 45 41
41 37 33 17 49 21 41 45 25 21
45 13 41 13 45 49 33 29 25 37
29 21 29 45 21 29 33 13 17 29
37 33 45 41 29 25 49 45 33 45
49 21 21 25 33 37 37 49 49 33
29 49 33 37 49 17 49 49 17 29
25 37 37 45 29 25 21 37 49 13
33 21 17 21 45 21 29 37 13 25
49 49 29 49 45 45 49 33 45 25
18 38 18 22 46 34 30 22 30 34
22 38 46 14 22 46 26 50 46 46
22 46 46 46 34 22 26 26 22 26
22 38 42 18 30 30 38 14 50 34
22 46 34 42 38 14 38 18 46 42
42 30 26 38 30 14 18 14 38 14
26 18 50 30 30 22 30 34 14 30
38 42 34 38 50 30 14 30 22 50
46 42 46 42 26 34 18 34 46 26
42 26 34 22 46 26 38 50 38 14
18 50 46 34 30 50 46 14 46 30
14 42 34 38 30 38 26 38 46 34
34 26 18 18 26 34 46 14 38 50
42 30 14 34 38 38 46 22 42 38
38 38 14 22 14 50 26 30 34 50
34 22 38 26 38 14 18 42 18 50
14 26 26 18 38 34 50 30 26 46
38 50 50 42 18 18 50 14 22 18
18 46 14 46 30 18 18 38 26 42
38 42 18 18 30 34 46 26 46 34
30 38 30 18 46 50 14 50 42 34
50 14 14 46 14 50 50 14 42 50
22 34 38 42 26 46 26 50 18 38
26 26 50 46 50 18 50 50 26 14
18 42 18 50 18 34 42 26 22 34
15 27 15 19 51 19 43 35 15 27
27 23 31 35 39 31 47 39 51 43
23 27 35 31 43 31 35 23 51 43
23 39 39 27 43 35 35 51 15 39
39 43 27 35 19 27 27 27 35 39
31 15 19 15 23 43 51 19 15 19
35 15 23 31 43 51 23 35 47 39
15 51 47 31 43 39 47 47 15 31
51 47 19 47 35 35 43 35 27 35
15 23 23 15 47 23 27 43 51 47
51 23 47 47 35 35 31 35 19 43
35 43 19 31 15 31 15 19 19 35
51 15 15 47 19 43 43 19 15 15
51 51 51 15 39 19 39 31 27 43
35 27 23 47 51 23 19 51 39 27
27 27 15 31 35 39 35 35 23 27
31 31 47 19 51 27 43 47 15 47
43 51 43 15 51 39 31 43 19 27
43 15 15 19 27 31 39 47 51 19
23 51 51 31 19 51 35 15 47 43
31 27 43 31 35 39 47 19 15 43
35 47 43 47 31 51 31 27 43 19
39 51 35 19 35 35 31 19 39 15
15 35 51 43 43 47 51 23 35 39
27 19 27 27 19 51 43 39 51 31
