0 0 0 0 0 0 0 0 0 0
0 0 0 0 0 0 0 0 0 0
0 0 0 0 0 1 1 1 1 1
1 1 1 1 1 1 1 1 1 1
1 1 1 1 1 1 1 1 1 1
2 2 2 2 2 2 2 2 2 2
2 2 2 2 2 2 2 2 2 2
2 2 2 2 2 3 3 3 3 3
3 3 3 3 3 3 3 3 3 3
3 3 3 3 3 3 3 3 3 3
12 20 48 12 12 44 36 24 20 20
28 16 24 16 28 40 44 48 20 36
24 28 20 12 48 33 41 33 41 13
17 17 41 13 49 37 21 37 45 25
45 33 25 29 13 25 29 41 33 29
42 22 46 34 22 46 22 30 30 18
38 42 34 30 18 42 14 50 18 26
42 30 22 50 50 31 47 31 35 27
35 15 31 27 51 19 19 35 27 35
31 19 35 39 47 35 51 19 19 47
