0 0 0 0 0 0 0 0 0 0
0 0 0 0 0 0 0 0 0 0
0 0 0 0 0 0 0 0 0 0
0 0 0 0 0 0 0 0 0 0
0 0 0 0 0 0 0 0 0 0
0 0 0 0 0 0 0 0 0 0
0 0 0 0 0 0 0 0 0 0
0 0 0 0 0 0 0 0 0 0
0 0 0 0 0 0 0 0 0 0
0 0 0 0 0 0 0 0 0 0
0 0 0 0 0 0 0 0 0 0
0 0 0 0 0 0 0 0 0 0
0 0 0 0 0 0 0 0 0 0
0 0 0 0 0 0 0 0 0 0
0 0 0 0 0 0 0 0 0 0
0 0 0 0 0 0 0 0 0 0
0 0 0 0 0 0 0 0 0 0
0 0 0 0 0 0 0 0 0 0
0 0 0 0 0 0 0 0 0 0
0 0 0 0 0 0 0 0 0 0
0 0 0 0 0 0 0 0 0 0
0 0 0 0 0 0 0 0 0 0
0 0 0 0 0 0 0 0 0 0
0 0 0 0 0 0 0 0 0 0
0 0 0 0 0 0 0 0 0 0
1 1 1 1 1 1 1 1 1 1
1 1 1 1 1 1 1 1 1 1
1 1 1 1 1 1 1 1 1 1
1 1 1 1 1 1 1 1 1 1
1 1 1 1 1 1 1 1 1 1
1 1 1 1 1 1 1 1 1 1
1 1 1 1 1 1 1 1 1 1
1 1 1 1 1 1 1 1 1 1
1 1 1 1 1 1 1 1 1 1
1 1 1 1 1 1 1 1 1 1
1 1 1 1 1 1 1 1 1 1
1 1 1 1 1 1 1 1 1 1
1 1 1 1 1 1 1 1 1 1
1 1 1 1 1 1 1 1 1 1
1 1 1 1 1 1 1 1 1 1
1 1 1 1 1 1 1 1 1 1
1 1 1 1 1 1 1 1 1 1
1 1 1 1 1 1 1 1 1 1
1 1 1 1 1 1 1 1 1 1
1 1 1 1 1 1 1 1 1 1
1 1 1 1 1 1 1 1 1 1
1 1 1 1 1 1 1 1 1 1
1 1 1 1 1 1 1 1 1 1
1 1 1 1 1 1 1 1 1 1
1 1 1 1 1 1 1 1 1 1
2 2 2 2 2 2 2 2 2 2
2 2 2 2 2 2 2 2 2 2
2 2 2 2 2 2 2 2 2 2
2 2 2 2 2 2 2 2 2 2
2 2 2 2 2 2 2 2 2 2
2 2 2 2 2 2 2 2 2 2
2 2 2 2 2 2 2 2 2 2
2 2 2 2 2 2 2 2 2 2
2 2 2 2 2 2 2 2 2 2
2 2 2 2 2 2 2 2 2 2
2 2 2 2 2 2 2 2 2 2
2 2 2 2 2 2 2 2 2 2
2 2 2 2 2 2 2 2 2 2
2 2 2 2 2 2 2 2 2 2
2 2 2 2 2 2 2 2 2 2
2 2 2 2 2 2 2 2 2 2
2 2 2 2 2 2 2 2 2 2
2 2 2 2 2 2 2 2 2 2
2 2 2 2 2 2 2 2 2 2
2 2 2 2 2 2 2 2 2 2
2 2 2 2 2 2 2 2 2 2
2 2 2 2 2 2 2 2 2 2
2 2 2 2 2 2 2 2 2 2
2 2 2 2 2 2 2 2 2 2
2 2 2 2 2 2 2 2 2 2
3 3 3 3 3 3 3 3 3 3
3 3 3 3 3 3 3 3 3 3
3 3 3 3 3 3 3 3 3 3
3 3 3 3 3 3 3 3 3 3
3 3 3 3 3 3 3 3 3 3
3 3 3 3 3 3 3 3 3 3
3 3 3 3 3 3 3 3 3 3
3 3 3 3 3 3 3 3 3 3
3 3 3 3 3 3 3 3 3 3
3 3 3 3 3 3 3 3 3 3
3 3 3 3 3 3 3 3 3 3
3 3 3 3 3 3 3 3 3 3
3 3 3 3 3 3 3 3 3 3
3 3 3 3 3 3 3 3 3 3
3 3 3 3 3 3 3 3 3 3
3 3 3 3 3 3 3 3 3 3
3 3 3 3 3 3 3 3 3 3
3 3 3 3 3 3 3 3 3 3
3 3 3 3 3 3 3 3 3 3
3 3 3 3 3 3 3 3 3 3
3 3 3 3 3 3 3 3 3 3
3 3 3 3 3 3 3 3 3 3
3 3 3 3 3 3 3 3 3 3
3 3 3 3 3 3 3 3 3 3
3 3 3 3 3 3 3 3 3 3
16 32 32 40 28 12 12 16 28 36
28 24 20 12 24 28 20 24 40 20
48 48 28 24 20 32 20 36 48 36
16 12 44 48 20 24 48 20 12 28
12 24 36 12 48 40 48 44 16 16
12 24 32 36 40 12 16 16 12 28
32 44 12 16 24 12 12 16 16 12
24 12 48 20 48 32 28 32 16 48
36 20 28 44 48 28 44 24 12 44
24 44 48 36 20 40 48 16 32 40
32 48 36 40 24 24 36 44 24 28
16 16 32 24 20 36 24 44 44 24
28 16 32 44 36 44 40 24 24 24
16 16 28 32 44 28 32 36 36 40
20 24 48 44 32 12 20 44 28 12
48 32 36 12 32 16 12 44 20 48
16 48 48 16 24 28 24 36 12 32
44 44 36 16 20 16 36 44 20 36
12 24 36 44 40 32 48 40 40 28
32 20 28 44 44 28 20 12 24 16
20 16 16 12 16 24 36 36 40 48
40 44 12 40 12 44 36 16 32 12
40 12 20 40 16 32 44 36 24 44
36 28 32 32 24 44 32 24 12 48
40 36 48 44 36 20 20 12 48 44
13 41 33 21 25 41 49 29 21 41
41 49 21 41 29 21 29 41 49 21
41 21 29 49 41 41 45 41 49 49
37 45 17 29 33 13 49 41 37 45
13 33 45 17 33 37 13 45 49 45
13 17 45 21 17 29 17 29 37 37
29 17 49 37 17 17 25 21 13 29
29 29 37 17 49 13 29 33 41 33
41 45 49 33 21 17 37 33 17 29
49 37 29 25 29 25 25 13 33 29
33 41 21 49 41 25 13 25 25 29
33 37 25 21 37 17 29 17 45 13
29 45 41 49 33 49 29 13 37 13
29 33 25 13 37 49 29 21 13 49
13 13 25 21 25 25 21 49 13 41
33 17 29 33 37 41 17 25 37 25
49 13 25 33 25 17 13 17 25 29
37 41 13 13 45 37 21 25 29 13
17 21 13 45 41 21 49 37 33 49
13 37 13 29 21 29 41 49 49 37
49 13 17 25 29 17 37 25 25 17
25 45 41 29 45 41 37 33 33 49
33 13 25 29 41 49 49 49 45 13
25 45 13 29 37 25 21 49 37 13
29 29 41 29 13 17 25 21 13 21
30 38 42 42 22 18 46 46 14 18
46 18 14 42 18 38 46 14 46 42
50 34 30 50 42 18 26 50 30 30
34 46 34 34 22 42 46 42 42 18
26 18 18 14 30 50 46 22 26 18
42 26 42 30 18 34 46 30 14 50
18 50 18 22 30 30 38 18 38 30
30 18 34 26 14 18 34 50 50 30
22 26 34 42 38 50 30 22 34 30
50 14 14 18 34 26 34 38 34 26
30 26 18 34 34 50 34 50 38 30
34 26 18 46 22 26 50 22 38 42
14 38 42 34 26 22 26 22 18 26
22 22 30 26 42 14 34 46 22 18
42 38 30 18 46 30 38 38 34 30
22 14 14 26 22 30 30 42 22 34
22 30 18 22 34 38 14 18 38 18
30 38 18 18 38 46 34 46 50 22
14 46 18 46 22 46 46 30 50 14
50 30 38 26 18 46 46 26 50 18
30 46 30 26 18 46 42 26 26 14
14 42 42 30 26 38 38 50 22 46
38 14 46 30 30 14 14 42 14 22
38 22 38 46 50 50 34 34 22 50
34 14 46 42 30 14 14 30 26 34
31 35 47 15 23 19 43 51 43 43
31 39 47 31 39 43 23 15 23 23
43 51 35 31 27 51 43 19 43 47
39 23 23 15 15 19 31 23 31 27
43 35 19 47 31 15 15 47 31 43
23 51 31 31 47 19 39 35 51 31
35 27 27 27 35 35 27 51 35 19
31 19 15 23 23 43 35 23 39 51
43 27 27 51 39 43 31 15 43 35
39 31 47 43 43 27 47 15 47 35
35 31 27 35 51 43 43 23 39 47
47 39 47 35 19 15 23 19 43 27
47 39 27 51 43 27 51 39 31 15
39 35 27 19 27 23 47 47 47 27
27 39 19 19 47 35 27 15 47 31
31 31 31 31 31 31 27 39 47 39
43 31 19 47 31 15 43 47 43 39
31 23 31 47 31 27 27 39 27 35
35 39 47 43 39 19 27 31 51 51
47 35 19 35 27 43 31 31 27 19
39 31 51 35 15 39 47 27 19 31
31 39 51 23 39 23 19 39 27 31
23 15 27 43 47 39 19 23 27 27
47 15 51 47 51 43 35 31 51 27
51 47 15 47 23 47 51 23 51 43
