0 0 0 0 0 0 0 0 0 0 0 0 0 0 0 0
0 0 0 0 0 0 0 0 0 0 0 0 0 0 0 0
0 0 0 0 0 0 0 0 0 0 0 0 0 0 0 0
0 0 0 0 0 0 0 0 0 0 0 0 0 0 0 0
1 1 1 1 1 1 1 1 1 1 1 1 1 1 1 1
1 1 1 1 1 1 1 1 1 1 1 1 1 1 1 1
1 1 1 1 1 1 1 1 1 1 1 1 1 1 1 1
1 1 1 1 1 1 1 1 1 1 1 1 1 1 1 1
2 2 2 2 2 2 2 2 2 2 2 2 2 2 2 2
2 2 2 2 2 2 2 2 2 2 2 2 2 2 2 2
2 2 2 2 2 2 2 2 2 2 2 2 2 2 2 2
2 2 2 2 2 2 2 2 2 2 2 2 2 2 2 2
3 3 3 3 3 3 3 3 3 3 3 3 3 3 3 3
3 3 3 3 3 3 3 3 3 3 3 3 3 3 3 3
3 3 3 3 3 3 3 3 3 3 3 3 3 3 3 3
3 3 3 3 3 3 3 3 3 3 3 3 3 3 3 3
32 24 20 36 36 24 20 48 16 48 20 44 28 40 48 32
28 44 16 28 28 12 48 32 32 16 44 32 36 16 40 28
12 28 12 36 44 44 12 20 48 16 32 36 24 36 28 20
32 36 28 44 12 32 16 16 20 40 20 40 12 28 32 36
25 25 45 21 25 25 33 29 21 25 29 21 13 33 37 25
25 33 37 17 45 29 37 25 37 29 33 45 25 21 21 13
37 25 17 37 13 29 13 33 13 29 25 13 29 33 33 49
33 29 37 49 45 17 13 29 33 41 25 37 21 21 41 25
22 34 22 18 42 46 38 38 18 18 34 46 26 30 50 38
30 14 14 46 22 18 22 34 34 22 14 18 34 26 42 26
30 26 42 42 26 50 22 38 50 46 34 14 14 18 38 38
42 22 18 46 34 18 26 22 46 26 18 30 14 14 50 34
51 39 43 51 51 23 43 27 31 27 27 19 39 31 51 35
27 51 51 51 43 23 27 39 51 19 15 47 23 23 43 15
51 47 27 31 15 51 19 39 43 15 39 43 27 35 27 43
39 43 35 19 15 19 31 43 31 51 23 27 23 47 39 35
