0 0 0 0 0 0 0 0 0 0
0 0 0 0 0 0 0 0 0 0
0 0 0 0 0 1 1 1 1 1
1 1 1 1 1 1 1 1 1 1
1 1 1 1 1 1 1 1 1 1
2 2 2 2 2 2 2 2 2 2
2 2 2 2 2 2 2 2 2 2
2 2 2 2 2 3 3 3 3 3
3 3 3 3 3 3 3 3 3 3
3 3 3 3 3 3 3 3 3 3
48 16 44 12 44 32 16 16 28 24
12 44 36 28 16 16 12 16 16 32
12 20 20 36 48 41 21 41 25 13
45 49 21 45 41 45 49 41 29 45
29 45 25 45 13 41 41 41 17 29
30 38 22 26 26 34 14 38 34 30
50 50 38 46 42 46 50 38 14 26
42 38 46 18 46 19 23 19 19 43
39 43 31 15 31 27 27 23 51 43
19 47 43 19 35 19 35 23 31 23
