0 0 0 0 0 0 0 0 0 0 0 0 0 0 0 0
0 0 0 0 0 0 0 0 0 0 0 0 0 0 0 0
0 0 0 0 0 0 0 0 0 0 0 0 0 0 0 0
0 0 0 0 0 0 0 0 0 0 0 0 0 0 0 0
1 1 1 1 1 1 1 1 1 1 1 1 1 1 1 1
1 1 1 1 1 1 1 1 1 1 1 1 1 1 1 1
1 1 1 1 1 1 1 1 1 1 1 1 1 1 1 1
1 1 1 1 1 1 1 1 1 1 1 1 1 1 1 1
2 2 2 2 2 2 2 2 2 2 2 2 2 2 2 2
2 2 2 2 2 2 2 2 2 2 2 2 2 2 2 2
2 2 2 2 2 2 2 2 2 2 2 2 2 2 2 2
2 2 2 2 2 2 2 2 2 2 2 2 2 2 2 2
3 3 3 3 3 3 3 3 3 3 3 3 3 3 3 3
3 3 3 3 3 3 3 3 3 3 3 3 3 3 3 3
3 3 3 3 3 3 3 3 3 3 3 3 3 3 3 3
3 3 3 3 3 3 3 3 3 3 3 3 3 3 3 3
24 16 36 32 16 40 44 28 48 12 24 32 16 24 48 16
40 28 16 36 32 36 24 36 32 20 16 32 24 16 32 40
36 48 44 16 24 20 20 24 16 28 24 28 32 36 32 20
48 16 20 24 44 16 20 48 24 40 20 44 16 40 12 44
17 37 41 49 25 49 25 21 37 29 33 21 25 33 37 13
17 21 45 49 29 37 25 33 13 17 29 41 33 21 25 17
29 49 49 37 45 25 49 41 41 21 29 13 41 25 49 25
13 37 41 21 29 49 41 49 45 17 17 17 37 45 17 33
22 34 46 34 34 50 14 30 50 42 14 14 26 30 42 34
30 30 46 18 26 42 46 34 26 34 26 50 50 38 42 22
34 46 18 38 42 34 22 46 14 50 26 42 14 26 14 18
38 50 46 30 50 38 26 46 26 30 34 22 34 50 34 30
27 39 39 31 51 43 19 35 51 43 51 31 43 23 19 47
39 19 27 23 35 51 27 43 19 23 19 35 23 31 43 43
47 39 43 39 47 35 31 23 19 31 31 31 23 15 19 27
23 51 39 23 31 51 19 27 23 31 39 39 23 43 35 15
