0 0 0 0 0 0 0 0 0 0
0 0 0 0 0 0 0 0 0 0
0 0 0 0 0 0 0 0 0 0
0 0 0 0 0 0 0 0 0 0
0 0 0 0 0 0 0 0 0 0
0 0 0 0 0 0 0 0 0 0
0 0 0 0 0 0 0 0 0 0
0 0 0 0 0 0 0 0 0 0
0 0 0 0 0 0 0 0 0 0
0 0 0 0 0 0 0 0 0 0
0 0 0 0 0 0 0 0 0 0
0 0 0 0 0 0 0 0 0 0
0 0 0 0 0 0 0 0 0 0
0 0 0 0 0 0 0 0 0 0
0 0 0 0 0 0 0 0 0 0
0 0 0 0 0 0 0 0 0 0
0 0 0 0 0 0 0 0 0 0
0 0 0 0 0 0 0 0 0 0
0 0 0 0 0 0 0 0 0 0
0 0 0 0 0 0 0 0 0 0
0 0 0 0 0 0 0 0 0 0
0 0 0 0 0 0 0 0 0 0
0 0 0 0 0 0 0 0 0 0
0 0 0 0 0 0 0 0 0 0
0 0 0 0 0 0 0 0 0 0
1 1 1 1 1 1 1 1 1 1
1 1 1 1 1 1 1 1 1 1
1 1 1 1 1 1 1 1 1 1
1 1 1 1 1 1 1 1 1 1
1 1 1 1 1 1 1 1 1 1
1 1 1 1 1 1 1 1 1 1
1 1 1 1 1 1 1 1 1 1
1 1 1 1 1 1 1 1 1 1
1 1 1 1 1 1 1 1 1 1
1 1 1 1 1 1 1 1 1 1
1 1 1 1 1 1 1 1 1 1
1 1 1 1 1 1 1 1 1 1
1 1 1 1 1 1 1 1 1 1
1 1 1 1 1 1 1 1 1 1
1 1 1 1 1 1 1 1 1 1
1 1 1 1 1 1 1 1 1 1
1 1 1 1 1 1 1 1 1 1
1 1 1 1 1 1 1 1 1 1
1 1 1 1 1 1 1 1 1 1
1 1 1 1 1 1 1 1 1 1
1 1 1 1 1 1 1 1 1 1
1 1 1 1 1 1 1 1 1 1
1 1 1 1 1 1 1 1 1 1
1 1 1 1 1 1 1 1 1 1
1 1 1 1 1 1 1 1 1 1
2 2 2 2 2 2 2 2 2 2
2 2 2 2 2 2 2 2 2 2
2 2 2 2 2 2 2 2 2 2
2 2 2 2 2 2 2 2 2 2
2 2 2 2 2 2 2 2 2 2
2 2 2 2 2 2 2 2 2 2
2 2 2 2 2 2 2 2 2 2
2 2 2 2 2 2 2 2 2 2
2 2 2 2 2 2 2 2 2 2
2 2 2 2 2 2 2 2 2 2
2 2 2 2 2 2 2 2 2 2
2 2 2 2 2 2 2 2 2 2
2 2 2 2 2 2 2 2 2 2
2 2 2 2 2 2 2 2 2 2
2 2 2 2 2 2 2 2 2 2
2 2 2 2 2 2 2 2 2 2
2 2 2 2 2 2 2 2 2 2
2 2 2 2 2 2 2 2 2 2
2 2 2 2 2 2 2 2 2 2
2 2 2 2 2 2 2 2 2 2
2 2 2 2 2 2 2 2 2 2
2 2 2 2 2 2 2 2 2 2
2 2 2 2 2 2 2 2 2 2
2 2 2 2 2 2 2 2 2 2
2 2 2 2 2 2 2 2 2 2
3 3 3 3 3 3 3 3 3 3
3 3 3 3 3 3 3 3 3 3
3 3 3 3 3 3 3 3 3 3
3 3 3 3 3 3 3 3 3 3
3 3 3 3 3 3 3 3 3 3
3 3 3 3 3 3 3 3 3 3
3 3 3 3 3 3 3 3 3 3
3 3 3 3 3 3 3 3 3 3
3 3 3 3 3 3 3 3 3 3
3 3 3 3 3 3 3 3 3 3
3 3 3 3 3 3 3 3 3 3
3 3 3 3 3 3 3 3 3 3
3 3 3 3 3 3 3 3 3 3
3 3 3 3 3 3 3 3 3 3
3 3 3 3 3 3 3 3 3 3
3 3 3 3 3 3 3 3 3 3
3 3 3 3 3 3 3 3 3 3
3 3 3 3 3 3 3 3 3 3
3 3 3 3 3 3 3 3 3 3
3 3 3 3 3 3 3 3 3 3
3 3 3 3 3 3 3 3 3 3
3 3 3 3 3 3 3 3 3 3
3 3 3 3 3 3 3 3 3 3
3 3 3 3 3 3 3 3 3 3
3 3 3 3 3 3 3 3 3 3
36 36 24 44 20 28 24 36 32 44
48 16 44 44 48 40 24 20 24 16
28 12 20 12 16 16 40 28 28 28
20 16 36 36 32 40 44 40 44 36
48 28 48 48 44 12 36 32 36 20
40 36 48 48 44 28 44 28 48 32
48 24 20 16 24 12 40 48 28 40
20 36 16 28 44 12 24 12 40 40
24 24 20 24 36 36 40 48 24 28
12 28 44 16 24 28 28 32 12 44
12 44 44 24 36 44 36 16 12 44
24 36 40 48 40 16 32 44 24 32
32 48 28 24 20 28 44 40 48 32
40 20 40 36 16 32 48 28 12 20
32 12 32 44 44 24 44 24 36 48
32 32 24 12 20 48 28 48 24 44
48 20 40 36 12 36 48 12 40 48
16 32 40 48 36 28 36 40 44 12
12 16 12 24 36 28 16 20 48 20
16 48 16 36 32 28 36 32 44 16
44 48 28 32 36 20 24 28 44 48
44 16 40 48 28 44 36 32 28 20
12 28 44 20 36 48 40 16 24 12
28 40 44 12 20 12 32 24 20 44
16 32 16 40 44 48 44 48 16 16
25 21 13 21 29 41 17 29 25 37
17 49 37 21 49 17 17 25 37 17
33 25 25 21 21 21 49 29 37 13
29 17 21 33 25 21 13 45 41 17
49 41 49 41 45 49 29 21 21 49
33 41 13 29 45 29 13 33 29 17
25 13 45 45 49 41 41 25 21 45
17 13 49 29 17 41 13 41 13 25
45 45 41 49 45 21 17 21 17 45
33 41 29 21 37 29 45 37 33 41
33 13 49 33 41 17 25 37 33 21
33 33 49 49 37 33 29 17 41 29
45 41 37 41 21 37 49 41 13 13
37 41 13 49 49 49 41 21 29 13
41 45 37 41 21 45 49 33 49 41
49 41 37 17 13 25 17 49 45 21
25 45 29 49 21 33 21 25 41 49
21 41 25 29 17 29 41 41 41 17
25 49 45 29 33 13 49 29 41 25
33 49 17 13 49 21 49 29 49 21
25 17 37 45 45 45 25 29 45 49
41 25 37 41 29 21 17 29 17 49
41 33 37 21 37 37 25 13 37 33
21 13 21 29 37 45 41 21 21 29
29 25 37 41 45 49 17 41 33 49
30 22 34 18 34 26 26 18 42 30
18 50 34 14 22 50 18 46 22 38
30 14 14 14 50 30 42 50 22 18
26 26 18 42 30 26 18 34 30 30
46 34 38 38 42 38 38 30 30 50
42 42 42 34 42 18 18 34 34 34
18 50 22 22 42 34 50 30 26 18
42 22 14 46 18 30 50 14 46 26
18 14 42 38 34 30 42 34 42 26
42 42 34 42 42 18 30 42 22 38
30 30 22 34 42 30 34 18 46 34
42 46 18 46 50 18 18 22 26 46
46 42 26 22 38 14 50 14 34 22
38 42 14 22 22 18 30 38 38 34
42 26 22 30 26 46 46 30 34 38
30 50 14 22 14 42 22 26 22 30
14 50 22 22 34 30 26 50 14 26
14 30 38 38 18 38 14 42 22 46
30 42 34 50 46 34 14 14 14 14
18 26 30 34 38 38 18 34 50 38
30 30 30 30 18 26 30 42 22 30
30 38 30 26 38 22 50 30 38 22
18 50 42 22 42 42 38 50 26 46
34 30 34 46 30 50 38 50 22 22
22 22 26 14 38 30 30 50 50 30
31 47 19 43 19 19 19 35 51 51
31 43 39 39 27 43 43 23 39 15
47 43 31 51 15 51 31 47 35 19
35 51 19 51 39 39 47 43 27 23
19 39 15 31 23 27 23 23 27 15
31 47 43 15 47 51 35 35 15 39
35 31 23 47 19 39 43 19 35 15
39 39 43 35 39 43 51 35 43 43
39 31 35 27 19 31 35 15 19 51
23 47 27 31 27 23 51 23 43 31
15 31 19 51 15 19 23 47 31 51
23 15 39 39 43 47 27 19 27 47
31 43 15 23 47 51 39 27 47 23
15 31 31 51 43 39 19 31 35 31
31 31 51 35 47 23 43 19 35 47
23 27 43 15 27 23 47 39 47 27
15 47 15 51 35 15 35 39 31 39
39 43 23 47 19 39 31 15 31 51
47 39 51 23 15 23 35 43 35 51
39 43 19 35 43 27 19 51 19 23
19 47 15 27 47 35 39 31 35 31
51 31 47 43 27 23 31 47 23 47
43 51 43 51 47 23 27 39 15 31
47 39 47 19 15 27 31 43 31 27
31 19 27 31 19 27 31 15 15 35
