0 0 0 0 0 0 0 0 0 0
0 0 0 0 0 0 0 0 0 0
0 0 0 0 0 1 1 1 1 1
1 1 1 1 1 1 1 1 1 1
1 1 1 1 1 1 1 1 1 1
2 2 2 2 2 2 2 2 2 2
2 2 2 2 2 2 2 2 2 2
2 2 2 2 2 3 3 3 3 3
3 3 3 3 3 3 3 3 3 3
3 3 3 3 3 3 3 3 3 3
12 16 12 40 48 20 20 32 24 12
36 44 16 36 24 40 24 36 44 48
48 48 48 12 48 21 33 33 37 13
49 25 29 13 25 41 17 33 45 41
45 41 25 37 33 29 21 25 41 13
14 14 38 18 22 34 46 22 46 22
38 18 30 18 22 46 38 26 22 42
30 38 50 42 46 15 27 31 23 27
19 39 39 39 51 43 43 31 31 15
43 27 47 51 51 23 27 23 23 31
