0 0 0 0 0 0 0 0 0 0
0 0 0 0 0 0 0 0 0 0
0 0 0 0 0 0 0 0 0 0
0 0 0 0 0 0 0 0 0 0
0 0 0 0 0 0 0 0 0 0
0 0 0 0 0 0 0 0 0 0
0 0 0 0 0 0 0 0 0 0
0 0 0 0 0 0 0 0 0 0
0 0 0 0 0 0 0 0 0 0
0 0 0 0 0 0 0 0 0 0
0 0 0 0 0 0 0 0 0 0
0 0 0 0 0 0 0 0 0 0
0 0 0 0 0 0 0 0 0 0
0 0 0 0 0 0 0 0 0 0
0 0 0 0 0 0 0 0 0 0
0 0 0 0 0 0 0 0 0 0
0 0 0 0 0 0 0 0 0 0
0 0 0 0 0 0 0 0 0 0
0 0 0 0 0 0 0 0 0 0
0 0 0 0 0 0 0 0 0 0
0 0 0 0 0 0 0 0 0 0
0 0 0 0 0 0 0 0 0 0
0 0 0 0 0 0 0 0 0 0
0 0 0 0 0 0 0 0 0 0
0 0 0 0 0 0 0 0 0 0
1 1 1 1 1 1 1 1 1 1
1 1 1 1 1 1 1 1 1 1
1 1 1 1 1 1 1 1 1 1
1 1 1 1 1 1 1 1 1 1
1 1 1 1 1 1 1 1 1 1
1 1 1 1 1 1 1 1 1 1
1 1 1 1 1 1 1 1 1 1
1 1 1 1 1 1 1 1 1 1
1 1 1 1 1 1 1 1 1 1
1 1 1 1 1 1 1 1 1 1
1 1 1 1 1 1 1 1 1 1
1 1 1 1 1 1 1 1 1 1
1 1 1 1 1 1 1 1 1 1
1 1 1 1 1 1 1 1 1 1
1 1 1 1 1 1 1 1 1 1
1 1 1 1 1 1 1 1 1 1
1 1 1 1 1 1 1 1 1 1
1 1 1 1 1 1 1 1 1 1
1 1 1 1 1 1 1 1 1 1
1 1 1 1 1 1 1 1 1 1
1 1 1 1 1 1 1 1 1 1
1 1 1 1 1 1 1 1 1 1
1 1 1 1 1 1 1 1 1 1
1 1 1 1 1 1 1 1 1 1
1 1 1 1 1 1 1 1 1 1
2 2 2 2 2 2 2 2 2 2
2 2 2 2 2 2 2 2 2 2
2 2 2 2 2 2 2 2 2 2
2 2 2 2 2 2 2 2 2 2
2 2 2 2 2 2 2 2 2 2
2 2 2 2 2 2 2 2 2 2
2 2 2 2 2 2 2 2 2 2
2 2 2 2 2 2 2 2 2 2
2 2 2 2 2 2 2 2 2 2
2 2 2 2 2 2 2 2 2 2
2 2 2 2 2 2 2 2 2 2
2 2 2 2 2 2 2 2 2 2
2 2 2 2 2 2 2 2 2 2
2 2 2 2 2 2 2 2 2 2
2 2 2 2 2 2 2 2 2 2
2 2 2 2 2 2 2 2 2 2
2 2 2 2 2 2 2 2 2 2
2 2 2 2 2 2 2 2 2 2
2 2 2 2 2 2 2 2 2 2
2 2 2 2 2 2 2 2 2 2
2 2 2 2 2 2 2 2 2 2
2 2 2 2 2 2 2 2 2 2
2 2 2 2 2 2 2 2 2 2
2 2 2 2 2 2 2 2 2 2
2 2 2 2 2 2 2 2 2 2
3 3 3 3 3 3 3 3 3 3
3 3 3 3 3 3 3 3 3 3
3 3 3 3 3 3 3 3 3 3
3 3 3 3 3 3 3 3 3 3
3 3 3 3 3 3 3 3 3 3
3 3 3 3 3 3 3 3 3 3
3 3 3 3 3 3 3 3 3 3
3 3 3 3 3 3 3 3 3 3
3 3 3 3 3 3 3 3 3 3
3 3 3 3 3 3 3 3 3 3
3 3 3 3 3 3 3 3 3 3
3 3 3 3 3 3 3 3 3 3
3 3 3 3 3 3 3 3 3 3
3 3 3 3 3 3 3 3 3 3
3 3 3 3 3 3 3 3 3 3
3 3 3 3 3 3 3 3 3 3
3 3 3 3 3 3 3 3 3 3
3 3 3 3 3 3 3 3 3 3
3 3 3 3 3 3 3 3 3 3
3 3 3 3 3 3 3 3 3 3
3 3 3 3 3 3 3 3 3 3
3 3 3 3 3 3 3 3 3 3
3 3 3 3 3 3 3 3 3 3
3 3 3 3 3 3 3 3 3 3
3 3 3 3 3 3 3 3 3 3
20 24 32 32 32 12 40 12 36 20
12 44 16 16 32 44 20 48 40 12
20 32 32 48 36 40 44 28 36 12
20 24 40 24 24 48 12 40 16 24
16 28 24 48 40 40 32 20 36 32
48 32 32 28 32 40 28 44 12 40
20 28 24 20 12 20 40 16 28 16
28 48 48 36 40 36 28 12 32 44
40 20 32 16 32 36 28 20 44 28
48 20 24 32 48 28 16 40 32 36
36 36 12 44 28 36 32 40 16 28
48 32 24 24 20 24 44 20 36 44
48 16 44 16 36 44 32 28 32 16
44 32 12 20 16 12 12 40 20 48
28 36 24 44 16 24 40 20 28 16
36 44 24 44 40 44 40 24 20 20
28 48 44 16 40 28 36 32 24 32
16 48 48 36 44 44 40 32 48 32
32 36 24 44 36 16 48 32 12 28
20 24 48 40 44 24 12 36 44 36
12 16 44 40 12 24 28 12 48 44
44 20 12 16 24 32 32 36 16 48
44 36 44 32 24 48 24 48 16 28
12 24 28 32 16 48 44 28 44 32
48 20 16 40 40 36 32 36 24 48
13 29 41 13 21 45 33 37 21 37
21 21 49 25 49 37 41 49 29 49
41 13 45 25 41 25 21 33 25 13
21 13 21 33 37 17 37 21 13 45
33 29 41 25 33 21 37 25 21 29
21 21 13 37 33 13 37 41 13 41
41 49 17 21 13 25 45 17 49 37
13 45 37 21 49 21 37 25 45 17
45 37 33 41 21 33 45 13 17 17
41 21 25 25 29 49 25 37 21 13
45 17 13 45 13 45 37 29 17 37
33 25 33 25 37 25 29 13 49 21
33 21 37 33 21 45 13 29 49 25
17 25 41 41 37 21 49 29 29 37
29 25 29 25 45 41 25 45 25 21
13 21 13 37 49 37 45 29 45 13
45 49 21 17 49 45 17 33 49 29
33 33 21 33 41 49 21 33 17 21
21 33 33 21 25 21 49 33 49 41
37 29 21 37 49 33 21 49 29 25
29 13 13 33 21 33 41 29 25 49
45 41 33 17 37 41 37 21 25 29
13 25 41 25 25 17 25 41 33 17
37 21 17 33 33 41 21 33 37 33
21 41 41 33 37 21 13 33 33 21
46 30 30 30 46 42 22 50 22 42
50 26 50 34 34 18 42 42 26 42
42 38 30 18 34 14 30 42 26 42
50 38 30 42 38 38 30 38 38 42
38 38 22 18 34 46 38 42 42 14
50 30 22 26 30 14 26 18 42 46
34 50 18 22 18 50 38 42 46 30
34 42 18 26 34 26 30 14 26 50
38 50 38 34 22 22 42 22 50 14
42 50 22 30 14 38 38 26 50 26
22 18 42 14 30 34 22 14 50 26
34 30 14 42 50 38 50 18 22 14
50 34 50 34 14 50 46 46 18 26
22 42 46 26 30 46 26 22 34 38
30 46 34 30 34 22 14 42 22 38
14 34 30 46 18 30 50 38 18 22
18 14 26 18 26 26 30 30 34 34
26 38 38 30 42 30 30 30 50 14
26 26 30 30 34 18 46 30 34 50
26 38 30 30 50 42 50 14 50 14
38 34 50 38 18 22 26 30 30 30
42 14 18 18 50 46 38 18 46 38
22 22 26 42 26 18 22 14 34 42
14 38 26 34 42 18 26 34 22 46
30 14 26 30 34 26 22 50 22 18
51 35 27 39 35 39 35 23 23 27
23 47 15 35 15 27 27 35 43 19
35 35 31 23 51 47 15 39 19 47
31 47 15 31 51 27 51 27 51 27
35 35 19 47 35 15 31 27 43 43
19 35 23 19 39 39 23 47 47 27
43 23 19 15 51 39 31 35 47 27
23 47 31 39 19 23 39 39 47 23
23 35 47 15 47 31 43 39 47 47
27 19 31 35 51 27 51 43 43 19
31 23 47 39 27 39 23 23 15 35
19 39 19 15 43 47 43 47 15 19
43 43 35 31 31 43 51 31 19 19
35 23 19 35 19 15 39 43 19 43
39 15 35 31 51 27 31 47 51 43
27 31 31 19 31 23 51 31 39 51
51 15 31 43 19 19 35 19 43 43
51 19 27 27 19 43 15 23 35 43
15 23 35 19 39 15 15 39 39 47
39 51 43 51 51 15 15 35 47 27
19 39 27 51 19 47 23 19 39 47
15 23 43 47 23 51 39 43 19 23
27 51 19 31 27 23 23 19 51 19
15 35 19 27 27 39 39 51 23 43
27 35 23 27 51 19 43 43 15 31
