0 0 0 0 0 0 0 0 0 0 0 0 0 0 0 0
0 0 0 0 0 0 0 0 0 0 0 0 0 0 0 0
0 0 0 0 0 0 0 0 0 0 0 0 0 0 0 0
0 0 0 0 0 0 0 0 0 0 0 0 0 0 0 0
1 1 1 1 1 1 1 1 1 1 1 1 1 1 1 1
1 1 1 1 1 1 1 1 1 1 1 1 1 1 1 1
1 1 1 1 1 1 1 1 1 1 1 1 1 1 1 1
1 1 1 1 1 1 1 1 1 1 1 1 1 1 1 1
2 2 2 2 2 2 2 2 2 2 2 2 2 2 2 2
2 2 2 2 2 2 2 2 2 2 2 2 2 2 2 2
2 2 2 2 2 2 2 2 2 2 2 2 2 2 2 2
2 2 2 2 2 2 2 2 2 2 2 2 2 2 2 2
3 3 3 3 3 3 3 3 3 3 3 3 3 3 3 3
3 3 3 3 3 3 3 3 3 3 3 3 3 3 3 3
3 3 3 3 3 3 3 3 3 3 3 3 3 3 3 3
3 3 3 3 3 3 3 3 3 3 3 3 3 3 3 3
36 40 36 28 44 48 24 12 48 36 40 48 40 24 28 32
36 40 20 28 12 12 44 48 20 40 40 28 24 20 44 44
40 48 12 40 28 24 48 12 32 28 44 16 32 48 20 24
24 12 32 24 32 36 36 44 32 28 24 20 24 44 28 40
29 13 45 37 21 13 49 17 37 25 29 17 21 13 21 29
21 25 45 13 49 49 25 17 41 45 45 13 41 41 41 17
33 13 17 49 29 37 49 25 29 41 21 41 25 29 13 49
21 49 29 45 29 45 21 25 29 29 37 21 49 13 29 25
46 26 14 42 46 50 18 34 46 30 18 46 46 42 14 34
50 30 38 50 18 34 42 14 38 26 30 42 34 22 50 46
30 34 38 38 38 46 34 46 26 38 38 18 26 22 46 26
46 26 46 42 30 30 30 26 26 26 50 22 14 50 38 42
19 31 31 35 23 51 47 51 23 23 47 51 39 31 51 19
35 31 43 19 47 23 47 15 19 19 35 51 23 19 43 35
23 27 47 47 43 23 43 39 19 43 15 43 31 51 35 39
15 27 15 19 23 19 23 43 27 19 35 15 47 15 51 23
