0 0 0 0 0 0 0 0 0 0
0 0 0 0 0 0 0 0 0 0
0 0 0 0 0 1 1 1 1 1
1 1 1 1 1 1 1 1 1 1
1 1 1 1 1 1 1 1 1 1
2 2 2 2 2 2 2 2 2 2
2 2 2 2 2 2 2 2 2 2
2 2 2 2 2 3 3 3 3 3
3 3 3 3 3 3 3 3 3 3
3 3 3 3 3 3 3 3 3 3
44 20 24 16 32 32 24 40 48 16
16 40 16 16 36 20 16 40 36 28
24 16 48 40 16 49 37 13 37 29
17 45 21 17 41 37 21 37 45 13
13 37 41 13 41 37 49 37 21 17
14 34 38 26 22 30 46 26 38 14
50 22 42 34 50 46 26 42 30 46
50 46 34 14 14 43 47 51 43 35
15 47 23 19 39 39 19 47 23 31
39 23 43 23 35 35 51 27 19 23
