0 0 0 0 0 0 0 0 0 0 0 0 0 0 0 0
0 0 0 0 0 0 0 0 0 0 0 0 0 0 0 0
0 0 0 0 0 0 0 0 0 0 0 0 0 0 0 0
0 0 0 0 0 0 0 0 0 0 0 0 0 0 0 0
1 1 1 1 1 1 1 1 1 1 1 1 1 1 1 1
1 1 1 1 1 1 1 1 1 1 1 1 1 1 1 1
1 1 1 1 1 1 1 1 1 1 1 1 1 1 1 1
1 1 1 1 1 1 1 1 1 1 1 1 1 1 1 1
2 2 2 2 2 2 2 2 2 2 2 2 2 2 2 2
2 2 2 2 2 2 2 2 2 2 2 2 2 2 2 2
2 2 2 2 2 2 2 2 2 2 2 2 2 2 2 2
2 2 2 2 2 2 2 2 2 2 2 2 2 2 2 2
3 3 3 3 3 3 3 3 3 3 3 3 3 3 3 3
3 3 3 3 3 3 3 3 3 3 3 3 3 3 3 3
3 3 3 3 3 3 3 3 3 3 3 3 3 3 3 3
3 3 3 3 3 3 3 3 3 3 3 3 3 3 3 3
32 24 28 40 40 20 16 16 12 20 36 20 12 40 16 40
48 28 28 20 48 28 16 32 48 12 48 40 40 44 28 12
16 32 20 24 48 16 28 48 44 24 12 36 12 36 28 32
12 44 16 40 16 40 24 28 40 48 32 12 20 44 16 48
13 45 29 13 29 45 17 37 45 29 25 45 33 41 45 17
25 41 37 25 45 49 29 45 21 37 21 21 37 45 13 41
21 21 25 17 49 41 45 25 29 37 21 37 25 37 29 37
41 13 37 41 21 45 13 33 29 13 41 37 25 25 49 17
50 46 26 46 46 26 26 50 18 14 14 38 42 18 34 50
42 22 18 30 18 30 46 50 14 22 22 26 22 18 18 42
14 34 42 22 14 18 34 42 46 22 42 22 30 18 38 26
34 14 38 50 46 38 14 18 18 18 18 26 14 46 38 30
27 23 35 31 39 31 23 47 31 47 43 19 23 39 15 47
39 31 39 23 35 51 31 15 47 39 47 43 15 39 15 35
51 51 15 23 19 23 27 27 27 15 27 31 51 27 43 23
23 15 27 23 47 39 35 51 15 35 43 23 39 19 35 47
