0 0 0 0 0 0 0 0 0 0
0 0 0 0 0 0 0 0 0 0
0 0 0 0 0 1 1 1 1 1
1 1 1 1 1 1 1 1 1 1
1 1 1 1 1 1 1 1 1 1
2 2 2 2 2 2 2 2 2 2
2 2 2 2 2 2 2 2 2 2
2 2 2 2 2 3 3 3 3 3
3 3 3 3 3 3 3 3 3 3
3 3 3 3 3 3 3 3 3 3
12 32 12 20 24 16 12 12 20 44
48 36 32 44 48 44 40 28 40 28
20 40 40 44 32 29 17 21 25 29
13 25 37 21 17 33 25 41 21 25
45 37 21 37 41 13 37 25 25 21
34 26 42 30 38 34 18 14 26 34
46 34 14 26 22 50 50 50 38 42
34 18 50 42 46 51 39 39 27 19
47 39 23 23 39 15 15 43 15 31
15 15 15 39 51 51 47 43 23 39
