0 0 0 0 0 0 0 0 0 0
0 0 0 0 0 0 0 0 0 0
0 0 0 0 0 0 0 0 0 0
0 0 0 0 0 0 0 0 0 0
0 0 0 0 0 0 0 0 0 0
0 0 0 0 0 0 0 0 0 0
0 0 0 0 0 0 0 0 0 0
0 0 0 0 0 0 0 0 0 0
0 0 0 0 0 0 0 0 0 0
0 0 0 0 0 0 0 0 0 0
0 0 0 0 0 0 0 0 0 0
0 0 0 0 0 0 0 0 0 0
0 0 0 0 0 0 0 0 0 0
0 0 0 0 0 0 0 0 0 0
0 0 0 0 0 0 0 0 0 0
0 0 0 0 0 0 0 0 0 0
0 0 0 0 0 0 0 0 0 0
0 0 0 0 0 0 0 0 0 0
0 0 0 0 0 0 0 0 0 0
0 0 0 0 0 0 0 0 0 0
0 0 0 0 0 0 0 0 0 0
0 0 0 0 0 0 0 0 0 0
0 0 0 0 0 0 0 0 0 0
0 0 0 0 0 0 0 0 0 0
0 0 0 0 0 0 0 0 0 0
1 1 1 1 1 1 1 1 1 1
1 1 1 1 1 1 1 1 1 1
1 1 1 1 1 1 1 1 1 1
1 1 1 1 1 1 1 1 1 1
1 1 1 1 1 1 1 1 1 1
1 1 1 1 1 1 1 1 1 1
1 1 1 1 1 1 1 1 1 1
1 1 1 1 1 1 1 1 1 1
1 1 1 1 1 1 1 1 1 1
1 1 1 1 1 1 1 1 1 1
1 1 1 1 1 1 1 1 1 1
1 1 1 1 1 1 1 1 1 1
1 1 1 1 1 1 1 1 1 1
1 1 1 1 1 1 1 1 1 1
1 1 1 1 1 1 1 1 1 1
1 1 1 1 1 1 1 1 1 1
1 1 1 1 1 1 1 1 1 1
1 1 1 1 1 1 1 1 1 1
1 1 1 1 1 1 1 1 1 1
1 1 1 1 1 1 1 1 1 1
1 1 1 1 1 1 1 1 1 1
1 1 1 1 1 1 1 1 1 1
1 1 1 1 1 1 1 1 1 1
1 1 1 1 1 1 1 1 1 1
1 1 1 1 1 1 1 1 1 1
2 2 2 2 2 2 2 2 2 2
2 2 2 2 2 2 2 2 2 2
2 2 2 2 2 2 2 2 2 2
2 2 2 2 2 2 2 2 2 2
2 2 2 2 2 2 2 2 2 2
2 2 2 2 2 2 2 2 2 2
2 2 2 2 2 2 2 2 2 2
2 2 2 2 2 2 2 2 2 2
2 2 2 2 2 2 2 2 2 2
2 2 2 2 2 2 2 2 2 2
2 2 2 2 2 2 2 2 2 2
2 2 2 2 2 2 2 2 2 2
2 2 2 2 2 2 2 2 2 2
2 2 2 2 2 2 2 2 2 2
2 2 2 2 2 2 2 2 2 2
2 2 2 2 2 2 2 2 2 2
2 2 2 2 2 2 2 2 2 2
2 2 2 2 2 2 2 2 2 2
2 2 2 2 2 2 2 2 2 2
2 2 2 2 2 2 2 2 2 2
2 2 2 2 2 2 2 2 2 2
2 2 2 2 2 2 2 2 2 2
2 2 2 2 2 2 2 2 2 2
2 2 2 2 2 2 2 2 2 2
2 2 2 2 2 2 2 2 2 2
3 3 3 3 3 3 3 3 3 3
3 3 3 3 3 3 3 3 3 3
3 3 3 3 3 3 3 3 3 3
3 3 3 3 3 3 3 3 3 3
3 3 3 3 3 3 3 3 3 3
3 3 3 3 3 3 3 3 3 3
3 3 3 3 3 3 3 3 3 3
3 3 3 3 3 3 3 3 3 3
3 3 3 3 3 3 3 3 3 3
3 3 3 3 3 3 3 3 3 3
3 3 3 3 3 3 3 3 3 3
3 3 3 3 3 3 3 3 3 3
3 3 3 3 3 3 3 3 3 3
3 3 3 3 3 3 3 3 3 3
3 3 3 3 3 3 3 3 3 3
3 3 3 3 3 3 3 3 3 3
3 3 3 3 3 3 3 3 3 3
3 3 3 3 3 3 3 3 3 3
3 3 3 3 3 3 3 3 3 3
3 3 3 3 3 3 3 3 3 3
3 3 3 3 3 3 3 3 3 3
3 3 3 3 3 3 3 3 3 3
3 3 3 3 3 3 3 3 3 3
3 3 3 3 3 3 3 3 3 3
3 3 3 3 3 3 3 3 3 3
36 36 28 36 20 44 28 36 20 28
32 12 36 16 28 44 48 24 20 44
36 40 36 32 28 12 32 40 32 12
40 44 40 32 44 24 44 16 36 48
24 40 36 48 32 12 20 32 20 32
48 16 44 20 20 20 24 16 12 44
48 40 12 36 12 28 24 28 20 32
32 24 32 32 12 32 16 48 28 28
48 32 32 36 24 24 32 40 36 12
32 44 48 24 40 20 36 12 28 48
32 20 48 32 36 32 48 32 44 32
24 24 20 24 40 12 12 24 12 12
20 36 24 32 36 32 36 48 16 32
20 28 16 28 32 24 40 28 44 28
36 40 44 24 28 48 24 44 16 20
48 48 40 32 12 24 20 28 36 44
36 44 48 12 28 16 36 12 36 44
28 32 16 44 32 44 28 20 28 32
36 48 32 16 16 40 16 32 12 28
20 48 32 28 24 44 32 48 44 24
16 40 32 28 16 32 28 16 40 16
40 48 20 12 40 32 44 36 44 16
20 24 44 12 12 32 12 20 32 32
12 16 28 44 12 40 48 36 32 32
24 28 24 12 20 48 24 24 12 16
45 29 45 33 41 21 37 25 17 13
25 13 37 17 45 13 25 49 13 33
21 41 13 13 13 21 17 33 25 37
17 33 13 45 21 49 41 49 45 13
21 33 49 33 17 21 17 21 33 17
49 33 21 17 49 41 33 21 37 33
17 29 49 17 17 37 25 13 49 17
25 41 17 45 41 25 41 49 33 49
21 17 17 33 13 21 13 37 29 21
17 41 33 13 33 49 25 33 13 33
37 45 25 13 17 33 37 25 29 21
49 33 37 45 49 29 41 45 45 13
41 33 25 41 29 13 13 13 41 37
41 37 29 25 33 41 21 21 41 37
41 33 21 25 45 29 29 29 13 49
41 21 33 45 49 37 29 45 21 33
13 21 25 37 13 45 49 37 41 13
21 13 17 25 25 41 21 45 25 33
41 33 17 21 37 21 41 33 29 49
45 29 21 49 21 29 17 29 45 37
45 13 17 17 41 37 29 33 49 29
21 29 13 45 45 49 41 49 29 49
33 49 33 21 49 41 49 45 45 25
17 45 49 41 21 33 13 37 21 25
25 13 37 41 13 17 29 17 13 49
50 22 14 18 30 34 50 30 18 14
26 26 46 30 18 42 34 18 18 38
38 38 50 18 50 42 34 14 46 46
34 46 46 50 50 46 38 38 14 38
42 42 18 38 30 22 22 18 34 50
22 50 26 38 42 46 42 38 26 34
22 26 22 30 50 46 42 14 42 38
34 34 50 50 42 34 34 22 38 26
26 14 42 50 38 18 30 30 50 38
22 22 18 14 22 50 18 42 30 34
34 26 42 38 18 38 18 46 34 26
34 26 30 18 30 34 26 34 50 18
34 42 30 34 38 34 26 34 14 22
34 26 26 38 34 42 42 22 22 38
50 26 14 18 14 42 50 46 38 42
38 22 34 34 42 22 46 34 34 42
38 50 30 38 34 22 34 38 50 22
42 42 34 38 22 50 34 22 26 46
30 30 50 34 46 50 18 46 22 18
30 22 18 30 34 42 22 34 30 14
14 14 34 26 34 38 14 30 18 30
26 34 14 50 46 30 34 34 18 30
14 46 42 30 26 26 34 38 46 42
34 30 22 30 30 46 30 14 22 14
42 50 46 42 30 34 50 38 42 18
51 43 39 15 43 31 35 19 31 35
35 35 35 39 31 19 35 31 15 31
23 27 35 51 43 51 51 35 27 51
23 39 15 51 35 31 23 27 47 47
27 43 19 39 15 23 43 51 23 51
43 27 15 51 31 19 43 15 47 15
47 23 31 27 51 23 51 31 47 27
43 19 27 27 19 27 19 43 51 47
47 47 51 19 31 27 27 39 39 35
35 23 15 19 31 39 35 47 31 35
31 27 43 39 31 43 47 15 51 35
47 27 31 47 39 39 39 43 47 15
31 47 51 15 43 51 15 15 47 31
19 23 19 39 43 23 27 51 23 51
23 47 51 35 27 35 23 27 43 23
27 27 39 39 31 51 39 47 27 35
31 35 31 31 19 15 23 39 23 27
19 15 51 47 47 27 27 19 39 35
35 23 19 35 19 19 39 39 15 15
31 39 47 47 19 35 47 51 39 27
31 51 47 39 23 43 23 23 23 27
51 35 27 35 43 43 43 27 15 51
43 39 27 35 47 43 15 47 23 19
43 15 15 51 43 47 31 35 47 15
27 35 15 19 15 51 51 15 19 35
