0 0 0 0 0 0 0 0 0 0
0 0 0 0 0 0 0 0 0 0
0 0 0 0 0 0 0 0 0 0
0 0 0 0 0 0 0 0 0 0
0 0 0 0 0 0 0 0 0 0
0 0 0 0 0 0 0 0 0 0
0 0 0 0 0 0 0 0 0 0
0 0 0 0 0 0 0 0 0 0
0 0 0 0 0 0 0 0 0 0
0 0 0 0 0 0 0 0 0 0
0 0 0 0 0 0 0 0 0 0
0 0 0 0 0 0 0 0 0 0
0 0 0 0 0 0 0 0 0 0
0 0 0 0 0 0 0 0 0 0
0 0 0 0 0 0 0 0 0 0
0 0 0 0 0 0 0 0 0 0
0 0 0 0 0 0 0 0 0 0
0 0 0 0 0 0 0 0 0 0
0 0 0 0 0 0 0 0 0 0
0 0 0 0 0 0 0 0 0 0
0 0 0 0 0 0 0 0 0 0
0 0 0 0 0 0 0 0 0 0
0 0 0 0 0 0 0 0 0 0
0 0 0 0 0 0 0 0 0 0
0 0 0 0 0 0 0 0 0 0
1 1 1 1 1 1 1 1 1 1
1 1 1 1 1 1 1 1 1 1
1 1 1 1 1 1 1 1 1 1
1 1 1 1 1 1 1 1 1 1
1 1 1 1 1 1 1 1 1 1
1 1 1 1 1 1 1 1 1 1
1 1 1 1 1 1 1 1 1 1
1 1 1 1 1 1 1 1 1 1
1 1 1 1 1 1 1 1 1 1
1 1 1 1 1 1 1 1 1 1
1 1 1 1 1 1 1 1 1 1
1 1 1 1 1 1 1 1 1 1
1 1 1 1 1 1 1 1 1 1
1 1 1 1 1 1 1 1 1 1
1 1 1 1 1 1 1 1 1 1
1 1 1 1 1 1 1 1 1 1
1 1 1 1 1 1 1 1 1 1
1 1 1 1 1 1 1 1 1 1
1 1 1 1 1 1 1 1 1 1
1 1 1 1 1 1 1 1 1 1
1 1 1 1 1 1 1 1 1 1
1 1 1 1 1 1 1 1 1 1
1 1 1 1 1 1 1 1 1 1
1 1 1 1 1 1 1 1 1 1
1 1 1 1 1 1 1 1 1 1
2 2 2 2 2 2 2 2 2 2
2 2 2 2 2 2 2 2 2 2
2 2 2 2 2 2 2 2 2 2
2 2 2 2 2 2 2 2 2 2
2 2 2 2 2 2 2 2 2 2
2 2 2 2 2 2 2 2 2 2
2 2 2 2 2 2 2 2 2 2
2 2 2 2 2 2 2 2 2 2
2 2 2 2 2 2 2 2 2 2
2 2 2 2 2 2 2 2 2 2
2 2 2 2 2 2 2 2 2 2
2 2 2 2 2 2 2 2 2 2
2 2 2 2 2 2 2 2 2 2
2 2 2 2 2 2 2 2 2 2
2 2 2 2 2 2 2 2 2 2
2 2 2 2 2 2 2 2 2 2
2 2 2 2 2 2 2 2 2 2
2 2 2 2 2 2 2 2 2 2
2 2 2 2 2 2 2 2 2 2
2 2 2 2 2 2 2 2 2 2
2 2 2 2 2 2 2 2 2 2
2 2 2 2 2 2 2 2 2 2
2 2 2 2 2 2 2 2 2 2
2 2 2 2 2 2 2 2 2 2
2 2 2 2 2 2 2 2 2 2
3 3 3 3 3 3 3 3 3 3
3 3 3 3 3 3 3 3 3 3
3 3 3 3 3 3 3 3 3 3
3 3 3 3 3 3 3 3 3 3
3 3 3 3 3 3 3 3 3 3
3 3 3 3 3 3 3 3 3 3
3 3 3 3 3 3 3 3 3 3
3 3 3 3 3 3 3 3 3 3
3 3 3 3 3 3 3 3 3 3
3 3 3 3 3 3 3 3 3 3
3 3 3 3 3 3 3 3 3 3
3 3 3 3 3 3 3 3 3 3
3 3 3 3 3 3 3 3 3 3
3 3 3 3 3 3 3 3 3 3
3 3 3 3 3 3 3 3 3 3
3 3 3 3 3 3 3 3 3 3
3 3 3 3 3 3 3 3 3 3
3 3 3 3 3 3 3 3 3 3
3 3 3 3 3 3 3 3 3 3
3 3 3 3 3 3 3 3 3 3
3 3 3 3 3 3 3 3 3 3
3 3 3 3 3 3 3 3 3 3
3 3 3 3 3 3 3 3 3 3
3 3 3 3 3 3 3 3 3 3
3 3 3 3 3 3 3 3 3 3
28 44 16 36 40 40 20 12 20 32
48 16 20 24 16 48 28 20 32 32
16 12 48 40 20 12 28 24 28 44
12 40 24 12 44 36 32 20 40 28
20 16 32 44 28 36 40 36 16 12
20 16 44 12 36 20 44 12 40 44
40 16 48 40 36 40 20 28 20 12
32 16 16 32 20 32 40 20 40 20
20 48 20 40 28 16 32 20 20 24
40 40 24 20 40 24 48 32 20 28
32 40 16 20 28 24 24 44 12 24
12 28 36 48 44 44 20 16 32 44
32 12 16 40 48 28 20 16 44 24
36 24 24 44 40 48 32 40 48 36
24 12 16 44 36 48 24 48 28 48
40 28 48 32 24 16 20 40 44 40
36 40 40 32 28 28 20 16 48 24
32 28 40 24 20 44 48 32 24 40
24 24 40 20 40 32 32 24 24 32
24 16 32 36 44 12 40 48 24 36
44 20 16 36 24 28 12 48 40 24
36 48 44 32 44 16 20 20 48 16
28 40 40 16 32 32 16 16 20 44
28 48 12 20 40 48 44 28 44 36
12 12 20 28 24 32 16 12 24 32
37 37 21 17 29 41 41 29 33 37
37 21 41 21 13 13 17 37 25 13
17 33 29 21 29 17 17 41 37 21
29 49 45 37 13 21 21 41 49 41
45 13 17 45 49 25 33 45 21 25
49 37 17 29 41 25 25 37 25 33
13 17 13 13 25 41 33 37 37 45
29 33 33 17 33 41 17 33 49 21
41 33 25 45 29 41 41 17 37 33
49 33 49 29 41 29 45 49 21 37
33 37 29 37 17 37 41 17 41 37
13 13 41 13 21 45 37 37 25 29
21 17 33 45 37 21 21 49 49 21
13 13 49 25 45 45 25 45 49 13
41 49 17 37 33 41 45 17 21 49
41 17 37 49 21 21 49 49 41 21
29 29 17 33 45 41 17 41 37 25
37 33 17 13 13 33 49 37 17 37
25 41 45 33 13 17 13 37 49 37
25 41 25 37 41 29 41 29 25 45
17 29 17 13 13 13 25 41 49 29
17 29 49 25 29 37 37 41 21 37
45 33 41 29 21 45 29 33 45 13
33 49 25 33 13 21 37 17 45 13
49 25 25 41 45 41 41 21 37 29
38 38 38 30 22 30 34 42 50 34
30 34 42 34 26 34 46 46 26 42
34 14 34 38 50 50 18 34 26 26
34 38 42 42 34 38 38 22 50 42
42 42 26 26 30 42 22 34 46 38
46 42 18 38 42 46 26 18 50 22
46 22 50 14 46 22 30 26 26 46
46 34 42 26 30 30 26 34 46 42
30 38 30 14 38 34 38 50 22 18
22 42 22 42 26 14 42 22 46 14
34 46 34 42 26 14 18 30 18 14
26 22 42 50 22 26 34 30 46 46
50 30 30 34 26 34 22 14 18 30
50 38 42 14 26 18 46 18 18 14
38 22 50 46 34 22 34 50 22 50
42 38 18 38 50 22 46 30 26 30
38 18 34 34 14 38 30 38 50 22
26 34 42 22 30 22 14 26 26 26
18 30 22 50 30 38 42 26 22 34
26 14 26 22 38 34 18 30 30 26
46 46 18 14 30 30 18 50 22 50
22 30 34 38 22 38 46 30 42 26
26 26 50 42 22 18 18 22 30 26
18 38 50 18 42 30 18 46 18 30
42 46 42 34 14 34 34 26 50 38
51 19 51 47 31 47 47 15 35 39
51 31 19 35 39 31 19 35 43 51
27 23 23 23 27 39 15 23 15 51
15 31 51 43 39 51 51 31 51 47
15 19 27 47 15 51 47 51 39 23
43 15 19 23 23 15 35 23 35 47
31 51 15 47 19 19 47 15 39 47
23 39 43 35 23 39 39 19 15 39
19 27 15 31 51 43 23 19 39 43
15 23 23 51 35 27 19 15 15 19
19 27 19 43 39 43 43 23 43 47
51 27 15 23 15 51 19 51 51 15
27 35 31 51 51 47 51 51 39 35
35 31 39 43 31 31 51 43 31 19
51 35 15 43 15 35 35 15 39 31
47 47 19 51 51 47 19 23 47 35
47 35 19 35 31 35 35 35 35 43
51 43 19 47 47 47 23 43 15 51
51 47 39 23 27 39 19 15 47 23
43 35 47 51 23 35 23 39 31 43
43 27 27 31 43 31 23 19 15 19
35 15 15 51 15 15 31 51 35 27
35 47 51 27 31 43 43 35 47 43
19 39 39 43 23 31 15 43 15 15
39 51 15 15 27 47 19 39 19 19
