0 0 0 0 0 0 0 0 0 0
0 0 0 0 0 0 0 0 0 0
0 0 0 0 0 1 1 1 1 1
1 1 1 1 1 1 1 1 1 1
1 1 1 1 1 1 1 1 1 1
2 2 2 2 2 2 2 2 2 2
2 2 2 2 2 2 2 2 2 2
2 2 2 2 2 3 3 3 3 3
3 3 3 3 3 3 3 3 3 3
3 3 3 3 3 3 3 3 3 3
16 40 16 12 20 48 48 20 36 40
44 48 36 20 32 44 44 28 28 44
44 12 12 32 40 29 41 33 49 21
41 25 29 25 21 29 49 29 41 37
29 45 13 21 49 25 41 49 41 25
14 50 30 18 22 34 46 22 50 22
46 30 14 46 26 34 14 38 22 30
42 46 18 42 18 31 27 15 15 43
51 43 47 43 51 27 35 39 15 43
51 51 51 27 27 51 19 43 31 47
