0 0 0 0 0 0 0 0 0 0 0 0 0 0 0 0
0 0 0 0 0 0 0 0 0 0 0 0 0 0 0 0
0 0 0 0 0 0 0 0 0 0 0 0 0 0 0 0
0 0 0 0 0 0 0 0 0 0 0 0 0 0 0 0
1 1 1 1 1 1 1 1 1 1 1 1 1 1 1 1
1 1 1 1 1 1 1 1 1 1 1 1 1 1 1 1
1 1 1 1 1 1 1 1 1 1 1 1 1 1 1 1
1 1 1 1 1 1 1 1 1 1 1 1 1 1 1 1
2 2 2 2 2 2 2 2 2 2 2 2 2 2 2 2
2 2 2 2 2 2 2 2 2 2 2 2 2 2 2 2
2 2 2 2 2 2 2 2 2 2 2 2 2 2 2 2
2 2 2 2 2 2 2 2 2 2 2 2 2 2 2 2
3 3 3 3 3 3 3 3 3 3 3 3 3 3 3 3
3 3 3 3 3 3 3 3 3 3 3 3 3 3 3 3
3 3 3 3 3 3 3 3 3 3 3 3 3 3 3 3
3 3 3 3 3 3 3 3 3 3 3 3 3 3 3 3
24 36 48 16 40 44 32 40 32 28 20 44 36 48 40 44
32 12 28 12 28 48 16 12 16 48 48 28 32 28 32 12
16 28 12 16 28 28 12 28 24 48 12 24 40 40 28 32
28 20 32 28 20 12 32 44 44 24 36 28 24 32 24 40
25 17 45 13 13 13 45 41 17 41 17 25 41 17 13 49
25 37 41 17 17 33 13 45 45 25 49 25 29 33 29 29
25 13 33 49 17 37 17 45 13 41 33 21 41 37 13 13
49 17 49 29 21 17 13 41 41 25 21 33 21 17 25 33
30 46 42 26 34 46 50 26 26 18 18 42 38 46 30 34
22 30 46 50 22 46 34 38 22 22 18 46 34 46 38 50
34 34 26 18 50 18 22 18 30 46 26 14 38 14 46 26
38 26 14 50 42 38 22 50 42 30 22 22 46 26 42 38
15 31 43 51 51 23 23 43 15 35 31 47 27 19 51 15
15 43 27 39 27 47 15 35 51 47 31 43 23 51 35 39
23 15 51 27 43 19 35 47 23 15 39 23 15 23 39 23
43 27 47 51 51 27 39 23 43 39 31 19 47 27 27 27
