0 0 0 0 0 0 0 0 0 0
0 0 0 0 0 0 0 0 0 0
0 0 0 0 0 1 1 1 1 1
1 1 1 1 1 1 1 1 1 1
1 1 1 1 1 1 1 1 1 1
2 2 2 2 2 2 2 2 2 2
2 2 2 2 2 2 2 2 2 2
2 2 2 2 2 3 3 3 3 3
3 3 3 3 3 3 3 3 3 3
3 3 3 3 3 3 3 3 3 3
20 36 12 32 12 20 48 36 48 40
44 28 16 28 12 16 20 16 16 24
28 20 16 48 36 45 37 41 33 25
29 45 37 33 21 25 41 41 33 21
33 33 33 37 45 29 41 17 49 45
50 34 22 46 26 46 38 22 30 34
46 18 22 38 26 30 14 50 18 34
22 30 50 22 30 51 15 27 19 27
35 31 15 31 35 35 15 43 47 39
47 35 39 31 51 47 39 47 51 39
