0 0 0 0 0 0 0 0 0 0
0 0 0 0 0 0 0 0 0 0
0 0 0 0 0 0 0 0 0 0
0 0 0 0 0 0 0 0 0 0
0 0 0 0 0 0 0 0 0 0
0 0 0 0 0 0 0 0 0 0
0 0 0 0 0 0 0 0 0 0
0 0 0 0 0 0 0 0 0 0
0 0 0 0 0 0 0 0 0 0
0 0 0 0 0 0 0 0 0 0
0 0 0 0 0 0 0 0 0 0
0 0 0 0 0 0 0 0 0 0
0 0 0 0 0 0 0 0 0 0
0 0 0 0 0 0 0 0 0 0
0 0 0 0 0 0 0 0 0 0
0 0 0 0 0 0 0 0 0 0
0 0 0 0 0 0 0 0 0 0
0 0 0 0 0 0 0 0 0 0
0 0 0 0 0 0 0 0 0 0
0 0 0 0 0 0 0 0 0 0
0 0 0 0 0 0 0 0 0 0
0 0 0 0 0 0 0 0 0 0
0 0 0 0 0 0 0 0 0 0
0 0 0 0 0 0 0 0 0 0
0 0 0 0 0 0 0 0 0 0
1 1 1 1 1 1 1 1 1 1
1 1 1 1 1 1 1 1 1 1
1 1 1 1 1 1 1 1 1 1
1 1 1 1 1 1 1 1 1 1
1 1 1 1 1 1 1 1 1 1
1 1 1 1 1 1 1 1 1 1
1 1 1 1 1 1 1 1 1 1
1 1 1 1 1 1 1 1 1 1
1 1 1 1 1 1 1 1 1 1
1 1 1 1 1 1 1 1 1 1
1 1 1 1 1 1 1 1 1 1
1 1 1 1 1 1 1 1 1 1
1 1 1 1 1 1 1 1 1 1
1 1 1 1 1 1 1 1 1 1
1 1 1 1 1 1 1 1 1 1
1 1 1 1 1 1 1 1 1 1
1 1 1 1 1 1 1 1 1 1
1 1 1 1 1 1 1 1 1 1
1 1 1 1 1 1 1 1 1 1
1 1 1 1 1 1 1 1 1 1
1 1 1 1 1 1 1 1 1 1
1 1 1 1 1 1 1 1 1 1
1 1 1 1 1 1 1 1 1 1
1 1 1 1 1 1 1 1 1 1
1 1 1 1 1 1 1 1 1 1
2 2 2 2 2 2 2 2 2 2
2 2 2 2 2 2 2 2 2 2
2 2 2 2 2 2 2 2 2 2
2 2 2 2 2 2 2 2 2 2
2 2 2 2 2 2 2 2 2 2
2 2 2 2 2 2 2 2 2 2
2 2 2 2 2 2 2 2 2 2
2 2 2 2 2 2 2 2 2 2
2 2 2 2 2 2 2 2 2 2
2 2 2 2 2 2 2 2 2 2
2 2 2 2 2 2 2 2 2 2
2 2 2 2 2 2 2 2 2 2
2 2 2 2 2 2 2 2 2 2
2 2 2 2 2 2 2 2 2 2
2 2 2 2 2 2 2 2 2 2
2 2 2 2 2 2 2 2 2 2
2 2 2 2 2 2 2 2 2 2
2 2 2 2 2 2 2 2 2 2
2 2 2 2 2 2 2 2 2 2
2 2 2 2 2 2 2 2 2 2
2 2 2 2 2 2 2 2 2 2
2 2 2 2 2 2 2 2 2 2
2 2 2 2 2 2 2 2 2 2
2 2 2 2 2 2 2 2 2 2
2 2 2 2 2 2 2 2 2 2
3 3 3 3 3 3 3 3 3 3
3 3 3 3 3 3 3 3 3 3
3 3 3 3 3 3 3 3 3 3
3 3 3 3 3 3 3 3 3 3
3 3 3 3 3 3 3 3 3 3
3 3 3 3 3 3 3 3 3 3
3 3 3 3 3 3 3 3 3 3
3 3 3 3 3 3 3 3 3 3
3 3 3 3 3 3 3 3 3 3
3 3 3 3 3 3 3 3 3 3
3 3 3 3 3 3 3 3 3 3
3 3 3 3 3 3 3 3 3 3
3 3 3 3 3 3 3 3 3 3
3 3 3 3 3 3 3 3 3 3
3 3 3 3 3 3 3 3 3 3
3 3 3 3 3 3 3 3 3 3
3 3 3 3 3 3 3 3 3 3
3 3 3 3 3 3 3 3 3 3
3 3 3 3 3 3 3 3 3 3
3 3 3 3 3 3 3 3 3 3
3 3 3 3 3 3 3 3 3 3
3 3 3 3 3 3 3 3 3 3
3 3 3 3 3 3 3 3 3 3
3 3 3 3 3 3 3 3 3 3
3 3 3 3 3 3 3 3 3 3
20 12 48 32 44 32 28 28 12 32
28 12 36 20 16 16 20 40 12 12
48 32 28 16 24 36 28 20 24 12
24 36 24 20 40 20 40 20 28 20
20 24 16 36 44 48 40 48 12 16
36 40 44 24 28 12 40 44 32 40
16 12 20 16 12 44 48 40 16 20
12 28 20 44 12 36 32 40 32 28
32 40 36 28 16 28 32 16 32 48
12 24 28 48 32 40 32 36 24 20
16 48 48 48 24 36 20 24 28 44
36 20 48 12 16 12 36 32 32 44
36 12 28 36 36 40 40 24 20 24
40 48 48 24 48 36 44 36 36 24
28 32 20 40 44 44 40 24 12 44
24 16 36 20 28 32 32 48 44 36
20 24 12 48 24 16 24 40 16 12
24 16 12 48 12 24 28 36 16 28
24 20 12 20 36 36 24 20 20 48
40 36 48 40 36 48 36 32 36 44
44 12 32 16 32 36 48 12 20 16
36 28 48 12 32 48 12 48 16 24
24 36 32 24 24 32 24 20 40 16
28 24 12 32 24 16 20 40 44 32
32 16 16 24 12 36 48 12 40 16
37 37 49 25 21 13 37 49 33 45
21 25 45 13 17 13 49 45 33 29
13 45 45 13 49 17 33 25 49 25
13 13 37 49 29 17 25 17 41 17
29 41 13 25 45 21 25 21 25 29
49 17 37 17 29 17 17 37 25 41
45 33 49 45 45 29 13 17 41 13
33 25 21 41 29 25 49 29 45 37
37 25 29 25 25 21 49 13 45 13
49 33 37 33 49 49 25 29 25 41
49 33 41 45 13 17 21 13 13 37
17 21 45 37 13 49 41 45 25 49
49 17 45 33 21 13 41 37 21 13
17 21 33 29 45 29 21 21 37 13
21 49 29 49 41 25 33 33 33 25
25 25 21 29 41 25 21 29 41 37
21 37 25 29 41 45 49 21 29 41
17 21 25 45 21 45 41 25 45 17
37 21 13 17 25 37 17 45 21 37
49 33 29 29 17 29 13 49 37 37
37 45 29 21 33 37 41 17 41 33
13 25 25 37 45 13 45 41 21 33
25 49 17 25 25 49 45 29 21 49
45 37 29 33 13 49 45 17 25 41
49 45 25 25 21 29 29 25 17 25
26 26 14 30 46 46 26 18 22 46
14 50 30 18 14 46 18 38 14 30
42 14 42 34 50 50 18 30 38 14
38 30 38 14 18 46 26 42 14 38
34 14 26 50 50 38 26 26 46 42
46 18 46 22 38 42 46 50 50 38
18 18 50 38 42 22 22 34 34 22
22 50 34 46 18 38 26 22 50 38
42 26 50 22 46 50 38 18 34 22
50 30 22 50 18 34 18 30 26 46
34 30 34 18 42 42 38 30 18 26
14 22 26 18 38 14 26 18 50 46
42 14 22 22 46 46 26 46 50 26
38 38 38 46 22 14 26 14 26 42
34 42 22 42 14 46 42 38 30 18
50 18 26 30 42 38 22 18 34 38
46 46 38 38 50 46 34 26 22 18
42 42 22 50 14 46 26 22 42 34
34 50 34 34 50 46 50 22 46 14
34 34 50 38 30 50 14 34 30 42
14 30 18 42 26 30 46 50 14 42
38 38 18 26 22 38 22 26 34 18
34 46 26 38 42 18 46 34 34 46
22 26 30 38 38 42 30 30 30 50
30 30 14 34 46 50 22 22 14 30
39 27 15 35 35 23 15 15 31 15
15 35 15 47 23 43 51 43 35 39
39 47 35 23 23 27 19 43 35 19
39 51 47 15 47 51 31 39 23 31
51 19 47 31 15 23 23 23 43 15
15 15 35 19 35 51 15 43 15 23
39 15 39 15 39 15 51 47 51 35
43 39 47 35 19 51 39 35 27 19
23 19 51 39 35 31 27 43 27 39
39 27 51 43 19 43 27 23 43 47
31 23 23 39 47 31 35 31 15 43
35 47 31 43 43 47 43 51 47 19
27 47 51 15 19 39 15 51 39 27
35 19 47 39 43 15 43 31 51 51
51 51 39 23 23 43 51 15 47 31
35 47 31 35 27 15 31 31 23 15
39 19 27 31 35 35 47 51 23 19
51 27 39 27 43 19 39 35 43 35
35 51 43 27 27 43 39 27 31 19
35 51 15 39 27 19 23 23 27 23
47 47 27 47 39 15 19 15 35 35
15 35 35 47 31 27 19 39 43 47
43 51 51 39 35 35 27 47 51 31
51 19 51 19 51 39 43 35 51 39
35 43 15 23 27 27 27 27 51 35
