0 0 0 0 0 0 0 0 0 0 0 0 0 0 0 0
0 0 0 0 0 0 0 0 0 0 0 0 0 0 0 0
0 0 0 0 0 0 0 0 0 0 0 0 0 0 0 0
0 0 0 0 0 0 0 0 0 0 0 0 0 0 0 0
1 1 1 1 1 1 1 1 1 1 1 1 1 1 1 1
1 1 1 1 1 1 1 1 1 1 1 1 1 1 1 1
1 1 1 1 1 1 1 1 1 1 1 1 1 1 1 1
1 1 1 1 1 1 1 1 1 1 1 1 1 1 1 1
2 2 2 2 2 2 2 2 2 2 2 2 2 2 2 2
2 2 2 2 2 2 2 2 2 2 2 2 2 2 2 2
2 2 2 2 2 2 2 2 2 2 2 2 2 2 2 2
2 2 2 2 2 2 2 2 2 2 2 2 2 2 2 2
3 3 3 3 3 3 3 3 3 3 3 3 3 3 3 3
3 3 3 3 3 3 3 3 3 3 3 3 3 3 3 3
3 3 3 3 3 3 3 3 3 3 3 3 3 3 3 3
3 3 3 3 3 3 3 3 3 3 3 3 3 3 3 3
24 48 44 44 44 32 36 16 44 36 12 24 20 24 32 20
44 20 28 12 28 48 36 44 44 32 20 28 20 48 40 44
48 36 20 20 40 12 16 12 28 16 32 44 28 12 20 12
28 12 12 32 16 36 32 48 16 40 16 28 20 48 20 32
13 41 21 37 45 21 13 45 45 37 41 41 45 45 37 17
25 37 29 41 21 17 41 45 21 37 13 33 41 37 29 45
33 17 25 25 25 17 45 29 49 25 21 29 25 37 45 49
37 37 45 17 49 25 41 49 37 13 45 49 13 49 17 49
46 42 34 50 34 22 26 50 18 30 26 34 34 50 14 50
14 38 18 18 50 30 50 22 18 26 50 30 14 34 14 46
46 18 46 46 26 18 34 46 38 30 18 46 38 34 30 30
14 26 38 50 18 42 18 50 50 22 42 38 34 30 14 18
35 19 27 23 43 23 51 19 27 39 31 23 51 51 15 39
15 35 15 47 31 47 15 43 51 47 15 15 23 51 27 47
51 39 51 43 47 15 43 19 31 47 31 35 27 35 19 19
35 47 23 43 47 27 23 23 47 19 15 39 31 47 31 15
