0 0 0 0 0 0 0 0 0 0
0 0 0 0 0 0 0 0 0 0
0 0 0 0 0 0 0 0 0 0
0 0 0 0 0 0 0 0 0 0
0 0 0 0 0 0 0 0 0 0
0 0 0 0 0 0 0 0 0 0
0 0 0 0 0 0 0 0 0 0
0 0 0 0 0 0 0 0 0 0
0 0 0 0 0 0 0 0 0 0
0 0 0 0 0 0 0 0 0 0
0 0 0 0 0 0 0 0 0 0
0 0 0 0 0 0 0 0 0 0
0 0 0 0 0 0 0 0 0 0
0 0 0 0 0 0 0 0 0 0
0 0 0 0 0 0 0 0 0 0
0 0 0 0 0 0 0 0 0 0
0 0 0 0 0 0 0 0 0 0
0 0 0 0 0 0 0 0 0 0
0 0 0 0 0 0 0 0 0 0
0 0 0 0 0 0 0 0 0 0
0 0 0 0 0 0 0 0 0 0
0 0 0 0 0 0 0 0 0 0
0 0 0 0 0 0 0 0 0 0
0 0 0 0 0 0 0 0 0 0
0 0 0 0 0 0 0 0 0 0
1 1 1 1 1 1 1 1 1 1
1 1 1 1 1 1 1 1 1 1
1 1 1 1 1 1 1 1 1 1
1 1 1 1 1 1 1 1 1 1
1 1 1 1 1 1 1 1 1 1
1 1 1 1 1 1 1 1 1 1
1 1 1 1 1 1 1 1 1 1
1 1 1 1 1 1 1 1 1 1
1 1 1 1 1 1 1 1 1 1
1 1 1 1 1 1 1 1 1 1
1 1 1 1 1 1 1 1 1 1
1 1 1 1 1 1 1 1 1 1
1 1 1 1 1 1 1 1 1 1
1 1 1 1 1 1 1 1 1 1
1 1 1 1 1 1 1 1 1 1
1 1 1 1 1 1 1 1 1 1
1 1 1 1 1 1 1 1 1 1
1 1 1 1 1 1 1 1 1 1
1 1 1 1 1 1 1 1 1 1
1 1 1 1 1 1 1 1 1 1
1 1 1 1 1 1 1 1 1 1
1 1 1 1 1 1 1 1 1 1
1 1 1 1 1 1 1 1 1 1
1 1 1 1 1 1 1 1 1 1
1 1 1 1 1 1 1 1 1 1
2 2 2 2 2 2 2 2 2 2
2 2 2 2 2 2 2 2 2 2
2 2 2 2 2 2 2 2 2 2
2 2 2 2 2 2 2 2 2 2
2 2 2 2 2 2 2 2 2 2
2 2 2 2 2 2 2 2 2 2
2 2 2 2 2 2 2 2 2 2
2 2 2 2 2 2 2 2 2 2
2 2 2 2 2 2 2 2 2 2
2 2 2 2 2 2 2 2 2 2
2 2 2 2 2 2 2 2 2 2
2 2 2 2 2 2 2 2 2 2
2 2 2 2 2 2 2 2 2 2
2 2 2 2 2 2 2 2 2 2
2 2 2 2 2 2 2 2 2 2
2 2 2 2 2 2 2 2 2 2
2 2 2 2 2 2 2 2 2 2
2 2 2 2 2 2 2 2 2 2
2 2 2 2 2 2 2 2 2 2
2 2 2 2 2 2 2 2 2 2
2 2 2 2 2 2 2 2 2 2
2 2 2 2 2 2 2 2 2 2
2 2 2 2 2 2 2 2 2 2
2 2 2 2 2 2 2 2 2 2
2 2 2 2 2 2 2 2 2 2
3 3 3 3 3 3 3 3 3 3
3 3 3 3 3 3 3 3 3 3
3 3 3 3 3 3 3 3 3 3
3 3 3 3 3 3 3 3 3 3
3 3 3 3 3 3 3 3 3 3
3 3 3 3 3 3 3 3 3 3
3 3 3 3 3 3 3 3 3 3
3 3 3 3 3 3 3 3 3 3
3 3 3 3 3 3 3 3 3 3
3 3 3 3 3 3 3 3 3 3
3 3 3 3 3 3 3 3 3 3
3 3 3 3 3 3 3 3 3 3
3 3 3 3 3 3 3 3 3 3
3 3 3 3 3 3 3 3 3 3
3 3 3 3 3 3 3 3 3 3
3 3 3 3 3 3 3 3 3 3
3 3 3 3 3 3 3 3 3 3
3 3 3 3 3 3 3 3 3 3
3 3 3 3 3 3 3 3 3 3
3 3 3 3 3 3 3 3 3 3
3 3 3 3 3 3 3 3 3 3
3 3 3 3 3 3 3 3 3 3
3 3 3 3 3 3 3 3 3 3
3 3 3 3 3 3 3 3 3 3
3 3 3 3 3 3 3 3 3 3
32 28 16 28 40 24 20 24 36 44
20 36 12 20 32 48 16 12 44 44
12 36 40 28 44 32 48 16 40 32
40 28 24 24 16 12 32 48 28 48
20 24 48 40 48 20 20 16 36 48
12 48 28 12 32 12 24 48 28 48
40 32 12 48 28 32 20 48 36 12
28 12 20 32 20 24 36 24 28 44
40 32 12 48 20 12 20 24 44 36
36 28 24 28 12 20 28 12 12 36
48 44 12 20 36 40 16 20 28 28
44 20 40 12 28 24 16 16 20 12
24 40 28 32 48 20 20 44 12 48
24 48 28 36 20 28 16 16 16 12
44 16 12 16 12 20 40 36 20 44
48 36 36 12 28 40 24 16 12 20
12 12 40 20 40 40 16 24 36 36
24 12 28 16 16 12 24 32 12 28
48 20 40 16 40 24 32 48 40 16
44 28 44 48 36 12 12 40 28 28
12 40 24 36 20 40 44 28 36 12
32 28 32 24 16 48 40 36 32 20
28 44 20 44 48 28 12 40 12 48
28 32 28 28 24 40 24 40 40 36
16 32 48 12 24 40 44 48 40 44
37 29 25 49 37 45 29 13 17 33
49 37 21 37 29 25 37 33 45 25
41 45 33 29 41 17 29 25 29 25
41 45 29 41 29 49 45 33 33 41
41 21 37 45 13 29 33 17 29 45
25 33 41 13 49 49 37 41 49 25
41 21 41 17 13 17 21 17 33 29
41 13 41 45 49 13 41 29 17 29
21 45 41 17 25 17 41 17 49 17
45 21 21 21 21 45 13 37 49 33
21 33 25 13 13 13 29 13 37 41
33 17 29 13 17 37 13 25 13 21
41 49 45 49 49 37 29 45 37 17
49 49 25 21 37 13 17 13 45 17
29 29 33 13 25 29 37 17 41 37
13 17 21 17 29 29 33 29 13 29
45 45 33 45 41 33 33 17 13 41
45 33 17 29 33 17 13 49 45 33
49 37 13 37 17 45 37 37 13 13
33 41 41 25 25 45 17 13 17 49
25 17 29 25 13 41 37 13 25 13
49 17 49 45 13 21 37 45 13 13
29 33 37 37 37 33 33 29 49 17
49 17 33 21 37 13 33 29 37 17
33 29 13 37 29 25 33 49 49 17
38 42 18 14 18 42 42 22 38 46
18 50 26 50 42 34 50 30 34 30
46 18 46 14 22 14 50 30 34 46
50 46 46 38 42 42 26 18 42 46
30 42 50 50 34 42 38 50 22 46
50 26 14 42 14 50 26 38 46 18
14 26 30 30 34 18 30 50 30 22
38 50 30 42 42 14 38 34 50 14
42 18 34 18 30 38 26 22 22 18
18 18 42 26 14 42 18 46 50 22
34 14 14 30 50 30 14 34 22 50
50 50 30 18 50 22 30 14 34 26
18 38 30 38 14 50 18 50 26 38
14 22 26 42 22 22 22 42 30 42
38 50 14 26 34 46 26 30 26 14
14 26 26 26 14 46 42 26 22 42
42 46 22 50 42 14 38 38 50 46
38 42 26 18 46 14 50 42 34 50
50 14 50 22 46 38 34 34 30 14
26 18 42 38 22 34 34 18 46 26
42 46 42 38 38 14 50 42 38 18
46 38 14 38 42 26 30 42 22 38
46 30 38 30 18 38 34 42 18 14
42 26 30 14 22 18 42 34 22 46
34 42 30 46 46 50 14 18 46 22
39 43 43 15 15 39 35 43 27 19
27 23 35 31 39 35 51 51 19 43
27 19 51 15 47 47 39 39 31 27
27 15 31 19 47 35 19 47 39 51
39 51 39 19 39 35 39 39 27 15
23 27 47 51 15 15 39 51 43 19
35 35 19 19 27 51 43 51 27 35
35 23 39 31 39 43 39 19 43 39
39 39 31 23 39 35 35 47 15 19
43 31 47 27 47 27 19 23 51 39
35 31 47 15 35 39 15 35 47 31
23 39 23 39 23 23 23 39 47 27
31 31 47 47 43 31 27 35 39 31
43 47 19 51 27 31 35 39 47 51
15 19 51 47 27 51 47 39 43 27
15 27 39 19 19 39 43 15 39 35
19 19 27 27 27 39 31 51 35 15
23 43 39 35 51 23 51 23 39 47
43 43 39 23 27 39 43 51 47 43
19 43 51 15 35 35 23 31 15 23
43 35 23 31 39 27 51 23 43 39
43 19 23 23 15 23 23 35 15 27
51 35 51 27 35 43 23 19 43 23
39 27 51 15 15 51 43 43 43 23
43 51 43 35 31 35 35 39 27 47
