0 0 0 0 0 0 0 0 0 0
0 0 0 0 0 0 0 0 0 0
0 0 0 0 0 1 1 1 1 1
1 1 1 1 1 1 1 1 1 1
1 1 1 1 1 1 1 1 1 1
2 2 2 2 2 2 2 2 2 2
2 2 2 2 2 2 2 2 2 2
2 2 2 2 2 3 3 3 3 3
3 3 3 3 3 3 3 3 3 3
3 3 3 3 3 3 3 3 3 3
28 44 36 36 36 48 36 24 44 24
44 12 40 24 12 48 40 20 16 24
44 24 48 32 32 41 25 25 45 17
49 13 21 17 49 29 17 17 41 21
25 33 41 13 17 45 29 49 17 13
30 46 26 22 42 38 38 22 42 30
38 46 22 22 50 46 18 38 30 30
26 30 18 30 38 47 47 19 23 39
15 39 39 39 39 19 35 51 51 31
19 39 35 31 35 51 31 39 23 15
