0 0 0 0 0 0 0 0 0 0 0 0 0 0 0 0
0 0 0 0 0 0 0 0 0 0 0 0 0 0 0 0
0 0 0 0 0 0 0 0 0 0 0 0 0 0 0 0
0 0 0 0 0 0 0 0 0 0 0 0 0 0 0 0
1 1 1 1 1 1 1 1 1 1 1 1 1 1 1 1
1 1 1 1 1 1 1 1 1 1 1 1 1 1 1 1
1 1 1 1 1 1 1 1 1 1 1 1 1 1 1 1
1 1 1 1 1 1 1 1 1 1 1 1 1 1 1 1
2 2 2 2 2 2 2 2 2 2 2 2 2 2 2 2
2 2 2 2 2 2 2 2 2 2 2 2 2 2 2 2
2 2 2 2 2 2 2 2 2 2 2 2 2 2 2 2
2 2 2 2 2 2 2 2 2 2 2 2 2 2 2 2
3 3 3 3 3 3 3 3 3 3 3 3 3 3 3 3
3 3 3 3 3 3 3 3 3 3 3 3 3 3 3 3
3 3 3 3 3 3 3 3 3 3 3 3 3 3 3 3
3 3 3 3 3 3 3 3 3 3 3 3 3 3 3 3
36 20 32 24 40 44 12 20 28 40 24 24 12 16 48 24
36 36 36 24 40 44 16 24 48 16 16 40 32 28 24 12
40 44 12 16 44 40 28 28 40 48 32 24 28 32 36 32
20 44 28 48 20 24 20 24 40 28 36 40 24 32 32 12
33 41 45 13 29 37 17 21 13 45 41 49 41 33 29 13
49 41 33 21 33 29 41 29 49 17 13 37 25 29 17 37
49 21 37 25 17 29 45 21 21 41 37 17 29 49 33 37
33 29 49 29 49 21 25 21 37 33 21 45 17 25 37 49
46 34 50 26 26 14 30 30 42 50 30 34 14 30 26 46
42 50 30 22 46 26 38 50 34 38 42 38 42 34 50 22
50 30 30 34 14 46 46 18 26 38 14 34 14 14 42 42
46 38 42 18 26 38 22 18 26 26 18 42 46 42 34 18
47 19 23 47 51 31 19 27 47 43 23 27 31 31 43 51
43 31 27 47 43 47 43 31 19 43 31 23 39 43 51 15
47 51 23 39 35 51 47 19 47 39 35 35 35 43 23 31
15 35 43 31 15 39 27 39 19 47 35 31 15 35 19 39
