0 0 0 0 0 0 0 0 0 0
0 0 0 0 0 0 0 0 0 0
0 0 0 0 0 0 0 0 0 0
0 0 0 0 0 0 0 0 0 0
0 0 0 0 0 0 0 0 0 0
0 0 0 0 0 0 0 0 0 0
0 0 0 0 0 0 0 0 0 0
0 0 0 0 0 0 0 0 0 0
0 0 0 0 0 0 0 0 0 0
0 0 0 0 0 0 0 0 0 0
0 0 0 0 0 0 0 0 0 0
0 0 0 0 0 0 0 0 0 0
0 0 0 0 0 0 0 0 0 0
0 0 0 0 0 0 0 0 0 0
0 0 0 0 0 0 0 0 0 0
0 0 0 0 0 0 0 0 0 0
0 0 0 0 0 0 0 0 0 0
0 0 0 0 0 0 0 0 0 0
0 0 0 0 0 0 0 0 0 0
0 0 0 0 0 0 0 0 0 0
0 0 0 0 0 0 0 0 0 0
0 0 0 0 0 0 0 0 0 0
0 0 0 0 0 0 0 0 0 0
0 0 0 0 0 0 0 0 0 0
0 0 0 0 0 0 0 0 0 0
1 1 1 1 1 1 1 1 1 1
1 1 1 1 1 1 1 1 1 1
1 1 1 1 1 1 1 1 1 1
1 1 1 1 1 1 1 1 1 1
1 1 1 1 1 1 1 1 1 1
1 1 1 1 1 1 1 1 1 1
1 1 1 1 1 1 1 1 1 1
1 1 1 1 1 1 1 1 1 1
1 1 1 1 1 1 1 1 1 1
1 1 1 1 1 1 1 1 1 1
1 1 1 1 1 1 1 1 1 1
1 1 1 1 1 1 1 1 1 1
1 1 1 1 1 1 1 1 1 1
1 1 1 1 1 1 1 1 1 1
1 1 1 1 1 1 1 1 1 1
1 1 1 1 1 1 1 1 1 1
1 1 1 1 1 1 1 1 1 1
1 1 1 1 1 1 1 1 1 1
1 1 1 1 1 1 1 1 1 1
1 1 1 1 1 1 1 1 1 1
1 1 1 1 1 1 1 1 1 1
1 1 1 1 1 1 1 1 1 1
1 1 1 1 1 1 1 1 1 1
1 1 1 1 1 1 1 1 1 1
1 1 1 1 1 1 1 1 1 1
2 2 2 2 2 2 2 2 2 2
2 2 2 2 2 2 2 2 2 2
2 2 2 2 2 2 2 2 2 2
2 2 2 2 2 2 2 2 2 2
2 2 2 2 2 2 2 2 2 2
2 2 2 2 2 2 2 2 2 2
2 2 2 2 2 2 2 2 2 2
2 2 2 2 2 2 2 2 2 2
2 2 2 2 2 2 2 2 2 2
2 2 2 2 2 2 2 2 2 2
2 2 2 2 2 2 2 2 2 2
2 2 2 2 2 2 2 2 2 2
2 2 2 2 2 2 2 2 2 2
2 2 2 2 2 2 2 2 2 2
2 2 2 2 2 2 2 2 2 2
2 2 2 2 2 2 2 2 2 2
2 2 2 2 2 2 2 2 2 2
2 2 2 2 2 2 2 2 2 2
2 2 2 2 2 2 2 2 2 2
2 2 2 2 2 2 2 2 2 2
2 2 2 2 2 2 2 2 2 2
2 2 2 2 2 2 2 2 2 2
2 2 2 2 2 2 2 2 2 2
2 2 2 2 2 2 2 2 2 2
2 2 2 2 2 2 2 2 2 2
3 3 3 3 3 3 3 3 3 3
3 3 3 3 3 3 3 3 3 3
3 3 3 3 3 3 3 3 3 3
3 3 3 3 3 3 3 3 3 3
3 3 3 3 3 3 3 3 3 3
3 3 3 3 3 3 3 3 3 3
3 3 3 3 3 3 3 3 3 3
3 3 3 3 3 3 3 3 3 3
3 3 3 3 3 3 3 3 3 3
3 3 3 3 3 3 3 3 3 3
3 3 3 3 3 3 3 3 3 3
3 3 3 3 3 3 3 3 3 3
3 3 3 3 3 3 3 3 3 3
3 3 3 3 3 3 3 3 3 3
3 3 3 3 3 3 3 3 3 3
3 3 3 3 3 3 3 3 3 3
3 3 3 3 3 3 3 3 3 3
3 3 3 3 3 3 3 3 3 3
3 3 3 3 3 3 3 3 3 3
3 3 3 3 3 3 3 3 3 3
3 3 3 3 3 3 3 3 3 3
3 3 3 3 3 3 3 3 3 3
3 3 3 3 3 3 3 3 3 3
3 3 3 3 3 3 3 3 3 3
3 3 3 3 3 3 3 3 3 3
20 44 48 44 28 44 32 36 16 28
20 16 32 32 20 16 20 12 32 16
48 12 24 28 16 40 32 36 36 20
16 24 12 40 44 20 48 44 24 48
20 40 32 44 44 44 24 20 16 16
16 28 36 32 40 28 32 36 48 28
36 44 16 48 48 20 36 32 28 32
32 20 48 12 24 32 24 32 24 24
16 12 36 40 36 16 44 20 48 24
48 12 32 36 28 32 24 28 16 32
28 16 32 32 24 20 48 20 28 40
36 44 28 24 24 12 24 20 24 12
48 48 28 44 36 28 32 20 16 32
28 20 32 32 12 12 24 28 44 44
20 24 44 32 12 20 28 40 24 20
24 16 44 12 16 12 24 40 24 24
12 24 20 12 16 12 36 32 32 12
40 16 16 44 12 16 32 12 16 36
16 12 12 32 36 44 20 48 40 16
40 16 48 20 48 44 28 20 24 28
16 44 12 16 24 20 20 36 48 28
48 28 12 36 28 20 44 20 20 36
12 28 20 36 40 28 48 40 20 12
20 44 20 28 40 48 28 16 32 44
16 32 24 36 24 32 28 16 28 48
49 37 45 37 17 37 49 45 29 17
49 37 29 13 17 13 41 49 49 25
49 45 21 13 33 33 33 17 21 45
37 41 49 33 45 29 25 37 17 21
41 13 17 49 21 29 13 13 29 21
25 33 45 21 49 17 29 29 33 33
29 33 13 41 25 37 21 41 45 45
21 41 21 21 49 45 33 13 29 17
37 29 21 21 41 25 13 13 29 25
41 21 17 49 29 21 13 17 37 33
49 33 21 25 33 33 49 49 45 33
33 33 37 33 29 45 21 25 41 49
13 29 33 29 17 33 37 37 29 45
41 21 21 13 17 33 33 49 21 37
29 21 21 37 21 21 45 29 49 49
49 45 49 17 13 25 45 13 29 33
29 25 33 45 25 45 25 25 29 49
13 21 29 49 41 17 33 41 29 21
41 29 29 33 21 37 45 49 45 49
41 41 37 37 13 29 41 21 41 21
45 41 21 37 41 49 37 21 25 13
49 13 13 13 37 45 21 25 33 17
21 21 25 25 29 17 17 45 21 21
33 21 37 25 13 33 21 41 45 45
21 17 37 21 21 21 37 25 49 37
34 42 42 50 50 14 30 14 50 22
38 30 26 26 14 18 14 42 50 14
46 38 34 30 18 46 38 18 38 30
46 38 34 42 22 46 18 26 42 50
30 22 34 42 30 26 26 42 14 18
14 18 18 42 22 50 30 38 46 38
26 14 46 26 18 42 18 50 26 22
18 42 42 50 34 46 34 30 46 14
14 42 38 14 26 38 38 50 50 30
30 22 26 38 14 30 26 30 18 26
22 30 26 38 34 26 46 38 26 50
30 46 30 42 30 22 42 34 46 18
38 14 42 22 30 34 50 46 46 22
50 18 22 34 50 34 30 22 26 50
30 18 34 14 26 34 38 42 42 50
18 34 42 50 14 22 38 30 42 26
18 26 42 46 22 30 22 14 30 34
38 18 42 34 50 46 46 22 26 50
34 14 46 46 50 18 22 34 38 30
18 46 14 38 18 22 38 30 30 42
38 18 14 26 46 26 38 30 34 42
50 14 34 18 22 34 38 42 22 50
18 46 30 18 22 38 22 22 42 30
26 18 30 14 14 38 14 14 46 14
46 22 42 30 46 30 22 50 42 22
51 35 19 23 51 19 35 27 47 47
51 43 35 35 23 31 43 19 19 43
47 19 47 47 27 47 27 31 51 31
15 31 47 43 35 15 23 15 15 51
23 43 15 23 31 35 31 15 39 39
31 47 47 51 43 19 27 27 27 27
43 27 15 31 43 19 47 47 35 31
47 51 27 35 19 51 51 51 47 31
43 27 19 27 47 39 35 43 23 51
39 15 39 39 43 31 39 51 23 23
35 39 19 31 31 43 27 43 47 51
51 19 19 51 35 43 31 27 31 51
39 31 31 27 27 19 47 35 39 35
47 23 15 39 27 47 15 19 23 47
35 47 51 15 15 27 15 23 31 31
43 51 23 39 47 39 15 19 35 31
39 15 31 15 31 47 23 51 39 47
15 51 15 51 47 47 27 31 39 51
43 27 15 39 47 15 43 47 19 35
35 31 15 31 43 15 35 19 27 43
31 27 15 27 23 31 23 31 31 39
35 27 35 51 31 19 23 51 15 47
19 51 51 19 31 47 35 35 23 19
51 23 23 43 19 27 51 47 35 51
35 51 47 19 15 39 47 19 35 43
