0 0 0 0 0 0 0 0 0 0 0 0 0 0 0 0
0 0 0 0 0 0 0 0 0 0 0 0 0 0 0 0
0 0 0 0 0 0 0 0 0 0 0 0 0 0 0 0
0 0 0 0 0 0 0 0 0 0 0 0 0 0 0 0
1 1 1 1 1 1 1 1 1 1 1 1 1 1 1 1
1 1 1 1 1 1 1 1 1 1 1 1 1 1 1 1
1 1 1 1 1 1 1 1 1 1 1 1 1 1 1 1
1 1 1 1 1 1 1 1 1 1 1 1 1 1 1 1
2 2 2 2 2 2 2 2 2 2 2 2 2 2 2 2
2 2 2 2 2 2 2 2 2 2 2 2 2 2 2 2
2 2 2 2 2 2 2 2 2 2 2 2 2 2 2 2
2 2 2 2 2 2 2 2 2 2 2 2 2 2 2 2
3 3 3 3 3 3 3 3 3 3 3 3 3 3 3 3
3 3 3 3 3 3 3 3 3 3 3 3 3 3 3 3
3 3 3 3 3 3 3 3 3 3 3 3 3 3 3 3
3 3 3 3 3 3 3 3 3 3 3 3 3 3 3 3
32 16 40 16 36 12 28 48 28 44 20 28 40 32 20 36
20 28 32 28 40 12 48 24 40 24 20 12 16 24 28 12
12 36 36 40 44 28 36 32 12 32 16 16 44 36 40 48
12 16 44 48 28 12 32 12 44 36 12 32 44 40 20 36
25 29 33 25 21 37 41 25 17 45 25 17 21 29 21 49
21 49 45 29 41 37 13 45 45 49 29 13 29 29 37 45
49 13 21 33 29 17 37 37 41 25 37 37 25 45 33 45
25 45 13 33 45 45 17 33 29 21 29 29 17 33 45 37
42 30 30 14 34 18 46 50 38 26 30 26 50 18 38 26
46 14 46 18 50 14 26 22 34 46 22 14 38 42 46 18
30 30 38 34 38 30 18 18 38 38 38 26 26 38 38 22
26 14 46 42 46 50 50 34 42 18 14 26 22 46 34 50
39 23 35 19 35 39 43 47 43 51 15 15 19 31 19 15
35 19 23 15 35 15 35 51 19 51 39 35 23 23 47 19
23 51 43 23 31 35 35 27 27 47 39 27 27 23 51 39
15 51 47 47 43 47 15 51 51 47 31 27 51 47 27 23
