0 0 0 0 0 0 0 0 0 0
0 0 0 0 0 0 0 0 0 0
0 0 0 0 0 1 1 1 1 1
1 1 1 1 1 1 1 1 1 1
1 1 1 1 1 1 1 1 1 1
2 2 2 2 2 2 2 2 2 2
2 2 2 2 2 2 2 2 2 2
2 2 2 2 2 3 3 3 3 3
3 3 3 3 3 3 3 3 3 3
3 3 3 3 3 3 3 3 3 3
24 16 12 20 32 48 24 16 12 32
28 12 20 16 48 16 28 44 36 48
44 16 12 36 32 41 49 33 33 17
13 13 13 17 33 33 29 29 45 25
21 49 41 45 41 49 37 13 37 13
34 50 14 14 18 50 34 34 50 30
30 34 14 30 30 26 46 38 42 42
42 42 26 34 30 15 43 15 23 43
47 27 27 27 23 51 35 47 51 31
23 15 19 39 31 31 39 39 31 19
