0 0 0 0 0 0 0 0 0 0
0 0 0 0 0 0 0 0 0 0
0 0 0 0 0 1 1 1 1 1
1 1 1 1 1 1 1 1 1 1
1 1 1 1 1 1 1 1 1 1
2 2 2 2 2 2 2 2 2 2
2 2 2 2 2 2 2 2 2 2
2 2 2 2 2 3 3 3 3 3
3 3 3 3 3 3 3 3 3 3
3 3 3 3 3 3 3 3 3 3
28 40 24 48 20 48 24 32 20 16
48 12 20 32 28 44 24 40 12 24
12 28 28 48 20 41 25 37 25 41
49 37 13 49 17 33 49 49 33 21
49 13 21 37 45 25 13 49 25 13
30 26 42 42 50 38 26 14 38 18
34 30 30 50 18 46 50 42 50 50
26 14 42 14 22 19 39 47 23 43
43 27 15 31 47 47 35 51 19 43
23 35 43 51 47 39 51 27 47 23
