0 0 0 0 0 0 0 0 0 0
0 0 0 0 0 0 0 0 0 0
0 0 0 0 0 0 0 0 0 0
0 0 0 0 0 0 0 0 0 0
0 0 0 0 0 0 0 0 0 0
0 0 0 0 0 0 0 0 0 0
0 0 0 0 0 0 0 0 0 0
0 0 0 0 0 0 0 0 0 0
0 0 0 0 0 0 0 0 0 0
0 0 0 0 0 0 0 0 0 0
0 0 0 0 0 0 0 0 0 0
0 0 0 0 0 0 0 0 0 0
0 0 0 0 0 0 0 0 0 0
0 0 0 0 0 0 0 0 0 0
0 0 0 0 0 0 0 0 0 0
0 0 0 0 0 0 0 0 0 0
0 0 0 0 0 0 0 0 0 0
0 0 0 0 0 0 0 0 0 0
0 0 0 0 0 0 0 0 0 0
0 0 0 0 0 0 0 0 0 0
0 0 0 0 0 0 0 0 0 0
0 0 0 0 0 0 0 0 0 0
0 0 0 0 0 0 0 0 0 0
0 0 0 0 0 0 0 0 0 0
0 0 0 0 0 0 0 0 0 0
1 1 1 1 1 1 1 1 1 1
1 1 1 1 1 1 1 1 1 1
1 1 1 1 1 1 1 1 1 1
1 1 1 1 1 1 1 1 1 1
1 1 1 1 1 1 1 1 1 1
1 1 1 1 1 1 1 1 1 1
1 1 1 1 1 1 1 1 1 1
1 1 1 1 1 1 1 1 1 1
1 1 1 1 1 1 1 1 1 1
1 1 1 1 1 1 1 1 1 1
1 1 1 1 1 1 1 1 1 1
1 1 1 1 1 1 1 1 1 1
1 1 1 1 1 1 1 1 1 1
1 1 1 1 1 1 1 1 1 1
1 1 1 1 1 1 1 1 1 1
1 1 1 1 1 1 1 1 1 1
1 1 1 1 1 1 1 1 1 1
1 1 1 1 1 1 1 1 1 1
1 1 1 1 1 1 1 1 1 1
1 1 1 1 1 1 1 1 1 1
1 1 1 1 1 1 1 1 1 1
1 1 1 1 1 1 1 1 1 1
1 1 1 1 1 1 1 1 1 1
1 1 1 1 1 1 1 1 1 1
1 1 1 1 1 1 1 1 1 1
2 2 2 2 2 2 2 2 2 2
2 2 2 2 2 2 2 2 2 2
2 2 2 2 2 2 2 2 2 2
2 2 2 2 2 2 2 2 2 2
2 2 2 2 2 2 2 2 2 2
2 2 2 2 2 2 2 2 2 2
2 2 2 2 2 2 2 2 2 2
2 2 2 2 2 2 2 2 2 2
2 2 2 2 2 2 2 2 2 2
2 2 2 2 2 2 2 2 2 2
2 2 2 2 2 2 2 2 2 2
2 2 2 2 2 2 2 2 2 2
2 2 2 2 2 2 2 2 2 2
2 2 2 2 2 2 2 2 2 2
2 2 2 2 2 2 2 2 2 2
2 2 2 2 2 2 2 2 2 2
2 2 2 2 2 2 2 2 2 2
2 2 2 2 2 2 2 2 2 2
2 2 2 2 2 2 2 2 2 2
2 2 2 2 2 2 2 2 2 2
2 2 2 2 2 2 2 2 2 2
2 2 2 2 2 2 2 2 2 2
2 2 2 2 2 2 2 2 2 2
2 2 2 2 2 2 2 2 2 2
2 2 2 2 2 2 2 2 2 2
3 3 3 3 3 3 3 3 3 3
3 3 3 3 3 3 3 3 3 3
3 3 3 3 3 3 3 3 3 3
3 3 3 3 3 3 3 3 3 3
3 3 3 3 3 3 3 3 3 3
3 3 3 3 3 3 3 3 3 3
3 3 3 3 3 3 3 3 3 3
3 3 3 3 3 3 3 3 3 3
3 3 3 3 3 3 3 3 3 3
3 3 3 3 3 3 3 3 3 3
3 3 3 3 3 3 3 3 3 3
3 3 3 3 3 3 3 3 3 3
3 3 3 3 3 3 3 3 3 3
3 3 3 3 3 3 3 3 3 3
3 3 3 3 3 3 3 3 3 3
3 3 3 3 3 3 3 3 3 3
3 3 3 3 3 3 3 3 3 3
3 3 3 3 3 3 3 3 3 3
3 3 3 3 3 3 3 3 3 3
3 3 3 3 3 3 3 3 3 3
3 3 3 3 3 3 3 3 3 3
3 3 3 3 3 3 3 3 3 3
3 3 3 3 3 3 3 3 3 3
3 3 3 3 3 3 3 3 3 3
3 3 3 3 3 3 3 3 3 3
12 12 44 36 12 32 44 36 32 32
40 12 24 24 36 36 16 28 12 24
16 48 32 36 44 28 32 40 40 16
24 20 44 36 36 24 20 28 28 48
24 48 32 32 32 16 44 24 44 24
12 12 20 28 12 48 20 28 24 16
28 32 36 20 16 16 16 16 24 44
12 32 24 24 48 12 12 32 16 24
36 32 48 48 44 28 48 44 24 28
44 36 36 40 20 16 16 12 44 32
44 32 16 44 44 28 24 24 44 28
44 24 20 40 32 48 24 12 40 44
20 28 48 12 36 44 32 16 44 16
16 40 32 24 28 40 20 40 20 24
24 16 24 16 28 12 20 44 40 20
40 12 48 24 44 12 12 40 48 48
44 48 12 48 44 32 20 48 28 40
20 12 12 32 36 44 36 44 12 48
20 16 36 20 44 32 16 44 28 44
44 48 12 24 20 44 48 36 20 28
40 40 48 24 16 12 32 48 36 40
48 28 40 20 16 48 16 32 16 44
44 12 36 36 36 36 44 40 20 20
28 36 40 16 24 12 16 12 32 44
40 28 24 32 20 36 48 32 20 44
13 29 13 41 33 17 25 29 45 17
17 41 33 41 37 45 25 33 13 17
21 25 37 49 41 37 41 49 45 25
13 13 17 25 25 13 37 17 49 45
17 29 37 29 49 33 41 25 41 25
45 17 29 13 21 45 13 17 25 17
21 37 41 21 49 37 37 33 25 29
29 13 21 13 13 45 29 45 33 21
45 45 45 29 45 49 25 33 29 17
41 25 25 45 29 25 17 45 45 37
45 25 13 45 41 45 25 13 17 25
37 33 41 17 29 29 41 17 45 21
45 49 33 37 33 29 17 41 17 29
25 29 33 33 45 13 13 21 29 25
33 25 21 49 33 25 17 17 29 37
33 41 33 45 29 29 29 25 17 25
37 25 49 33 45 29 13 41 41 17
13 21 37 13 37 17 45 37 17 13
49 13 25 37 13 41 25 45 33 41
21 25 45 25 29 33 49 33 17 13
25 17 29 25 25 25 41 45 37 45
21 29 21 25 13 17 29 37 29 21
49 37 41 41 49 49 29 49 37 29
33 41 13 37 29 49 29 21 41 45
49 49 45 17 37 33 33 13 13 45
22 50 18 42 22 50 18 30 50 14
22 34 38 42 38 30 38 42 18 14
26 22 26 46 14 22 14 42 18 50
46 30 46 34 26 22 18 46 18 18
38 26 14 22 50 22 14 38 14 42
34 22 34 14 50 38 30 18 22 34
26 18 42 14 14 14 46 22 14 14
46 14 14 38 38 42 46 42 38 34
50 26 14 30 46 30 50 46 38 26
30 46 22 18 50 46 38 22 50 38
22 26 50 30 22 34 30 50 42 18
18 14 30 30 42 38 34 14 22 34
18 46 46 46 26 26 14 34 30 46
38 34 14 34 14 26 34 38 42 18
18 38 26 50 30 30 42 14 30 42
30 50 42 26 22 34 38 14 26 34
50 38 26 34 42 34 46 46 18 18
22 14 34 22 30 50 42 42 50 14
26 18 18 30 30 42 50 30 14 42
26 34 18 18 30 14 38 46 50 34
34 46 30 22 50 34 26 18 50 38
50 22 18 30 22 46 18 50 14 30
22 38 22 30 38 50 30 26 30 26
30 50 14 14 38 18 26 38 38 22
14 22 30 26 38 14 14 26 22 30
35 35 19 23 35 35 27 51 35 47
31 39 27 15 19 15 27 31 47 19
23 35 39 35 31 43 39 39 43 23
43 15 23 43 31 35 31 19 15 31
15 47 47 39 19 47 27 31 39 27
23 51 31 51 15 23 39 19 27 23
15 51 35 19 39 43 47 39 23 19
39 39 31 35 15 31 31 31 47 51
47 31 23 51 51 19 43 23 31 47
31 51 31 35 35 51 27 43 43 31
23 35 39 23 15 15 43 35 51 31
35 15 35 23 23 43 35 43 19 43
43 43 31 43 31 51 19 43 43 47
19 43 15 39 27 23 27 47 23 31
51 23 27 23 39 35 51 31 43 47
47 39 31 15 39 47 31 19 51 35
51 35 51 19 47 15 51 15 35 43
35 23 19 23 31 31 35 23 19 27
35 19 31 23 43 23 39 31 19 31
51 43 31 51 43 35 23 23 19 39
27 23 23 19 27 31 23 39 39 39
43 43 31 47 39 39 35 31 27 19
31 23 51 19 51 31 31 47 51 51
23 19 27 39 47 31 51 51 27 43
19 43 31 51 47 47 51 51 39 39
