0 0 0 0 0 0 0 0 0 0 0 0 0 0 0 0
0 0 0 0 0 0 0 0 0 0 0 0 0 0 0 0
0 0 0 0 0 0 0 0 0 0 0 0 0 0 0 0
0 0 0 0 0 0 0 0 0 0 0 0 0 0 0 0
1 1 1 1 1 1 1 1 1 1 1 1 1 1 1 1
1 1 1 1 1 1 1 1 1 1 1 1 1 1 1 1
1 1 1 1 1 1 1 1 1 1 1 1 1 1 1 1
1 1 1 1 1 1 1 1 1 1 1 1 1 1 1 1
2 2 2 2 2 2 2 2 2 2 2 2 2 2 2 2
2 2 2 2 2 2 2 2 2 2 2 2 2 2 2 2
2 2 2 2 2 2 2 2 2 2 2 2 2 2 2 2
2 2 2 2 2 2 2 2 2 2 2 2 2 2 2 2
3 3 3 3 3 3 3 3 3 3 3 3 3 3 3 3
3 3 3 3 3 3 3 3 3 3 3 3 3 3 3 3
3 3 3 3 3 3 3 3 3 3 3 3 3 3 3 3
3 3 3 3 3 3 3 3 3 3 3 3 3 3 3 3
40 36 36 20 20 40 32 36 24 40 40 44 36 48 16 12
12 20 12 40 12 40 36 20 44 20 32 20 16 44 36 20
20 44 12 40 28 48 16 20 12 16 28 44 44 48 40 20
44 48 16 48 24 32 40 40 20 24 12 36 44 12 44 12
25 21 29 49 49 49 49 49 25 45 41 37 41 13 29 21
41 41 29 21 29 45 13 41 13 29 13 17 33 17 25 37
33 41 41 17 49 33 33 49 17 17 13 13 21 13 45 29
21 45 25 29 21 49 21 21 41 33 21 17 49 25 25 45
50 46 50 26 38 18 34 38 26 50 14 26 50 42 34 14
14 30 42 18 38 14 30 38 30 38 18 34 22 18 18 34
18 14 50 26 38 42 42 14 38 30 34 22 34 30 22 50
22 18 18 14 34 30 42 38 26 38 34 34 42 38 42 18
19 19 39 19 31 43 19 39 35 27 23 51 43 43 23 39
51 27 47 15 31 51 47 23 19 15 27 35 43 23 43 15
51 43 35 43 51 43 35 43 27 27 43 23 43 27 35 35
35 39 19 35 15 43 31 47 43 51 27 39 51 23 23 19
