0 2 3 3 2 1 0 2 3 0
0 2 0 3 0 3 2 2 1 3
3 2 1 1 2 2 1 1 0 1
1 2 2 1 3 1 0 1 0 1
0 1 1 0 1 3 2 0 2 2
3 0 0 0 0 2 1 2 0 3
0 3 1 0 0 3 0 0 3 0
3 2 3 3 2 2 0 3 2 2
0 3 3 2 2 0 2 1 2 2
0 3 1 3 3 2 1 2 0 2
2 3 2 3 2 2 1 2 2 2
1 2 0 0 0 2 1 0 1 3
3 3 1 1 3 3 2 2 3 2
1 3 2 3 1 0 0 3 1 0
3 1 1 1 1 1 3 0 3 1
2 3 2 0 0 1 0 0 3 1
3 2 3 2 0 2 1 1 1 1
3 1 0 1 2 1 2 3 2 1
1 1 0 3 2 1 1 0 3 1
0 3 2 1 0 2 2 0 3 0
1 0 0 3 2 3 2 0 3 1
3 2 0 1 0 2 3 3 1 1
0 0 1 2 3 1 3 3 1 2
2 3 2 1 2 3 0 0 1 1
2 0 0 3 2 2 2 2 0 2
0 2 1 2 3 0 1 2 3 0
0 0 3 3 0 0 3 2 1 2
1 1 0 0 0 1 3 1 0 2
0 2 3 1 1 1 1 2 2 0
3 3 3 0 3 1 2 3 2 3
2 3 1 0 3 2 2 1 3 1
1 1 1 2 0 1 3 2 2 2
1 3 0 1 0 2 1 3 3 3
2 0 2 0 1 2 1 0 3 0
0 3 0 0 3 1 3 3 0 2
2 3 1 2 2 2 3 2 0 2
0 2 1 3 1 2 0 2 2 2
2 2 3 1 3 0 1 0 2 3
3 3 0 0 1 1 3 0 0 2
2 2 1 3 0 3 1 3 0 2
0 2 3 3 1 0 1 3 0 2
0 1 3 0 2 1 2 2 0 3
0 2 1 0 3 0 3 2 3 1
0 3 0 1 1 3 3 3 3 0
3 3 3 2 3 1 0 0 2 3
3 2 3 0 0 3 1 3 2 2
0 3 3 1 0 3 0 2 2 3
0 0 2 3 0 0 0 1 3 2
3 0 2 1 1 2 0 2 3 0
2 2 2 2 1 1 0 3 3 1
2 3 3 3 3 0 0 1 1 1
2 0 0 2 0 3 1 2 0 2
1 2 3 0 0 2 2 3 0 0
2 3 0 3 3 0 2 1 1 3
1 2 2 0 3 1 1 2 2 3
1 3 2 1 1 3 0 0 2 3
0 2 0 0 2 2 2 3 0 1
0 2 1 2 3 2 0 2 0 0
2 0 1 1 1 3 2 3 3 3
0 1 0 1 2 0 3 0 1 2
1 0 2 2 2 2 1 2 3 2
2 0 0 2 0 2 2 1 3 0
0 0 3 3 0 3 0 3 0 2
2 2 1 3 3 0 2 1 2 2
0 3 3 0 3 1 1 0 0 2
2 0 1 2 2 0 2 0 0 2
0 0 2 2 3 2 2 2 3 1
2 0 3 1 3 2 3 2 1 0
3 3 0 3 1 1 0 1 0 3
1 0 1 0 3 3 0 0 1 3
3 3 3 2 3 0 3 1 1 3
1 2 0 2 2 3 0 2 3 0
1 2 2 0 1 0 1 0 1 3
2 0 3 1 1 3 0 1 3 0
0 0 2 1 0 0 0 2 3 2
1 0 2 2 2 3 3 2 3 0
3 0 2 1 0 2 0 3 1 2
3 1 1 0 0 1 0 0 3 3
2 2 0 2 0 1 2 3 1 2
3 2 1 2 1 1 2 2 1 2
1 0 1 3 2 1 3 2 1 1
2 2 2 2 1 0 3 3 0 2
3 2 3 2 1 1 1 0 0 2
0 3 1 3 0 2 0 1 3 3
3 2 0 0 1 3 3 3 2 1
3 3 0 1 1 0 1 3 2 1
1 1 0 3 1 0 3 3 2 0
2 1 1 1 0 3 0 0 3 2
0 2 0 3 0 0 1 0 1 2
3 3 1 3 0 1 0 1 1 3
2 1 3 1 3 0 3 2 2 1
2 0 0 0 2 0 0 0 0 1
2 3 2 2 2 3 1 3 3 0
2 0 3 2 1 2 2 3 2 2
0 3 0 3 1 3 0 1 0 1
3 1 3 0 2 0 2 2 1 1
1 0 3 1 3 0 2 3 2 0
2 2 3 3 1 3 1 3 1 3
1 3 2 3 3 1 1 2 1 0
2 3 1 0 2 0 1 3 0 0
28 42 31 35 30 49 28 26 43 36
44 46 12 47 32 31 34 22 37 43
39 42 37 49 22 18 45 25 48 45
13 50 46 17 31 29 28 29 36 49
40 33 37 36 29 27 46 44 18 22
43 48 16 12 16 18 33 42 48 35
40 35 21 36 16 43 48 12 47 24
39 38 19 27 30 38 48 31 42 22
12 39 39 14 46 36 34 25 18 38
48 15 17 15 47 50 45 26 20 22
42 15 14 31 46 22 25 42 26 38
25 38 40 16 24 38 41 12 13 35
23 23 33 45 23 31 50 30 51 18
29 31 34 47 37 24 16 35 37 16
43 25 49 21 25 33 31 48 35 29
34 39 38 36 16 45 32 36 19 25
39 26 47 22 12 22 29 21 29 13
51 13 12 37 46 17 34 51 42 17
13 29 16 19 34 37 37 48 27 21
36 43 50 41 36 26 14 48 35 36
25 12 20 27 22 15 26 32 27 49
27 30 44 21 16 14 47 31 21 29
16 36 45 34 27 25 31 43 13 38
18 51 38 13 18 15 20 20 29 41
18 28 36 15 38 22 22 26 44 22
28 22 25 22 43 12 33 30 35 20
32 28 19 39 28 28 31 26 45 46
21 33 48 36 24 37 15 29 36 42
44 34 15 33 33 13 13 46 14 40
27 51 43 20 15 45 26 39 18 51
50 51 17 20 47 26 22 45 43 25
41 41 13 14 36 41 35 50 14 46
25 35 20 33 28 22 33 27 19 47
18 16 26 16 49 22 17 36 15 28
24 27 12 44 43 37 35 15 24 26
18 35 45 18 18 50 43 42 24 18
28 26 45 31 21 30 32 30 22 38
34 26 39 41 51 12 29 16 38 51
39 19 40 28 13 25 15 12 44 50
22 34 29 43 36 51 17 27 36 22
40 14 23 27 37 40 37 15 12 18
20 25 19 44 42 25 38 42 48 39
20 42 45 20 15 48 51 30 31 45
44 27 36 37 33 51 23 43 39 16
47 27 23 14 19 33 40 20 14 39
43 46 39 20 12 27 37 27 26 50
24 23 43 41 16 23 20 22 34 19
24 16 18 43 20 16 16 25 47 50
31 48 26 45 21 14 48 22 51 32
34 46 50 42 29 21 32 31 15 33
14 31 23 39 35 20 20 45 33 13
42 32 40 14 36 39 37 18 24 46
13 34 15 44 16 42 22 27 16 28
42 31 44 15 15 20 46 17 25 39
49 42 30 40 23 33 25 30 30 43
13 51 18 13 49 43 36 44 38 19
16 38 36 20 30 18 38 43 32 21
20 26 21 50 31 18 48 34 16 40
34 28 45 37 29 43 14 51 43 15
12 25 48 17 18 12 39 20 37 14
41 48 14 22 18 22 41 50 43 18
46 16 32 18 20 50 26 17 51 12
28 24 43 35 20 19 40 23 16 34
38 26 33 51 31 20 50 33 50 14
40 23 19 28 43 49 49 48 32 30
26 32 25 38 42 40 22 12 28 38
32 40 34 38 19 22 38 18 35 33
18 40 35 21 19 18 27 50 49 36
31 51 48 51 29 17 28 21 24 19
17 12 25 28 19 15 28 40 13 43
23 27 51 14 15 36 31 21 37 15
37 22 44 26 30 27 36 30 23 40
33 50 18 48 17 36 37 40 29 47
26 28 47 25 33 47 28 21 15 40
20 20 42 17 44 32 24 14 35 14
45 16 34 34 14 19 43 46 39 24
35 36 22 25 48 14 36 15 13 42
19 45 45 28 20 13 40 24 15 23
46 50 36 26 28 45 46 27 17 30
15 14 37 38 49 13 22 18 49 50
41 24 41 23 18 37 27 46 17 33
38 26 26 26 41 28 31 31 36 26
47 22 19 50 25 49 37 40 32 50
36 27 13 15 24 14 44 29 27 31
47 46 16 12 13 27 15 47 14 37
39 47 20 49 41 40 37 31 22 29
45 29 48 47 17 28 27 31 38 40
38 41 37 37 44 15 16 36 19 26
40 38 12 15 28 32 21 12 37 26
31 19 25 35 20 45 20 29 29 15
14 33 31 37 27 24 43 18 22 17
30 36 20 24 46 24 44 12 48 13
18 51 42 38 50 15 49 43 23 32
22 48 27 22 17 38 38 23 30 14
28 31 24 19 13 31 28 49 32 33
35 13 39 20 22 16 50 30 21 17
37 44 35 41 43 36 30 15 34 48
46 14 15 15 41 35 37 43 29 43
17 31 22 39 39 37 33 30 33 32
14 39 33 28 50 48 13 35 36 24
