3 0 2 3 1 3 0 2 2 1 3 0 3 0 1 1
0 0 2 0 0 1 0 1 2 3 3 2 3 1 2 0
2 0 1 0 1 0 2 0 1 3 2 0 2 3 2 2
1 0 0 2 1 3 3 2 2 0 2 1 3 2 2 2
0 3 2 0 3 0 3 1 2 2 0 0 3 2 0 0
2 3 1 3 2 2 3 2 0 2 1 2 3 3 1 1
3 0 2 1 0 0 2 0 2 2 0 0 0 1 1 1
3 0 2 3 2 3 2 3 2 2 2 3 0 3 2 0
1 3 1 2 0 2 3 3 3 3 1 1 1 3 3 2
2 2 3 0 2 2 0 0 2 1 0 3 2 1 2 0
0 2 3 0 2 1 0 3 1 2 2 3 2 1 1 1
3 0 0 0 3 1 1 2 0 2 3 1 1 3 2 3
1 3 3 0 2 1 1 1 2 2 3 2 0 0 2 1
1 2 3 1 0 0 1 2 1 1 2 0 3 1 3 3
0 1 2 2 2 3 1 3 2 2 1 3 3 1 1 1
0 1 3 0 1 2 2 2 2 0 1 3 0 0 2 0
19 20 14 43 41 43 32 34 42 45 39 28 27 32 41 49
44 40 38 32 32 49 24 25 26 51 43 42 51 37 34 16
18 20 25 36 21 24 18 36 45 51 34 28 50 39 14 46
49 40 36 30 41 27 51 34 18 24 42 21 43 18 38 46
32 47 22 36 15 12 51 13 30 14 48 16 47 26 32 12
46 39 49 47 34 38 47 22 48 18 45 26 43 23 37 37
23 48 38 17 20 36 22 40 26 38 32 32 24 41 29 45
19 32 18 47 22 51 34 39 14 30 50 31 40 19 50 48
45 27 41 22 12 30 23 31 31 51 17 45 13 43 15 22
14 30 23 48 18 34 20 16 34 21 16 19 46 17 26 16
32 18 35 48 18 45 36 39 13 34 18 43 50 41 45 49
47 32 12 40 15 13 29 26 44 14 15 21 45 51 42 31
41 39 31 44 38 13 41 45 34 30 23 22 36 48 34 49
33 50 31 37 32 20 21 22 37 13 22 16 15 33 51 51
12 41 22 26 18 15 37 39 14 14 21 47 27 33 21 13
48 17 47 40 25 38 46 38 26 44 13 43 44 32 38 44
