0 3 2 0 2 2 3 1 1 2
0 0 2 3 3 2 0 2 1 1
3 1 1 3 2 2 1 3 3 2
1 1 1 3 2 2 3 1 3 3
1 3 1 2 3 2 2 3 1 2
1 2 0 0 2 3 0 3 2 2
2 2 3 3 2 3 0 0 2 3
2 3 2 0 0 3 3 0 0 0
3 3 0 2 3 2 0 1 0 2
3 1 3 1 1 1 1 0 1 1
16 15 14 24 38 30 51 29 29 46
28 32 14 39 23 46 16 46 17 13
23 45 17 35 34 34 45 27 35 46
29 45 45 35 30 14 51 29 51 35
33 47 49 18 43 50 22 23 37 34
29 18 20 44 30 31 16 39 22 38
34 22 43 27 34 27 12 12 38 15
14 35 38 44 32 43 47 16 28 24
47 19 24 50 19 22 48 29 32 30
51 29 27 33 33 45 21 40 17 13
