0 0 0 0 0 0 0 0 0 0 0 0 0 0 0 0
1 1 1 1 1 1 1 1 1 1 1 1 1 1 1 1
2 2 2 2 2 2 2 2 2 2 2 2 2 2 2 2
3 3 3 3 3 3 3 3 3 3 3 3 3 3 3 3
0 0 0 0 0 0 0 0 0 0 0 0 0 0 0 0
1 1 1 1 1 1 1 1 1 1 1 1 1 1 1 1
2 2 2 2 2 2 2 2 2 2 2 2 2 2 2 2
3 3 3 3 3 3 3 3 3 3 3 3 3 3 3 3
0 0 0 0 0 0 0 0 0 0 0 0 0 0 0 0
1 1 1 1 1 1 1 1 1 1 1 1 1 1 1 1
2 2 2 2 2 2 2 2 2 2 2 2 2 2 2 2
3 3 3 3 3 3 3 3 3 3 3 3 3 3 3 3
0 0 0 0 0 0 0 0 0 0 0 0 0 0 0 0
1 1 1 1 1 1 1 1 1 1 1 1 1 1 1 1
2 2 2 2 2 2 2 2 2 2 2 2 2 2 2 2
3 3 3 3 3 3 3 3 3 3 3 3 3 3 3 3
12 48 44 32 48 24 36 32 40 16 20 12 16 24 24 32
33 41 17 13 17 37 13 25 29 17 25 25 37 21 33 45
22 22 22 18 34 26 46 30 26 30 26 46 14 26 18 14
39 51 31 23 27 19 19 27 19 27 51 27 51 51 31 35
28 20 12 40 36 24 36 16 44 12 24 32 12 28 16 48
13 21 21 13 21 41 29 17 29 33 45 21 37 21 45 45
30 50 22 18 30 50 26 46 30 46 26 18 26 18 14 34
51 35 19 47 19 43 31 43 15 51 15 19 39 47 19 51
44 24 20 20 36 24 28 48 24 20 36 28 32 28 24 44
25 17 25 29 21 29 21 49 41 33 17 29 25 45 37 45
42 26 46 14 46 34 34 18 46 22 14 50 34 50 26 42
51 19 19 19 35 23 15 35 19 39 43 47 39 27 23 15
40 20 48 36 28 44 28 28 28 40 28 16 48 40 44 48
45 21 21 13 49 41 41 21 33 17 29 13 49 13 13 13
14 50 50 18 22 14 30 42 42 46 30 30 22 46 26 14
51 47 31 39 15 43 27 35 15 39 15 27 23 47 15 51
