0 0 0 0 0 1 1 1 1 1
2 2 2 2 2 3 3 3 3 3
0 0 0 0 0 1 1 1 1 1
2 2 2 2 2 3 3 3 3 3
0 0 0 0 0 1 1 1 1 1
2 2 2 2 2 3 3 3 3 3
0 0 0 0 0 1 1 1 1 1
2 2 2 2 2 3 3 3 3 3
0 0 0 0 0 1 1 1 1 1
2 2 2 2 2 3 3 3 3 3
16 48 40 12 48 49 21 41 25 13
50 14 42 14 14 27 35 47 43 15
48 40 12 40 20 33 45 33 25 41
38 42 22 38 50 19 19 47 43 19
40 12 32 44 48 41 13 13 49 21
38 50 22 30 38 15 27 31 43 51
40 32 24 12 40 21 25 21 25 21
38 34 38 42 34 19 35 23 19 31
24 16 40 32 12 25 13 29 33 29
46 34 50 50 26 27 51 43 43 15
