0 0 0 0 0 0 0 0 0 0
1 1 1 1 1 1 1 1 1 1
2 2 2 2 2 2 2 2 2 2
3 3 3 3 3 3 3 3 3 3
0 0 0 0 0 0 0 0 0 0
1 1 1 1 1 1 1 1 1 1
2 2 2 2 2 2 2 2 2 2
3 3 3 3 3 3 3 3 3 3
0 0 0 0 0 0 0 0 0 0
1 1 1 1 1 1 1 1 1 1
2 2 2 2 2 2 2 2 2 2
3 3 3 3 3 3 3 3 3 3
0 0 0 0 0 0 0 0 0 0
1 1 1 1 1 1 1 1 1 1
2 2 2 2 2 2 2 2 2 2
3 3 3 3 3 3 3 3 3 3
0 0 0 0 0 0 0 0 0 0
1 1 1 1 1 1 1 1 1 1
2 2 2 2 2 2 2 2 2 2
3 3 3 3 3 3 3 3 3 3
0 0 0 0 0 0 0 0 0 0
1 1 1 1 1 1 1 1 1 1
2 2 2 2 2 2 2 2 2 2
3 3 3 3 3 3 3 3 3 3
0 0 0 0 0 0 0 0 0 0
1 1 1 1 1 1 1 1 1 1
2 2 2 2 2 2 2 2 2 2
3 3 3 3 3 3 3 3 3 3
0 0 0 0 0 0 0 0 0 0
1 1 1 1 1 1 1 1 1 1
2 2 2 2 2 2 2 2 2 2
3 3 3 3 3 3 3 3 3 3
0 0 0 0 0 0 0 0 0 0
1 1 1 1 1 1 1 1 1 1
2 2 2 2 2 2 2 2 2 2
3 3 3 3 3 3 3 3 3 3
0 0 0 0 0 0 0 0 0 0
1 1 1 1 1 1 1 1 1 1
2 2 2 2 2 2 2 2 2 2
3 3 3 3 3 3 3 3 3 3
0 0 0 0 0 0 0 0 0 0
1 1 1 1 1 1 1 1 1 1
2 2 2 2 2 2 2 2 2 2
3 3 3 3 3 3 3 3 3 3
0 0 0 0 0 0 0 0 0 0
1 1 1 1 1 1 1 1 1 1
2 2 2 2 2 2 2 2 2 2
3 3 3 3 3 3 3 3 3 3
0 0 0 0 0 0 0 0 0 0
1 1 1 1 1 1 1 1 1 1
2 2 2 2 2 2 2 2 2 2
3 3 3 3 3 3 3 3 3 3
0 0 0 0 0 0 0 0 0 0
1 1 1 1 1 1 1 1 1 1
2 2 2 2 2 2 2 2 2 2
3 3 3 3 3 3 3 3 3 3
0 0 0 0 0 0 0 0 0 0
1 1 1 1 1 1 1 1 1 1
2 2 2 2 2 2 2 2 2 2
3 3 3 3 3 3 3 3 3 3
0 0 0 0 0 0 0 0 0 0
1 1 1 1 1 1 1 1 1 1
2 2 2 2 2 2 2 2 2 2
3 3 3 3 3 3 3 3 3 3
0 0 0 0 0 0 0 0 0 0
1 1 1 1 1 1 1 1 1 1
2 2 2 2 2 2 2 2 2 2
3 3 3 3 3 3 3 3 3 3
0 0 0 0 0 0 0 0 0 0
1 1 1 1 1 1 1 1 1 1
2 2 2 2 2 2 2 2 2 2
3 3 3 3 3 3 3 3 3 3
0 0 0 0 0 0 0 0 0 0
1 1 1 1 1 1 1 1 1 1
2 2 2 2 2 2 2 2 2 2
3 3 3 3 3 3 3 3 3 3
0 0 0 0 0 0 0 0 0 0
1 1 1 1 1 1 1 1 1 1
2 2 2 2 2 2 2 2 2 2
3 3 3 3 3 3 3 3 3 3
0 0 0 0 0 0 0 0 0 0
1 1 1 1 1 1 1 1 1 1
2 2 2 2 2 2 2 2 2 2
3 3 3 3 3 3 3 3 3 3
0 0 0 0 0 0 0 0 0 0
1 1 1 1 1 1 1 1 1 1
2 2 2 2 2 2 2 2 2 2
3 3 3 3 3 3 3 3 3 3
0 0 0 0 0 0 0 0 0 0
1 1 1 1 1 1 1 1 1 1
2 2 2 2 2 2 2 2 2 2
3 3 3 3 3 3 3 3 3 3
0 0 0 0 0 0 0 0 0 0
1 1 1 1 1 1 1 1 1 1
2 2 2 2 2 2 2 2 2 2
3 3 3 3 3 3 3 3 3 3
0 0 0 0 0 0 0 0 0 0
1 1 1 1 1 1 1 1 1 1
2 2 2 2 2 2 2 2 2 2
3 3 3 3 3 3 3 3 3 3
32 24 44 40 32 12 28 36 12 36
17 41 41 33 41 13 25 49 41 29
46 14 14 38 30 46 18 38 30 14
19 47 27 15 23 39 15 47 35 19
20 40 40 24 48 32 44 20 12 40
37 29 33 49 25 17 45 13 25 29
42 26 26 26 34 22 46 46 42 34
35 39 43 19 31 43 43 35 27 19
24 20 16 12 20 40 32 24 12 16
33 49 21 45 37 41 41 37 33 29
42 26 30 50 50 38 26 18 14 26
23 51 27 39 23 43 23 19 47 39
16 16 20 48 16 24 40 36 28 32
33 29 13 29 33 45 37 49 25 45
18 46 38 34 42 34 22 34 42 42
31 43 39 35 15 47 23 15 47 31
48 16 20 24 48 24 48 20 16 36
33 49 17 13 49 17 41 33 21 25
50 46 26 46 18 38 38 42 38 50
31 15 27 23 31 23 43 15 31 47
48 12 36 44 48 40 48 36 36 44
49 45 37 33 17 33 37 21 37 17
50 22 42 42 42 30 30 50 34 14
39 51 31 15 51 19 27 15 43 43
24 16 20 32 40 32 28 32 20 32
17 17 33 41 29 29 17 37 25 33
22 22 18 46 46 14 42 22 30 34
27 19 19 43 43 23 27 47 19 47
24 28 48 16 32 44 28 40 32 40
17 41 25 49 33 49 37 33 17 33
18 38 30 30 26 14 42 26 50 14
27 43 35 51 15 39 47 19 39 31
24 20 28 48 16 36 24 40 12 40
29 45 21 49 49 33 45 41 29 13
30 22 34 14 30 14 22 46 34 42
51 27 43 39 19 51 39 15 23 43
40 24 28 24 48 32 36 20 40 16
37 21 25 25 37 45 45 17 33 25
46 26 18 50 26 18 34 34 42 42
19 47 51 43 15 19 15 23 15 23
48 36 12 20 32 36 20 40 36 16
45 33 33 13 37 45 21 37 25 29
34 50 22 34 42 14 26 38 42 50
27 47 35 23 31 31 31 47 27 15
48 12 24 36 16 40 32 24 16 44
45 29 41 13 17 17 37 21 29 49
34 30 34 38 14 38 14 42 14 46
31 23 31 39 31 27 35 23 15 35
12 28 36 24 16 20 44 44 12 40
41 29 25 45 37 21 21 41 25 13
18 46 14 14 50 14 22 42 34 30
51 47 19 43 15 23 35 31 19 27
44 32 20 20 48 36 16 40 48 40
37 33 29 21 33 21 13 45 41 21
50 38 26 46 34 46 18 30 30 18
43 27 19 23 15 35 47 51 23 39
48 12 12 24 24 12 32 40 36 48
29 29 25 45 33 13 25 41 37 21
26 22 46 42 26 38 42 42 34 34
39 19 43 15 27 47 35 35 39 35
40 32 36 24 12 48 36 24 44 32
17 29 41 41 37 33 37 17 25 25
34 26 14 34 14 50 34 38 46 26
27 19 51 27 43 15 39 31 27 47
48 48 44 32 40 24 44 44 40 44
49 25 17 17 49 21 49 21 37 37
30 18 46 38 22 46 50 46 34 42
47 27 35 19 31 35 23 47 31 23
44 24 12 28 20 20 16 16 12 16
29 41 17 41 41 13 13 25 25 37
14 26 26 50 42 34 50 30 38 50
39 23 51 23 27 35 35 23 39 35
16 36 28 28 40 40 16 12 28 32
41 29 41 29 13 21 45 33 25 33
22 34 34 26 34 18 30 50 34 14
43 31 51 19 15 23 51 47 47 43
28 44 40 12 20 36 24 40 20 44
13 21 37 13 25 45 29 49 45 29
22 18 22 38 38 18 30 26 26 14
19 19 27 19 19 35 27 31 23 23
48 44 36 40 48 44 12 48 16 36
17 17 29 33 25 41 25 41 41 33
22 14 46 42 38 42 42 14 46 22
27 19 15 27 19 35 51 23 19 23
44 40 44 44 16 12 24 24 44 44
45 25 21 49 21 41 13 25 49 45
26 30 22 42 26 46 42 46 38 26
51 47 31 19 23 31 23 51 27 31
12 48 20 48 36 36 28 48 16 40
49 49 49 13 49 29 29 17 41 13
50 30 38 46 30 30 50 18 26 38
35 47 19 51 35 39 47 47 19 35
24 28 48 12 12 24 48 36 20 20
45 21 13 37 25 21 29 41 41 45
18 38 30 22 26 18 50 34 18 46
43 19 31 47 39 51 35 19 19 47
16 16 36 20 48 40 32 12 16 16
29 45 17 45 33 25 41 29 21 13
14 50 46 26 30 46 38 26 38 22
31 27 39 31 39 27 43 43 15 31
