0 0 0 0 0 0 0 0 0 0
1 1 1 1 1 1 1 1 1 1
2 2 2 2 2 2 2 2 2 2
3 3 3 3 3 3 3 3 3 3
0 0 0 0 0 0 0 0 0 0
1 1 1 1 1 1 1 1 1 1
2 2 2 2 2 2 2 2 2 2
3 3 3 3 3 3 3 3 3 3
0 0 0 0 0 0 0 0 0 0
1 1 1 1 1 1 1 1 1 1
2 2 2 2 2 2 2 2 2 2
3 3 3 3 3 3 3 3 3 3
0 0 0 0 0 0 0 0 0 0
1 1 1 1 1 1 1 1 1 1
2 2 2 2 2 2 2 2 2 2
3 3 3 3 3 3 3 3 3 3
0 0 0 0 0 0 0 0 0 0
1 1 1 1 1 1 1 1 1 1
2 2 2 2 2 2 2 2 2 2
3 3 3 3 3 3 3 3 3 3
0 0 0 0 0 0 0 0 0 0
1 1 1 1 1 1 1 1 1 1
2 2 2 2 2 2 2 2 2 2
3 3 3 3 3 3 3 3 3 3
0 0 0 0 0 0 0 0 0 0
1 1 1 1 1 1 1 1 1 1
2 2 2 2 2 2 2 2 2 2
3 3 3 3 3 3 3 3 3 3
0 0 0 0 0 0 0 0 0 0
1 1 1 1 1 1 1 1 1 1
2 2 2 2 2 2 2 2 2 2
3 3 3 3 3 3 3 3 3 3
0 0 0 0 0 0 0 0 0 0
1 1 1 1 1 1 1 1 1 1
2 2 2 2 2 2 2 2 2 2
3 3 3 3 3 3 3 3 3 3
0 0 0 0 0 0 0 0 0 0
1 1 1 1 1 1 1 1 1 1
2 2 2 2 2 2 2 2 2 2
3 3 3 3 3 3 3 3 3 3
0 0 0 0 0 0 0 0 0 0
1 1 1 1 1 1 1 1 1 1
2 2 2 2 2 2 2 2 2 2
3 3 3 3 3 3 3 3 3 3
0 0 0 0 0 0 0 0 0 0
1 1 1 1 1 1 1 1 1 1
2 2 2 2 2 2 2 2 2 2
3 3 3 3 3 3 3 3 3 3
0 0 0 0 0 0 0 0 0 0
1 1 1 1 1 1 1 1 1 1
2 2 2 2 2 2 2 2 2 2
3 3 3 3 3 3 3 3 3 3
0 0 0 0 0 0 0 0 0 0
1 1 1 1 1 1 1 1 1 1
2 2 2 2 2 2 2 2 2 2
3 3 3 3 3 3 3 3 3 3
0 0 0 0 0 0 0 0 0 0
1 1 1 1 1 1 1 1 1 1
2 2 2 2 2 2 2 2 2 2
3 3 3 3 3 3 3 3 3 3
0 0 0 0 0 0 0 0 0 0
1 1 1 1 1 1 1 1 1 1
2 2 2 2 2 2 2 2 2 2
3 3 3 3 3 3 3 3 3 3
0 0 0 0 0 0 0 0 0 0
1 1 1 1 1 1 1 1 1 1
2 2 2 2 2 2 2 2 2 2
3 3 3 3 3 3 3 3 3 3
0 0 0 0 0 0 0 0 0 0
1 1 1 1 1 1 1 1 1 1
2 2 2 2 2 2 2 2 2 2
3 3 3 3 3 3 3 3 3 3
0 0 0 0 0 0 0 0 0 0
1 1 1 1 1 1 1 1 1 1
2 2 2 2 2 2 2 2 2 2
3 3 3 3 3 3 3 3 3 3
0 0 0 0 0 0 0 0 0 0
1 1 1 1 1 1 1 1 1 1
2 2 2 2 2 2 2 2 2 2
3 3 3 3 3 3 3 3 3 3
0 0 0 0 0 0 0 0 0 0
1 1 1 1 1 1 1 1 1 1
2 2 2 2 2 2 2 2 2 2
3 3 3 3 3 3 3 3 3 3
0 0 0 0 0 0 0 0 0 0
1 1 1 1 1 1 1 1 1 1
2 2 2 2 2 2 2 2 2 2
3 3 3 3 3 3 3 3 3 3
0 0 0 0 0 0 0 0 0 0
1 1 1 1 1 1 1 1 1 1
2 2 2 2 2 2 2 2 2 2
3 3 3 3 3 3 3 3 3 3
0 0 0 0 0 0 0 0 0 0
1 1 1 1 1 1 1 1 1 1
2 2 2 2 2 2 2 2 2 2
3 3 3 3 3 3 3 3 3 3
0 0 0 0 0 0 0 0 0 0
1 1 1 1 1 1 1 1 1 1
2 2 2 2 2 2 2 2 2 2
3 3 3 3 3 3 3 3 3 3
12 32 20 48 16 48 48 32 12 48
25 29 33 33 49 37 49 17 29 21
38 22 14 14 26 18 34 30 50 18
47 39 31 47 35 31 35 43 31 47
44 48 36 24 28 24 44 32 16 12
17 41 49 21 33 41 45 21 49 13
26 42 38 22 46 50 46 26 38 46
23 19 35 19 43 51 31 39 43 43
24 20 16 16 28 40 12 44 40 16
29 17 41 29 37 45 45 45 25 17
46 34 14 26 38 22 38 46 34 50
15 39 31 39 43 51 19 19 27 15
36 20 12 40 32 24 16 28 36 32
21 33 45 49 33 37 29 29 37 17
18 38 30 30 22 26 14 22 42 42
51 31 23 19 43 39 43 19 15 47
24 32 16 48 40 40 20 36 12 16
37 33 21 33 21 37 45 25 45 33
22 50 26 50 22 26 38 34 30 42
39 39 19 23 51 39 47 31 23 47
44 32 20 44 32 28 28 32 28 40
37 33 13 45 29 25 33 21 49 33
14 38 38 46 18 50 14 26 46 38
27 43 23 31 39 39 31 19 27 15
48 32 44 44 44 48 48 32 36 24
25 33 33 13 45 41 25 33 41 13
22 26 26 14 26 18 30 50 30 50
15 31 15 19 39 19 43 43 35 23
12 16 28 16 48 20 44 40 16 16
33 29 17 41 37 21 21 37 29 33
34 34 26 14 18 42 34 50 38 34
43 47 35 27 19 23 31 43 35 43
16 40 24 24 12 48 28 32 44 40
21 49 17 41 41 37 13 13 33 25
14 46 18 50 42 50 30 22 38 42
47 31 43 23 23 35 23 43 35 51
28 16 44 44 24 36 32 20 48 44
33 49 29 41 25 41 29 49 21 29
42 38 50 14 14 46 38 26 14 42
31 47 19 47 31 47 19 23 31 51
24 36 12 12 48 12 28 16 44 44
49 45 29 21 49 13 37 45 17 25
42 46 34 42 30 46 18 26 34 46
51 27 23 39 19 27 27 31 39 43
44 12 32 32 36 48 44 12 36 28
33 25 49 13 13 41 29 37 45 49
18 22 50 30 22 14 18 34 14 18
23 27 23 31 31 27 27 35 31 47
16 48 20 48 44 44 20 44 36 16
37 49 25 41 33 41 25 41 37 37
38 30 30 18 34 14 42 22 38 14
19 51 23 35 43 35 27 39 43 19
48 32 40 24 44 16 16 28 16 40
41 21 13 37 41 41 33 25 45 49
46 50 26 26 22 30 42 14 34 26
51 27 19 31 27 31 39 47 15 23
48 28 20 40 20 24 48 32 32 12
33 25 17 25 49 13 21 17 45 49
42 34 50 26 26 42 26 22 26 26
23 35 51 39 31 23 51 39 15 43
48 40 36 48 32 20 36 44 24 36
21 37 37 45 25 29 41 21 33 29
42 26 18 46 34 26 26 22 38 46
23 23 31 43 51 23 23 15 51 47
48 16 20 24 32 24 48 20 36 40
41 25 13 37 45 49 25 41 49 49
34 14 50 42 30 34 30 46 46 30
35 31 35 39 35 19 39 39 43 15
16 16 36 12 20 48 20 36 24 28
29 29 13 41 37 13 45 21 33 37
46 22 30 50 30 42 14 34 30 34
23 35 19 15 39 15 35 43 51 47
28 40 36 40 48 48 32 32 20 44
37 33 41 41 17 49 41 41 29 33
18 34 30 38 42 50 50 30 38 14
39 51 43 51 15 23 35 19 47 15
40 40 28 24 20 20 40 36 32 48
41 17 17 17 13 49 33 21 13 21
14 38 42 46 30 26 46 14 46 26
47 51 27 35 51 35 43 39 19 39
36 24 36 12 32 36 32 24 20 12
41 29 29 33 17 41 33 13 33 21
46 30 42 14 38 30 42 14 18 46
35 23 43 51 35 47 51 47 27 43
36 40 40 48 16 12 36 12 24 28
49 21 21 29 49 29 45 37 41 49
26 18 30 26 30 26 26 30 50 46
39 23 39 31 19 15 39 19 19 23
24 40 36 44 36 48 48 36 24 24
17 29 33 21 25 37 45 29 49 17
26 50 34 14 22 18 50 14 22 38
47 23 19 39 43 31 35 51 47 23
32 44 32 12 20 44 40 48 20 32
49 33 45 37 49 37 49 49 49 41
30 42 46 22 38 26 50 42 18 30
47 47 23 27 43 51 19 19 15 23
44 44 20 24 44 16 24 44 20 40
21 25 29 49 33 17 21 21 41 21
30 26 14 42 50 38 34 34 22 50
31 43 31 15 51 23 23 23 43 39
