0 0 0 0 0 1 1 1 1 1
2 2 2 2 2 3 3 3 3 3
0 0 0 0 0 1 1 1 1 1
2 2 2 2 2 3 3 3 3 3
0 0 0 0 0 1 1 1 1 1
2 2 2 2 2 3 3 3 3 3
0 0 0 0 0 1 1 1 1 1
2 2 2 2 2 3 3 3 3 3
0 0 0 0 0 1 1 1 1 1
2 2 2 2 2 3 3 3 3 3
32 28 20 20 28 13 37 37 33 49
34 22 14 42 22 51 27 47 19 47
32 36 44 48 44 41 17 25 29 41
22 42 14 30 14 27 39 35 15 15
24 36 20 40 24 37 21 37 37 13
30 14 30 22 42 19 51 39 23 47
16 36 16 32 36 25 45 37 13 21
46 14 42 30 50 51 19 15 19 51
40 40 36 20 40 33 45 21 33 13
30 22 34 38 42 39 51 51 27 31
