0 0 0 0 0 0 0 0 0 0 0 0 0 0 0 0
1 1 1 1 1 1 1 1 1 1 1 1 1 1 1 1
2 2 2 2 2 2 2 2 2 2 2 2 2 2 2 2
3 3 3 3 3 3 3 3 3 3 3 3 3 3 3 3
0 0 0 0 0 0 0 0 0 0 0 0 0 0 0 0
1 1 1 1 1 1 1 1 1 1 1 1 1 1 1 1
2 2 2 2 2 2 2 2 2 2 2 2 2 2 2 2
3 3 3 3 3 3 3 3 3 3 3 3 3 3 3 3
0 0 0 0 0 0 0 0 0 0 0 0 0 0 0 0
1 1 1 1 1 1 1 1 1 1 1 1 1 1 1 1
2 2 2 2 2 2 2 2 2 2 2 2 2 2 2 2
3 3 3 3 3 3 3 3 3 3 3 3 3 3 3 3
0 0 0 0 0 0 0 0 0 0 0 0 0 0 0 0
1 1 1 1 1 1 1 1 1 1 1 1 1 1 1 1
2 2 2 2 2 2 2 2 2 2 2 2 2 2 2 2
3 3 3 3 3 3 3 3 3 3 3 3 3 3 3 3
32 40 48 36 28 32 16 16 36 16 36 36 32 12 16 24
33 41 45 49 41 13 37 37 33 13 49 45 49 41 33 29
46 18 14 14 30 38 38 30 14 30 26 30 30 18 14 46
35 15 43 35 31 31 23 47 51 19 15 47 39 23 43 15
28 12 36 24 36 24 40 20 16 28 40 24 16 36 24 36
41 17 13 13 45 41 37 21 13 45 41 21 13 13 17 21
34 46 14 22 22 22 30 22 18 42 30 18 46 38 14 22
47 23 43 15 35 23 47 39 51 19 47 35 27 43 47 27
12 16 48 12 12 32 20 48 48 48 16 12 48 24 20 36
29 49 45 21 29 13 45 45 45 41 33 49 21 25 13 37
18 38 46 14 50 14 26 38 14 30 18 50 30 14 30 26
47 23 43 23 35 31 39 35 39 39 43 19 35 51 39 51
44 12 48 16 20 40 44 12 48 12 12 48 44 40 16 28
33 37 37 49 45 45 37 21 29 17 13 17 17 17 17 21
42 46 38 18 38 26 18 38 42 38 30 18 18 38 14 26
51 39 23 23 23 35 35 15 43 39 39 43 19 27 15 19
