0 0 0 0 0 0 0 0 0 0 0 0 0 0 0 0
1 1 1 1 1 1 1 1 1 1 1 1 1 1 1 1
2 2 2 2 2 2 2 2 2 2 2 2 2 2 2 2
3 3 3 3 3 3 3 3 3 3 3 3 3 3 3 3
0 0 0 0 0 0 0 0 0 0 0 0 0 0 0 0
1 1 1 1 1 1 1 1 1 1 1 1 1 1 1 1
2 2 2 2 2 2 2 2 2 2 2 2 2 2 2 2
3 3 3 3 3 3 3 3 3 3 3 3 3 3 3 3
0 0 0 0 0 0 0 0 0 0 0 0 0 0 0 0
1 1 1 1 1 1 1 1 1 1 1 1 1 1 1 1
2 2 2 2 2 2 2 2 2 2 2 2 2 2 2 2
3 3 3 3 3 3 3 3 3 3 3 3 3 3 3 3
0 0 0 0 0 0 0 0 0 0 0 0 0 0 0 0
1 1 1 1 1 1 1 1 1 1 1 1 1 1 1 1
2 2 2 2 2 2 2 2 2 2 2 2 2 2 2 2
3 3 3 3 3 3 3 3 3 3 3 3 3 3 3 3
40 16 44 48 28 16 12 36 40 28 44 12 12 36 12 24
17 41 33 45 49 21 45 37 25 21 21 21 21 49 17 21
50 38 14 42 22 14 50 30 50 30 34 14 34 22 38 46
15 27 27 27 19 43 15 35 27 19 31 35 19 23 15 47
32 12 16 48 36 40 36 28 36 24 12 16 12 32 44 16
49 21 33 41 29 33 13 45 13 17 29 29 37 13 33 41
50 18 14 26 38 18 26 18 42 30 30 26 50 50 50 38
47 19 47 19 39 47 19 51 23 35 39 27 19 47 35 43
40 16 12 12 48 24 48 28 32 16 28 32 48 40 44 32
41 41 13 33 41 45 13 13 17 25 17 25 41 25 49 25
46 26 50 22 26 38 46 14 46 34 38 18 42 30 46 26
15 51 15 51 31 15 15 19 27 15 15 31 39 43 39 43
40 24 12 32 36 44 20 28 36 24 44 36 40 40 32 24
25 37 17 13 49 21 37 29 33 25 33 49 49 21 17 29
46 46 34 50 30 26 50 18 14 46 18 22 42 30 50 30
23 15 31 19 43 35 19 39 51 43 19 35 35 51 47 51
