0 0 0 0 0 0 0 0 0 0
1 1 1 1 1 1 1 1 1 1
2 2 2 2 2 2 2 2 2 2
3 3 3 3 3 3 3 3 3 3
0 0 0 0 0 0 0 0 0 0
1 1 1 1 1 1 1 1 1 1
2 2 2 2 2 2 2 2 2 2
3 3 3 3 3 3 3 3 3 3
0 0 0 0 0 0 0 0 0 0
1 1 1 1 1 1 1 1 1 1
2 2 2 2 2 2 2 2 2 2
3 3 3 3 3 3 3 3 3 3
0 0 0 0 0 0 0 0 0 0
1 1 1 1 1 1 1 1 1 1
2 2 2 2 2 2 2 2 2 2
3 3 3 3 3 3 3 3 3 3
0 0 0 0 0 0 0 0 0 0
1 1 1 1 1 1 1 1 1 1
2 2 2 2 2 2 2 2 2 2
3 3 3 3 3 3 3 3 3 3
0 0 0 0 0 0 0 0 0 0
1 1 1 1 1 1 1 1 1 1
2 2 2 2 2 2 2 2 2 2
3 3 3 3 3 3 3 3 3 3
0 0 0 0 0 0 0 0 0 0
1 1 1 1 1 1 1 1 1 1
2 2 2 2 2 2 2 2 2 2
3 3 3 3 3 3 3 3 3 3
0 0 0 0 0 0 0 0 0 0
1 1 1 1 1 1 1 1 1 1
2 2 2 2 2 2 2 2 2 2
3 3 3 3 3 3 3 3 3 3
0 0 0 0 0 0 0 0 0 0
1 1 1 1 1 1 1 1 1 1
2 2 2 2 2 2 2 2 2 2
3 3 3 3 3 3 3 3 3 3
0 0 0 0 0 0 0 0 0 0
1 1 1 1 1 1 1 1 1 1
2 2 2 2 2 2 2 2 2 2
3 3 3 3 3 3 3 3 3 3
0 0 0 0 0 0 0 0 0 0
1 1 1 1 1 1 1 1 1 1
2 2 2 2 2 2 2 2 2 2
3 3 3 3 3 3 3 3 3 3
0 0 0 0 0 0 0 0 0 0
1 1 1 1 1 1 1 1 1 1
2 2 2 2 2 2 2 2 2 2
3 3 3 3 3 3 3 3 3 3
0 0 0 0 0 0 0 0 0 0
1 1 1 1 1 1 1 1 1 1
2 2 2 2 2 2 2 2 2 2
3 3 3 3 3 3 3 3 3 3
0 0 0 0 0 0 0 0 0 0
1 1 1 1 1 1 1 1 1 1
2 2 2 2 2 2 2 2 2 2
3 3 3 3 3 3 3 3 3 3
0 0 0 0 0 0 0 0 0 0
1 1 1 1 1 1 1 1 1 1
2 2 2 2 2 2 2 2 2 2
3 3 3 3 3 3 3 3 3 3
0 0 0 0 0 0 0 0 0 0
1 1 1 1 1 1 1 1 1 1
2 2 2 2 2 2 2 2 2 2
3 3 3 3 3 3 3 3 3 3
0 0 0 0 0 0 0 0 0 0
1 1 1 1 1 1 1 1 1 1
2 2 2 2 2 2 2 2 2 2
3 3 3 3 3 3 3 3 3 3
0 0 0 0 0 0 0 0 0 0
1 1 1 1 1 1 1 1 1 1
2 2 2 2 2 2 2 2 2 2
3 3 3 3 3 3 3 3 3 3
0 0 0 0 0 0 0 0 0 0
1 1 1 1 1 1 1 1 1 1
2 2 2 2 2 2 2 2 2 2
3 3 3 3 3 3 3 3 3 3
0 0 0 0 0 0 0 0 0 0
1 1 1 1 1 1 1 1 1 1
2 2 2 2 2 2 2 2 2 2
3 3 3 3 3 3 3 3 3 3
0 0 0 0 0 0 0 0 0 0
1 1 1 1 1 1 1 1 1 1
2 2 2 2 2 2 2 2 2 2
3 3 3 3 3 3 3 3 3 3
0 0 0 0 0 0 0 0 0 0
1 1 1 1 1 1 1 1 1 1
2 2 2 2 2 2 2 2 2 2
3 3 3 3 3 3 3 3 3 3
0 0 0 0 0 0 0 0 0 0
1 1 1 1 1 1 1 1 1 1
2 2 2 2 2 2 2 2 2 2
3 3 3 3 3 3 3 3 3 3
0 0 0 0 0 0 0 0 0 0
1 1 1 1 1 1 1 1 1 1
2 2 2 2 2 2 2 2 2 2
3 3 3 3 3 3 3 3 3 3
0 0 0 0 0 0 0 0 0 0
1 1 1 1 1 1 1 1 1 1
2 2 2 2 2 2 2 2 2 2
3 3 3 3 3 3 3 3 3 3
28 16 40 48 36 20 32 28 16 40
13 45 33 49 17 13 21 45 17 49
30 22 46 46 46 22 26 30 42 34
15 39 35 47 43 51 15 51 51 19
48 44 28 40 32 48 32 12 20 24
33 45 41 37 37 29 37 37 29 21
30 18 38 30 42 26 50 38 46 50
15 47 39 43 15 27 35 23 39 19
32 28 48 28 12 20 24 48 44 32
17 33 37 17 41 45 13 13 33 33
50 22 30 42 30 34 30 38 26 22
35 43 19 19 43 23 43 47 47 39
36 32 40 12 48 24 12 40 36 16
29 49 13 25 49 21 29 37 17 29
26 50 34 42 14 14 46 30 14 18
15 31 19 15 47 47 15 51 47 19
44 44 12 40 28 44 20 20 32 36
41 29 17 49 17 29 41 45 45 21
14 42 34 38 46 34 42 14 46 50
27 51 47 51 31 31 23 27 15 35
44 36 20 28 40 40 48 48 24 44
13 17 33 41 29 21 13 41 37 21
34 30 50 22 38 26 42 26 26 50
27 31 23 47 35 47 51 35 47 27
28 32 44 32 40 32 44 32 48 44
13 17 41 41 45 21 13 37 49 45
22 34 26 46 38 38 14 34 46 22
43 19 47 51 15 31 43 47 15 43
40 24 40 28 36 28 40 36 24 28
49 29 21 25 21 13 13 29 41 37
50 26 22 22 38 38 22 46 26 26
43 39 27 35 27 39 51 35 23 51
24 48 24 28 20 44 48 12 16 48
37 37 37 13 41 25 17 41 45 37
30 50 26 26 38 26 42 14 14 42
47 51 47 31 23 31 47 39 39 27
40 28 44 40 12 28 24 20 36 44
33 41 41 41 29 33 17 49 13 21
22 46 38 46 50 46 50 38 22 14
19 27 31 15 43 47 31 15 35 43
16 32 12 48 24 36 20 24 20 32
49 45 49 17 45 21 25 45 25 33
18 22 14 14 22 46 18 34 18 30
51 39 15 23 15 31 47 23 23 39
28 44 44 32 40 16 44 32 44 12
33 33 17 29 25 21 21 13 25 21
42 18 22 34 34 18 22 42 14 34
15 47 35 19 19 15 15 43 15 31
24 28 44 40 48 44 12 36 48 36
13 49 21 17 49 41 33 33 21 37
34 26 30 14 14 42 50 38 22 46
15 23 47 23 27 31 35 31 19 31
40 12 40 48 20 16 20 36 12 16
13 33 33 25 29 21 13 21 29 17
30 46 50 46 46 26 38 46 38 18
27 19 43 47 39 31 43 27 35 23
16 28 12 12 24 40 16 24 36 20
29 29 37 17 13 45 41 49 45 13
50 18 26 18 18 26 18 50 14 34
23 15 23 39 51 19 27 31 31 27
32 12 48 12 44 32 28 28 28 48
25 49 49 49 49 33 37 17 25 37
38 18 34 42 42 22 30 18 46 38
31 31 47 19 27 47 19 39 31 27
40 40 40 12 12 44 28 12 48 48
13 33 21 49 37 17 25 49 25 45
14 30 38 30 26 38 42 42 18 34
31 27 39 35 31 31 31 51 35 23
32 20 32 24 40 32 44 40 36 24
45 33 29 29 25 13 45 45 37 29
30 22 18 46 30 34 42 14 18 42
35 15 27 51 35 39 23 31 43 15
20 20 16 12 32 40 36 48 48 20
37 17 13 17 25 13 41 13 25 37
22 38 14 30 26 46 34 38 18 38
51 47 15 43 47 15 47 15 35 35
40 48 32 12 48 32 12 40 28 40
37 17 17 49 37 21 41 37 37 21
14 26 30 30 38 46 50 50 34 18
31 47 43 19 31 15 47 47 39 19
24 36 24 40 32 36 28 20 32 48
21 13 49 25 33 25 29 49 13 37
42 30 18 38 46 30 26 42 38 46
51 35 39 43 47 35 35 43 39 23
12 32 36 28 24 28 32 12 48 28
17 37 21 29 21 41 37 13 17 25
50 42 18 42 14 30 30 46 38 46
51 27 31 27 15 47 51 19 19 23
12 32 32 24 24 16 28 32 20 16
49 49 45 25 25 25 41 37 37 29
18 22 18 50 34 46 26 34 26 38
27 51 35 47 43 35 39 19 31 15
20 12 12 28 32 28 44 32 20 12
49 45 29 49 33 49 29 25 25 29
22 22 14 46 50 26 38 18 22 46
19 19 35 15 47 31 43 15 15 51
12 28 40 40 32 36 16 48 20 44
49 13 13 41 33 33 41 29 13 13
34 34 18 50 26 30 26 18 34 22
47 51 31 51 19 27 15 31 43 23
