0 0 0 0 0 1 1 1 1 1
2 2 2 2 2 3 3 3 3 3
0 0 0 0 0 1 1 1 1 1
2 2 2 2 2 3 3 3 3 3
0 0 0 0 0 1 1 1 1 1
2 2 2 2 2 3 3 3 3 3
0 0 0 0 0 1 1 1 1 1
2 2 2 2 2 3 3 3 3 3
0 0 0 0 0 1 1 1 1 1
2 2 2 2 2 3 3 3 3 3
44 16 36 28 36 29 45 41 45 49
14 14 42 50 50 31 47 15 23 31
48 32 28 16 20 41 21 17 13 45
30 42 22 22 22 19 15 19 15 19
48 44 12 16 20 13 49 37 21 25
50 22 34 50 46 39 15 27 27 51
28 44 36 28 40 21 37 21 17 45
42 46 46 18 18 23 51 23 15 43
28 16 16 24 24 29 21 21 37 37
38 30 38 42 38 35 39 31 43 31
