0 0 0 0 0 0 0 0 0 0 0 0 0 0 0 0
1 1 1 1 1 1 1 1 1 1 1 1 1 1 1 1
2 2 2 2 2 2 2 2 2 2 2 2 2 2 2 2
3 3 3 3 3 3 3 3 3 3 3 3 3 3 3 3
0 0 0 0 0 0 0 0 0 0 0 0 0 0 0 0
1 1 1 1 1 1 1 1 1 1 1 1 1 1 1 1
2 2 2 2 2 2 2 2 2 2 2 2 2 2 2 2
3 3 3 3 3 3 3 3 3 3 3 3 3 3 3 3
0 0 0 0 0 0 0 0 0 0 0 0 0 0 0 0
1 1 1 1 1 1 1 1 1 1 1 1 1 1 1 1
2 2 2 2 2 2 2 2 2 2 2 2 2 2 2 2
3 3 3 3 3 3 3 3 3 3 3 3 3 3 3 3
0 0 0 0 0 0 0 0 0 0 0 0 0 0 0 0
1 1 1 1 1 1 1 1 1 1 1 1 1 1 1 1
2 2 2 2 2 2 2 2 2 2 2 2 2 2 2 2
3 3 3 3 3 3 3 3 3 3 3 3 3 3 3 3
40 32 40 32 12 32 40 48 44 24 40 32 12 48 24 48
33 33 25 49 29 21 25 49 33 49 33 41 29 29 33 13
26 26 26 46 18 34 42 38 22 14 30 22 30 34 22 18
51 19 51 31 15 43 43 31 19 23 43 19 31 39 27 31
20 24 44 20 32 16 48 28 36 40 48 48 24 44 48 44
45 33 41 17 21 25 21 41 21 37 41 41 29 17 29 41
50 18 50 18 34 22 38 46 26 34 30 26 50 50 14 14
51 27 19 23 47 35 15 27 27 47 39 47 31 43 23 35
48 32 44 48 16 36 16 36 44 24 48 28 36 32 24 12
25 25 13 49 21 29 29 13 45 25 45 37 17 21 45 25
34 22 14 18 26 46 38 34 38 22 14 22 50 42 42 46
27 23 15 15 43 15 23 47 35 15 15 43 35 31 35 43
12 12 40 44 36 12 36 24 24 44 36 32 44 12 48 24
37 41 21 33 49 29 49 17 49 25 49 17 49 37 37 49
42 42 38 22 18 42 42 14 30 50 26 26 46 30 22 22
27 43 15 51 39 47 15 31 43 19 39 47 31 47 31 23
