0 0 0 0 0 1 1 1 1 1
2 2 2 2 2 3 3 3 3 3
0 0 0 0 0 1 1 1 1 1
2 2 2 2 2 3 3 3 3 3
0 0 0 0 0 1 1 1 1 1
2 2 2 2 2 3 3 3 3 3
0 0 0 0 0 1 1 1 1 1
2 2 2 2 2 3 3 3 3 3
0 0 0 0 0 1 1 1 1 1
2 2 2 2 2 3 3 3 3 3
48 28 32 24 16 45 41 13 17 17
22 46 38 42 38 43 35 51 35 51
40 24 28 20 40 41 25 25 41 41
34 22 34 30 14 35 51 31 43 51
36 16 36 12 28 33 17 41 33 29
34 30 26 38 38 15 35 31 43 39
12 32 24 28 28 21 21 45 25 41
34 30 30 38 42 23 19 47 39 23
40 24 48 48 12 13 33 45 25 25
38 30 34 30 42 39 39 47 47 19
