0 0 0 0 0 0 0 0 0 0
1 1 1 1 1 1 1 1 1 1
2 2 2 2 2 2 2 2 2 2
3 3 3 3 3 3 3 3 3 3
0 0 0 0 0 0 0 0 0 0
1 1 1 1 1 1 1 1 1 1
2 2 2 2 2 2 2 2 2 2
3 3 3 3 3 3 3 3 3 3
0 0 0 0 0 0 0 0 0 0
1 1 1 1 1 1 1 1 1 1
2 2 2 2 2 2 2 2 2 2
3 3 3 3 3 3 3 3 3 3
0 0 0 0 0 0 0 0 0 0
1 1 1 1 1 1 1 1 1 1
2 2 2 2 2 2 2 2 2 2
3 3 3 3 3 3 3 3 3 3
0 0 0 0 0 0 0 0 0 0
1 1 1 1 1 1 1 1 1 1
2 2 2 2 2 2 2 2 2 2
3 3 3 3 3 3 3 3 3 3
0 0 0 0 0 0 0 0 0 0
1 1 1 1 1 1 1 1 1 1
2 2 2 2 2 2 2 2 2 2
3 3 3 3 3 3 3 3 3 3
0 0 0 0 0 0 0 0 0 0
1 1 1 1 1 1 1 1 1 1
2 2 2 2 2 2 2 2 2 2
3 3 3 3 3 3 3 3 3 3
0 0 0 0 0 0 0 0 0 0
1 1 1 1 1 1 1 1 1 1
2 2 2 2 2 2 2 2 2 2
3 3 3 3 3 3 3 3 3 3
0 0 0 0 0 0 0 0 0 0
1 1 1 1 1 1 1 1 1 1
2 2 2 2 2 2 2 2 2 2
3 3 3 3 3 3 3 3 3 3
0 0 0 0 0 0 0 0 0 0
1 1 1 1 1 1 1 1 1 1
2 2 2 2 2 2 2 2 2 2
3 3 3 3 3 3 3 3 3 3
0 0 0 0 0 0 0 0 0 0
1 1 1 1 1 1 1 1 1 1
2 2 2 2 2 2 2 2 2 2
3 3 3 3 3 3 3 3 3 3
0 0 0 0 0 0 0 0 0 0
1 1 1 1 1 1 1 1 1 1
2 2 2 2 2 2 2 2 2 2
3 3 3 3 3 3 3 3 3 3
0 0 0 0 0 0 0 0 0 0
1 1 1 1 1 1 1 1 1 1
2 2 2 2 2 2 2 2 2 2
3 3 3 3 3 3 3 3 3 3
0 0 0 0 0 0 0 0 0 0
1 1 1 1 1 1 1 1 1 1
2 2 2 2 2 2 2 2 2 2
3 3 3 3 3 3 3 3 3 3
0 0 0 0 0 0 0 0 0 0
1 1 1 1 1 1 1 1 1 1
2 2 2 2 2 2 2 2 2 2
3 3 3 3 3 3 3 3 3 3
0 0 0 0 0 0 0 0 0 0
1 1 1 1 1 1 1 1 1 1
2 2 2 2 2 2 2 2 2 2
3 3 3 3 3 3 3 3 3 3
0 0 0 0 0 0 0 0 0 0
1 1 1 1 1 1 1 1 1 1
2 2 2 2 2 2 2 2 2 2
3 3 3 3 3 3 3 3 3 3
0 0 0 0 0 0 0 0 0 0
1 1 1 1 1 1 1 1 1 1
2 2 2 2 2 2 2 2 2 2
3 3 3 3 3 3 3 3 3 3
0 0 0 0 0 0 0 0 0 0
1 1 1 1 1 1 1 1 1 1
2 2 2 2 2 2 2 2 2 2
3 3 3 3 3 3 3 3 3 3
0 0 0 0 0 0 0 0 0 0
1 1 1 1 1 1 1 1 1 1
2 2 2 2 2 2 2 2 2 2
3 3 3 3 3 3 3 3 3 3
0 0 0 0 0 0 0 0 0 0
1 1 1 1 1 1 1 1 1 1
2 2 2 2 2 2 2 2 2 2
3 3 3 3 3 3 3 3 3 3
0 0 0 0 0 0 0 0 0 0
1 1 1 1 1 1 1 1 1 1
2 2 2 2 2 2 2 2 2 2
3 3 3 3 3 3 3 3 3 3
0 0 0 0 0 0 0 0 0 0
1 1 1 1 1 1 1 1 1 1
2 2 2 2 2 2 2 2 2 2
3 3 3 3 3 3 3 3 3 3
0 0 0 0 0 0 0 0 0 0
1 1 1 1 1 1 1 1 1 1
2 2 2 2 2 2 2 2 2 2
3 3 3 3 3 3 3 3 3 3
0 0 0 0 0 0 0 0 0 0
1 1 1 1 1 1 1 1 1 1
2 2 2 2 2 2 2 2 2 2
3 3 3 3 3 3 3 3 3 3
20 20 20 32 40 20 32 48 40 16
33 21 25 33 17 25 33 17 13 13
14 22 34 14 26 34 22 26 38 26
47 43 51 27 31 43 27 31 39 31
44 28 32 36 24 36 48 48 12 48
21 45 21 21 13 45 25 41 33 45
38 42 30 34 18 34 38 26 42 42
23 31 19 51 27 19 23 43 19 39
36 28 28 24 44 24 32 44 40 16
25 29 13 29 37 29 33 41 25 13
50 38 42 14 18 22 14 30 50 18
31 35 43 43 15 27 39 31 15 27
32 12 48 20 36 24 40 36 24 16
17 41 45 21 45 49 21 13 21 49
22 18 34 14 26 22 22 22 14 34
47 43 43 23 23 23 39 23 51 47
44 24 12 48 48 48 28 40 40 44
25 37 33 37 37 41 49 25 37 33
14 22 34 22 18 50 50 26 34 14
39 31 51 23 19 43 43 15 23 43
36 44 12 24 28 36 24 28 20 12
49 29 41 33 21 45 33 13 49 33
26 26 14 50 14 22 18 50 50 26
39 19 47 23 19 47 31 27 19 31
28 40 16 12 16 12 20 16 28 36
37 41 41 45 33 21 49 21 49 33
22 22 42 46 38 38 50 34 26 50
27 51 47 15 23 15 51 23 39 47
28 16 24 32 40 16 40 16 44 28
45 29 33 21 49 41 29 49 33 33
42 18 42 42 42 34 30 42 14 22
15 35 27 27 31 27 39 31 31 23
12 12 44 44 24 36 40 44 20 48
37 45 33 25 37 17 25 29 25 37
26 26 30 46 30 38 26 22 18 42
19 31 27 39 43 51 35 43 19 43
40 48 24 12 36 44 40 44 32 20
21 33 37 37 41 41 37 41 37 13
46 18 14 46 18 46 30 14 34 34
23 23 23 31 31 39 15 51 39 23
48 24 36 32 16 24 28 48 48 40
25 37 25 33 21 49 13 25 45 37
30 18 30 50 14 50 18 38 22 38
23 27 51 19 15 27 23 47 19 43
20 12 48 32 16 44 28 48 32 20
37 33 29 13 49 41 13 49 29 29
46 34 46 34 18 46 14 30 38 14
35 23 35 31 51 31 47 51 19 19
32 20 48 24 48 48 48 28 24 40
17 21 29 29 45 49 25 37 21 21
30 42 22 42 14 30 38 34 50 14
47 19 19 23 39 39 47 39 31 19
36 32 16 16 12 24 20 44 12 20
41 37 49 41 49 21 37 33 33 37
26 22 30 30 42 30 26 30 14 50
27 51 39 35 47 39 39 51 23 47
40 32 44 28 44 32 32 28 40 16
25 41 25 49 25 21 29 21 37 25
38 18 26 22 46 38 14 50 46 38
15 19 19 47 51 19 47 43 27 31
48 20 28 24 36 28 36 28 44 24
17 41 21 25 29 25 45 45 17 33
46 34 22 46 14 18 18 42 34 46
27 51 15 31 35 19 47 39 35 15
24 24 44 36 48 40 12 48 24 12
25 41 17 29 17 25 21 41 49 49
22 14 14 30 26 18 18 34 22 46
27 31 35 43 39 19 43 51 39 43
16 12 40 44 36 36 24 36 16 44
37 49 41 45 45 49 17 29 45 29
50 42 46 38 26 50 38 14 50 30
27 15 15 35 39 31 27 15 35 35
32 32 44 16 24 12 44 28 24 32
21 21 37 25 29 45 37 33 29 41
26 34 26 14 50 38 42 34 18 22
15 43 43 39 39 31 27 47 51 51
12 44 36 32 20 48 12 32 28 44
29 41 45 33 45 49 13 45 37 37
30 26 18 30 30 18 34 42 38 34
35 47 47 51 35 27 47 15 43 47
24 36 36 28 12 12 20 36 48 32
49 21 49 33 37 25 21 21 37 45
30 22 38 14 22 22 50 46 50 34
15 43 51 47 15 43 43 27 19 47
12 20 40 20 16 12 40 48 36 36
41 45 37 33 41 41 25 17 17 17
14 14 46 46 38 30 38 38 26 38
51 19 47 15 31 35 43 15 35 23
20 16 44 36 20 28 16 12 36 40
25 17 33 29 29 49 45 37 33 17
26 18 42 22 34 34 22 38 38 18
43 31 47 39 51 31 39 19 23 51
12 16 20 36 16 48 32 36 24 28
21 21 37 37 49 41 37 13 49 13
34 14 42 22 14 34 22 26 34 18
31 31 31 27 27 31 43 27 31 51
48 40 40 36 16 44 16 24 28 20
37 13 25 49 49 41 21 49 21 41
30 38 42 46 18 38 42 26 14 34
47 31 23 23 51 39 47 23 39 23
