0 0 0 0 0 0 0 0 0 0
1 1 1 1 1 1 1 1 1 1
2 2 2 2 2 2 2 2 2 2
3 3 3 3 3 3 3 3 3 3
0 0 0 0 0 0 0 0 0 0
1 1 1 1 1 1 1 1 1 1
2 2 2 2 2 2 2 2 2 2
3 3 3 3 3 3 3 3 3 3
0 0 0 0 0 0 0 0 0 0
1 1 1 1 1 1 1 1 1 1
2 2 2 2 2 2 2 2 2 2
3 3 3 3 3 3 3 3 3 3
0 0 0 0 0 0 0 0 0 0
1 1 1 1 1 1 1 1 1 1
2 2 2 2 2 2 2 2 2 2
3 3 3 3 3 3 3 3 3 3
0 0 0 0 0 0 0 0 0 0
1 1 1 1 1 1 1 1 1 1
2 2 2 2 2 2 2 2 2 2
3 3 3 3 3 3 3 3 3 3
0 0 0 0 0 0 0 0 0 0
1 1 1 1 1 1 1 1 1 1
2 2 2 2 2 2 2 2 2 2
3 3 3 3 3 3 3 3 3 3
0 0 0 0 0 0 0 0 0 0
1 1 1 1 1 1 1 1 1 1
2 2 2 2 2 2 2 2 2 2
3 3 3 3 3 3 3 3 3 3
0 0 0 0 0 0 0 0 0 0
1 1 1 1 1 1 1 1 1 1
2 2 2 2 2 2 2 2 2 2
3 3 3 3 3 3 3 3 3 3
0 0 0 0 0 0 0 0 0 0
1 1 1 1 1 1 1 1 1 1
2 2 2 2 2 2 2 2 2 2
3 3 3 3 3 3 3 3 3 3
0 0 0 0 0 0 0 0 0 0
1 1 1 1 1 1 1 1 1 1
2 2 2 2 2 2 2 2 2 2
3 3 3 3 3 3 3 3 3 3
0 0 0 0 0 0 0 0 0 0
1 1 1 1 1 1 1 1 1 1
2 2 2 2 2 2 2 2 2 2
3 3 3 3 3 3 3 3 3 3
0 0 0 0 0 0 0 0 0 0
1 1 1 1 1 1 1 1 1 1
2 2 2 2 2 2 2 2 2 2
3 3 3 3 3 3 3 3 3 3
0 0 0 0 0 0 0 0 0 0
1 1 1 1 1 1 1 1 1 1
2 2 2 2 2 2 2 2 2 2
3 3 3 3 3 3 3 3 3 3
0 0 0 0 0 0 0 0 0 0
1 1 1 1 1 1 1 1 1 1
2 2 2 2 2 2 2 2 2 2
3 3 3 3 3 3 3 3 3 3
0 0 0 0 0 0 0 0 0 0
1 1 1 1 1 1 1 1 1 1
2 2 2 2 2 2 2 2 2 2
3 3 3 3 3 3 3 3 3 3
0 0 0 0 0 0 0 0 0 0
1 1 1 1 1 1 1 1 1 1
2 2 2 2 2 2 2 2 2 2
3 3 3 3 3 3 3 3 3 3
0 0 0 0 0 0 0 0 0 0
1 1 1 1 1 1 1 1 1 1
2 2 2 2 2 2 2 2 2 2
3 3 3 3 3 3 3 3 3 3
0 0 0 0 0 0 0 0 0 0
1 1 1 1 1 1 1 1 1 1
2 2 2 2 2 2 2 2 2 2
3 3 3 3 3 3 3 3 3 3
0 0 0 0 0 0 0 0 0 0
1 1 1 1 1 1 1 1 1 1
2 2 2 2 2 2 2 2 2 2
3 3 3 3 3 3 3 3 3 3
0 0 0 0 0 0 0 0 0 0
1 1 1 1 1 1 1 1 1 1
2 2 2 2 2 2 2 2 2 2
3 3 3 3 3 3 3 3 3 3
0 0 0 0 0 0 0 0 0 0
1 1 1 1 1 1 1 1 1 1
2 2 2 2 2 2 2 2 2 2
3 3 3 3 3 3 3 3 3 3
0 0 0 0 0 0 0 0 0 0
1 1 1 1 1 1 1 1 1 1
2 2 2 2 2 2 2 2 2 2
3 3 3 3 3 3 3 3 3 3
0 0 0 0 0 0 0 0 0 0
1 1 1 1 1 1 1 1 1 1
2 2 2 2 2 2 2 2 2 2
3 3 3 3 3 3 3 3 3 3
0 0 0 0 0 0 0 0 0 0
1 1 1 1 1 1 1 1 1 1
2 2 2 2 2 2 2 2 2 2
3 3 3 3 3 3 3 3 3 3
0 0 0 0 0 0 0 0 0 0
1 1 1 1 1 1 1 1 1 1
2 2 2 2 2 2 2 2 2 2
3 3 3 3 3 3 3 3 3 3
20 24 48 20 40 32 28 32 20 40
41 41 29 13 29 29 41 45 21 17
18 38 34 34 50 26 38 30 18 46
31 47 35 15 23 47 31 51 31 23
16 40 36 24 28 16 32 36 48 24
37 29 33 17 25 41 45 33 49 21
18 50 26 50 34 14 34 38 46 42
15 23 31 39 19 19 35 35 31 15
48 24 48 12 44 12 48 12 28 20
45 21 29 37 25 29 45 29 33 29
26 42 38 38 42 26 18 42 38 22
35 27 35 47 19 19 15 39 51 35
40 12 44 12 32 40 40 44 16 36
37 21 29 33 29 33 17 37 29 33
18 42 42 46 22 50 50 50 30 18
27 19 51 31 15 43 47 43 19 35
24 48 36 36 44 24 16 24 36 32
45 21 37 37 29 25 13 13 33 21
46 18 38 34 14 22 26 18 34 26
23 23 35 27 19 31 19 47 31 23
24 44 20 40 40 40 24 40 20 20
25 45 13 17 45 25 37 21 13 13
42 30 50 50 50 14 18 22 18 26
47 19 39 19 23 27 51 43 35 23
24 36 16 24 32 48 28 32 40 32
17 29 33 13 25 33 21 45 29 21
18 38 30 50 30 22 46 42 22 42
23 51 35 47 43 43 31 23 43 23
24 44 16 12 28 32 48 32 36 28
21 13 33 41 21 33 37 37 13 13
38 26 26 38 14 18 14 30 46 26
39 31 15 35 31 39 35 35 35 23
20 48 48 12 44 40 32 44 48 44
45 37 13 29 13 49 13 49 17 41
46 42 22 18 34 50 14 34 50 14
27 47 15 39 19 23 27 27 39 39
48 40 20 28 40 28 28 20 36 44
17 41 33 49 33 29 33 25 17 17
30 22 18 38 42 18 50 18 18 46
19 15 19 47 23 19 31 35 19 47
36 48 48 36 48 24 20 20 32 28
25 49 45 45 25 45 33 29 37 45
46 30 42 38 30 30 42 26 34 18
47 51 47 47 23 43 35 39 51 51
32 44 12 12 40 12 32 24 32 32
13 13 21 25 41 17 25 33 29 21
26 42 42 22 18 30 30 30 34 34
31 39 27 35 51 39 47 31 15 15
24 32 12 48 20 48 16 28 32 28
29 13 37 29 33 33 33 33 29 41
14 14 22 22 34 50 50 14 14 22
31 19 19 23 27 39 47 23 35 39
40 32 16 32 16 28 12 40 20 24
45 17 29 29 37 17 41 17 21 41
22 30 34 34 18 18 38 30 42 50
43 35 31 23 19 47 27 27 23 31
16 36 44 32 40 36 28 36 40 20
37 37 13 49 29 33 41 21 33 17
26 34 18 34 30 22 26 14 46 42
47 31 35 35 35 47 51 39 31 19
24 28 16 28 28 16 24 40 12 12
21 21 49 21 17 13 41 45 25 45
18 18 14 26 46 14 50 18 18 46
19 23 23 39 47 51 27 23 39 51
32 44 28 12 20 16 16 44 28 12
45 33 13 29 33 29 17 21 33 37
38 18 38 22 30 22 38 38 18 18
47 35 51 23 23 47 43 35 35 35
20 36 16 12 48 40 44 28 28 12
21 29 45 49 25 37 29 21 33 21
42 46 50 46 34 46 38 50 38 42
15 27 39 19 39 47 27 35 35 35
40 44 24 16 16 32 36 24 36 24
25 17 21 41 21 13 13 17 49 21
46 42 42 50 46 26 34 26 22 18
35 27 31 19 35 43 51 39 39 23
24 28 48 36 12 16 20 40 40 24
41 17 41 29 49 33 41 33 17 13
50 50 50 14 38 34 42 14 50 34
35 51 19 39 19 47 51 47 43 27
32 44 48 40 32 20 32 32 24 44
49 49 49 45 17 13 49 37 45 37
26 50 42 50 14 30 22 50 22 34
15 43 47 43 47 23 19 43 19 31
48 48 32 36 48 20 36 44 32 28
45 33 17 29 41 21 13 25 21 33
38 26 14 42 30 42 14 50 42 30
51 51 19 35 51 23 15 51 35 35
12 20 44 36 20 36 40 28 40 24
29 21 25 17 41 49 29 29 41 49
22 38 46 42 26 46 14 46 18 46
39 43 47 15 39 47 51 23 27 19
24 36 28 20 44 40 24 40 28 36
49 45 13 33 17 29 33 25 37 21
50 26 14 30 42 42 22 42 42 34
27 31 27 35 39 39 23 27 31 15
48 48 48 12 48 40 36 12 40 28
45 29 33 17 45 25 21 17 29 45
22 26 30 46 38 22 46 18 46 46
23 51 51 19 19 23 31 35 27 23
