0 0 0 0 0 1 1 1 1 1
2 2 2 2 2 3 3 3 3 3
0 0 0 0 0 1 1 1 1 1
2 2 2 2 2 3 3 3 3 3
0 0 0 0 0 1 1 1 1 1
2 2 2 2 2 3 3 3 3 3
0 0 0 0 0 1 1 1 1 1
2 2 2 2 2 3 3 3 3 3
0 0 0 0 0 1 1 1 1 1
2 2 2 2 2 3 3 3 3 3
24 12 48 48 12 29 29 49 29 29
34 18 30 34 14 51 23 43 43 35
12 28 44 36 48 41 17 37 49 21
46 38 42 46 30 27 27 27 51 39
44 40 20 12 20 29 45 45 17 25
14 50 50 22 26 39 23 35 15 47
16 12 48 36 20 21 37 21 13 17
26 14 22 34 46 51 31 31 43 27
20 40 20 40 36 37 45 41 45 37
26 26 42 50 26 19 31 43 23 47
