0 0 0 0 0 0 0 0 0 0 0 0 0 0 0 0
1 1 1 1 1 1 1 1 1 1 1 1 1 1 1 1
2 2 2 2 2 2 2 2 2 2 2 2 2 2 2 2
3 3 3 3 3 3 3 3 3 3 3 3 3 3 3 3
0 0 0 0 0 0 0 0 0 0 0 0 0 0 0 0
1 1 1 1 1 1 1 1 1 1 1 1 1 1 1 1
2 2 2 2 2 2 2 2 2 2 2 2 2 2 2 2
3 3 3 3 3 3 3 3 3 3 3 3 3 3 3 3
0 0 0 0 0 0 0 0 0 0 0 0 0 0 0 0
1 1 1 1 1 1 1 1 1 1 1 1 1 1 1 1
2 2 2 2 2 2 2 2 2 2 2 2 2 2 2 2
3 3 3 3 3 3 3 3 3 3 3 3 3 3 3 3
0 0 0 0 0 0 0 0 0 0 0 0 0 0 0 0
1 1 1 1 1 1 1 1 1 1 1 1 1 1 1 1
2 2 2 2 2 2 2 2 2 2 2 2 2 2 2 2
3 3 3 3 3 3 3 3 3 3 3 3 3 3 3 3
48 40 24 36 36 24 24 16 24 32 48 24 48 36 48 16
13 25 21 33 37 21 13 25 41 49 29 21 13 49 25 37
46 30 34 30 14 26 26 50 42 22 18 34 18 22 50 22
31 35 27 15 15 31 27 35 27 43 43 39 15 43 19 43
44 36 32 32 24 40 32 44 20 32 24 28 40 16 40 48
29 17 17 45 29 33 13 49 33 13 29 17 33 37 41 37
14 46 26 42 34 46 34 18 50 50 18 26 38 34 34 14
31 15 15 31 15 23 19 35 43 19 43 27 19 35 19 15
36 32 24 16 16 12 28 32 40 24 40 12 32 32 12 16
37 29 13 49 49 37 29 45 17 17 25 33 17 21 21 49
26 14 18 26 50 30 22 50 42 14 30 14 46 34 42 30
19 39 15 35 19 15 39 31 51 27 31 15 39 31 51 15
20 20 16 16 36 32 16 12 20 16 32 48 20 20 48 16
41 13 49 49 49 13 37 17 41 13 13 21 37 41 45 21
18 46 34 34 38 30 26 38 34 34 46 22 38 42 26 30
35 27 27 35 15 23 23 47 39 31 43 27 15 51 15 47
