0 0 0 0 0 0 0 0 0 0
1 1 1 1 1 1 1 1 1 1
2 2 2 2 2 2 2 2 2 2
3 3 3 3 3 3 3 3 3 3
0 0 0 0 0 0 0 0 0 0
1 1 1 1 1 1 1 1 1 1
2 2 2 2 2 2 2 2 2 2
3 3 3 3 3 3 3 3 3 3
0 0 0 0 0 0 0 0 0 0
1 1 1 1 1 1 1 1 1 1
2 2 2 2 2 2 2 2 2 2
3 3 3 3 3 3 3 3 3 3
0 0 0 0 0 0 0 0 0 0
1 1 1 1 1 1 1 1 1 1
2 2 2 2 2 2 2 2 2 2
3 3 3 3 3 3 3 3 3 3
0 0 0 0 0 0 0 0 0 0
1 1 1 1 1 1 1 1 1 1
2 2 2 2 2 2 2 2 2 2
3 3 3 3 3 3 3 3 3 3
0 0 0 0 0 0 0 0 0 0
1 1 1 1 1 1 1 1 1 1
2 2 2 2 2 2 2 2 2 2
3 3 3 3 3 3 3 3 3 3
0 0 0 0 0 0 0 0 0 0
1 1 1 1 1 1 1 1 1 1
2 2 2 2 2 2 2 2 2 2
3 3 3 3 3 3 3 3 3 3
0 0 0 0 0 0 0 0 0 0
1 1 1 1 1 1 1 1 1 1
2 2 2 2 2 2 2 2 2 2
3 3 3 3 3 3 3 3 3 3
0 0 0 0 0 0 0 0 0 0
1 1 1 1 1 1 1 1 1 1
2 2 2 2 2 2 2 2 2 2
3 3 3 3 3 3 3 3 3 3
0 0 0 0 0 0 0 0 0 0
1 1 1 1 1 1 1 1 1 1
2 2 2 2 2 2 2 2 2 2
3 3 3 3 3 3 3 3 3 3
0 0 0 0 0 0 0 0 0 0
1 1 1 1 1 1 1 1 1 1
2 2 2 2 2 2 2 2 2 2
3 3 3 3 3 3 3 3 3 3
0 0 0 0 0 0 0 0 0 0
1 1 1 1 1 1 1 1 1 1
2 2 2 2 2 2 2 2 2 2
3 3 3 3 3 3 3 3 3 3
0 0 0 0 0 0 0 0 0 0
1 1 1 1 1 1 1 1 1 1
2 2 2 2 2 2 2 2 2 2
3 3 3 3 3 3 3 3 3 3
0 0 0 0 0 0 0 0 0 0
1 1 1 1 1 1 1 1 1 1
2 2 2 2 2 2 2 2 2 2
3 3 3 3 3 3 3 3 3 3
0 0 0 0 0 0 0 0 0 0
1 1 1 1 1 1 1 1 1 1
2 2 2 2 2 2 2 2 2 2
3 3 3 3 3 3 3 3 3 3
0 0 0 0 0 0 0 0 0 0
1 1 1 1 1 1 1 1 1 1
2 2 2 2 2 2 2 2 2 2
3 3 3 3 3 3 3 3 3 3
0 0 0 0 0 0 0 0 0 0
1 1 1 1 1 1 1 1 1 1
2 2 2 2 2 2 2 2 2 2
3 3 3 3 3 3 3 3 3 3
0 0 0 0 0 0 0 0 0 0
1 1 1 1 1 1 1 1 1 1
2 2 2 2 2 2 2 2 2 2
3 3 3 3 3 3 3 3 3 3
0 0 0 0 0 0 0 0 0 0
1 1 1 1 1 1 1 1 1 1
2 2 2 2 2 2 2 2 2 2
3 3 3 3 3 3 3 3 3 3
0 0 0 0 0 0 0 0 0 0
1 1 1 1 1 1 1 1 1 1
2 2 2 2 2 2 2 2 2 2
3 3 3 3 3 3 3 3 3 3
0 0 0 0 0 0 0 0 0 0
1 1 1 1 1 1 1 1 1 1
2 2 2 2 2 2 2 2 2 2
3 3 3 3 3 3 3 3 3 3
0 0 0 0 0 0 0 0 0 0
1 1 1 1 1 1 1 1 1 1
2 2 2 2 2 2 2 2 2 2
3 3 3 3 3 3 3 3 3 3
0 0 0 0 0 0 0 0 0 0
1 1 1 1 1 1 1 1 1 1
2 2 2 2 2 2 2 2 2 2
3 3 3 3 3 3 3 3 3 3
0 0 0 0 0 0 0 0 0 0
1 1 1 1 1 1 1 1 1 1
2 2 2 2 2 2 2 2 2 2
3 3 3 3 3 3 3 3 3 3
0 0 0 0 0 0 0 0 0 0
1 1 1 1 1 1 1 1 1 1
2 2 2 2 2 2 2 2 2 2
3 3 3 3 3 3 3 3 3 3
44 20 12 24 24 44 20 44 12 40
21 41 25 37 33 25 25 29 49 45
30 30 22 46 34 42 46 38 22 30
39 19 39 51 51 23 19 23 31 43
32 48 32 32 20 40 40 12 12 48
21 49 49 37 21 41 37 25 45 33
26 42 18 26 34 22 34 46 14 34
47 19 39 19 47 51 27 43 31 19
36 16 40 44 32 40 24 24 40 32
45 37 17 45 13 29 17 21 17 41
14 38 34 50 30 22 30 26 42 46
31 23 31 43 27 35 47 51 39 19
40 12 20 44 44 32 36 40 16 12
17 37 17 45 49 37 29 25 49 45
14 42 38 30 46 14 38 26 30 14
15 23 39 35 19 23 43 47 19 19
28 16 48 28 44 12 24 24 40 48
33 13 25 25 37 17 37 21 41 29
26 14 30 50 18 26 50 22 38 26
19 43 15 39 51 27 23 35 39 23
28 20 28 48 32 24 36 32 44 32
17 49 45 33 25 41 21 41 41 21
14 18 14 30 14 14 22 50 30 46
23 15 35 51 27 31 51 51 43 15
20 48 48 12 36 40 48 32 16 48
37 25 13 25 49 13 33 41 37 33
34 42 42 42 22 18 50 14 26 46
39 15 31 23 31 15 27 39 47 47
32 16 48 40 44 44 24 32 48 36
21 17 45 25 13 21 25 29 33 37
26 50 46 14 18 46 34 34 34 30
15 51 15 47 39 19 43 31 51 15
12 36 28 48 24 36 48 48 44 32
45 17 21 21 49 17 41 29 49 17
26 14 34 30 22 22 46 34 50 50
47 35 19 19 27 39 19 31 35 47
16 28 16 36 20 20 44 24 28 40
33 41 13 21 13 21 41 29 49 41
42 34 26 26 18 22 46 46 26 14
51 27 35 51 43 19 19 27 47 43
32 36 12 44 28 12 36 48 12 20
21 21 33 41 37 29 13 41 29 37
30 34 22 38 46 50 50 22 46 14
31 27 35 19 19 23 23 23 39 19
24 16 32 48 32 12 16 32 44 36
33 41 21 17 33 49 29 49 21 13
46 38 26 38 22 38 42 42 18 26
47 43 19 51 19 51 23 51 47 51
40 40 20 12 12 20 40 24 48 40
21 41 49 13 41 29 13 25 45 21
34 18 38 26 22 42 46 46 30 34
15 15 43 23 31 15 31 15 27 51
48 12 48 44 36 28 40 28 44 48
17 37 13 13 45 33 41 33 49 17
50 46 26 46 30 46 14 38 50 18
15 23 47 31 39 43 47 27 43 23
48 28 20 28 40 48 48 40 20 12
29 37 45 41 25 29 33 41 21 41
18 26 14 30 42 50 14 18 38 14
23 43 47 27 23 51 47 27 19 51
20 40 24 40 12 20 28 12 28 16
25 13 25 13 41 33 33 21 29 25
22 26 30 18 50 14 18 26 14 30
51 23 23 27 51 23 51 35 39 47
44 44 36 20 28 48 28 28 48 20
25 13 33 49 17 33 49 37 21 13
14 18 50 18 30 26 34 30 46 18
23 15 39 47 15 15 51 35 47 43
48 40 44 28 16 40 12 32 28 16
37 21 17 13 45 49 25 25 33 21
42 14 30 46 14 46 50 18 46 22
23 31 47 31 43 39 19 43 43 35
32 32 32 28 40 44 24 32 44 28
37 17 41 49 45 45 13 25 45 45
22 46 22 42 30 26 34 22 46 18
31 35 51 47 19 31 15 15 15 19
44 44 44 44 20 44 20 48 24 20
33 41 33 25 13 33 37 13 37 17
46 34 50 26 30 34 14 26 38 30
27 31 31 31 39 51 43 35 19 27
36 40 32 20 32 40 40 36 28 12
17 29 29 25 29 29 45 29 29 17
30 34 18 50 46 34 18 14 38 38
39 27 27 39 43 35 19 47 19 23
32 48 36 40 44 24 48 36 16 20
25 17 17 13 33 25 17 41 29 21
46 50 50 50 46 22 30 14 30 34
43 43 15 39 35 47 15 39 35 43
36 28 20 48 24 44 20 36 20 40
21 33 33 33 25 29 13 33 49 33
14 42 14 34 18 34 14 42 14 42
19 31 43 35 23 39 31 39 47 31
32 36 32 12 24 28 20 20 44 20
33 29 33 41 13 21 29 41 37 21
42 38 34 14 22 22 42 50 38 22
35 35 39 31 47 35 23 23 35 31
12 20 12 16 44 40 24 20 24 28
33 29 13 21 41 21 37 29 25 21
22 18 42 38 34 42 14 14 34 18
27 35 15 15 31 43 47 27 23 35
