0 0 0 0 0 0 0 0 0 0 0 0 0 0 0 0
1 1 1 1 1 1 1 1 1 1 1 1 1 1 1 1
2 2 2 2 2 2 2 2 2 2 2 2 2 2 2 2
3 3 3 3 3 3 3 3 3 3 3 3 3 3 3 3
0 0 0 0 0 0 0 0 0 0 0 0 0 0 0 0
1 1 1 1 1 1 1 1 1 1 1 1 1 1 1 1
2 2 2 2 2 2 2 2 2 2 2 2 2 2 2 2
3 3 3 3 3 3 3 3 3 3 3 3 3 3 3 3
0 0 0 0 0 0 0 0 0 0 0 0 0 0 0 0
1 1 1 1 1 1 1 1 1 1 1 1 1 1 1 1
2 2 2 2 2 2 2 2 2 2 2 2 2 2 2 2
3 3 3 3 3 3 3 3 3 3 3 3 3 3 3 3
0 0 0 0 0 0 0 0 0 0 0 0 0 0 0 0
1 1 1 1 1 1 1 1 1 1 1 1 1 1 1 1
2 2 2 2 2 2 2 2 2 2 2 2 2 2 2 2
3 3 3 3 3 3 3 3 3 3 3 3 3 3 3 3
36 12 28 20 24 12 36 48 40 28 12 44 36 48 40 16
37 21 13 49 49 17 25 41 17 25 29 13 25 33 33 13
42 18 46 14 30 42 18 38 30 30 50 26 34 46 46 38
27 51 31 39 23 31 31 23 51 47 19 35 23 51 23 27
32 32 20 16 16 48 44 12 32 12 20 44 36 32 32 28
45 13 17 41 21 45 21 45 29 45 41 25 49 17 21 29
22 14 46 38 46 42 14 18 46 26 34 42 30 34 26 50
15 23 35 23 39 47 19 23 51 47 31 47 23 31 31 15
48 20 44 32 28 40 36 36 12 12 20 12 28 32 36 16
21 17 13 33 25 25 45 41 45 17 17 25 37 33 21 45
30 38 34 26 14 26 34 30 26 42 14 26 42 30 50 50
51 47 51 43 47 43 15 39 35 35 31 47 43 39 51 35
48 32 24 32 36 36 20 24 20 48 20 32 32 36 24 28
29 21 33 17 25 33 17 45 49 29 41 29 33 45 29 45
34 22 42 50 30 46 34 14 26 50 46 18 18 18 18 46
43 15 23 43 27 43 43 51 27 27 39 27 23 15 19 27
