0 0 0 0 0 1 1 1 1 1
2 2 2 2 2 3 3 3 3 3
0 0 0 0 0 1 1 1 1 1
2 2 2 2 2 3 3 3 3 3
0 0 0 0 0 1 1 1 1 1
2 2 2 2 2 3 3 3 3 3
0 0 0 0 0 1 1 1 1 1
2 2 2 2 2 3 3 3 3 3
0 0 0 0 0 1 1 1 1 1
2 2 2 2 2 3 3 3 3 3
44 36 28 36 40 33 33 29 49 41
30 50 42 38 14 39 39 51 31 15
20 44 40 20 36 13 37 33 49 45
34 50 22 42 26 19 43 15 39 39
16 16 16 24 36 41 49 13 45 45
46 50 46 30 46 35 43 19 19 23
12 24 16 36 20 45 33 37 33 17
46 22 18 26 34 47 39 39 27 23
24 24 28 12 24 33 13 49 49 25
46 14 38 42 50 23 23 51 31 15
