0 0 0 0 0 1 1 1 1 1
2 2 2 2 2 3 3 3 3 3
0 0 0 0 0 1 1 1 1 1
2 2 2 2 2 3 3 3 3 3
0 0 0 0 0 1 1 1 1 1
2 2 2 2 2 3 3 3 3 3
0 0 0 0 0 1 1 1 1 1
2 2 2 2 2 3 3 3 3 3
0 0 0 0 0 1 1 1 1 1
2 2 2 2 2 3 3 3 3 3
44 48 48 32 28 45 13 29 13 33
14 46 46 22 22 23 39 15 35 51
20 28 24 48 36 37 41 25 21 17
26 14 50 46 14 31 15 15 15 31
28 32 20 24 40 33 37 17 45 17
42 22 30 38 18 31 51 51 47 23
24 12 28 44 48 49 21 29 41 13
42 34 26 34 34 51 51 27 47 43
12 40 36 32 16 49 37 13 41 21
18 26 50 22 30 51 39 23 51 19
