0 0 0 0 0 0 0 0 0 0 0 0 0 0 0 0
1 1 1 1 1 1 1 1 1 1 1 1 1 1 1 1
2 2 2 2 2 2 2 2 2 2 2 2 2 2 2 2
3 3 3 3 3 3 3 3 3 3 3 3 3 3 3 3
0 0 0 0 0 0 0 0 0 0 0 0 0 0 0 0
1 1 1 1 1 1 1 1 1 1 1 1 1 1 1 1
2 2 2 2 2 2 2 2 2 2 2 2 2 2 2 2
3 3 3 3 3 3 3 3 3 3 3 3 3 3 3 3
0 0 0 0 0 0 0 0 0 0 0 0 0 0 0 0
1 1 1 1 1 1 1 1 1 1 1 1 1 1 1 1
2 2 2 2 2 2 2 2 2 2 2 2 2 2 2 2
3 3 3 3 3 3 3 3 3 3 3 3 3 3 3 3
0 0 0 0 0 0 0 0 0 0 0 0 0 0 0 0
1 1 1 1 1 1 1 1 1 1 1 1 1 1 1 1
2 2 2 2 2 2 2 2 2 2 2 2 2 2 2 2
3 3 3 3 3 3 3 3 3 3 3 3 3 3 3 3
40 40 32 44 32 44 36 40 44 28 24 28 20 28 16 32
49 13 25 25 17 41 21 13 33 25 13 45 45 21 49 17
14 30 18 42 50 18 38 42 42 34 30 38 42 50 30 38
43 15 15 23 15 31 15 15 51 47 31 31 47 19 27 27
16 44 44 12 44 40 48 48 28 28 20 32 20 24 40 20
17 29 37 45 29 17 21 37 33 33 17 33 13 41 13 25
50 50 42 46 26 34 26 38 14 26 18 18 22 34 18 14
15 19 51 47 27 27 43 15 47 31 31 27 43 47 27 15
28 12 24 36 36 12 20 44 36 36 16 20 20 24 32 48
25 25 29 21 13 41 25 33 29 49 29 25 29 37 29 37
14 42 26 30 30 26 30 34 38 30 14 14 30 18 34 30
35 39 23 23 35 43 15 31 31 47 15 31 43 47 19 23
40 24 28 16 28 16 32 44 32 24 32 20 36 36 16 48
33 41 13 29 41 13 29 33 33 37 21 29 21 21 37 25
30 46 18 22 50 46 14 38 26 46 42 26 42 22 50 18
27 51 19 35 31 31 27 35 19 19 47 15 39 47 39 19
