0 0 0 0 0 0 0 0 0 0
1 1 1 1 1 1 1 1 1 1
2 2 2 2 2 2 2 2 2 2
3 3 3 3 3 3 3 3 3 3
0 0 0 0 0 0 0 0 0 0
1 1 1 1 1 1 1 1 1 1
2 2 2 2 2 2 2 2 2 2
3 3 3 3 3 3 3 3 3 3
0 0 0 0 0 0 0 0 0 0
1 1 1 1 1 1 1 1 1 1
2 2 2 2 2 2 2 2 2 2
3 3 3 3 3 3 3 3 3 3
0 0 0 0 0 0 0 0 0 0
1 1 1 1 1 1 1 1 1 1
2 2 2 2 2 2 2 2 2 2
3 3 3 3 3 3 3 3 3 3
0 0 0 0 0 0 0 0 0 0
1 1 1 1 1 1 1 1 1 1
2 2 2 2 2 2 2 2 2 2
3 3 3 3 3 3 3 3 3 3
0 0 0 0 0 0 0 0 0 0
1 1 1 1 1 1 1 1 1 1
2 2 2 2 2 2 2 2 2 2
3 3 3 3 3 3 3 3 3 3
0 0 0 0 0 0 0 0 0 0
1 1 1 1 1 1 1 1 1 1
2 2 2 2 2 2 2 2 2 2
3 3 3 3 3 3 3 3 3 3
0 0 0 0 0 0 0 0 0 0
1 1 1 1 1 1 1 1 1 1
2 2 2 2 2 2 2 2 2 2
3 3 3 3 3 3 3 3 3 3
0 0 0 0 0 0 0 0 0 0
1 1 1 1 1 1 1 1 1 1
2 2 2 2 2 2 2 2 2 2
3 3 3 3 3 3 3 3 3 3
0 0 0 0 0 0 0 0 0 0
1 1 1 1 1 1 1 1 1 1
2 2 2 2 2 2 2 2 2 2
3 3 3 3 3 3 3 3 3 3
0 0 0 0 0 0 0 0 0 0
1 1 1 1 1 1 1 1 1 1
2 2 2 2 2 2 2 2 2 2
3 3 3 3 3 3 3 3 3 3
0 0 0 0 0 0 0 0 0 0
1 1 1 1 1 1 1 1 1 1
2 2 2 2 2 2 2 2 2 2
3 3 3 3 3 3 3 3 3 3
0 0 0 0 0 0 0 0 0 0
1 1 1 1 1 1 1 1 1 1
2 2 2 2 2 2 2 2 2 2
3 3 3 3 3 3 3 3 3 3
0 0 0 0 0 0 0 0 0 0
1 1 1 1 1 1 1 1 1 1
2 2 2 2 2 2 2 2 2 2
3 3 3 3 3 3 3 3 3 3
0 0 0 0 0 0 0 0 0 0
1 1 1 1 1 1 1 1 1 1
2 2 2 2 2 2 2 2 2 2
3 3 3 3 3 3 3 3 3 3
0 0 0 0 0 0 0 0 0 0
1 1 1 1 1 1 1 1 1 1
2 2 2 2 2 2 2 2 2 2
3 3 3 3 3 3 3 3 3 3
0 0 0 0 0 0 0 0 0 0
1 1 1 1 1 1 1 1 1 1
2 2 2 2 2 2 2 2 2 2
3 3 3 3 3 3 3 3 3 3
0 0 0 0 0 0 0 0 0 0
1 1 1 1 1 1 1 1 1 1
2 2 2 2 2 2 2 2 2 2
3 3 3 3 3 3 3 3 3 3
0 0 0 0 0 0 0 0 0 0
1 1 1 1 1 1 1 1 1 1
2 2 2 2 2 2 2 2 2 2
3 3 3 3 3 3 3 3 3 3
0 0 0 0 0 0 0 0 0 0
1 1 1 1 1 1 1 1 1 1
2 2 2 2 2 2 2 2 2 2
3 3 3 3 3 3 3 3 3 3
0 0 0 0 0 0 0 0 0 0
1 1 1 1 1 1 1 1 1 1
2 2 2 2 2 2 2 2 2 2
3 3 3 3 3 3 3 3 3 3
0 0 0 0 0 0 0 0 0 0
1 1 1 1 1 1 1 1 1 1
2 2 2 2 2 2 2 2 2 2
3 3 3 3 3 3 3 3 3 3
0 0 0 0 0 0 0 0 0 0
1 1 1 1 1 1 1 1 1 1
2 2 2 2 2 2 2 2 2 2
3 3 3 3 3 3 3 3 3 3
0 0 0 0 0 0 0 0 0 0
1 1 1 1 1 1 1 1 1 1
2 2 2 2 2 2 2 2 2 2
3 3 3 3 3 3 3 3 3 3
0 0 0 0 0 0 0 0 0 0
1 1 1 1 1 1 1 1 1 1
2 2 2 2 2 2 2 2 2 2
3 3 3 3 3 3 3 3 3 3
40 36 40 16 44 36 32 12 12 12
41 17 41 13 17 25 29 33 13 41
30 46 38 46 46 34 38 26 42 38
35 51 31 43 43 23 27 47 15 47
12 20 32 28 48 36 16 48 36 44
29 17 37 17 41 49 21 17 17 49
46 22 38 46 42 30 22 38 46 46
47 35 27 39 47 39 35 15 31 51
44 16 32 40 12 20 32 24 20 32
25 13 49 49 37 41 17 33 37 13
18 14 38 42 22 22 14 14 14 14
23 47 19 47 43 51 51 43 19 47
24 20 36 28 48 20 36 16 32 40
33 29 33 25 45 45 25 41 29 33
50 34 26 30 26 18 18 26 26 50
51 19 47 47 15 51 35 39 47 15
12 28 32 24 28 44 48 48 36 32
49 29 21 49 21 13 37 29 17 45
38 30 26 46 18 50 34 30 46 14
31 43 31 35 39 23 43 47 23 27
24 28 48 40 28 44 20 40 20 48
21 41 33 29 25 49 29 17 45 21
42 42 14 42 50 46 14 22 26 22
51 23 43 35 31 15 35 23 35 47
20 32 44 40 20 48 16 40 36 16
41 21 25 45 21 25 49 13 17 29
14 46 42 42 26 14 38 34 42 18
35 39 15 15 39 19 27 43 51 19
36 48 48 24 24 40 48 24 28 24
29 21 49 13 21 29 37 29 45 17
50 46 42 34 18 46 34 42 14 30
43 51 31 47 27 23 43 39 47 47
20 24 12 20 36 28 20 32 28 36
25 49 13 49 49 33 37 45 37 49
38 26 46 30 26 46 46 30 30 50
15 23 51 51 51 43 23 31 19 27
48 36 40 16 16 20 28 32 40 36
25 45 49 29 13 41 41 37 37 41
30 46 18 42 38 18 46 22 22 14
51 43 43 51 31 43 47 23 51 19
40 48 48 44 28 48 36 44 48 44
17 41 49 49 37 45 41 37 25 33
22 18 18 46 26 18 26 26 22 30
39 47 19 43 31 31 43 19 51 51
12 40 44 28 24 36 48 28 40 12
21 45 13 37 25 49 49 37 37 45
26 30 30 14 18 34 30 42 30 14
31 19 43 43 39 15 43 31 27 31
44 32 44 12 20 16 40 16 32 12
25 17 33 13 49 29 33 29 29 13
30 14 34 30 50 26 14 42 14 42
35 15 31 19 23 15 51 51 35 31
12 36 24 40 36 24 20 16 24 48
13 41 25 33 29 21 45 25 37 33
46 18 50 34 18 34 50 42 46 14
51 27 35 35 15 31 51 19 51 43
12 36 32 28 24 12 32 12 24 40
17 29 33 41 17 49 41 41 17 29
22 46 46 18 30 42 22 30 22 14
31 51 19 31 35 35 15 39 15 35
16 28 12 20 32 44 36 32 24 12
49 37 17 17 13 13 41 29 13 29
22 26 14 22 26 42 46 42 22 22
23 27 39 27 19 23 27 27 43 47
16 24 20 48 28 40 16 32 12 20
37 21 25 41 41 17 13 21 37 21
50 30 46 42 50 46 50 46 46 18
39 47 23 43 47 39 43 39 39 51
20 32 32 20 48 36 32 28 32 44
45 49 33 21 29 13 25 13 45 37
42 22 22 26 14 26 30 18 18 50
27 19 35 43 47 27 15 19 23 31
32 36 12 44 44 20 16 40 44 48
33 49 33 45 33 17 37 45 25 25
26 18 38 42 46 50 18 38 38 14
47 15 39 19 35 43 19 15 31 51
16 48 12 40 12 20 12 12 36 12
25 45 21 17 13 25 21 25 41 41
22 42 22 42 38 34 50 30 26 42
51 47 47 47 31 15 15 19 15 51
20 44 36 28 32 36 24 20 20 48
49 17 21 25 45 37 17 29 33 25
34 50 50 46 46 46 30 30 50 26
43 51 27 43 15 43 39 43 19 35
44 44 36 36 48 20 44 20 20 24
29 13 37 21 29 37 13 21 49 29
14 46 46 46 46 46 38 42 14 14
19 47 35 47 39 43 47 43 47 43
24 20 24 12 48 44 36 48 24 24
25 25 37 37 13 17 45 45 49 45
42 22 14 34 38 34 46 26 34 38
19 19 47 39 43 43 19 15 43 23
20 12 20 28 44 24 24 36 16 44
49 29 41 49 41 33 29 41 41 37
34 30 14 14 34 34 50 22 46 50
19 27 51 47 15 43 43 15 27 35
48 20 44 44 32 16 44 44 36 28
37 21 41 25 29 17 13 45 29 37
38 34 46 26 42 18 34 46 34 22
47 19 19 19 27 47 31 19 19 39
