0 0 0 0 0 1 1 1 1 1
2 2 2 2 2 3 3 3 3 3
0 0 0 0 0 1 1 1 1 1
2 2 2 2 2 3 3 3 3 3
0 0 0 0 0 1 1 1 1 1
2 2 2 2 2 3 3 3 3 3
0 0 0 0 0 1 1 1 1 1
2 2 2 2 2 3 3 3 3 3
0 0 0 0 0 1 1 1 1 1
2 2 2 2 2 3 3 3 3 3
16 40 40 40 36 41 13 49 33 17
50 38 26 26 50 31 27 23 31 43
40 12 36 44 32 37 49 13 45 49
18 46 46 46 18 31 23 43 51 19
32 36 40 40 20 49 33 29 29 49
22 50 42 50 50 39 35 51 43 43
28 48 12 28 16 21 25 17 21 13
34 26 42 46 22 27 31 19 35 27
40 32 32 16 12 17 49 41 21 37
18 42 18 42 22 35 35 39 19 35
