0 0 0 0 0 0 0 0 0 0
1 1 1 1 1 1 1 1 1 1
2 2 2 2 2 2 2 2 2 2
3 3 3 3 3 3 3 3 3 3
0 0 0 0 0 0 0 0 0 0
1 1 1 1 1 1 1 1 1 1
2 2 2 2 2 2 2 2 2 2
3 3 3 3 3 3 3 3 3 3
0 0 0 0 0 0 0 0 0 0
1 1 1 1 1 1 1 1 1 1
2 2 2 2 2 2 2 2 2 2
3 3 3 3 3 3 3 3 3 3
0 0 0 0 0 0 0 0 0 0
1 1 1 1 1 1 1 1 1 1
2 2 2 2 2 2 2 2 2 2
3 3 3 3 3 3 3 3 3 3
0 0 0 0 0 0 0 0 0 0
1 1 1 1 1 1 1 1 1 1
2 2 2 2 2 2 2 2 2 2
3 3 3 3 3 3 3 3 3 3
0 0 0 0 0 0 0 0 0 0
1 1 1 1 1 1 1 1 1 1
2 2 2 2 2 2 2 2 2 2
3 3 3 3 3 3 3 3 3 3
0 0 0 0 0 0 0 0 0 0
1 1 1 1 1 1 1 1 1 1
2 2 2 2 2 2 2 2 2 2
3 3 3 3 3 3 3 3 3 3
0 0 0 0 0 0 0 0 0 0
1 1 1 1 1 1 1 1 1 1
2 2 2 2 2 2 2 2 2 2
3 3 3 3 3 3 3 3 3 3
0 0 0 0 0 0 0 0 0 0
1 1 1 1 1 1 1 1 1 1
2 2 2 2 2 2 2 2 2 2
3 3 3 3 3 3 3 3 3 3
0 0 0 0 0 0 0 0 0 0
1 1 1 1 1 1 1 1 1 1
2 2 2 2 2 2 2 2 2 2
3 3 3 3 3 3 3 3 3 3
0 0 0 0 0 0 0 0 0 0
1 1 1 1 1 1 1 1 1 1
2 2 2 2 2 2 2 2 2 2
3 3 3 3 3 3 3 3 3 3
0 0 0 0 0 0 0 0 0 0
1 1 1 1 1 1 1 1 1 1
2 2 2 2 2 2 2 2 2 2
3 3 3 3 3 3 3 3 3 3
0 0 0 0 0 0 0 0 0 0
1 1 1 1 1 1 1 1 1 1
2 2 2 2 2 2 2 2 2 2
3 3 3 3 3 3 3 3 3 3
0 0 0 0 0 0 0 0 0 0
1 1 1 1 1 1 1 1 1 1
2 2 2 2 2 2 2 2 2 2
3 3 3 3 3 3 3 3 3 3
0 0 0 0 0 0 0 0 0 0
1 1 1 1 1 1 1 1 1 1
2 2 2 2 2 2 2 2 2 2
3 3 3 3 3 3 3 3 3 3
0 0 0 0 0 0 0 0 0 0
1 1 1 1 1 1 1 1 1 1
2 2 2 2 2 2 2 2 2 2
3 3 3 3 3 3 3 3 3 3
0 0 0 0 0 0 0 0 0 0
1 1 1 1 1 1 1 1 1 1
2 2 2 2 2 2 2 2 2 2
3 3 3 3 3 3 3 3 3 3
0 0 0 0 0 0 0 0 0 0
1 1 1 1 1 1 1 1 1 1
2 2 2 2 2 2 2 2 2 2
3 3 3 3 3 3 3 3 3 3
0 0 0 0 0 0 0 0 0 0
1 1 1 1 1 1 1 1 1 1
2 2 2 2 2 2 2 2 2 2
3 3 3 3 3 3 3 3 3 3
0 0 0 0 0 0 0 0 0 0
1 1 1 1 1 1 1 1 1 1
2 2 2 2 2 2 2 2 2 2
3 3 3 3 3 3 3 3 3 3
0 0 0 0 0 0 0 0 0 0
1 1 1 1 1 1 1 1 1 1
2 2 2 2 2 2 2 2 2 2
3 3 3 3 3 3 3 3 3 3
0 0 0 0 0 0 0 0 0 0
1 1 1 1 1 1 1 1 1 1
2 2 2 2 2 2 2 2 2 2
3 3 3 3 3 3 3 3 3 3
0 0 0 0 0 0 0 0 0 0
1 1 1 1 1 1 1 1 1 1
2 2 2 2 2 2 2 2 2 2
3 3 3 3 3 3 3 3 3 3
0 0 0 0 0 0 0 0 0 0
1 1 1 1 1 1 1 1 1 1
2 2 2 2 2 2 2 2 2 2
3 3 3 3 3 3 3 3 3 3
0 0 0 0 0 0 0 0 0 0
1 1 1 1 1 1 1 1 1 1
2 2 2 2 2 2 2 2 2 2
3 3 3 3 3 3 3 3 3 3
28 12 48 24 44 20 32 12 12 36
41 29 29 29 37 29 29 13 33 29
30 22 22 42 42 26 42 30 46 50
51 31 35 51 15 39 47 39 43 39
32 20 20 40 44 16 24 40 20 48
37 25 17 41 21 49 17 41 33 13
46 42 34 18 34 14 50 38 46 46
43 15 39 23 27 19 43 27 15 31
44 44 48 20 36 24 40 28 36 40
49 49 21 13 25 13 37 25 33 13
50 30 18 14 30 38 46 50 34 22
23 35 35 23 39 23 43 39 15 43
36 44 24 36 36 28 20 12 44 16
33 21 41 45 49 37 25 33 41 37
34 30 14 30 46 18 50 14 42 42
19 15 47 23 19 23 43 35 23 23
40 32 48 12 48 16 32 20 20 36
45 21 21 29 49 25 13 13 41 37
22 18 46 42 34 26 22 14 50 26
39 35 27 19 15 31 35 51 51 23
12 32 12 40 48 28 48 32 48 20
37 41 17 25 49 33 17 29 41 33
38 14 42 18 22 26 30 50 22 30
19 43 23 39 19 51 47 27 35 35
12 44 40 16 20 40 20 48 28 32
21 17 37 29 45 17 29 25 41 41
34 26 30 18 38 18 46 42 14 30
39 15 39 19 51 23 43 47 27 23
40 28 48 48 24 40 12 36 24 20
41 33 21 25 33 29 17 29 25 25
26 18 14 38 42 38 46 38 38 50
43 23 27 31 47 23 39 43 51 23
40 24 36 44 28 24 32 32 36 12
29 29 17 41 49 25 21 17 29 21
42 34 18 38 50 22 14 30 18 38
35 39 31 47 35 35 43 47 39 31
20 16 28 20 24 40 16 40 16 28
45 33 45 17 33 21 37 49 45 37
46 34 50 34 50 38 18 26 34 50
27 27 47 23 39 35 15 35 43 31
40 20 32 20 32 36 20 32 16 32
25 21 41 37 25 25 29 29 37 33
34 14 22 26 14 26 22 22 14 22
47 39 51 47 23 15 39 23 27 31
28 44 32 16 44 36 40 20 16 48
49 49 21 37 49 17 33 21 29 13
34 38 38 50 50 26 30 30 42 18
23 27 31 15 51 27 27 15 19 43
12 20 28 16 44 40 28 48 32 12
29 33 33 49 41 33 13 45 13 17
34 14 30 22 38 14 34 50 46 38
43 19 23 51 19 39 19 35 47 31
24 16 20 32 36 28 48 24 32 44
21 41 21 21 41 37 25 25 33 41
42 18 22 18 42 46 26 34 14 30
39 51 51 51 51 31 23 19 23 39
28 40 12 48 40 24 28 44 44 44
45 45 21 13 37 13 17 25 49 49
46 14 22 18 14 30 42 26 22 22
51 15 43 15 51 39 51 31 47 43
24 44 40 32 48 28 44 40 40 36
13 45 45 21 33 49 21 29 25 21
46 34 26 50 38 46 22 50 30 22
23 27 39 47 47 15 15 19 51 23
44 12 32 32 36 40 28 12 12 28
33 41 41 45 37 49 37 25 45 21
14 50 18 30 22 46 50 30 22 14
51 43 19 27 39 23 23 19 43 19
12 20 48 48 24 48 40 40 40 44
21 41 45 33 25 49 17 45 45 49
30 30 18 34 18 50 46 14 18 26
31 19 31 31 23 19 19 39 35 19
44 20 16 36 12 28 24 16 44 36
25 13 29 33 33 41 29 25 25 49
22 22 18 42 30 50 38 50 50 14
23 23 15 43 27 35 35 19 43 47
36 48 32 16 44 48 32 16 36 48
29 45 29 45 25 37 33 13 13 37
46 18 50 38 30 42 38 14 38 14
43 39 39 47 19 19 39 43 35 51
28 44 40 44 28 20 32 12 28 20
49 37 17 29 21 29 13 13 41 33
46 38 30 18 30 42 14 34 14 34
39 23 27 27 43 51 27 51 35 35
16 44 36 20 32 20 44 40 36 44
41 41 13 41 37 49 45 21 33 13
34 26 38 14 22 34 38 38 46 50
15 47 23 31 27 47 43 39 35 15
28 16 44 32 44 24 44 40 44 32
45 21 25 37 33 33 49 25 45 25
18 14 30 18 50 34 34 22 46 42
35 35 27 35 51 51 27 15 43 31
12 20 20 12 48 48 12 24 44 32
37 41 49 41 25 17 41 29 29 21
18 26 46 34 50 22 30 42 38 14
23 23 51 27 19 23 15 19 27 39
24 40 16 28 16 48 48 20 32 44
45 33 45 21 25 45 21 13 17 17
42 14 18 18 42 30 50 14 46 50
31 47 43 51 43 23 47 51 51 47
