0 0 0 0 0 0 0 0 0 0 0 0 0 0 0 0
1 1 1 1 1 1 1 1 1 1 1 1 1 1 1 1
2 2 2 2 2 2 2 2 2 2 2 2 2 2 2 2
3 3 3 3 3 3 3 3 3 3 3 3 3 3 3 3
0 0 0 0 0 0 0 0 0 0 0 0 0 0 0 0
1 1 1 1 1 1 1 1 1 1 1 1 1 1 1 1
2 2 2 2 2 2 2 2 2 2 2 2 2 2 2 2
3 3 3 3 3 3 3 3 3 3 3 3 3 3 3 3
0 0 0 0 0 0 0 0 0 0 0 0 0 0 0 0
1 1 1 1 1 1 1 1 1 1 1 1 1 1 1 1
2 2 2 2 2 2 2 2 2 2 2 2 2 2 2 2
3 3 3 3 3 3 3 3 3 3 3 3 3 3 3 3
0 0 0 0 0 0 0 0 0 0 0 0 0 0 0 0
1 1 1 1 1 1 1 1 1 1 1 1 1 1 1 1
2 2 2 2 2 2 2 2 2 2 2 2 2 2 2 2
3 3 3 3 3 3 3 3 3 3 3 3 3 3 3 3
28 24 44 16 40 24 20 48 48 48 48 36 16 36 44 32
49 33 13 41 45 13 29 49 29 41 21 29 49 21 37 37
14 50 26 42 34 34 34 38 38 18 30 30 30 38 14 34
35 31 35 19 23 35 39 19 47 19 27 39 27 35 39 43
48 32 40 44 32 32 32 32 48 40 16 40 32 48 48 28
45 33 29 21 17 29 17 41 41 17 41 13 49 29 21 29
42 34 46 46 30 42 38 34 42 22 26 42 26 42 22 46
31 39 47 51 51 43 19 27 19 39 47 39 31 31 27 27
16 20 40 40 24 36 20 40 24 28 28 20 36 32 36 48
21 41 29 17 21 25 33 13 29 29 41 45 13 41 21 17
14 42 50 26 30 46 18 14 30 50 30 34 46 34 30 26
27 19 43 35 15 23 47 15 19 15 27 51 19 27 43 51
12 40 20 16 48 28 28 24 12 40 44 32 40 40 20 16
37 41 41 49 13 33 17 45 49 25 17 25 17 21 21 25
50 38 26 42 22 30 22 38 42 18 34 46 18 14 30 22
27 47 43 35 43 15 51 23 23 19 15 35 27 27 39 35
