0 0 0 0 0 1 1 1 1 1
2 2 2 2 2 3 3 3 3 3
0 0 0 0 0 1 1 1 1 1
2 2 2 2 2 3 3 3 3 3
0 0 0 0 0 1 1 1 1 1
2 2 2 2 2 3 3 3 3 3
0 0 0 0 0 1 1 1 1 1
2 2 2 2 2 3 3 3 3 3
0 0 0 0 0 1 1 1 1 1
2 2 2 2 2 3 3 3 3 3
28 44 20 12 44 33 41 41 17 29
46 50 34 14 42 43 23 39 51 39
12 48 48 20 36 29 17 25 49 25
34 50 26 14 46 15 39 27 39 31
36 20 16 16 32 45 49 25 13 25
46 18 26 46 46 35 43 35 35 31
28 24 40 24 28 37 37 21 37 13
46 14 18 46 50 43 27 35 39 15
32 20 32 20 40 17 13 17 49 41
18 14 38 42 26 15 39 51 47 23
