0 0 0 0 0 0 0 0 0 0 0 0 0 0 0 0
1 1 1 1 1 1 1 1 1 1 1 1 1 1 1 1
2 2 2 2 2 2 2 2 2 2 2 2 2 2 2 2
3 3 3 3 3 3 3 3 3 3 3 3 3 3 3 3
0 0 0 0 0 0 0 0 0 0 0 0 0 0 0 0
1 1 1 1 1 1 1 1 1 1 1 1 1 1 1 1
2 2 2 2 2 2 2 2 2 2 2 2 2 2 2 2
3 3 3 3 3 3 3 3 3 3 3 3 3 3 3 3
0 0 0 0 0 0 0 0 0 0 0 0 0 0 0 0
1 1 1 1 1 1 1 1 1 1 1 1 1 1 1 1
2 2 2 2 2 2 2 2 2 2 2 2 2 2 2 2
3 3 3 3 3 3 3 3 3 3 3 3 3 3 3 3
0 0 0 0 0 0 0 0 0 0 0 0 0 0 0 0
1 1 1 1 1 1 1 1 1 1 1 1 1 1 1 1
2 2 2 2 2 2 2 2 2 2 2 2 2 2 2 2
3 3 3 3 3 3 3 3 3 3 3 3 3 3 3 3
40 48 12 16 48 40 16 44 24 36 16 36 28 44 28 24
29 13 41 33 25 33 13 33 49 13 21 41 41 37 41 21
46 50 34 22 34 42 34 30 18 14 22 30 18 34 22 18
51 35 31 23 47 43 39 39 39 43 19 31 15 43 35 23
48 20 28 44 32 40 20 28 32 16 28 36 32 36 16 12
45 21 29 21 21 33 41 49 49 45 25 33 29 29 41 13
22 18 42 38 46 38 30 30 14 38 38 18 26 42 14 50
23 39 27 39 27 43 39 23 43 19 39 47 51 27 39 15
32 12 12 44 16 32 24 40 20 36 48 12 16 16 16 20
37 41 41 13 21 21 13 45 49 17 25 45 33 29 41 37
26 50 22 18 18 46 30 26 26 30 22 34 26 50 26 14
35 35 35 35 27 23 31 15 39 31 31 35 39 47 51 51
44 28 16 48 20 40 20 20 36 28 12 32 16 20 20 24
37 13 13 37 13 37 41 41 25 49 49 41 41 21 13 33
34 50 26 42 46 30 26 30 34 50 34 50 42 18 38 18
31 19 51 51 31 43 19 15 23 39 31 19 15 15 19 27
