0 0 0 0 0 0 0 0 0 0
1 1 1 1 1 1 1 1 1 1
2 2 2 2 2 2 2 2 2 2
3 3 3 3 3 3 3 3 3 3
0 0 0 0 0 0 0 0 0 0
1 1 1 1 1 1 1 1 1 1
2 2 2 2 2 2 2 2 2 2
3 3 3 3 3 3 3 3 3 3
0 0 0 0 0 0 0 0 0 0
1 1 1 1 1 1 1 1 1 1
2 2 2 2 2 2 2 2 2 2
3 3 3 3 3 3 3 3 3 3
0 0 0 0 0 0 0 0 0 0
1 1 1 1 1 1 1 1 1 1
2 2 2 2 2 2 2 2 2 2
3 3 3 3 3 3 3 3 3 3
0 0 0 0 0 0 0 0 0 0
1 1 1 1 1 1 1 1 1 1
2 2 2 2 2 2 2 2 2 2
3 3 3 3 3 3 3 3 3 3
0 0 0 0 0 0 0 0 0 0
1 1 1 1 1 1 1 1 1 1
2 2 2 2 2 2 2 2 2 2
3 3 3 3 3 3 3 3 3 3
0 0 0 0 0 0 0 0 0 0
1 1 1 1 1 1 1 1 1 1
2 2 2 2 2 2 2 2 2 2
3 3 3 3 3 3 3 3 3 3
0 0 0 0 0 0 0 0 0 0
1 1 1 1 1 1 1 1 1 1
2 2 2 2 2 2 2 2 2 2
3 3 3 3 3 3 3 3 3 3
0 0 0 0 0 0 0 0 0 0
1 1 1 1 1 1 1 1 1 1
2 2 2 2 2 2 2 2 2 2
3 3 3 3 3 3 3 3 3 3
0 0 0 0 0 0 0 0 0 0
1 1 1 1 1 1 1 1 1 1
2 2 2 2 2 2 2 2 2 2
3 3 3 3 3 3 3 3 3 3
0 0 0 0 0 0 0 0 0 0
1 1 1 1 1 1 1 1 1 1
2 2 2 2 2 2 2 2 2 2
3 3 3 3 3 3 3 3 3 3
0 0 0 0 0 0 0 0 0 0
1 1 1 1 1 1 1 1 1 1
2 2 2 2 2 2 2 2 2 2
3 3 3 3 3 3 3 3 3 3
0 0 0 0 0 0 0 0 0 0
1 1 1 1 1 1 1 1 1 1
2 2 2 2 2 2 2 2 2 2
3 3 3 3 3 3 3 3 3 3
0 0 0 0 0 0 0 0 0 0
1 1 1 1 1 1 1 1 1 1
2 2 2 2 2 2 2 2 2 2
3 3 3 3 3 3 3 3 3 3
0 0 0 0 0 0 0 0 0 0
1 1 1 1 1 1 1 1 1 1
2 2 2 2 2 2 2 2 2 2
3 3 3 3 3 3 3 3 3 3
0 0 0 0 0 0 0 0 0 0
1 1 1 1 1 1 1 1 1 1
2 2 2 2 2 2 2 2 2 2
3 3 3 3 3 3 3 3 3 3
0 0 0 0 0 0 0 0 0 0
1 1 1 1 1 1 1 1 1 1
2 2 2 2 2 2 2 2 2 2
3 3 3 3 3 3 3 3 3 3
0 0 0 0 0 0 0 0 0 0
1 1 1 1 1 1 1 1 1 1
2 2 2 2 2 2 2 2 2 2
3 3 3 3 3 3 3 3 3 3
0 0 0 0 0 0 0 0 0 0
1 1 1 1 1 1 1 1 1 1
2 2 2 2 2 2 2 2 2 2
3 3 3 3 3 3 3 3 3 3
0 0 0 0 0 0 0 0 0 0
1 1 1 1 1 1 1 1 1 1
2 2 2 2 2 2 2 2 2 2
3 3 3 3 3 3 3 3 3 3
0 0 0 0 0 0 0 0 0 0
1 1 1 1 1 1 1 1 1 1
2 2 2 2 2 2 2 2 2 2
3 3 3 3 3 3 3 3 3 3
0 0 0 0 0 0 0 0 0 0
1 1 1 1 1 1 1 1 1 1
2 2 2 2 2 2 2 2 2 2
3 3 3 3 3 3 3 3 3 3
0 0 0 0 0 0 0 0 0 0
1 1 1 1 1 1 1 1 1 1
2 2 2 2 2 2 2 2 2 2
3 3 3 3 3 3 3 3 3 3
0 0 0 0 0 0 0 0 0 0
1 1 1 1 1 1 1 1 1 1
2 2 2 2 2 2 2 2 2 2
3 3 3 3 3 3 3 3 3 3
0 0 0 0 0 0 0 0 0 0
1 1 1 1 1 1 1 1 1 1
2 2 2 2 2 2 2 2 2 2
3 3 3 3 3 3 3 3 3 3
28 24 16 28 40 44 48 40 28 16
41 37 29 33 13 17 17 17 37 21
30 30 26 30 22 18 46 30 38 34
35 47 47 43 15 51 47 43 23 39
28 36 40 12 48 48 12 40 40 24
17 49 13 37 13 33 41 25 29 29
26 38 38 18 46 30 34 22 50 50
51 35 35 31 39 51 23 51 39 43
40 12 28 32 48 36 44 40 32 32
37 41 13 49 45 37 13 37 41 33
38 26 46 14 18 42 14 14 18 22
15 27 35 23 27 19 43 31 15 15
36 20 28 48 16 16 44 20 24 20
37 37 13 21 33 49 49 49 25 21
18 22 30 42 34 14 14 30 38 26
27 47 15 35 23 15 27 27 15 47
32 16 36 20 24 44 24 32 48 48
37 17 13 13 45 17 29 49 21 33
50 30 50 42 46 14 18 38 42 22
23 43 43 31 15 43 51 15 23 35
20 16 36 12 40 28 24 36 12 32
33 45 21 49 29 33 45 29 41 49
42 26 38 26 14 46 42 22 14 30
35 35 43 51 31 47 47 35 35 47
32 36 48 24 48 20 28 28 48 40
21 49 49 25 45 29 17 45 17 41
50 34 30 34 34 26 38 22 34 50
35 39 19 43 43 51 39 39 31 47
16 44 44 32 24 32 40 48 28 28
45 33 45 29 41 13 17 17 33 21
26 22 14 34 26 46 26 38 42 42
27 47 39 43 15 39 27 43 19 51
44 48 28 16 28 40 36 40 32 12
17 17 45 33 33 45 17 33 33 29
50 42 46 42 26 18 42 14 42 46
51 19 27 31 51 23 23 23 27 15
16 44 40 24 36 28 16 24 36 44
49 37 33 49 33 37 37 45 13 17
26 38 38 18 14 46 14 26 26 18
23 27 39 19 35 39 15 51 39 47
20 36 36 12 24 20 20 48 20 36
41 37 29 49 49 25 21 17 25 17
18 18 42 14 34 30 14 30 42 30
23 39 23 43 27 27 43 27 51 19
32 32 32 28 48 28 32 28 48 24
33 21 41 29 21 41 29 33 13 45
34 26 26 50 34 34 42 14 34 14
15 23 51 35 51 31 39 27 35 19
48 16 36 24 36 40 44 16 40 20
21 41 17 49 25 25 45 21 17 45
38 14 18 14 34 46 46 26 42 22
51 31 19 39 43 51 43 35 43 19
48 20 12 48 40 40 16 16 40 48
49 29 41 33 13 17 33 41 29 33
14 22 34 30 46 42 26 26 14 34
43 23 19 43 31 51 51 43 19 39
20 48 16 32 24 44 48 44 24 36
25 49 33 37 29 25 49 25 25 45
26 42 30 38 18 22 30 46 34 34
51 19 35 15 43 35 43 19 39 19
20 36 16 28 20 16 40 24 32 12
41 49 17 37 25 33 49 25 21 33
30 30 26 14 38 18 18 14 14 34
31 15 23 35 23 43 23 15 23 19
28 48 32 40 12 36 32 44 28 48
29 33 21 37 21 33 29 25 29 25
46 26 14 30 30 38 42 34 26 42
27 47 31 43 23 35 23 27 35 23
24 12 36 12 48 48 24 20 44 44
25 41 21 49 25 13 17 29 21 21
26 34 42 34 14 18 26 34 18 34
35 35 39 27 31 23 47 51 47 43
36 12 44 24 40 48 24 44 12 20
33 45 29 41 25 49 29 21 45 13
42 38 50 50 46 38 34 30 26 34
27 35 19 35 31 35 43 19 47 27
16 44 44 24 28 48 44 12 48 48
25 29 33 41 37 45 49 25 37 21
50 42 14 14 38 30 34 14 18 46
43 15 19 43 19 27 23 31 23 31
32 20 36 44 48 24 40 48 32 44
49 25 29 25 37 17 45 49 49 41
22 46 30 42 34 14 34 42 30 50
51 19 35 19 43 43 35 43 23 35
44 16 28 12 12 36 44 36 36 24
25 37 21 25 37 17 45 29 41 49
50 30 38 26 50 46 38 18 18 42
27 47 31 27 27 35 35 43 31 27
44 16 48 20 32 20 20 24 32 40
41 33 41 25 33 41 17 49 17 49
34 26 22 26 22 42 30 30 18 14
39 35 51 31 51 43 27 27 15 39
20 28 12 16 40 16 48 12 20 28
13 13 17 17 25 13 49 13 37 37
30 26 18 18 22 26 18 26 30 22
51 39 51 51 27 47 43 15 27 31
48 24 28 20 32 48 48 12 24 24
29 49 25 29 33 49 33 49 45 13
22 42 18 22 30 50 22 14 50 14
39 31 31 23 39 43 19 43 27 35
