0 0 0 0 0 0 0 0 0 0
1 1 1 1 1 1 1 1 1 1
2 2 2 2 2 2 2 2 2 2
3 3 3 3 3 3 3 3 3 3
0 0 0 0 0 0 0 0 0 0
1 1 1 1 1 1 1 1 1 1
2 2 2 2 2 2 2 2 2 2
3 3 3 3 3 3 3 3 3 3
0 0 0 0 0 0 0 0 0 0
1 1 1 1 1 1 1 1 1 1
2 2 2 2 2 2 2 2 2 2
3 3 3 3 3 3 3 3 3 3
0 0 0 0 0 0 0 0 0 0
1 1 1 1 1 1 1 1 1 1
2 2 2 2 2 2 2 2 2 2
3 3 3 3 3 3 3 3 3 3
0 0 0 0 0 0 0 0 0 0
1 1 1 1 1 1 1 1 1 1
2 2 2 2 2 2 2 2 2 2
3 3 3 3 3 3 3 3 3 3
0 0 0 0 0 0 0 0 0 0
1 1 1 1 1 1 1 1 1 1
2 2 2 2 2 2 2 2 2 2
3 3 3 3 3 3 3 3 3 3
0 0 0 0 0 0 0 0 0 0
1 1 1 1 1 1 1 1 1 1
2 2 2 2 2 2 2 2 2 2
3 3 3 3 3 3 3 3 3 3
0 0 0 0 0 0 0 0 0 0
1 1 1 1 1 1 1 1 1 1
2 2 2 2 2 2 2 2 2 2
3 3 3 3 3 3 3 3 3 3
0 0 0 0 0 0 0 0 0 0
1 1 1 1 1 1 1 1 1 1
2 2 2 2 2 2 2 2 2 2
3 3 3 3 3 3 3 3 3 3
0 0 0 0 0 0 0 0 0 0
1 1 1 1 1 1 1 1 1 1
2 2 2 2 2 2 2 2 2 2
3 3 3 3 3 3 3 3 3 3
0 0 0 0 0 0 0 0 0 0
1 1 1 1 1 1 1 1 1 1
2 2 2 2 2 2 2 2 2 2
3 3 3 3 3 3 3 3 3 3
0 0 0 0 0 0 0 0 0 0
1 1 1 1 1 1 1 1 1 1
2 2 2 2 2 2 2 2 2 2
3 3 3 3 3 3 3 3 3 3
0 0 0 0 0 0 0 0 0 0
1 1 1 1 1 1 1 1 1 1
2 2 2 2 2 2 2 2 2 2
3 3 3 3 3 3 3 3 3 3
0 0 0 0 0 0 0 0 0 0
1 1 1 1 1 1 1 1 1 1
2 2 2 2 2 2 2 2 2 2
3 3 3 3 3 3 3 3 3 3
0 0 0 0 0 0 0 0 0 0
1 1 1 1 1 1 1 1 1 1
2 2 2 2 2 2 2 2 2 2
3 3 3 3 3 3 3 3 3 3
0 0 0 0 0 0 0 0 0 0
1 1 1 1 1 1 1 1 1 1
2 2 2 2 2 2 2 2 2 2
3 3 3 3 3 3 3 3 3 3
0 0 0 0 0 0 0 0 0 0
1 1 1 1 1 1 1 1 1 1
2 2 2 2 2 2 2 2 2 2
3 3 3 3 3 3 3 3 3 3
0 0 0 0 0 0 0 0 0 0
1 1 1 1 1 1 1 1 1 1
2 2 2 2 2 2 2 2 2 2
3 3 3 3 3 3 3 3 3 3
0 0 0 0 0 0 0 0 0 0
1 1 1 1 1 1 1 1 1 1
2 2 2 2 2 2 2 2 2 2
3 3 3 3 3 3 3 3 3 3
0 0 0 0 0 0 0 0 0 0
1 1 1 1 1 1 1 1 1 1
2 2 2 2 2 2 2 2 2 2
3 3 3 3 3 3 3 3 3 3
0 0 0 0 0 0 0 0 0 0
1 1 1 1 1 1 1 1 1 1
2 2 2 2 2 2 2 2 2 2
3 3 3 3 3 3 3 3 3 3
0 0 0 0 0 0 0 0 0 0
1 1 1 1 1 1 1 1 1 1
2 2 2 2 2 2 2 2 2 2
3 3 3 3 3 3 3 3 3 3
0 0 0 0 0 0 0 0 0 0
1 1 1 1 1 1 1 1 1 1
2 2 2 2 2 2 2 2 2 2
3 3 3 3 3 3 3 3 3 3
0 0 0 0 0 0 0 0 0 0
1 1 1 1 1 1 1 1 1 1
2 2 2 2 2 2 2 2 2 2
3 3 3 3 3 3 3 3 3 3
0 0 0 0 0 0 0 0 0 0
1 1 1 1 1 1 1 1 1 1
2 2 2 2 2 2 2 2 2 2
3 3 3 3 3 3 3 3 3 3
48 16 16 24 44 20 48 16 40 12
41 45 49 37 13 29 41 29 41 45
34 26 42 30 38 18 30 42 22 26
39 47 35 39 39 23 51 47 47 31
32 24 24 28 24 20 36 32 12 36
21 45 13 37 25 17 21 45 33 45
38 46 38 14 18 14 22 46 38 14
31 23 51 27 19 47 27 23 31 15
48 36 32 32 28 40 36 44 12 44
49 17 37 25 21 37 41 37 29 13
46 42 30 18 18 42 38 46 22 18
35 15 47 43 51 31 51 43 51 35
20 44 20 16 12 28 44 28 16 28
37 41 25 33 21 21 41 17 45 33
34 46 14 46 42 26 38 38 46 34
39 43 27 19 35 35 15 19 31 23
12 16 44 48 36 44 16 36 24 36
17 29 33 37 45 49 37 17 45 37
18 18 50 42 46 26 42 46 50 42
15 19 19 39 47 31 47 51 31 39
16 48 12 12 32 12 32 44 20 16
45 49 25 41 17 29 17 41 21 45
38 42 34 22 22 14 22 38 46 42
15 27 31 31 15 43 35 15 31 51
12 16 48 16 32 36 24 12 48 20
49 21 41 25 49 17 45 25 45 29
46 22 34 30 22 42 46 14 38 26
23 31 27 31 47 43 19 51 23 51
20 44 16 44 20 16 40 28 48 20
25 29 49 45 41 33 49 49 21 17
46 42 22 50 14 22 26 34 18 46
47 19 35 19 35 47 47 35 47 23
12 44 40 24 28 40 36 12 44 40
17 25 37 37 13 33 17 25 41 21
18 22 18 34 50 50 34 46 26 18
51 15 51 31 35 39 39 39 51 35
40 16 16 40 48 44 32 20 44 32
33 33 13 21 45 17 45 33 17 41
38 46 18 34 46 50 46 26 14 34
35 31 43 47 35 15 31 35 19 19
40 24 12 12 24 24 48 32 36 36
17 49 29 17 33 49 25 17 41 21
46 26 30 14 50 30 26 34 18 42
47 39 39 31 19 35 43 35 19 31
44 32 12 48 20 48 20 12 32 44
21 33 45 33 49 45 13 17 29 13
14 38 30 26 34 46 22 26 34 46
43 27 19 27 23 43 47 19 39 35
16 12 20 44 24 20 12 40 12 12
25 29 13 41 49 45 17 17 25 17
50 38 22 42 26 18 14 22 42 26
35 39 39 15 43 15 43 39 19 27
24 24 16 20 20 32 48 40 32 40
45 37 33 21 41 21 13 25 37 25
18 34 22 38 18 30 50 38 50 34
43 31 15 43 31 51 31 35 31 15
44 48 20 28 32 28 12 16 36 28
29 37 49 45 49 37 25 37 37 29
22 22 14 46 46 22 34 42 14 38
47 15 27 43 19 15 47 39 43 27
48 40 24 20 20 40 40 20 24 12
41 37 17 37 33 25 49 37 29 25
46 22 46 18 22 38 42 22 14 34
47 39 23 31 27 19 27 35 27 15
20 24 40 12 36 16 44 20 40 40
17 49 41 37 41 21 21 41 37 25
38 50 42 26 46 14 34 22 14 46
43 19 51 43 19 47 47 23 47 47
12 44 12 16 20 40 24 44 40 40
37 41 49 37 21 33 13 37 13 13
14 18 34 14 14 42 42 50 50 42
35 51 51 19 15 19 51 27 47 43
20 20 24 48 44 32 16 28 28 20
17 13 21 33 29 33 17 25 45 41
50 50 46 34 34 30 50 34 18 26
39 39 39 35 47 27 39 43 51 27
48 32 16 20 40 44 12 36 20 28
25 45 13 45 41 41 41 37 29 25
22 42 34 26 30 34 38 42 14 18
47 19 47 23 27 23 47 51 39 39
28 44 48 24 16 32 24 24 48 24
29 33 45 49 13 33 29 49 21 37
26 50 18 34 30 42 30 30 42 18
31 15 31 19 39 35 27 39 15 51
12 12 16 44 32 36 20 36 44 36
29 17 13 33 17 37 13 49 25 25
30 14 38 46 34 22 42 30 18 22
27 35 43 15 23 47 43 39 47 39
32 48 28 32 20 44 12 16 40 20
37 17 45 45 41 49 21 17 33 25
50 30 34 30 50 14 18 26 34 42
51 35 31 15 23 35 27 39 23 47
40 32 28 32 28 16 48 24 36 48
17 17 17 13 41 41 49 21 17 17
18 46 30 50 46 34 50 18 26 22
27 51 31 19 15 23 43 15 47 23
36 32 44 24 36 12 36 28 36 32
21 33 25 17 49 29 21 25 25 33
30 46 22 34 14 14 30 34 46 22
27 23 27 47 47 35 39 47 47 31
