0 0 0 0 0 0 0 0 0 0 0 0 0 0 0 0
1 1 1 1 1 1 1 1 1 1 1 1 1 1 1 1
2 2 2 2 2 2 2 2 2 2 2 2 2 2 2 2
3 3 3 3 3 3 3 3 3 3 3 3 3 3 3 3
0 0 0 0 0 0 0 0 0 0 0 0 0 0 0 0
1 1 1 1 1 1 1 1 1 1 1 1 1 1 1 1
2 2 2 2 2 2 2 2 2 2 2 2 2 2 2 2
3 3 3 3 3 3 3 3 3 3 3 3 3 3 3 3
0 0 0 0 0 0 0 0 0 0 0 0 0 0 0 0
1 1 1 1 1 1 1 1 1 1 1 1 1 1 1 1
2 2 2 2 2 2 2 2 2 2 2 2 2 2 2 2
3 3 3 3 3 3 3 3 3 3 3 3 3 3 3 3
0 0 0 0 0 0 0 0 0 0 0 0 0 0 0 0
1 1 1 1 1 1 1 1 1 1 1 1 1 1 1 1
2 2 2 2 2 2 2 2 2 2 2 2 2 2 2 2
3 3 3 3 3 3 3 3 3 3 3 3 3 3 3 3
40 44 16 28 28 36 48 24 44 20 28 16 16 24 32 24
17 45 37 33 41 29 17 37 17 17 41 45 49 33 41 49
42 30 26 26 42 18 22 26 42 26 46 18 38 26 18 34
47 27 23 35 19 47 15 19 47 31 35 15 51 19 43 43
40 32 28 44 16 44 12 24 12 24 24 28 28 28 48 12
17 41 21 33 17 29 25 13 33 41 41 25 21 21 17 17
46 42 26 46 26 14 46 26 18 18 30 46 18 42 30 46
39 47 47 43 39 35 35 47 23 47 23 51 23 19 27 15
28 20 48 16 12 36 32 32 48 24 44 48 40 48 48 20
17 13 41 21 25 29 49 17 13 17 45 25 13 37 41 17
42 18 38 30 30 30 22 18 22 38 38 30 22 50 18 46
51 15 23 27 47 39 31 51 35 47 23 47 47 47 31 43
24 48 36 48 20 48 28 28 16 16 24 20 36 24 36 32
49 49 45 41 33 29 13 29 33 25 33 37 33 33 25 41
42 34 38 18 22 38 42 46 18 18 34 18 18 38 34 42
39 19 35 23 43 35 35 15 47 47 51 51 35 39 23 31
