0 0 0 0 0 1 1 1 1 1
2 2 2 2 2 3 3 3 3 3
0 0 0 0 0 1 1 1 1 1
2 2 2 2 2 3 3 3 3 3
0 0 0 0 0 1 1 1 1 1
2 2 2 2 2 3 3 3 3 3
0 0 0 0 0 1 1 1 1 1
2 2 2 2 2 3 3 3 3 3
0 0 0 0 0 1 1 1 1 1
2 2 2 2 2 3 3 3 3 3
36 12 20 40 16 37 21 41 29 33
30 18 30 42 14 47 31 35 27 15
12 36 48 44 36 41 13 45 25 37
34 42 18 46 14 35 27 27 43 39
36 48 20 32 24 29 45 37 33 21
14 38 26 42 26 19 15 23 51 15
44 28 28 20 20 25 29 21 13 17
46 34 18 18 46 39 51 31 23 31
24 28 40 12 16 29 21 13 29 49
22 46 50 34 42 23 39 39 31 39
