1 2 0 2 1 1 0 0 1 1
1 1 1 3 1 3 1 1 0 1
2 1 0 3 1 3 2 1 3 3
3 3 1 3 0 0 0 1 1 3
3 0 1 3 0 3 3 3 1 2
1 2 0 1 3 3 3 0 3 2
0 3 1 1 1 3 1 2 0 2
1 1 3 3 0 3 3 1 2 3
1 0 1 0 3 1 3 0 0 1
2 0 1 2 1 1 2 2 1 0
1 3 1 2 3 2 1 0 0 2
0 3 3 1 1 2 2 1 0 3
0 1 2 0 2 1 3 0 0 0
1 2 1 2 3 0 2 1 2 1
1 2 2 0 3 3 0 3 2 2
1 2 2 2 2 3 3 2 1 3
1 1 3 0 1 1 3 3 2 1
3 0 1 3 3 1 1 3 0 2
0 2 2 2 3 0 3 2 3 0
2 1 0 0 2 3 3 3 0 3
2 0 3 1 2 1 3 2 0 1
3 0 1 1 3 3 2 3 1 1
2 1 0 0 3 2 0 0 0 1
3 3 0 1 1 1 0 2 1 2
0 0 0 1 3 2 3 0 3 0
0 0 0 1 2 1 2 0 1 1
1 0 2 0 0 3 1 2 1 3
1 0 1 3 1 0 2 2 1 1
3 1 1 0 2 3 0 0 3 3
0 1 2 3 0 3 3 1 0 1
1 3 1 1 1 2 1 3 2 0
2 3 2 2 2 3 2 3 3 2
0 1 3 0 2 3 1 2 1 1
1 3 2 0 2 2 3 3 3 1
2 2 0 3 0 3 0 0 0 1
2 0 3 3 2 3 3 2 0 1
0 3 1 1 0 1 2 3 2 0
1 2 0 3 1 2 3 0 1 2
2 0 1 2 0 3 1 2 2 2
0 2 3 0 1 0 2 1 2 3
3 0 3 3 3 3 0 3 2 1
2 0 0 3 1 3 1 2 0 3
2 3 1 1 1 1 3 3 0 0
2 2 2 2 0 2 1 2 3 3
1 3 2 3 2 3 1 1 3 2
0 2 1 1 0 3 2 1 3 2
3 1 2 2 2 2 2 3 3 1
0 3 1 1 1 2 2 0 1 0
1 0 2 0 0 1 1 3 3 3
3 3 2 0 1 0 1 1 2 3
3 3 2 0 3 3 2 2 3 1
1 0 2 3 1 2 3 0 1 1
0 2 0 2 3 2 2 1 1 0
1 0 3 0 1 2 0 2 0 3
2 2 1 1 3 1 1 1 3 3
2 3 0 2 1 2 3 3 3 3
1 3 3 3 1 2 0 2 0 0
1 0 3 3 1 0 1 1 1 2
2 0 1 1 3 0 2 0 2 2
0 2 1 3 1 3 3 3 3 3
3 3 2 3 1 3 2 1 2 0
2 1 0 2 2 1 0 0 0 3
0 0 1 0 1 3 3 2 0 2
1 3 2 0 1 1 1 1 1 3
2 3 1 2 1 3 3 0 0 0
0 0 1 1 1 1 1 0 3 0
2 2 0 0 0 1 1 2 2 3
0 2 2 2 3 0 1 2 1 1
1 0 2 1 1 1 3 3 0 1
2 2 2 2 3 2 3 3 1 2
1 1 1 2 0 3 2 0 1 2
2 2 0 3 0 3 0 2 1 1
0 2 2 2 2 3 3 2 1 0
3 0 2 0 2 0 0 3 1 3
0 0 3 2 3 2 3 1 3 1
0 2 1 2 3 2 2 3 0 3
0 3 2 2 0 0 1 3 0 2
1 3 0 1 1 1 2 2 0 0
3 3 1 1 2 2 2 1 1 0
2 1 2 3 2 0 3 2 3 0
2 0 3 0 3 0 0 3 1 2
2 3 0 1 3 0 2 1 0 3
3 0 3 3 1 3 0 2 2 1
1 0 1 0 1 0 2 1 0 2
2 1 1 0 3 3 1 3 1 3
3 1 2 1 1 2 3 0 3 2
0 2 3 0 1 2 3 3 1 0
2 1 2 1 2 1 2 3 1 3
0 1 3 3 0 0 0 0 3 1
0 0 3 0 0 0 1 2 0 1
0 0 2 2 2 0 1 1 2 3
3 0 0 2 3 3 0 3 1 1
2 3 2 3 2 3 1 0 0 0
3 0 1 0 3 2 3 0 2 1
3 1 0 3 3 1 0 2 3 1
1 0 2 1 1 2 2 0 2 0
3 1 0 2 3 1 2 2 1 1
1 2 2 2 2 0 2 3 2 2
2 1 1 2 1 0 1 0 2 2
0 0 2 2 0 0 2 1 3 1
49 34 20 30 17 41 12 36 29 41
49 41 21 23 37 31 21 13 20 29
26 41 36 47 29 31 18 41 31 27
43 23 17 19 44 12 24 25 33 51
51 40 41 19 40 47 35 35 21 18
45 38 20 29 47 15 47 20 31 42
48 35 21 33 41 39 37 14 24 42
37 45 23 31 40 39 15 13 18 23
21 16 49 12 43 49 43 44 20 49
22 12 33 42 13 41 34 14 37 20
25 43 33 30 23 30 21 32 48 34
44 31 19 29 37 14 22 45 20 31
48 49 30 16 14 41 47 36 12 44
49 30 25 26 27 48 22 17 42 29
25 30 50 16 39 23 36 43 42 38
13 50 50 46 50 47 23 38 29 39
17 21 31 48 29 41 31 39 22 49
23 16 33 23 27 49 45 43 28 38
44 42 50 34 31 16 19 30 51 20
22 45 44 28 38 27 23 23 36 15
34 48 19 17 14 49 39 42 44 21
31 12 13 17 39 19 46 43 29 37
42 25 28 40 31 22 28 48 24 41
43 47 16 41 49 49 16 50 25 14
32 28 36 41 19 26 15 24 35 24
24 28 16 33 34 37 38 28 13 21
49 20 22 40 36 19 49 14 33 19
25 20 41 23 13 12 26 34 45 17
19 45 33 12 38 31 28 20 43 47
36 21 46 31 12 35 19 49 40 41
33 47 45 21 25 34 41 27 14 32
50 23 38 14 26 31 30 15 47 46
12 13 19 12 42 15 25 18 49 21
17 35 30 36 30 34 43 43 19 25
30 30 36 27 48 43 32 28 12 25
22 36 39 27 34 35 19 18 36 41
12 43 45 13 16 17 14 51 26 48
21 26 44 31 21 42 31 20 37 14
46 12 25 30 36 19 45 14 50 18
28 38 19 20 17 40 46 21 30 51
35 24 51 47 31 47 24 47 22 33
34 44 40 31 45 43 25 46 28 35
34 51 41 25 45 37 31 23 40 16
46 18 14 18 20 50 21 50 43 47
33 19 38 23 46 39 33 29 43 34
32 26 29 45 24 39 22 49 39 46
27 17 22 38 38 50 26 51 51 21
20 19 25 17 45 38 50 40 45 24
25 44 42 40 40 21 41 35 15 51
19 23 14 24 17 16 37 21 34 35
15 51 50 36 23 47 34 30 19 37
37 32 46 39 45 30 39 40 49 45
20 46 40 34 51 38 18 29 17 20
49 48 15 28 21 30 48 30 48 43
50 46 49 41 47 33 41 29 27 35
22 15 16 14 21 50 27 15 47 39
37 27 31 19 13 14 36 34 28 40
41 48 15 51 25 32 21 45 17 50
46 44 41 45 19 12 42 48 14 42
48 50 17 43 21 51 31 31 51 15
43 23 18 47 41 43 38 13 42 36
46 33 44 18 38 17 12 36 32 19
20 36 33 24 49 23 47 46 36 50
49 47 38 40 33 21 29 37 49 47
50 27 17 34 33 35 27 36 24 24
44 40 13 13 29 33 41 36 35 12
18 42 36 24 12 13 25 22 30 47
40 18 22 38 27 36 41 22 21 17
33 28 42 37 33 45 19 19 16 33
46 46 18 46 39 18 35 51 41 42
37 13 25 34 12 47 30 32 37 30
18 22 32 47 40 15 24 42 49 45
40 38 14 50 18 51 39 38 25 24
51 48 30 24 38 40 20 39 33 43
12 28 27 22 27 46 31 33 23 37
12 18 21 42 47 38 14 15 20 19
36 27 14 26 40 12 37 15 12 26
13 23 44 13 33 25 26 38 12 48
23 31 17 45 18 30 30 13 13 40
42 17 26 19 18 44 35 18 39 12
42 48 23 32 43 16 48 27 33 50
42 35 36 13 39 20 42 41 44 19
43 24 47 47 13 31 32 50 26 17
21 32 13 40 33 32 46 17 44 30
18 25 25 12 19 51 37 39 49 39
35 25 46 33 21 42 51 44 27 26
48 30 31 48 25 46 31 47 37 36
46 45 14 45 38 45 22 31 45 19
16 29 43 39 40 32 36 32 27 45
16 20 35 12 48 20 25 30 12 21
36 32 14 30 18 28 25 29 22 15
23 16 12 14 43 35 28 19 21 41
50 31 42 51 26 51 25 40 48 40
51 12 45 48 27 38 31 24 26 33
43 25 44 15 31 41 36 18 35 37
41 44 42 45 13 50 26 28 42 40
43 37 28 22 15 37 42 14 41 33
13 42 34 18 18 32 18 47 14 42
42 41 29 38 37 40 21 16 14 26
12 32 18 42 20 36 46 17 51 49
