3 0 3 2 1 2 3 2 3 1 0 0 2 1 3 1
2 1 0 3 2 0 0 1 1 1 1 1 2 0 0 3
0 0 1 0 0 0 0 1 0 0 2 2 0 2 2 2
0 3 1 1 1 0 0 2 0 3 0 1 3 1 2 0
3 2 1 1 2 1 3 0 1 3 2 2 0 0 2 2
2 3 2 3 0 3 3 1 3 0 2 3 1 3 0 3
3 3 2 2 0 2 0 0 0 0 2 1 2 0 2 0
0 3 3 3 0 2 0 1 2 1 0 3 0 0 0 0
3 3 2 1 0 0 0 3 2 1 0 3 0 1 0 2
0 0 2 0 3 0 1 2 0 2 1 3 3 3 3 0
3 0 1 3 0 1 0 3 0 3 0 3 0 2 0 0
1 1 2 3 1 3 1 3 3 0 1 1 3 1 2 2
0 0 3 2 2 0 1 1 3 2 0 2 3 3 1 0
3 2 2 2 3 2 1 0 2 2 1 2 2 3 2 1
0 1 2 1 1 1 3 1 2 2 1 2 3 2 0 3
1 3 1 2 1 3 3 1 0 3 0 3 3 2 1 2
27 24 35 46 49 30 15 18 31 25 32 44 42 29 31 45
18 25 48 51 18 48 32 25 49 21 29 37 38 32 16 23
44 20 13 16 20 32 32 17 28 36 26 26 48 30 22 34
36 39 21 49 25 12 20 38 12 43 24 33 51 41 34 36
35 50 29 49 26 25 23 16 49 47 50 46 24 20 22 26
14 51 38 31 36 51 51 13 27 28 18 15 21 19 28 35
31 35 30 50 16 34 44 12 44 32 46 29 46 36 18 24
24 15 39 23 16 50 36 45 50 21 44 27 40 12 12 12
39 39 34 13 48 24 36 27 26 33 28 23 24 29 20 34
20 24 22 48 31 24 21 34 32 22 49 51 39 35 35 32
27 20 37 27 48 37 40 19 24 31 24 31 12 26 48 44
21 17 18 51 13 47 25 15 39 12 25 17 19 45 26 38
12 48 27 42 50 44 37 49 15 18 24 30 27 27 33 20
39 14 18 30 35 14 33 40 42 22 33 30 46 31 50 13
28 45 26 29 13 21 51 17 26 14 41 46 19 14 32 35
41 15 17 18 33 39 47 13 24 31 48 39 47 18 25 22
