0 2 2 1 1 0 1 1 2 2
2 2 1 1 0 0 1 1 0 2
0 1 1 1 2 1 0 1 0 3
2 1 3 1 2 3 0 3 2 1
2 3 2 1 1 2 1 3 0 1
3 0 2 1 0 1 3 3 3 1
1 2 2 2 1 2 3 3 1 2
3 0 2 1 1 1 3 0 0 3
0 2 3 3 3 2 1 2 3 3
2 3 1 2 0 3 0 2 1 2
40 18 30 17 29 40 13 49 50 34
18 18 49 33 24 32 41 17 12 42
48 37 33 17 50 41 36 37 40 35
14 13 19 45 50 35 24 23 38 45
30 15 14 17 17 42 13 27 12 33
51 36 14 49 48 13 31 39 35 37
33 18 14 18 21 46 47 19 21 42
23 44 22 45 21 45 43 32 44 43
28 18 27 31 15 50 37 46 51 23
38 51 13 26 48 43 48 34 49 22
