0 1 2 3 0 1 2 3 0 1
2 3 0 1 2 3 0 1 2 3
0 1 2 3 0 1 2 3 0 1
2 3 0 1 2 3 0 1 2 3
0 1 2 3 0 1 2 3 0 1
2 3 0 1 2 3 0 1 2 3
0 1 2 3 0 1 2 3 0 1
2 3 0 1 2 3 0 1 2 3
0 1 2 3 0 1 2 3 0 1
2 3 0 1 2 3 0 1 2 3
40 29 26 51 12 37 42 39 44 21
18 47 40 33 42 27 20 37 34 35
16 41 34 15 24 49 22 39 24 37
50 27 44 25 42 51 40 25 22 27
32 21 22 31 16 25 50 43 32 25
18 39 44 37 38 19 16 17 26 23
32 17 34 39 16 49 34 39 12 45
34 51 36 13 22 51 40 25 42 23
36 17 26 51 20 17 14 39 40 25
46 43 32 25 50 15 12 25 22 39
