0 0 0 0 0 0 0 0 1 1 1 1 1 1 1 1
2 2 2 2 2 2 2 2 3 3 3 3 3 3 3 3
0 0 0 0 0 0 0 0 1 1 1 1 1 1 1 1
2 2 2 2 2 2 2 2 3 3 3 3 3 3 3 3
0 0 0 0 0 0 0 0 1 1 1 1 1 1 1 1
2 2 2 2 2 2 2 2 3 3 3 3 3 3 3 3
0 0 0 0 0 0 0 0 1 1 1 1 1 1 1 1
2 2 2 2 2 2 2 2 3 3 3 3 3 3 3 3
0 0 0 0 0 0 0 0 1 1 1 1 1 1 1 1
2 2 2 2 2 2 2 2 3 3 3 3 3 3 3 3
0 0 0 0 0 0 0 0 1 1 1 1 1 1 1 1
2 2 2 2 2 2 2 2 3 3 3 3 3 3 3 3
0 0 0 0 0 0 0 0 1 1 1 1 1 1 1 1
2 2 2 2 2 2 2 2 3 3 3 3 3 3 3 3
0 0 0 0 0 0 0 0 1 1 1 1 1 1 1 1
2 2 2 2 2 2 2 2 3 3 3 3 3 3 3 3
32 28 24 44 16 28 48 48 29 29 37 29 25 49 45 13
42 34 50 30 50 30 18 14 43 27 39 15 51 47 19 51
28 36 12 32 12 28 16 20 33 21 41 25 17 33 33 41
30 34 42 38 50 18 18 46 39 51 39 35 31 39 23 43
36 28 24 48 20 24 20 28 29 41 25 21 25 33 45 29
34 22 18 18 46 26 18 26 51 43 35 27 39 43 27 39
36 44 24 20 20 12 32 12 49 41 37 29 17 13 41 21
38 26 34 46 22 34 38 18 51 39 31 23 23 19 35 27
16 36 24 20 40 24 16 12 25 21 13 49 33 33 49 29
46 26 26 38 34 30 14 42 15 51 51 39 47 43 39 35
44 32 40 36 16 24 16 32 25 25 21 13 49 25 37 17
38 46 34 42 38 14 42 38 27 27 43 35 39 39 23 47
36 32 32 36 20 44 44 36 33 41 33 41 49 29 21 29
50 46 42 14 14 26 18 46 43 31 31 31 43 15 31 43
28 44 40 12 44 24 32 28 33 49 13 21 33 21 17 45
14 50 42 14 30 46 34 46 27 23 35 47 23 47 35 15
