0 1 2 3 0 1 2 3 0 1
2 3 0 1 2 3 0 1 2 3
0 1 2 3 0 1 2 3 0 1
2 3 0 1 2 3 0 1 2 3
0 1 2 3 0 1 2 3 0 1
2 3 0 1 2 3 0 1 2 3
0 1 2 3 0 1 2 3 0 1
2 3 0 1 2 3 0 1 2 3
0 1 2 3 0 1 2 3 0 1
2 3 0 1 2 3 0 1 2 3
36 45 14 15 44 37 38 23 12 17
50 35 48 13 22 23 48 37 18 51
48 41 46 27 32 25 14 51 40 37
26 35 28 49 14 27 20 13 26 23
32 49 22 51 36 21 18 19 40 13
30 19 44 13 42 31 20 21 30 43
44 41 46 27 28 41 18 43 48 37
50 39 44 45 14 31 20 41 50 51
40 21 34 31 48 17 18 43 36 13
42 51 40 17 22 27 16 25 30 15
