0 0 0 0 0 0 0 0 1 1 1 1 1 1 1 1
2 2 2 2 2 2 2 2 3 3 3 3 3 3 3 3
0 0 0 0 0 0 0 0 1 1 1 1 1 1 1 1
2 2 2 2 2 2 2 2 3 3 3 3 3 3 3 3
0 0 0 0 0 0 0 0 1 1 1 1 1 1 1 1
2 2 2 2 2 2 2 2 3 3 3 3 3 3 3 3
0 0 0 0 0 0 0 0 1 1 1 1 1 1 1 1
2 2 2 2 2 2 2 2 3 3 3 3 3 3 3 3
0 0 0 0 0 0 0 0 1 1 1 1 1 1 1 1
2 2 2 2 2 2 2 2 3 3 3 3 3 3 3 3
0 0 0 0 0 0 0 0 1 1 1 1 1 1 1 1
2 2 2 2 2 2 2 2 3 3 3 3 3 3 3 3
0 0 0 0 0 0 0 0 1 1 1 1 1 1 1 1
2 2 2 2 2 2 2 2 3 3 3 3 3 3 3 3
0 0 0 0 0 0 0 0 1 1 1 1 1 1 1 1
2 2 2 2 2 2 2 2 3 3 3 3 3 3 3 3
16 36 48 16 28 48 12 16 49 21 45 25 13 33 25 37
22 18 42 22 30 38 18 22 35 35 15 47 15 43 39 23
36 24 24 28 40 32 16 28 45 41 33 29 41 17 33 13
38 26 14 50 50 50 26 18 31 39 39 15 47 15 31 15
28 20 48 32 44 32 48 20 25 17 33 33 13 21 21 49
18 38 34 46 46 14 46 18 23 51 39 39 15 31 19 23
28 36 20 40 24 40 16 32 37 49 41 29 13 21 33 33
50 42 18 42 18 42 22 14 51 51 51 51 19 15 35 19
12 12 24 44 48 24 12 36 21 49 41 41 13 17 33 17
30 34 38 42 26 50 42 34 15 35 51 51 47 27 23 27
28 16 28 32 40 16 20 40 13 45 33 21 45 29 49 45
22 38 50 30 14 30 38 50 51 51 19 15 23 51 39 23
16 32 12 36 48 24 20 12 33 17 37 25 33 17 25 49
30 14 50 38 30 50 22 34 19 19 35 47 39 27 31 35
20 48 44 44 28 32 20 32 41 49 45 41 41 49 41 49
22 30 34 38 34 34 50 18 19 35 23 23 35 39 19 35
