0 0 0 0 0 0 0 0 1 1 1 1 1 1 1 1
2 2 2 2 2 2 2 2 3 3 3 3 3 3 3 3
0 0 0 0 0 0 0 0 1 1 1 1 1 1 1 1
2 2 2 2 2 2 2 2 3 3 3 3 3 3 3 3
0 0 0 0 0 0 0 0 1 1 1 1 1 1 1 1
2 2 2 2 2 2 2 2 3 3 3 3 3 3 3 3
0 0 0 0 0 0 0 0 1 1 1 1 1 1 1 1
2 2 2 2 2 2 2 2 3 3 3 3 3 3 3 3
0 0 0 0 0 0 0 0 1 1 1 1 1 1 1 1
2 2 2 2 2 2 2 2 3 3 3 3 3 3 3 3
0 0 0 0 0 0 0 0 1 1 1 1 1 1 1 1
2 2 2 2 2 2 2 2 3 3 3 3 3 3 3 3
0 0 0 0 0 0 0 0 1 1 1 1 1 1 1 1
2 2 2 2 2 2 2 2 3 3 3 3 3 3 3 3
0 0 0 0 0 0 0 0 1 1 1 1 1 1 1 1
2 2 2 2 2 2 2 2 3 3 3 3 3 3 3 3
24 40 32 36 28 12 28 28 45 29 45 45 41 21 45 29
34 30 18 42 14 30 26 18 51 39 31 39 51 15 31 39
28 40 44 40 16 36 16 48 17 41 37 17 29 17 41 13
50 22 46 42 38 50 42 26 31 51 51 31 43 15 47 19
12 12 24 32 28 24 20 36 41 13 49 33 41 21 33 37
26 30 30 14 26 42 50 42 31 35 51 27 35 35 39 23
24 40 28 36 12 20 36 32 29 37 17 41 45 41 45 29
38 30 30 26 42 38 22 18 43 23 51 39 15 47 23 43
44 24 32 48 16 24 40 36 37 13 37 13 33 21 17 37
26 38 22 26 18 42 50 30 51 23 23 35 35 47 47 15
48 12 24 48 36 16 32 20 37 41 17 21 17 25 49 49
30 42 50 30 50 50 14 34 27 31 51 27 39 27 35 19
36 40 16 12 20 48 24 48 41 13 13 13 25 41 41 21
42 42 22 42 14 50 18 18 31 39 27 31 43 15 39 43
12 40 36 28 12 40 16 40 17 29 45 17 37 25 33 25
34 18 22 38 50 30 50 46 27 23 27 27 47 35 35 15
