0 1 2 3 0 1 2 3 0 1
2 3 0 1 2 3 0 1 2 3
0 1 2 3 0 1 2 3 0 1
2 3 0 1 2 3 0 1 2 3
0 1 2 3 0 1 2 3 0 1
2 3 0 1 2 3 0 1 2 3
0 1 2 3 0 1 2 3 0 1
2 3 0 1 2 3 0 1 2 3
0 1 2 3 0 1 2 3 0 1
2 3 0 1 2 3 0 1 2 3
24 49 34 31 24 29 42 31 28 21
14 43 32 33 50 47 28 29 42 31
12 49 14 19 24 29 46 19 44 21
26 27 12 41 14 39 16 13 34 19
20 25 42 43 16 21 38 51 48 21
30 43 40 45 14 15 28 13 26 51
44 45 42 19 32 13 26 43 36 21
14 47 16 49 30 15 48 49 42 47
24 37 14 15 36 45 22 15 36 29
50 39 36 25 46 39 36 41 22 31
