0 1 2 3 0 1 2 3 0 1
2 3 0 1 2 3 0 1 2 3
0 1 2 3 0 1 2 3 0 1
2 3 0 1 2 3 0 1 2 3
0 1 2 3 0 1 2 3 0 1
2 3 0 1 2 3 0 1 2 3
0 1 2 3 0 1 2 3 0 1
2 3 0 1 2 3 0 1 2 3
0 1 2 3 0 1 2 3 0 1
2 3 0 1 2 3 0 1 2 3
48 33 50 35 44 41 42 39 48 13
42 15 28 37 26 51 32 13 26 35
44 29 14 23 16 29 38 35 24 33
46 51 48 13 18 35 40 45 38 27
24 37 22 47 36 21 14 15 12 29
30 31 24 33 22 15 24 49 42 39
48 49 18 47 44 49 30 39 32 29
30 31 44 45 26 15 16 17 38 39
40 37 14 43 24 13 42 15 36 13
46 51 20 45 46 47 48 17 26 27
