0 0 0 0 0 0 0 0 1 1 1 1 1 1 1 1
2 2 2 2 2 2 2 2 3 3 3 3 3 3 3 3
0 0 0 0 0 0 0 0 1 1 1 1 1 1 1 1
2 2 2 2 2 2 2 2 3 3 3 3 3 3 3 3
0 0 0 0 0 0 0 0 1 1 1 1 1 1 1 1
2 2 2 2 2 2 2 2 3 3 3 3 3 3 3 3
0 0 0 0 0 0 0 0 1 1 1 1 1 1 1 1
2 2 2 2 2 2 2 2 3 3 3 3 3 3 3 3
0 0 0 0 0 0 0 0 1 1 1 1 1 1 1 1
2 2 2 2 2 2 2 2 3 3 3 3 3 3 3 3
0 0 0 0 0 0 0 0 1 1 1 1 1 1 1 1
2 2 2 2 2 2 2 2 3 3 3 3 3 3 3 3
0 0 0 0 0 0 0 0 1 1 1 1 1 1 1 1
2 2 2 2 2 2 2 2 3 3 3 3 3 3 3 3
0 0 0 0 0 0 0 0 1 1 1 1 1 1 1 1
2 2 2 2 2 2 2 2 3 3 3 3 3 3 3 3
12 20 20 24 48 20 12 20 21 25 41 17 21 17 45 17
42 50 30 46 46 46 26 42 31 39 43 35 51 27 27 51
16 32 44 40 40 28 32 40 45 45 41 25 17 13 29 29
50 50 46 34 50 30 30 30 47 27 35 51 43 23 39 27
48 44 36 16 48 20 16 28 41 41 29 41 25 33 17 13
26 42 22 38 26 30 34 14 39 19 23 19 43 19 15 15
36 24 28 32 40 16 24 48 29 17 17 37 17 21 29 13
46 42 38 38 14 14 22 46 27 19 23 27 47 31 47 27
40 24 20 40 36 36 32 40 21 13 37 17 37 13 33 25
22 38 14 38 46 30 50 22 15 31 31 39 19 35 43 43
36 20 36 28 36 24 44 48 33 45 49 21 41 37 21 17
22 34 26 26 42 26 18 14 39 51 51 15 23 39 47 19
24 24 32 32 16 36 48 28 21 33 45 25 17 13 41 25
38 18 30 18 18 34 30 18 15 39 43 15 19 27 43 39
40 28 24 12 16 20 48 20 21 41 45 33 45 29 41 25
50 22 22 46 14 42 30 30 35 15 27 19 51 39 31 39
