0 1 2 3 0 1 2 3 0 1
2 3 0 1 2 3 0 1 2 3
0 1 2 3 0 1 2 3 0 1
2 3 0 1 2 3 0 1 2 3
0 1 2 3 0 1 2 3 0 1
2 3 0 1 2 3 0 1 2 3
0 1 2 3 0 1 2 3 0 1
2 3 0 1 2 3 0 1 2 3
0 1 2 3 0 1 2 3 0 1
2 3 0 1 2 3 0 1 2 3
20 33 22 27 44 41 22 23 32 45
30 19 12 21 42 47 20 41 46 15
36 13 30 39 20 29 26 39 24 33
46 47 12 13 22 15 20 41 18 23
48 25 22 47 24 37 34 51 16 37
30 15 24 49 46 19 28 21 46 23
28 29 26 19 36 21 42 23 20 17
18 39 44 21 34 19 40 41 30 35
32 41 22 27 48 29 46 43 32 49
26 47 20 49 50 31 12 45 22 43
