0 0 0 0 0 0 0 0 1 1 1 1 1 1 1 1
2 2 2 2 2 2 2 2 3 3 3 3 3 3 3 3
0 0 0 0 0 0 0 0 1 1 1 1 1 1 1 1
2 2 2 2 2 2 2 2 3 3 3 3 3 3 3 3
0 0 0 0 0 0 0 0 1 1 1 1 1 1 1 1
2 2 2 2 2 2 2 2 3 3 3 3 3 3 3 3
0 0 0 0 0 0 0 0 1 1 1 1 1 1 1 1
2 2 2 2 2 2 2 2 3 3 3 3 3 3 3 3
0 0 0 0 0 0 0 0 1 1 1 1 1 1 1 1
2 2 2 2 2 2 2 2 3 3 3 3 3 3 3 3
0 0 0 0 0 0 0 0 1 1 1 1 1 1 1 1
2 2 2 2 2 2 2 2 3 3 3 3 3 3 3 3
0 0 0 0 0 0 0 0 1 1 1 1 1 1 1 1
2 2 2 2 2 2 2 2 3 3 3 3 3 3 3 3
0 0 0 0 0 0 0 0 1 1 1 1 1 1 1 1
2 2 2 2 2 2 2 2 3 3 3 3 3 3 3 3
44 44 44 32 32 48 36 32 17 29 21 21 41 41 29 41
46 22 22 26 38 22 18 14 43 43 43 15 15 19 19 23
32 24 12 44 36 48 40 20 49 49 25 37 41 29 33 17
50 18 46 38 46 42 26 18 19 27 15 39 47 15 47 19
28 44 28 36 28 24 24 16 37 41 25 45 49 41 37 33
26 38 42 22 34 34 50 22 39 27 35 47 47 15 51 39
36 32 12 12 40 36 48 24 41 21 33 21 25 41 49 41
38 18 30 50 26 50 38 30 15 47 15 51 39 39 31 31
32 16 36 12 28 20 20 24 25 21 49 21 29 37 25 21
18 38 14 30 22 42 18 42 15 15 31 39 23 35 47 35
40 24 32 20 12 12 24 24 37 17 17 29 21 33 49 25
18 34 14 34 14 46 26 26 27 39 31 27 35 19 39 47
28 28 32 16 36 16 16 36 21 49 37 45 29 13 37 17
14 38 34 50 14 38 14 30 15 27 15 15 35 47 27 15
16 32 12 12 32 12 40 28 41 13 37 33 45 49 17 21
14 18 18 34 18 18 14 34 43 15 31 47 47 51 15 43
