0 1 2 3 0 1 2 3 0 1
2 3 0 1 2 3 0 1 2 3
0 1 2 3 0 1 2 3 0 1
2 3 0 1 2 3 0 1 2 3
0 1 2 3 0 1 2 3 0 1
2 3 0 1 2 3 0 1 2 3
0 1 2 3 0 1 2 3 0 1
2 3 0 1 2 3 0 1 2 3
0 1 2 3 0 1 2 3 0 1
2 3 0 1 2 3 0 1 2 3
44 25 46 35 20 49 30 43 20 13
42 19 12 45 22 27 36 21 38 51
12 21 42 51 32 13 34 23 12 17
30 47 32 41 34 15 20 37 38 27
24 45 22 39 28 45 38 43 36 25
38 43 32 17 26 39 40 25 18 43
12 21 22 27 28 25 22 23 24 21
22 19 16 41 18 27 36 17 42 27
28 17 50 27 40 37 46 19 36 49
42 15 16 41 38 47 28 29 18 31
