0 0 0 0 0 0 0 0 1 1 1 1 1 1 1 1
2 2 2 2 2 2 2 2 3 3 3 3 3 3 3 3
0 0 0 0 0 0 0 0 1 1 1 1 1 1 1 1
2 2 2 2 2 2 2 2 3 3 3 3 3 3 3 3
0 0 0 0 0 0 0 0 1 1 1 1 1 1 1 1
2 2 2 2 2 2 2 2 3 3 3 3 3 3 3 3
0 0 0 0 0 0 0 0 1 1 1 1 1 1 1 1
2 2 2 2 2 2 2 2 3 3 3 3 3 3 3 3
0 0 0 0 0 0 0 0 1 1 1 1 1 1 1 1
2 2 2 2 2 2 2 2 3 3 3 3 3 3 3 3
0 0 0 0 0 0 0 0 1 1 1 1 1 1 1 1
2 2 2 2 2 2 2 2 3 3 3 3 3 3 3 3
0 0 0 0 0 0 0 0 1 1 1 1 1 1 1 1
2 2 2 2 2 2 2 2 3 3 3 3 3 3 3 3
0 0 0 0 0 0 0 0 1 1 1 1 1 1 1 1
2 2 2 2 2 2 2 2 3 3 3 3 3 3 3 3
32 28 44 24 44 40 48 32 21 21 45 13 45 25 45 33
38 26 46 18 26 18 18 42 39 51 35 19 39 51 35 31
24 20 28 44 28 12 20 32 41 45 37 49 37 25 25 21
26 22 18 38 22 30 46 42 47 39 23 31 51 27 35 23
44 44 36 12 36 40 28 44 33 33 17 49 17 45 41 25
50 14 42 26 30 42 38 18 43 31 31 39 19 43 15 27
16 28 40 20 16 28 12 48 29 17 25 21 45 25 17 17
50 38 50 30 22 46 34 42 35 39 43 39 51 27 31 23
40 36 32 44 32 12 20 20 17 33 21 37 17 41 49 33
50 14 18 14 30 50 46 50 35 19 35 35 39 35 27 39
12 44 48 28 16 24 24 44 45 21 21 45 49 41 25 49
30 22 46 22 14 22 42 34 15 39 15 39 31 15 19 43
20 44 40 36 44 28 16 32 29 21 49 25 25 49 41 49
30 50 14 38 50 38 14 42 39 43 19 39 19 47 15 39
24 20 28 32 32 24 32 24 41 41 49 49 33 45 45 41
18 50 30 46 30 22 30 26 15 23 31 43 43 31 35 39
