0 0 0 0 0 0 0 0 1 1 1 1 1 1 1 1
2 2 2 2 2 2 2 2 3 3 3 3 3 3 3 3
0 0 0 0 0 0 0 0 1 1 1 1 1 1 1 1
2 2 2 2 2 2 2 2 3 3 3 3 3 3 3 3
0 0 0 0 0 0 0 0 1 1 1 1 1 1 1 1
2 2 2 2 2 2 2 2 3 3 3 3 3 3 3 3
0 0 0 0 0 0 0 0 1 1 1 1 1 1 1 1
2 2 2 2 2 2 2 2 3 3 3 3 3 3 3 3
0 0 0 0 0 0 0 0 1 1 1 1 1 1 1 1
2 2 2 2 2 2 2 2 3 3 3 3 3 3 3 3
0 0 0 0 0 0 0 0 1 1 1 1 1 1 1 1
2 2 2 2 2 2 2 2 3 3 3 3 3 3 3 3
0 0 0 0 0 0 0 0 1 1 1 1 1 1 1 1
2 2 2 2 2 2 2 2 3 3 3 3 3 3 3 3
0 0 0 0 0 0 0 0 1 1 1 1 1 1 1 1
2 2 2 2 2 2 2 2 3 3 3 3 3 3 3 3
12 12 48 36 20 40 40 40 37 49 29 29 25 41 17 25
22 14 26 38 30 38 42 18 19 51 19 35 51 51 35 39
32 44 48 24 32 44 12 44 45 49 21 13 29 45 37 45
50 50 34 14 50 26 50 34 19 15 51 31 47 35 31 23
48 36 24 16 32 48 48 20 41 25 21 21 29 17 37 13
46 22 18 34 34 14 30 30 51 23 19 47 43 35 27 51
24 44 20 12 44 48 16 28 17 17 45 33 25 25 33 25
22 14 26 50 46 38 22 30 35 27 51 31 15 23 39 47
32 16 44 36 24 44 44 32 37 49 33 25 45 29 25 29
38 42 50 46 22 18 34 38 27 47 51 15 31 35 15 35
28 48 16 16 32 12 12 20 33 41 33 21 49 41 21 13
18 42 42 30 42 26 26 22 31 35 15 15 27 47 43 27
28 32 12 40 12 12 40 40 49 49 13 33 17 37 29 17
18 18 26 34 14 38 50 46 19 39 43 43 51 47 43 31
32 20 48 36 16 40 16 44 37 41 25 25 49 49 21 29
14 46 26 14 22 34 30 46 15 47 19 23 31 19 43 23
