0 1 2 3 0 1 2 3 0 1
2 3 0 1 2 3 0 1 2 3
0 1 2 3 0 1 2 3 0 1
2 3 0 1 2 3 0 1 2 3
0 1 2 3 0 1 2 3 0 1
2 3 0 1 2 3 0 1 2 3
0 1 2 3 0 1 2 3 0 1
2 3 0 1 2 3 0 1 2 3
0 1 2 3 0 1 2 3 0 1
2 3 0 1 2 3 0 1 2 3
36 45 50 39 28 25 30 27 36 29
42 43 44 33 50 35 24 17 30 35
32 25 34 51 32 21 26 19 40 17
18 51 24 25 14 43 24 17 14 27
20 21 38 27 24 29 42 19 48 33
34 39 44 45 22 51 28 45 18 51
12 33 46 31 36 21 18 35 24 37
38 27 28 13 38 35 16 41 34 27
20 29 42 19 32 29 34 15 40 33
42 39 24 25 26 23 36 21 42 47
