0 0 0 0 0 0 0 0 1 1 1 1 1 1 1 1
2 2 2 2 2 2 2 2 3 3 3 3 3 3 3 3
0 0 0 0 0 0 0 0 1 1 1 1 1 1 1 1
2 2 2 2 2 2 2 2 3 3 3 3 3 3 3 3
0 0 0 0 0 0 0 0 1 1 1 1 1 1 1 1
2 2 2 2 2 2 2 2 3 3 3 3 3 3 3 3
0 0 0 0 0 0 0 0 1 1 1 1 1 1 1 1
2 2 2 2 2 2 2 2 3 3 3 3 3 3 3 3
0 0 0 0 0 0 0 0 1 1 1 1 1 1 1 1
2 2 2 2 2 2 2 2 3 3 3 3 3 3 3 3
0 0 0 0 0 0 0 0 1 1 1 1 1 1 1 1
2 2 2 2 2 2 2 2 3 3 3 3 3 3 3 3
0 0 0 0 0 0 0 0 1 1 1 1 1 1 1 1
2 2 2 2 2 2 2 2 3 3 3 3 3 3 3 3
0 0 0 0 0 0 0 0 1 1 1 1 1 1 1 1
2 2 2 2 2 2 2 2 3 3 3 3 3 3 3 3
44 44 36 44 40 12 32 44 17 41 41 25 41 45 33 33
22 30 22 18 34 14 26 26 35 23 51 23 35 19 51 19
44 28 12 36 40 24 16 24 37 41 33 37 49 33 25 21
22 18 22 30 30 46 34 18 43 19 19 31 35 35 43 19
48 32 48 16 28 48 28 16 25 17 25 21 49 37 45 41
30 38 30 14 42 14 42 46 43 47 27 43 35 39 15 19
40 20 24 28 28 16 36 24 21 17 25 29 45 37 33 13
18 22 14 50 34 14 38 14 19 27 43 35 19 43 23 43
40 12 12 44 48 48 24 32 49 17 25 13 45 49 49 21
38 14 34 34 14 30 30 38 19 15 51 43 39 51 47 15
44 28 20 12 12 44 40 44 49 33 17 41 41 21 25 37
50 26 38 30 42 42 46 22 43 39 15 35 43 51 15 35
12 32 44 44 48 12 16 16 49 13 37 49 41 17 25 29
14 30 18 18 38 18 34 34 31 31 39 23 15 27 31 43
12 48 24 36 32 28 12 12 25 41 45 17 49 21 41 33
38 22 50 26 30 22 18 46 43 47 15 39 31 19 35 31
