0 1 2 3 0 1 2 3 0 1
2 3 0 1 2 3 0 1 2 3
0 1 2 3 0 1 2 3 0 1
2 3 0 1 2 3 0 1 2 3
0 1 2 3 0 1 2 3 0 1
2 3 0 1 2 3 0 1 2 3
0 1 2 3 0 1 2 3 0 1
2 3 0 1 2 3 0 1 2 3
0 1 2 3 0 1 2 3 0 1
2 3 0 1 2 3 0 1 2 3
36 13 50 43 12 29 50 19 36 13
14 31 28 17 18 27 44 21 26 15
32 17 46 47 40 13 14 35 40 29
22 15 20 17 14 47 16 49 42 23
28 17 30 51 36 37 18 47 20 29
46 27 28 29 18 27 44 17 46 31
32 41 26 15 20 17 34 47 24 21
18 51 48 37 42 43 40 41 42 23
36 13 22 43 24 13 14 31 48 37
50 35 12 37 34 31 32 45 38 31
