0 1 2 3 0 1 2 3 0 1
2 3 0 1 2 3 0 1 2 3
0 1 2 3 0 1 2 3 0 1
2 3 0 1 2 3 0 1 2 3
0 1 2 3 0 1 2 3 0 1
2 3 0 1 2 3 0 1 2 3
0 1 2 3 0 1 2 3 0 1
2 3 0 1 2 3 0 1 2 3
0 1 2 3 0 1 2 3 0 1
2 3 0 1 2 3 0 1 2 3
24 21 22 35 48 45 26 31 28 29
42 15 20 49 22 19 12 13 46 27
32 21 38 15 28 49 42 39 48 49
14 23 16 21 50 19 44 17 18 15
32 21 30 35 20 41 26 35 44 37
46 43 48 33 14 39 16 29 26 31
48 45 30 23 32 37 18 43 32 13
46 43 16 13 38 23 28 25 14 43
32 37 50 51 12 37 26 47 24 13
46 39 32 41 50 31 24 41 34 51
