0 0 0 0 0 0 0 0 1 1 1 1 1 1 1 1
2 2 2 2 2 2 2 2 3 3 3 3 3 3 3 3
0 0 0 0 0 0 0 0 1 1 1 1 1 1 1 1
2 2 2 2 2 2 2 2 3 3 3 3 3 3 3 3
0 0 0 0 0 0 0 0 1 1 1 1 1 1 1 1
2 2 2 2 2 2 2 2 3 3 3 3 3 3 3 3
0 0 0 0 0 0 0 0 1 1 1 1 1 1 1 1
2 2 2 2 2 2 2 2 3 3 3 3 3 3 3 3
0 0 0 0 0 0 0 0 1 1 1 1 1 1 1 1
2 2 2 2 2 2 2 2 3 3 3 3 3 3 3 3
0 0 0 0 0 0 0 0 1 1 1 1 1 1 1 1
2 2 2 2 2 2 2 2 3 3 3 3 3 3 3 3
0 0 0 0 0 0 0 0 1 1 1 1 1 1 1 1
2 2 2 2 2 2 2 2 3 3 3 3 3 3 3 3
0 0 0 0 0 0 0 0 1 1 1 1 1 1 1 1
2 2 2 2 2 2 2 2 3 3 3 3 3 3 3 3
36 28 20 32 36 24 36 36 33 29 33 45 13 45 41 37
50 42 42 14 34 50 46 42 19 15 47 47 35 27 43 39
32 44 24 48 28 16 28 28 37 25 13 21 13 33 37 37
34 26 26 42 26 22 50 30 23 47 39 43 43 23 23 35
40 12 40 32 32 48 16 32 45 13 17 25 21 13 45 17
30 38 30 38 14 22 30 38 15 47 31 51 15 47 35 31
24 44 24 16 24 12 40 12 17 37 25 49 49 17 41 17
46 50 38 30 38 22 26 50 19 31 47 35 51 47 15 35
28 32 20 32 48 28 28 28 41 13 17 33 41 37 13 25
22 26 18 42 26 50 38 26 51 31 19 39 35 43 23 47
28 44 20 28 44 20 32 36 41 45 41 49 37 41 45 17
26 22 18 42 34 50 50 26 35 47 23 15 15 23 31 15
40 24 24 20 24 12 36 12 17 37 25 21 49 21 45 25
38 30 14 22 14 50 26 30 27 39 19 39 47 43 35 31
16 40 48 36 44 28 12 40 25 21 33 13 41 49 21 37
50 14 30 22 14 50 50 14 35 19 27 15 31 31 35 51
