0 0 0 0 0 0 0 0 1 1 1 1 1 1 1 1
2 2 2 2 2 2 2 2 3 3 3 3 3 3 3 3
0 0 0 0 0 0 0 0 1 1 1 1 1 1 1 1
2 2 2 2 2 2 2 2 3 3 3 3 3 3 3 3
0 0 0 0 0 0 0 0 1 1 1 1 1 1 1 1
2 2 2 2 2 2 2 2 3 3 3 3 3 3 3 3
0 0 0 0 0 0 0 0 1 1 1 1 1 1 1 1
2 2 2 2 2 2 2 2 3 3 3 3 3 3 3 3
0 0 0 0 0 0 0 0 1 1 1 1 1 1 1 1
2 2 2 2 2 2 2 2 3 3 3 3 3 3 3 3
0 0 0 0 0 0 0 0 1 1 1 1 1 1 1 1
2 2 2 2 2 2 2 2 3 3 3 3 3 3 3 3
0 0 0 0 0 0 0 0 1 1 1 1 1 1 1 1
2 2 2 2 2 2 2 2 3 3 3 3 3 3 3 3
0 0 0 0 0 0 0 0 1 1 1 1 1 1 1 1
2 2 2 2 2 2 2 2 3 3 3 3 3 3 3 3
32 28 44 24 12 32 40 44 25 33 41 41 33 49 25 37
50 50 30 18 42 18 46 26 39 51 35 31 43 51 31 43
16 32 40 32 16 48 24 36 17 21 21 29 37 17 13 37
26 34 46 30 18 14 34 14 23 35 47 31 43 27 15 47
24 28 32 44 16 24 16 48 41 41 25 41 49 37 29 49
26 46 46 30 30 34 46 42 15 39 39 43 39 31 51 35
28 48 16 16 20 44 44 28 29 29 37 33 21 49 49 25
38 18 18 42 42 46 50 38 23 27 47 43 47 47 51 15
28 12 16 28 32 48 48 32 17 49 29 17 41 13 33 17
14 50 22 46 42 38 30 50 35 27 47 19 35 47 27 35
12 28 32 36 12 32 20 48 33 13 45 17 21 17 17 21
22 34 42 26 18 22 18 50 39 23 27 39 23 15 39 31
40 44 28 40 12 48 28 16 49 37 37 17 41 17 49 33
18 22 18 38 38 30 34 38 35 23 23 35 19 27 27 43
36 48 36 24 24 48 20 48 13 49 13 29 49 17 41 29
18 26 26 22 30 50 42 14 35 19 35 39 19 39 23 15
