0 1 2 3 0 1 2 3 0 1
2 3 0 1 2 3 0 1 2 3
0 1 2 3 0 1 2 3 0 1
2 3 0 1 2 3 0 1 2 3
0 1 2 3 0 1 2 3 0 1
2 3 0 1 2 3 0 1 2 3
0 1 2 3 0 1 2 3 0 1
2 3 0 1 2 3 0 1 2 3
0 1 2 3 0 1 2 3 0 1
2 3 0 1 2 3 0 1 2 3
40 13 18 31 32 17 30 15 16 45
30 43 40 13 38 39 48 25 14 39
32 49 46 39 12 17 30 19 48 49
18 39 40 25 50 35 24 29 22 47
20 13 42 43 16 45 26 31 24 49
22 51 44 45 22 51 32 41 30 47
36 13 14 47 20 21 46 27 44 33
26 39 20 29 38 31 20 37 50 39
24 13 14 43 20 21 42 43 20 37
34 47 24 49 22 27 12 13 14 31
