3 1 3 3 2 3 3 0 2 2
2 3 0 2 2 2 1 3 3 0
1 3 1 3 3 1 2 3 2 3
0 0 1 2 2 3 2 0 3 1
0 0 2 1 0 2 3 1 3 3
3 2 1 0 0 1 2 1 1 0
1 3 1 0 0 2 1 1 3 0
3 3 0 2 2 1 3 3 3 0
2 0 3 3 3 1 2 1 3 2
2 0 0 0 3 3 3 2 2 2
2 2 0 0 0 3 2 2 1 3
3 3 2 2 2 1 3 1 0 1
1 1 0 1 1 2 1 1 1 2
2 1 2 0 3 0 0 2 2 0
2 2 1 2 2 0 1 2 1 1
0 0 3 2 3 1 1 2 2 3
1 1 0 3 3 2 3 1 3 2
3 2 1 0 3 3 0 3 1 1
1 2 2 3 0 1 2 3 1 1
3 2 2 0 0 3 1 2 1 2
1 2 3 2 1 2 1 3 3 0
1 1 1 1 0 1 0 2 1 0
2 0 0 0 3 0 3 2 1 1
2 2 3 3 0 1 3 0 2 0
1 1 2 1 1 0 1 2 2 1
0 1 0 1 3 1 1 0 1 3
0 2 3 1 3 1 2 3 0 2
1 1 0 0 1 3 0 2 1 3
2 3 3 0 0 2 0 3 2 2
2 2 2 0 1 2 1 0 0 3
2 3 1 1 3 2 3 3 3 1
2 0 2 1 0 3 3 1 1 2
3 2 2 3 3 3 0 0 1 1
1 0 2 0 2 0 1 0 3 2
1 0 1 2 0 2 2 3 3 1
2 2 1 2 1 1 2 2 2 0
1 2 0 0 0 0 0 3 0 0
1 2 1 0 2 1 3 0 2 3
2 3 0 3 2 2 2 1 1 3
0 3 1 3 0 0 0 3 3 2
0 3 3 3 0 1 0 3 2 3
3 1 0 3 3 0 0 0 1 0
2 3 0 1 1 0 0 1 3 0
2 2 3 2 1 2 2 1 1 2
0 3 0 2 1 1 1 3 0 0
3 3 2 0 1 1 1 0 0 2
0 2 3 0 2 2 1 1 0 3
3 2 3 2 1 1 2 2 3 1
3 3 1 1 3 1 2 1 3 2
2 2 3 3 1 3 3 2 0 3
0 0 2 2 1 0 3 3 1 3
3 2 3 0 2 2 1 1 3 2
0 0 2 2 1 0 3 3 3 3
1 3 0 2 2 1 3 3 3 3
3 2 2 0 2 0 1 0 2 0
2 2 2 3 0 1 2 2 0 3
2 2 3 0 3 2 1 1 3 0
2 3 1 1 1 2 2 0 3 0
0 1 2 2 3 0 3 3 1 1
0 1 3 0 1 0 0 1 0 0
3 2 3 2 3 2 0 0 2 2
3 3 0 1 3 3 2 0 0 1
0 0 0 3 1 0 3 1 2 1
1 0 1 1 3 0 2 3 3 2
2 2 3 2 3 3 1 0 1 1
3 3 0 0 2 1 0 3 2 0
3 2 1 1 1 3 0 2 1 0
2 3 2 0 3 0 0 3 3 3
3 0 2 1 0 2 2 2 1 1
2 2 1 1 1 1 3 1 1 2
2 2 1 3 3 1 3 3 0 3
2 3 1 2 0 0 1 2 3 1
2 1 1 3 3 1 3 2 2 3
1 1 3 2 3 2 1 1 2 3
0 2 2 1 3 1 1 1 3 2
0 2 2 0 1 0 3 3 3 2
1 0 0 2 0 3 1 2 3 1
3 2 2 0 0 0 0 1 0 3
2 3 3 0 2 0 3 1 1 1
0 2 0 2 3 3 1 1 1 0
3 1 0 3 2 3 3 3 1 0
3 1 2 1 1 2 1 3 0 1
3 3 3 1 3 0 1 0 3 1
2 1 3 0 0 1 3 2 3 2
2 2 3 3 3 3 1 2 3 0
2 1 1 1 0 3 2 2 3 3
1 1 0 0 2 1 2 3 1 0
0 3 2 3 0 1 1 0 1 1
2 1 1 0 3 3 3 3 2 1
1 1 2 1 3 0 1 2 0 3
1 0 2 3 3 2 1 2 0 0
0 1 2 3 0 0 3 0 3 2
0 2 0 0 2 3 0 1 3 0
0 0 2 1 2 2 0 1 3 1
2 2 2 1 2 1 3 3 2 0
1 2 1 3 3 1 1 1 3 2
1 3 0 1 3 2 0 1 3 2
0 2 2 3 0 1 2 3 2 2
1 3 1 1 0 1 0 0 0 2
0 3 1 2 0 3 1 1 3 2
47 49 19 47 38 35 51 24 42 26
42 15 48 18 22 34 49 35 15 24
37 15 41 43 15 29 30 43 14 35
16 48 13 30 22 51 22 36 43 41
16 44 14 17 16 18 23 41 15 35
15 46 33 20 40 21 30 13 49 20
45 15 45 48 28 26 45 49 43 36
23 19 36 42 30 37 47 15 43 12
42 20 39 19 27 49 34 29 39 22
38 28 28 16 15 31 43 46 22 50
26 42 16 32 44 39 30 30 29 35
31 43 30 34 22 29 23 25 44 21
13 45 36 21 29 30 17 29 49 50
30 45 30 20 39 12 36 26 34 12
18 30 45 14 26 24 13 34 21 33
48 24 19 22 31 25 21 38 26 51
37 37 40 47 19 46 15 13 39 26
15 26 33 36 23 23 24 39 37 21
33 46 34 31 36 45 14 31 41 33
51 38 22 32 36 19 29 42 45 22
33 42 35 22 17 42 13 27 19 48
45 37 45 21 48 21 44 26 25 28
30 44 12 16 23 12 19 34 25 37
14 22 43 47 16 41 43 40 26 32
33 49 14 33 41 44 49 46 38 49
44 45 48 13 27 45 13 44 33 39
48 50 39 41 39 49 22 27 20 46
37 49 12 32 45 43 48 46 13 47
46 51 35 32 32 30 40 35 46 18
30 30 42 20 25 38 49 40 48 39
14 43 49 45 51 42 39 39 39 29
50 36 30 41 44 35 43 37 41 18
39 14 42 19 51 15 44 24 17 45
45 20 34 36 30 36 37 36 51 14
25 24 29 34 24 26 30 43 35 49
38 30 29 22 45 49 18 46 46 28
37 46 28 36 28 44 48 35 24 44
21 38 41 12 46 29 31 40 42 27
42 39 40 47 18 18 18 21 37 35
24 47 17 27 12 32 24 23 39 22
36 51 23 47 28 17 20 39 38 15
15 25 36 35 31 40 16 16 45 24
14 31 32 29 37 12 24 33 51 44
42 42 27 18 45 18 42 49 21 22
12 35 20 34 17 21 25 15 36 48
35 51 26 16 25 33 37 20 20 42
20 38 47 36 30 34 21 37 32 51
27 18 43 18 17 49 18 38 31 37
51 31 13 29 51 29 22 17 43 22
46 38 27 47 17 19 31 46 24 35
32 36 42 22 21 16 31 43 45 19
47 14 47 40 46 26 17 13 47 18
24 44 50 46 33 48 23 47 27 27
29 47 44 14 38 33 31 51 27 15
35 50 14 16 18 28 37 16 30 16
30 18 50 31 20 13 38 22 28 51
38 22 39 16 15 26 25 13 19 40
14 23 45 49 29 26 30 24 47 32
40 17 34 46 47 40 19 39 29 33
36 25 39 12 45 36 32 45 32 28
51 50 47 30 51 30 36 24 42 22
51 47 40 17 43 19 46 48 12 37
32 36 24 23 45 44 51 33 30 17
13 40 17 49 43 28 46 15 15 42
46 26 23 22 51 15 17 16 13 13
31 31 28 44 34 17 48 31 14 36
39 42 41 25 25 19 32 14 41 20
30 51 22 24 39 48 44 23 35 23
19 44 30 21 16 22 46 26 25 21
22 22 33 41 49 25 19 33 41 50
42 18 29 39 39 29 23 47 36 15
34 51 13 46 12 48 45 30 39 45
34 45 37 47 31 13 43 14 34 43
45 13 43 26 43 14 13 13 14 31
44 18 46 33 27 17 25 37 19 46
32 26 18 36 49 28 47 15 35 50
49 32 32 34 16 31 45 42 51 45
31 14 34 16 48 12 24 13 40 27
30 19 35 36 42 32 43 25 49 21
12 46 40 14 47 15 45 37 29 20
35 33 24 31 14 27 23 23 13 44
19 13 22 21 17 26 21 43 12 17
39 47 39 21 43 36 13 32 19 33
38 49 19 32 20 25 51 50 19 38
42 38 35 39 43 39 13 22 27 20
38 13 29 37 28 47 22 46 39 39
37 33 36 16 46 37 46 15 13 28
40 39 46 47 16 25 21 28 25 45
30 37 45 20 23 47 19 27 34 25
29 33 18 41 31 32 25 30 32 51
33 44 18 51 47 26 21 38 24 28
28 33 22 35 48 40 31 12 31 34
32 14 36 28 22 39 44 45 43 16
36 40 42 45 18 26 44 25 39 13
34 30 50 37 30 45 51 15 14 44
13 34 37 39 39 17 49 41 35 34
33 43 16 45 31 46 44 33 39 42
48 26 30 19 20 17 22 31 46 34
49 23 33 37 44 25 40 32 48 30
12 23 25 46 24 23 41 41 15 42
