1 3 2 1 2 1 0 0 0 2 3 0 0 3 0 3
1 0 1 1 3 1 0 0 0 3 1 0 1 0 1 0
0 1 2 2 0 1 0 3 1 2 2 1 0 1 0 3
0 2 2 0 1 2 0 3 1 1 2 0 0 1 2 2
2 0 3 2 3 1 2 0 1 1 2 3 1 1 1 0
0 2 2 2 2 0 2 2 3 3 2 0 0 0 1 0
0 2 1 1 3 1 2 3 0 2 1 0 2 1 0 3
3 3 3 1 0 3 2 3 2 1 2 2 0 3 1 2
0 1 3 3 2 2 1 3 1 2 0 3 0 2 1 1
0 3 1 3 3 2 3 3 1 0 0 1 2 1 0 0
3 3 2 0 2 3 0 2 1 3 1 1 2 0 2 0
3 1 3 2 3 0 0 1 1 1 1 1 1 0 2 3
2 1 2 1 3 0 0 1 3 0 1 0 3 2 1 2
0 3 1 2 0 1 1 2 0 2 0 3 0 0 0 0
3 3 1 0 3 2 2 0 3 3 2 2 3 3 3 1
2 2 1 3 3 3 2 0 1 3 0 3 1 1 2 3
37 35 34 17 22 37 44 24 36 26 51 28 12 35 40 51
13 32 45 33 23 25 40 36 20 23 25 24 33 44 17 48
44 29 46 22 40 45 32 51 33 26 22 41 20 29 40 35
28 26 38 28 29 38 20 39 29 13 34 32 28 21 30 22
34 48 43 30 43 41 50 12 13 29 42 23 29 13 41 28
40 14 14 22 34 16 18 50 35 31 38 32 36 28 33 36
16 18 21 25 51 13 14 15 28 34 41 32 38 33 44 43
35 39 43 21 32 35 50 47 34 41 30 18 36 35 25 42
44 17 35 39 22 42 29 35 41 14 28 47 44 26 45 49
12 43 17 31 15 38 47 43 29 20 48 49 42 37 16 40
39 51 38 20 34 19 32 18 33 23 17 25 30 20 34 48
31 49 39 30 47 12 40 29 29 41 29 49 33 28 14 15
34 25 50 13 31 12 16 21 39 36 13 20 23 34 33 34
24 27 29 30 32 17 13 14 32 42 44 51 28 24 20 48
47 47 49 16 19 42 30 36 27 35 18 46 31 23 23 49
26 30 33 19 27 15 34 16 33 43 48 15 33 33 42 31
