3 1 0 2 3 1 3 3 3 3
3 1 3 2 2 0 3 0 2 2
3 2 1 3 1 1 0 2 0 2
0 1 1 3 1 0 3 0 1 0
0 2 2 0 2 1 3 0 2 2
3 0 1 3 3 0 0 3 0 1
3 0 1 1 2 1 0 2 0 1
1 3 1 0 3 3 2 2 2 3
0 3 1 2 1 2 1 3 2 3
2 1 1 3 3 2 3 1 0 2
23 45 40 46 31 21 51 43 27 23
51 29 51 46 26 48 35 48 34 50
31 22 49 27 49 49 36 14 24 30
16 45 13 31 21 44 15 28 25 48
48 38 22 24 30 13 19 28 34 22
27 44 29 31 51 12 44 19 16 49
19 32 33 25 18 45 20 34 12 33
13 23 37 20 47 39 42 18 18 27
36 51 13 26 33 38 41 23 30 43
30 17 33 23 15 18 27 45 40 42
