0 1 2 3 0 1 2 3 0 1
0 1 2 3 0 1 2 3 0 1
0 1 2 3 0 1 2 3 0 1
0 1 2 3 0 1 2 3 0 1
0 1 2 3 0 1 2 3 0 1
0 1 2 3 0 1 2 3 0 1
0 1 2 3 0 1 2 3 0 1
0 1 2 3 0 1 2 3 0 1
0 1 2 3 0 1 2 3 0 1
0 1 2 3 0 1 2 3 0 1
20 41 38 39 40 37 22 27 40 49
40 13 26 31 24 17 14 43 20 25
28 13 18 23 24 21 50 19 40 37
48 41 38 35 32 33 46 19 32 41
12 37 50 15 40 17 30 27 48 33
40 25 34 19 12 41 26 51 16 49
20 49 14 23 16 21 50 31 20 17
40 45 22 27 16 49 42 47 32 29
28 29 22 35 24 13 46 39 24 49
32 29 46 43 48 25 30 19 16 17
