0 1 2 3 0 1 2 3 0 1
0 1 2 3 0 1 2 3 0 1
0 1 2 3 0 1 2 3 0 1
0 1 2 3 0 1 2 3 0 1
0 1 2 3 0 1 2 3 0 1
0 1 2 3 0 1 2 3 0 1
0 1 2 3 0 1 2 3 0 1
0 1 2 3 0 1 2 3 0 1
0 1 2 3 0 1 2 3 0 1
0 1 2 3 0 1 2 3 0 1
28 17 34 23 48 13 34 39 20 29
40 13 34 43 28 17 30 35 28 17
40 37 22 27 48 33 46 19 36 33
44 49 38 15 16 25 26 39 28 29
44 25 42 35 40 41 34 47 12 21
12 45 14 31 24 13 22 35 28 29
32 21 22 51 12 25 26 19 20 13
24 33 42 43 20 45 34 35 40 21
28 25 34 43 32 25 18 19 16 25
32 41 50 15 20 45 42 39 24 41
