0 1 2 3 0 1 2 3 0 1
0 1 2 3 0 1 2 3 0 1
0 1 2 3 0 1 2 3 0 1
0 1 2 3 0 1 2 3 0 1
0 1 2 3 0 1 2 3 0 1
0 1 2 3 0 1 2 3 0 1
0 1 2 3 0 1 2 3 0 1
0 1 2 3 0 1 2 3 0 1
0 1 2 3 0 1 2 3 0 1
0 1 2 3 0 1 2 3 0 1
44 33 30 31 28 21 38 43 36 29
24 29 34 43 44 21 18 15 48 33
32 37 18 43 36 37 38 23 32 45
44 13 14 31 24 13 42 51 48 49
12 29 26 31 40 49 46 27 40 13
16 33 38 43 44 25 46 51 24 21
28 49 26 39 20 49 38 51 44 37
48 37 18 23 12 45 22 23 16 29
28 37 22 27 12 37 42 35 24 17
16 13 42 23 16 45 22 27 28 49
