0 1 2 3 0 1 2 3 0 1
0 1 2 3 0 1 2 3 0 1
0 1 2 3 0 1 2 3 0 1
0 1 2 3 0 1 2 3 0 1
0 1 2 3 0 1 2 3 0 1
0 1 2 3 0 1 2 3 0 1
0 1 2 3 0 1 2 3 0 1
0 1 2 3 0 1 2 3 0 1
0 1 2 3 0 1 2 3 0 1
0 1 2 3 0 1 2 3 0 1
12 21 26 39 32 25 30 39 16 21
12 37 46 47 16 17 26 19 28 41
16 49 22 23 32 17 14 27 36 21
28 13 46 19 24 25 30 51 12 21
32 25 34 15 48 21 42 47 16 29
44 37 46 35 44 25 14 43 32 13
24 25 30 47 20 37 14 43 28 25
44 21 46 23 28 49 14 35 32 21
48 49 46 27 40 45 14 31 36 25
28 45 34 39 48 33 42 51 36 13
