0 1 2 3 0 1 2 3 0 1
0 1 2 3 0 1 2 3 0 1
0 1 2 3 0 1 2 3 0 1
0 1 2 3 0 1 2 3 0 1
0 1 2 3 0 1 2 3 0 1
0 1 2 3 0 1 2 3 0 1
0 1 2 3 0 1 2 3 0 1
0 1 2 3 0 1 2 3 0 1
0 1 2 3 0 1 2 3 0 1
0 1 2 3 0 1 2 3 0 1
44 21 18 27 20 41 26 51 40 21
12 37 34 35 48 49 46 51 28 25
24 37 18 19 12 29 18 19 20 49
40 25 18 47 32 25 34 27 32 41
48 45 38 31 40 37 46 39 28 21
28 13 42 51 28 33 38 15 12 13
32 29 14 27 20 45 34 15 24 41
16 29 42 35 12 25 26 31 48 21
20 25 46 51 24 41 38 23 32 37
48 49 50 39 48 37 22 15 36 41
