0 1 2 3 0 1 2 3 0 1
0 1 2 3 0 1 2 3 0 1
0 1 2 3 0 1 2 3 0 1
0 1 2 3 0 1 2 3 0 1
0 1 2 3 0 1 2 3 0 1
0 1 2 3 0 1 2 3 0 1
0 1 2 3 0 1 2 3 0 1
0 1 2 3 0 1 2 3 0 1
0 1 2 3 0 1 2 3 0 1
0 1 2 3 0 1 2 3 0 1
20 41 42 35 12 17 50 27 48 41
20 41 46 15 40 33 14 15 16 29
40 33 34 31 16 37 14 15 24 29
20 25 34 51 32 45 50 15 20 33
28 29 42 39 40 21 22 31 28 13
36 37 30 27 32 33 50 35 36 17
40 41 14 51 20 45 50 19 20 25
44 29 18 39 12 37 22 15 12 41
44 45 46 23 28 37 34 51 36 25
36 49 22 51 40 25 46 31 32 49
