0 1 2 3 0 1 2 3 0 1
0 1 2 3 0 1 2 3 0 1
0 1 2 3 0 1 2 3 0 1
0 1 2 3 0 1 2 3 0 1
0 1 2 3 0 1 2 3 0 1
0 1 2 3 0 1 2 3 0 1
0 1 2 3 0 1 2 3 0 1
0 1 2 3 0 1 2 3 0 1
0 1 2 3 0 1 2 3 0 1
0 1 2 3 0 1 2 3 0 1
28 17 18 47 36 17 34 31 36 41
44 33 38 19 32 37 50 43 16 33
16 37 30 35 40 29 22 39 44 37
12 33 30 39 40 25 30 51 16 17
48 37 38 35 36 21 18 31 12 33
40 17 26 15 20 21 34 47 36 37
28 33 38 51 40 17 18 47 48 13
16 29 38 43 44 25 42 27 44 37
36 13 50 27 48 17 30 27 32 29
40 45 30 15 32 29 50 15 36 29
