0 1 2 3 0 1 2 3 0 1
0 1 2 3 0 1 2 3 0 1
0 1 2 3 0 1 2 3 0 1
0 1 2 3 0 1 2 3 0 1
0 1 2 3 0 1 2 3 0 1
0 1 2 3 0 1 2 3 0 1
0 1 2 3 0 1 2 3 0 1
0 1 2 3 0 1 2 3 0 1
0 1 2 3 0 1 2 3 0 1
0 1 2 3 0 1 2 3 0 1
48 41 38 31 20 21 26 23 16 13
20 37 46 27 16 13 26 51 24 37
16 13 30 31 12 33 14 19 32 41
32 45 38 47 44 29 38 23 12 17
16 37 18 51 32 49 38 31 48 33
16 49 50 15 36 45 26 39 44 29
40 17 30 31 16 41 46 23 48 45
20 37 34 39 16 21 22 15 24 17
12 41 14 19 40 17 18 51 20 37
20 17 34 43 20 21 22 51 44 41
