0 1 2 3 0 1 2 3 0 1
0 1 2 3 0 1 2 3 0 1
0 1 2 3 0 1 2 3 0 1
0 1 2 3 0 1 2 3 0 1
0 1 2 3 0 1 2 3 0 1
0 1 2 3 0 1 2 3 0 1
0 1 2 3 0 1 2 3 0 1
0 1 2 3 0 1 2 3 0 1
0 1 2 3 0 1 2 3 0 1
0 1 2 3 0 1 2 3 0 1
12 49 18 15 16 45 22 47 40 29
24 21 42 47 44 21 22 39 24 17
12 49 34 27 44 21 26 19 44 17
24 41 26 19 24 17 50 23 48 29
16 45 26 31 24 29 14 19 44 13
20 41 34 27 24 25 38 47 36 49
20 13 34 35 16 37 22 35 16 25
16 37 22 43 36 33 22 15 20 25
16 45 22 47 20 45 34 31 28 21
28 13 14 23 24 37 26 23 44 25
