0 1 2 3 0 1 2 3 0 1
0 1 2 3 0 1 2 3 0 1
0 1 2 3 0 1 2 3 0 1
0 1 2 3 0 1 2 3 0 1
0 1 2 3 0 1 2 3 0 1
0 1 2 3 0 1 2 3 0 1
0 1 2 3 0 1 2 3 0 1
0 1 2 3 0 1 2 3 0 1
0 1 2 3 0 1 2 3 0 1
0 1 2 3 0 1 2 3 0 1
44 17 14 35 40 37 18 23 40 13
36 29 34 15 28 33 46 51 36 49
12 41 34 35 40 17 26 31 40 21
48 25 18 27 16 21 30 47 40 13
36 17 14 51 40 37 22 15 40 37
24 13 30 23 48 21 18 39 36 41
36 37 38 35 12 25 26 39 40 33
20 33 22 35 16 13 22 19 24 13
44 37 18 39 36 41 50 39 28 21
44 49 38 19 20 37 50 43 12 13
