1 0 3 2 3 0 1 0 1 1 1 1 1 0 2 2
2 2 0 1 3 1 0 2 2 1 0 0 0 1 1 2
1 1 1 1 2 0 2 3 2 0 0 2 3 2 1 0
2 3 0 3 0 0 1 0 0 0 0 1 3 1 2 3
1 1 1 3 3 3 2 2 1 3 1 0 1 0 0 2
3 0 2 3 2 2 3 2 2 2 3 2 0 0 0 1
1 3 1 0 1 0 3 2 3 3 3 3 1 0 0 3
1 0 1 0 1 2 1 0 2 3 3 1 3 2 2 2
0 1 0 1 0 3 2 1 3 3 3 0 2 3 0 0
1 2 1 1 2 0 1 1 2 3 2 3 1 1 3 0
1 3 3 3 0 0 0 2 3 0 0 3 2 0 2 0
3 1 2 0 3 1 0 2 0 3 2 2 1 2 3 2
2 2 3 0 3 3 0 0 0 3 1 0 1 1 0 0
2 2 2 3 0 0 1 1 2 0 3 3 0 2 1 3
0 0 2 1 2 2 0 1 1 3 2 1 3 2 2 1
1 2 1 0 1 0 0 1 3 0 0 2 0 0 1 2
29 12 39 42 15 20 33 28 25 37 13 13 13 44 18 46
46 38 24 37 19 13 40 26 14 17 16 44 24 37 49 34
25 25 49 29 26 40 22 39 34 16 16 30 31 34 29 40
46 31 12 47 28 12 33 32 28 20 24 37 43 25 14 47
33 33 49 15 23 47 26 46 33 19 37 48 17 24 28 38
47 24 14 19 22 18 27 14 26 46 51 18 44 12 48 41
33 47 25 20 45 44 15 38 19 39 43 47 17 44 44 51
37 28 21 40 29 18 17 40 34 15 43 37 31 18 50 14
12 33 20 41 24 27 38 45 23 23 27 48 14 39 48 16
13 38 37 25 34 40 33 17 42 31 42 47 13 49 39 20
41 27 43 47 36 28 16 14 47 48 44 15 30 32 18 24
47 17 22 32 35 25 36 14 24 39 50 50 29 50 47 34
42 18 39 32 47 31 48 16 32 31 25 36 13 29 40 32
22 30 26 27 44 12 21 25 42 40 35 31 48 26 17 51
28 12 50 37 14 42 40 41 41 35 38 13 15 18 26 17
21 14 17 36 25 24 12 29 51 44 48 42 40 44 37 30
