2 2 3 2 3 0 2 3 3 1
3 0 0 2 2 3 3 3 3 2
3 3 1 2 2 2 1 0 3 0
0 1 1 3 2 1 2 3 1 2
0 2 0 2 2 2 0 1 2 1
0 1 1 2 0 1 0 2 3 0
0 2 3 2 2 1 2 2 0 2
2 1 1 1 2 3 1 1 1 2
3 0 1 3 0 2 1 1 3 3
0 0 0 1 1 2 2 0 3 3
2 2 2 2 2 3 1 3 2 2
0 3 2 2 2 3 1 0 2 3
1 0 0 0 2 2 2 3 0 0
3 1 1 0 2 3 1 2 1 0
2 1 2 1 2 1 1 2 1 1
3 3 1 0 1 3 1 3 0 0
0 3 0 0 2 1 2 1 0 3
2 0 2 2 0 0 3 1 1 2
3 2 3 1 2 1 0 3 0 2
1 3 3 3 3 3 3 2 3 2
2 0 2 1 1 1 0 1 3 3
2 1 0 1 3 1 0 0 1 3
1 2 3 2 2 2 0 0 0 0
3 2 2 2 1 3 3 2 0 1
1 2 2 3 0 2 0 3 0 3
3 2 0 1 1 2 1 3 1 0
0 1 0 2 1 3 1 1 3 0
0 3 0 2 1 2 2 0 2 1
3 3 3 0 2 1 1 2 0 3
3 2 2 2 0 2 3 1 3 0
1 3 3 1 1 3 2 1 1 1
1 1 0 2 2 1 3 2 0 2
0 2 0 1 2 3 1 3 1 3
3 0 1 1 3 1 2 0 2 2
0 3 0 3 2 3 0 1 3 3
2 1 2 0 0 3 1 2 1 3
3 3 3 1 0 2 1 1 2 2
1 2 0 2 2 2 1 0 3 1
3 1 1 0 2 0 0 3 2 1
0 1 1 2 2 1 2 1 0 2
3 1 3 0 1 3 0 3 3 1
2 3 0 0 3 3 3 1 1 2
3 3 0 3 2 3 0 1 1 0
1 0 2 1 2 0 0 3 1 2
3 1 0 3 2 1 1 0 0 3
3 1 3 2 0 3 3 2 0 3
3 2 3 2 3 0 1 1 1 0
2 3 2 2 0 2 1 0 2 2
1 0 2 1 3 1 3 1 1 1
1 2 1 3 1 1 1 1 0 3
2 3 3 3 0 3 1 2 1 1
3 2 1 0 3 1 3 0 1 2
3 2 0 3 1 1 2 2 3 3
0 3 0 0 3 3 0 1 0 2
2 1 3 2 1 0 2 0 0 2
3 3 0 0 2 2 2 2 0 2
0 1 2 3 3 3 0 0 2 1
3 3 1 2 1 1 0 3 0 1
1 3 3 2 2 2 2 3 2 3
1 3 0 3 2 2 2 0 0 1
3 0 0 1 2 0 1 2 3 2
0 3 1 0 3 0 1 0 3 2
1 0 1 0 2 2 3 3 1 1
3 1 3 1 0 0 1 2 3 2
1 1 0 0 0 1 2 3 2 3
2 2 3 2 0 0 2 2 3 0
1 3 1 2 0 0 2 0 2 1
1 0 3 3 0 1 3 3 2 1
3 2 0 3 3 1 3 2 1 1
1 2 2 1 3 2 1 1 1 2
2 2 1 0 0 2 1 0 3 0
3 2 2 3 2 0 1 1 2 3
3 3 1 1 3 0 2 3 2 1
0 3 2 3 2 3 0 3 1 3
0 2 1 2 1 0 1 1 1 2
0 3 2 1 3 2 3 2 3 0
0 2 0 2 3 3 0 3 1 0
1 0 2 2 3 3 2 1 2 1
2 2 2 1 1 0 0 3 2 1
1 0 0 0 2 3 1 0 3 0
0 3 3 1 2 2 3 2 3 0
1 2 2 0 3 0 3 2 2 2
3 2 0 3 1 2 0 3 3 1
1 3 2 3 2 2 2 0 3 0
2 1 0 2 2 2 0 0 1 0
2 1 1 2 0 0 2 0 0 2
0 0 3 2 0 2 3 1 1 2
2 2 0 0 0 0 1 1 0 3
1 0 1 0 1 1 1 2 1 1
3 1 1 1 0 1 2 1 3 2
3 2 0 0 3 3 3 2 0 3
0 3 0 1 2 1 2 0 1 3
2 1 2 0 1 3 2 2 1 3
0 0 0 0 3 1 1 1 2 0
0 0 3 2 1 0 2 0 1 2
2 2 0 0 0 2 0 3 0 3
1 2 3 3 3 1 2 2 0 3
3 3 3 0 1 1 0 2 2 2
2 1 2 1 3 3 0 0 0 1
0 2 1 3 1 1 3 1 0 1
38 14 35 42 19 20 34 19 43 21
43 36 32 18 26 23 31 19 39 50
23 27 21 34 50 30 37 24 51 40
40 45 37 27 34 25 30 19 13 30
24 34 20 46 18 38 20 21 46 41
36 29 29 50 12 45 36 50 15 24
32 22 35 46 34 13 26 34 24 30
50 33 33 37 34 27 21 25 25 14
15 36 49 35 16 46 37 25 43 27
36 32 32 37 21 30 22 28 43 47
42 26 34 14 46 39 37 19 38 50
32 19 34 38 46 23 45 28 38 15
21 12 12 48 18 26 50 27 24 32
43 33 29 48 50 27 21 30 25 44
18 21 30 29 14 33 37 34 41 29
51 39 41 48 37 47 13 43 32 20
32 47 40 20 46 49 42 41 16 43
50 40 30 42 20 24 35 41 33 30
43 22 23 25 34 41 24 35 16 22
21 31 23 39 27 51 15 38 39 50
22 24 38 49 33 13 16 41 39 43
22 37 24 29 23 21 28 16 37 23
37 14 31 42 50 26 28 40 28 28
15 34 22 34 13 23 43 50 12 37
13 18 42 27 28 26 48 51 24 39
27 38 16 41 21 30 29 51 33 40
20 21 28 34 33 31 33 25 39 48
32 47 44 14 17 18 34 24 50 49
51 47 47 32 14 21 21 50 48 35
35 46 30 18 40 38 51 41 31 32
33 31 39 25 33 43 22 13 29 49
21 49 44 50 18 13 39 30 24 34
16 30 28 13 22 23 25 15 37 31
27 40 29 33 47 13 46 12 50 14
44 31 20 43 38 39 24 13 15 39
50 45 22 40 12 35 21 30 17 39
43 39 19 21 48 18 13 45 18 26
37 34 12 38 14 22 49 48 19 49
23 29 49 48 22 28 24 35 26 13
28 13 37 22 18 33 30 41 24 18
31 21 35 24 17 23 40 35 35 21
30 31 20 12 23 23 43 37 41 30
47 35 40 35 34 47 36 33 13 24
41 20 26 37 14 44 28 39 37 50
51 37 12 19 30 45 25 12 36 19
23 25 19 42 48 15 51 18 16 51
47 18 43 46 35 36 17 29 25 32
38 27 18 30 44 38 41 16 26 42
49 40 30 45 19 17 27 49 37 25
13 14 25 47 17 21 21 17 16 27
38 35 31 31 40 15 49 22 21 49
51 26 33 28 35 41 35 32 45 46
23 22 20 43 49 25 26 46 19 43
32 23 44 12 19 51 12 21 16 30
42 25 51 14 41 16 38 36 32 34
47 39 28 16 30 38 38 14 48 42
48 37 22 43 31 31 40 44 34 13
15 51 37 42 25 45 40 43 40 37
37 35 35 50 34 50 34 39 34 23
37 23 44 23 42 18 18 32 20 25
35 20 24 21 22 44 41 34 27 46
24 31 25 12 23 12 17 20 15 42
13 36 49 28 22 26 43 23 29 33
23 13 39 45 16 48 45 14 31 30
21 37 28 12 44 17 38 15 30 51
38 38 19 38 28 20 18 46 19 16
49 31 13 30 48 28 18 48 26 21
37 36 47 23 12 41 19 15 50 37
47 38 48 51 39 17 51 38 41 37
45 42 26 29 23 26 21 45 29 18
26 22 25 28 40 14 29 12 31 20
19 26 50 43 34 28 45 45 14 19
51 43 21 25 43 40 34 15 38 37
32 47 38 31 50 43 24 27 13 47
36 30 13 38 25 36 29 21 49 22
20 51 42 41 47 50 39 18 23 28
16 26 32 30 31 35 20 19 33 28
49 48 14 38 35 31 18 33 30 17
26 50 34 33 33 12 36 23 50 33
33 24 40 24 14 51 45 40 35 20
32 31 43 17 14 38 43 46 15 12
21 34 38 48 15 40 47 26 26 30
19 18 44 27 49 42 32 15 39 29
41 35 42 47 50 42 14 32 31 24
50 37 44 46 30 18 16 16 29 40
50 21 49 18 32 44 26 48 12 26
32 24 47 50 48 18 19 45 37 22
22 18 28 24 12 32 41 49 48 19
29 24 41 32 17 45 13 30 41 37
15 45 45 29 16 21 42 25 39 26
19 18 16 32 31 35 27 50 24 43
16 51 16 13 38 49 38 16 49 23
38 21 18 36 21 27 14 18 49 35
12 28 32 36 47 37 49 37 50 36
48 24 23 26 41 44 30 24 33 50
50 42 24 20 28 42 28 19 20 27
21 22 39 15 47 49 30 34 20 35
39 43 47 36 29 17 36 14 18 42
22 37 30 25 15 27 36 28 24 33
40 26 33 39 37 33 35 17 28 33
