1 0 1 0 2 0 0 3 2 1
0 2 2 0 3 3 0 3 3 0
1 0 1 2 2 0 0 3 2 3
1 2 2 2 3 2 2 3 2 0
2 3 0 0 2 3 1 0 1 1
3 1 2 1 3 2 1 3 3 2
1 1 2 1 3 3 2 0 2 3
1 2 1 1 3 0 2 3 3 0
3 1 3 0 3 0 1 1 1 2
2 0 1 3 2 1 2 2 3 0
13 36 45 12 34 40 48 51 34 33
48 50 46 20 39 35 48 47 31 12
49 44 21 38 30 36 12 43 42 35
49 50 22 30 39 30 18 31 34 48
26 31 32 48 18 27 49 16 25 45
19 25 14 45 27 14 13 51 43 38
49 29 26 41 51 35 34 12 26 39
21 34 29 33 43 32 14 47 39 40
47 17 51 12 15 16 49 25 45 46
14 32 37 47 50 41 50 38 47 16
