0 3 2 2 0 1 1 3 3 0 0 2 1 1 1 1
2 2 3 0 2 3 1 1 1 1 1 3 0 1 0 1
0 0 1 2 3 0 1 1 1 1 1 3 2 3 3 2
3 2 1 3 0 2 3 2 2 0 0 2 1 0 0 2
3 0 0 0 2 1 3 3 0 3 2 3 2 1 2 2
0 0 2 1 2 0 3 3 3 1 1 1 3 0 0 0
1 1 3 2 2 2 2 0 3 0 2 2 3 1 1 2
0 3 3 2 3 1 3 1 2 3 2 3 2 1 1 3
1 1 0 1 0 0 0 1 1 2 3 0 1 1 2 1
2 0 0 0 0 3 1 0 2 2 3 1 1 0 2 2
0 2 3 0 3 0 2 2 0 1 2 2 2 1 2 0
2 0 2 3 3 1 1 0 3 2 0 2 0 0 1 1
0 2 1 2 3 3 3 1 1 1 0 2 0 3 2 0
3 3 2 3 1 0 0 0 2 1 2 1 1 2 0 1
1 0 1 1 2 2 3 1 1 2 3 2 0 3 1 0
1 0 2 2 2 3 1 1 3 1 2 2 2 0 0 2
12 47 42 22 44 13 17 27 43 32 16 42 37 49 45 33
50 42 31 32 46 19 21 25 37 25 29 47 32 37 48 21
40 36 21 50 39 32 45 17 33 21 41 51 38 47 31 14
31 50 49 47 48 30 43 34 18 36 24 38 29 16 36 26
23 48 36 32 18 13 19 43 20 43 50 35 30 17 46 46
12 44 14 29 30 48 19 19 19 25 41 45 23 40 32 48
33 29 43 22 26 14 34 24 27 36 46 50 47 45 37 38
28 39 47 42 27 49 51 45 26 27 26 19 14 41 17 27
29 41 12 21 16 36 12 13 13 38 15 44 29 49 22 37
22 12 16 20 24 35 37 36 46 42 43 21 17 40 22 26
20 22 47 28 47 44 18 30 48 21 30 34 18 21 42 24
46 28 22 51 31 41 41 16 47 22 20 38 40 24 13 49
20 18 41 18 47 43 19 13 29 17 40 22 16 51 50 32
15 15 46 43 49 24 24 16 34 41 34 21 29 26 12 33
37 12 29 45 22 18 23 37 33 22 19 34 44 15 25 36
17 40 50 46 22 39 49 21 35 33 26 34 38 40 16 18
