3 0 3 3 0 1 2 1 3 1
2 0 3 2 2 1 1 0 1 0
3 1 0 1 0 0 3 0 3 0
2 3 3 0 0 1 2 3 2 2
1 2 0 1 2 1 3 2 2 0
3 3 3 0 0 2 3 0 3 1
2 2 2 2 0 1 0 3 3 3
1 0 1 2 0 2 3 3 2 1
2 0 1 1 3 0 1 2 2 1
3 1 0 2 1 2 0 1 3 1
2 0 0 2 0 2 0 0 2 2
0 0 2 0 2 1 0 0 1 1
1 1 0 0 2 2 1 2 2 3
1 1 1 3 1 3 2 3 1 1
1 0 1 1 2 1 1 1 2 1
1 0 2 1 3 3 2 3 2 1
3 3 3 0 1 3 1 2 0 2
0 1 1 2 1 1 3 1 0 1
2 1 2 3 2 0 0 0 3 2
0 3 1 0 0 2 0 1 3 0
1 0 2 2 1 3 2 0 1 1
2 2 2 0 1 0 2 1 0 2
0 2 2 1 0 1 2 2 3 2
2 0 2 1 0 0 3 3 2 0
1 3 3 1 0 0 2 0 2 2
1 0 1 3 0 3 0 0 3 2
0 0 3 2 3 1 3 2 3 3
0 1 1 0 3 2 0 2 0 0
3 1 3 2 1 3 3 1 3 0
1 2 0 1 0 2 1 1 1 2
0 2 2 0 3 2 2 2 2 3
1 2 0 2 2 2 2 1 3 3
0 3 3 3 1 3 1 0 3 2
2 1 1 2 3 1 2 0 3 2
0 3 0 2 3 3 2 2 1 1
2 0 3 1 0 1 1 3 0 3
1 2 0 1 1 3 2 0 3 3
2 0 1 0 2 2 3 0 0 3
3 1 3 3 0 2 3 0 1 1
2 3 3 1 2 1 0 3 0 3
1 3 2 0 3 1 3 1 2 2
3 1 0 2 3 2 3 0 3 0
1 3 2 0 0 2 3 3 3 2
3 0 3 0 3 3 3 3 3 3
0 3 2 1 0 0 3 2 1 1
3 3 2 1 0 1 2 2 3 2
2 2 2 1 0 3 0 1 1 0
0 2 0 1 3 3 2 3 2 2
3 1 2 0 0 0 2 3 2 0
2 3 2 2 0 2 0 0 3 1
0 3 3 0 1 2 3 3 3 1
1 3 0 2 2 1 0 3 0 0
0 2 0 0 2 1 3 3 0 1
0 3 0 3 1 0 1 1 2 3
3 2 2 3 2 0 0 1 0 0
0 0 1 3 0 3 1 1 3 0
2 0 3 1 0 0 3 0 2 1
3 0 1 3 1 3 1 2 3 2
1 3 3 3 2 0 0 1 3 1
0 0 2 1 3 0 1 0 3 3
3 2 0 2 1 1 0 2 3 3
1 0 0 2 3 1 0 3 3 0
2 3 2 0 2 1 2 2 0 3
0 2 0 1 0 1 3 2 1 2
2 2 0 1 3 2 1 1 3 2
2 0 0 0 2 1 0 0 0 1
1 1 0 3 0 2 3 2 3 0
3 3 1 1 2 0 2 2 2 2
2 2 2 1 2 3 0 3 2 0
2 2 3 0 2 1 2 0 2 3
3 1 2 2 1 1 2 1 1 1
0 1 0 1 0 2 0 3 0 2
1 1 1 0 0 1 1 2 2 2
1 3 0 1 1 2 3 2 2 1
2 2 1 3 1 0 1 2 3 3
2 2 1 0 3 3 0 2 2 3
1 3 3 1 1 1 2 1 3 2
1 3 2 3 2 0 2 3 2 3
1 3 3 0 3 3 1 1 0 1
1 2 0 3 3 0 1 1 1 1
2 3 0 1 0 2 0 2 1 1
0 1 0 3 0 1 1 1 1 3
1 2 0 3 1 2 2 0 0 3
3 0 2 0 2 2 1 2 0 2
0 3 2 3 0 3 1 0 3 2
0 1 1 3 2 2 0 3 3 0
0 2 2 2 3 2 1 0 2 1
2 0 0 0 0 3 2 2 2 2
3 3 3 1 0 2 2 2 1 3
0 2 0 0 3 1 3 1 1 3
0 1 1 2 2 3 2 1 3 3
0 3 2 2 3 0 0 3 1 3
2 2 1 1 1 3 1 0 1 2
3 0 3 2 1 1 0 2 2 1
1 1 1 1 3 0 3 0 2 2
0 2 2 3 1 0 2 3 2 3
0 3 1 2 2 0 1 1 2 3
0 1 0 2 1 0 2 3 2 2
3 0 3 0 3 3 3 1 3 3
2 3 0 3 1 3 2 3 1 2
39 48 27 35 48 33 34 21 27 49
26 40 51 42 42 37 49 20 37 16
39 45 20 17 12 48 19 16 15 12
34 15 27 32 32 17 50 23 38 30
49 42 16 17 42 45 35 34 42 12
23 39 51 48 28 26 43 12 39 33
22 50 26 14 48 17 16 51 27 39
25 32 17 18 48 34 35 15 22 17
30 32 37 33 51 16 17 38 18 45
47 13 36 34 41 14 32 17 27 45
18 36 12 26 20 26 12 12 42 14
20 12 50 12 42 29 24 24 29 25
13 45 16 44 38 26 33 34 42 35
13 45 45 51 21 15 18 15 17 21
21 12 37 29 34 41 25 45 14 13
17 16 14 41 51 51 18 27 26 25
19 43 23 12 21 31 45 26 36 50
24 37 45 26 17 37 31 33 44 21
50 49 34 31 26 40 48 48 51 34
40 19 49 48 48 38 32 17 47 32
49 32 38 50 13 43 46 28 29 33
42 14 30 24 41 24 14 17 32 14
28 30 30 45 24 41 42 38 19 42
42 40 14 33 44 20 43 51 46 36
45 19 19 37 48 16 14 16 34 14
41 16 45 51 20 15 44 12 47 38
28 24 51 18 15 49 19 42 51 35
48 13 17 12 31 46 24 42 44 36
35 13 47 22 25 23 43 29 15 24
17 50 44 37 16 22 41 17 13 14
32 18 18 48 23 34 26 22 42 51
17 46 16 14 34 18 38 41 31 47
40 19 43 31 21 31 29 12 43 34
14 17 29 30 35 29 22 44 35 34
28 47 36 26 19 39 42 42 21 29
22 44 43 33 16 29 45 15 48 27
45 46 44 49 41 39 46 40 19 23
26 44 29 32 14 34 43 40 40 51
51 29 39 19 16 30 47 16 29 13
26 27 51 21 46 41 40 43 36 15
29 35 34 12 31 29 31 17 38 42
27 49 28 22 19 34 27 36 35 28
41 47 50 32 32 26 51 51 23 50
43 24 27 16 35 23 47 19 15 47
40 47 46 49 20 24 23 26 33 49
51 31 34 25 12 17 22 14 31 42
46 14 22 33 20 27 28 13 33 36
48 26 48 21 35 23 34 51 42 42
31 21 50 24 32 36 30 19 42 44
46 19 50 26 28 14 24 20 23 37
24 19 31 48 45 30 27 23 43 13
33 31 16 30 34 37 12 23 12 48
12 14 28 12 30 49 23 31 20 33
12 23 20 51 33 44 25 49 38 51
15 26 46 43 18 28 36 45 32 28
48 28 49 19 32 39 25 17 31 28
22 20 51 49 32 48 19 20 22 29
31 44 41 47 21 15 25 30 23 26
21 15 43 27 42 40 20 17 23 37
12 12 50 45 39 32 41 12 19 43
15 18 36 14 13 13 40 22 35 19
25 40 12 38 23 21 24 39 51 32
22 31 46 36 46 33 14 14 12 35
44 30 20 13 36 17 39 50 41 50
38 46 44 25 31 50 41 25 31 26
50 32 32 32 46 25 20 28 44 21
25 25 12 35 48 34 19 50 51 32
39 51 25 45 46 16 50 26 38 22
42 38 34 17 38 27 20 15 42 40
26 30 43 48 14 29 34 40 26 27
31 29 38 50 17 17 34 33 13 25
16 37 12 33 16 38 20 31 44 22
13 25 41 36 16 37 49 18 30 26
25 19 36 17 17 30 15 42 46 25
26 22 17 15 49 28 45 14 43 31
18 42 49 16 35 31 36 26 46 39
49 15 31 45 41 21 42 13 43 18
41 47 26 27 46 20 46 35 14 47
41 15 15 48 27 43 49 45 16 25
41 30 12 35 35 20 33 37 41 17
42 47 16 29 32 14 32 50 41 17
32 25 24 39 40 29 17 25 25 31
21 30 24 47 17 34 50 32 36 23
35 16 18 12 14 50 33 50 36 30
24 19 38 35 40 39 45 36 23 26
32 25 17 31 30 30 24 27 43 16
36 38 26 18 31 14 21 32 22 21
22 12 16 36 40 27 50 26 50 38
27 47 47 29 20 50 38 18 45 27
48 30 32 16 15 33 51 41 45 39
36 25 29 22 14 19 46 29 51 47
16 47 30 22 23 20 48 51 25 47
46 42 25 33 17 23 29 28 41 26
27 16 31 38 25 49 28 22 34 29
33 29 37 33 35 12 23 12 30 38
24 42 46 23 17 20 14 47 42 31
48 43 49 50 50 16 17 49 46 15
28 17 20 22 33 36 42 39 50 14
19 28 47 32 15 35 23 41 47 47
50 39 12 15 49 23 22 43 29 18
