2 3 1 3 1 1 2 2 1 1
0 0 0 3 2 1 3 2 2 2
0 1 1 2 2 0 1 2 3 2
2 1 1 0 2 0 3 0 2 0
3 2 3 0 3 0 3 1 3 2
2 3 3 1 2 0 1 0 1 2
1 3 1 1 1 3 2 2 2 0
1 2 1 1 3 1 1 0 2 0
0 0 0 2 0 1 1 2 2 3
3 0 2 3 1 1 0 1 2 3
38 47 33 31 37 37 38 22 45 29
32 12 16 39 22 41 31 26 38 42
48 37 37 30 18 12 41 14 15 34
22 37 17 32 14 44 35 12 18 44
19 30 15 16 19 36 39 41 47 46
18 19 15 37 30 36 45 12 49 34
25 15 45 21 21 27 38 22 22 44
17 26 45 17 43 21 45 36 18 24
36 44 12 14 44 21 21 38 30 43
43 16 30 27 37 17 44 29 22 27
