2 1 3 3 0 1 2 2 3 2
3 2 0 2 1 1 1 2 1 2
3 3 3 2 3 3 2 1 3 3
1 1 3 0 3 0 1 3 3 1
3 1 0 0 2 1 3 0 0 1
3 0 0 1 0 1 2 2 0 3
0 1 1 2 0 2 3 1 0 1
0 3 2 2 0 3 3 1 2 0
1 1 1 3 0 2 0 3 3 1
2 2 2 1 2 1 2 2 2 2
2 1 2 1 0 2 2 2 0 0
0 1 3 2 0 1 0 0 3 2
2 3 0 2 2 0 3 3 2 1
1 3 0 2 3 1 0 1 3 3
3 3 2 0 2 3 0 0 1 2
2 2 0 2 3 1 1 1 0 1
2 3 1 0 2 0 0 3 0 2
1 1 1 2 2 1 0 3 2 0
2 2 3 2 2 0 3 0 0 3
1 3 2 3 3 0 0 0 0 3
2 2 1 0 2 1 3 0 0 3
1 2 2 3 3 2 3 1 0 0
1 1 2 0 2 1 2 1 1 2
1 0 1 0 2 1 1 1 3 0
3 1 2 2 1 2 3 2 0 1
3 1 0 0 0 0 3 1 3 1
0 1 3 0 1 0 1 2 1 3
0 0 0 3 0 2 1 1 2 0
2 1 2 1 1 3 3 2 0 2
2 0 2 1 1 0 2 0 1 2
2 1 1 1 1 3 3 2 0 3
0 1 3 2 3 2 3 2 2 3
2 2 0 2 2 2 3 3 3 3
1 0 3 2 3 3 3 0 0 1
2 0 1 3 3 1 2 1 3 3
2 3 3 3 2 3 3 3 2 0
1 3 2 0 2 0 3 3 0 1
2 1 0 0 0 1 2 3 3 0
3 0 1 3 2 2 3 2 0 2
3 0 0 1 2 0 0 2 2 1
3 3 0 0 2 0 1 1 3 3
1 3 0 3 0 2 2 3 3 1
2 3 0 3 2 3 2 3 3 2
0 1 3 3 2 0 0 1 2 3
3 3 0 2 3 1 2 2 1 0
0 3 0 2 0 0 0 2 3 2
2 0 2 2 3 2 3 1 3 2
2 3 3 2 1 0 3 2 1 2
3 3 1 1 1 1 0 2 3 1
2 3 1 3 3 0 2 0 0 2
2 2 1 2 1 2 1 0 1 1
1 0 0 3 3 3 1 0 1 0
0 3 3 0 1 2 1 0 3 1
0 2 3 1 3 0 0 0 0 2
1 1 0 3 1 0 0 2 3 1
2 2 0 3 0 0 0 1 1 2
3 3 2 3 1 1 0 0 2 1
1 3 0 2 2 3 2 2 2 2
2 1 0 2 0 1 2 2 0 0
3 0 1 1 1 1 0 3 0 3
3 3 0 2 0 1 1 0 3 0
0 0 0 3 3 0 1 1 3 0
0 1 1 2 3 1 0 0 3 2
2 1 3 1 1 1 3 1 1 2
2 2 3 3 1 1 1 0 1 1
0 1 2 3 0 3 2 0 2 2
0 0 3 0 1 1 2 1 0 0
0 1 3 0 1 0 0 1 3 0
2 2 2 0 1 1 3 2 2 0
0 0 0 0 1 3 1 2 2 3
1 1 1 2 3 2 0 0 1 3
1 1 0 1 2 3 2 3 2 1
0 0 3 1 3 3 2 2 2 2
1 1 3 3 2 1 1 1 3 0
2 0 3 2 1 3 2 3 2 3
0 3 2 0 3 2 2 0 1 1
2 0 3 3 2 0 2 0 2 0
3 2 1 1 1 1 0 0 1 2
3 2 1 0 2 0 3 1 3 0
3 1 2 1 3 3 1 1 3 3
0 3 2 2 2 2 0 1 2 2
0 2 2 1 0 2 3 2 0 3
0 0 1 1 3 0 0 0 0 3
3 1 3 0 2 3 1 3 2 0
1 0 2 1 0 0 2 0 1 1
0 2 3 2 3 0 3 3 0 3
3 0 1 3 2 2 2 3 2 3
3 3 2 1 2 3 0 2 3 1
0 3 2 0 1 3 2 2 3 3
3 3 1 2 3 2 2 3 2 3
1 1 0 2 0 0 1 0 2 1
1 1 3 3 2 0 2 0 0 3
1 2 1 3 1 2 2 3 2 0
3 1 0 2 2 2 0 0 2 1
3 0 2 1 3 0 3 1 2 3
3 0 2 3 3 2 0 0 2 2
3 1 3 0 3 3 2 3 2 1
0 2 3 2 3 2 2 0 2 3
3 1 0 2 1 1 2 0 1 1
2 2 2 1 2 3 2 1 1 1
42 21 15 47 48 17 50 34 39 18
23 22 36 38 45 29 45 42 13 50
19 51 23 14 23 51 50 17 51 27
13 29 31 24 23 24 41 27 43 17
51 21 36 12 38 37 43 40 44 33
31 12 12 49 32 21 22 30 36 39
24 37 41 50 16 38 15 49 40 13
12 15 42 38 40 19 39 13 30 24
41 41 29 19 24 30 36 31 51 17
30 14 18 29 14 33 18 42 38 30
34 21 46 17 20 46 46 42 36 48
24 49 39 22 48 21 44 32 23 18
14 27 32 34 38 36 27 51 22 37
41 35 28 46 23 21 20 13 35 51
15 47 26 36 18 51 44 48 33 22
30 22 28 14 35 29 37 37 32 21
46 23 37 44 42 12 20 43 40 30
45 25 21 30 22 41 24 19 14 16
50 34 23 50 26 32 27 36 16 51
37 31 38 31 19 28 20 48 16 47
34 38 33 32 18 37 35 48 48 35
45 14 30 15 35 14 47 45 48 36
33 49 50 28 18 21 26 37 45 42
37 28 17 16 26 25 41 33 31 16
15 13 30 46 49 14 43 46 44 45
23 37 48 24 40 44 27 49 27 49
16 49 39 40 21 20 21 34 33 43
16 44 40 23 40 38 29 17 22 44
30 13 30 21 29 47 47 38 36 30
46 40 34 45 45 40 38 44 41 46
38 17 29 21 49 15 23 14 16 27
32 49 39 42 19 46 47 50 42 19
42 26 44 50 46 46 43 19 19 19
25 16 51 46 23 43 51 48 32 33
38 48 41 27 31 21 46 17 47 51
42 51 35 47 18 43 43 23 26 20
45 15 50 44 34 32 15 19 48 29
30 25 48 44 28 41 42 35 35 16
19 44 33 31 34 46 23 26 36 22
35 16 28 29 42 32 24 42 42 41
15 39 48 32 34 36 49 45 43 23
25 15 24 23 36 38 30 39 51 29
38 43 32 51 14 15 30 51 23 34
36 13 47 39 42 32 40 45 50 51
23 31 28 42 15 45 18 18 21 24
16 15 12 38 16 44 48 38 43 50
18 48 46 46 43 26 43 45 31 42
34 47 47 26 37 24 31 30 29 42
31 47 17 37 37 45 40 42 23 17
30 39 37 19 35 20 38 44 20 34
50 34 33 50 33 14 49 16 17 41
49 48 48 39 27 23 29 16 49 44
44 15 51 24 33 30 29 28 47 49
20 42 31 21 47 48 48 28 36 38
21 25 44 51 13 12 20 30 39 41
22 22 48 23 48 12 28 45 45 42
19 39 46 47 37 21 32 44 46 49
17 43 48 42 46 31 38 14 22 46
34 21 24 42 24 41 30 34 40 24
19 20 13 21 13 37 40 19 28 51
19 19 36 30 48 33 17 28 51 32
32 28 28 15 35 36 21 45 47 36
48 41 45 46 39 33 16 16 43 26
34 13 19 37 33 17 23 33 17 46
34 50 19 43 49 13 33 16 41 49
20 21 42 39 16 31 14 48 14 18
16 28 19 32 29 21 26 13 28 44
32 41 47 24 17 48 48 25 31 28
30 34 26 16 45 41 35 42 18 24
12 32 48 32 21 43 29 18 22 19
21 33 41 34 51 14 36 24 41 19
49 29 48 25 18 47 50 51 50 37
20 28 31 33 43 31 22 38 26 38
29 49 51 19 50 25 45 21 51 40
38 20 23 34 21 35 22 43 34 15
32 23 34 12 43 26 42 16 33 41
22 40 51 47 38 32 46 20 30 32
35 14 49 33 29 17 36 40 49 42
51 14 13 32 18 12 51 17 31 48
43 37 22 25 23 35 25 45 51 35
24 19 42 18 46 26 20 45 18 22
16 26 46 49 28 42 27 18 44 31
36 28 49 45 35 32 44 28 28 23
43 21 43 36 42 51 45 39 14 16
45 48 38 41 24 12 38 28 25 17
44 46 51 34 43 16 35 51 24 31
43 32 29 47 34 42 38 43 22 35
15 15 50 29 26 19 40 46 19 29
32 31 22 32 41 19 50 30 27 35
31 35 45 46 27 46 46 27 42 39
17 41 16 50 16 12 41 12 46 41
25 41 43 35 46 32 50 24 40 19
41 34 17 35 45 26 22 35 22 20
15 21 20 38 22 22 44 12 46 25
47 32 26 33 39 16 23 13 14 43
35 40 30 35 39 22 16 48 34 30
39 49 19 44 51 31 26 39 46 45
20 26 31 38 19 42 50 28 26 27
35 33 48 18 25 29 26 40 21 21
42 50 42 17 50 51 42 45 41 17
