2 2 3 2 0 3 2 2 1 1 0 3 1 2 0 2
2 0 1 2 2 2 0 1 1 3 1 1 2 3 2 2
3 0 1 2 2 3 1 2 2 1 1 1 2 0 2 1
0 1 3 0 3 1 2 3 3 1 2 0 0 3 1 1
2 1 0 2 2 1 2 0 2 0 2 3 1 1 0 3
1 1 2 3 1 0 3 2 1 2 0 1 3 1 1 0
3 2 0 0 2 2 3 1 2 0 0 1 3 3 1 3
2 2 3 1 0 2 3 0 3 1 1 1 0 3 0 2
3 3 0 3 3 0 0 2 1 2 3 0 3 1 2 3
3 0 2 0 3 0 2 2 2 2 2 2 3 3 0 1
2 2 1 3 3 3 2 1 2 1 2 2 2 1 1 1
2 2 2 0 1 1 1 2 2 2 0 2 1 0 0 3
1 3 3 0 3 1 2 2 0 2 3 1 3 1 2 3
2 3 3 2 3 1 2 3 3 2 0 1 2 1 3 3
0 0 1 0 1 3 0 0 0 0 3 2 1 3 2 1
1 0 1 3 3 0 0 1 3 1 0 1 2 1 3 3
46 50 43 22 32 43 38 30 17 41 12 47 13 42 32 50
22 48 25 34 26 42 28 29 21 19 25 41 30 35 50 42
39 28 17 50 50 31 49 50 18 33 21 17 46 40 38 25
32 33 35 48 51 37 30 43 39 45 50 16 36 23 29 33
26 45 40 50 26 13 26 20 26 36 38 15 29 37 32 27
37 21 50 35 29 16 47 38 33 22 36 13 35 45 37 44
15 18 44 12 46 34 35 41 46 20 16 37 35 47 41 39
46 30 51 33 48 26 27 20 31 25 25 33 40 23 28 38
39 35 48 23 15 40 28 30 37 38 51 16 23 13 26 23
23 12 38 48 43 48 22 30 50 42 22 42 19 47 48 37
50 34 17 47 27 39 14 49 18 45 34 42 34 21 49 49
18 34 30 24 41 29 25 34 50 14 28 18 21 24 24 23
17 27 15 48 27 13 38 50 28 34 19 41 35 45 22 47
26 31 23 42 15 33 30 39 47 26 12 41 30 49 39 19
36 24 37 48 37 43 32 36 40 28 51 38 33 15 26 37
49 44 33 35 31 48 20 25 43 17 32 37 46 29 15 23
