2 1 2 0 3 2 1 3 2 1
0 2 2 1 0 1 0 3 3 0
0 0 0 0 1 1 1 0 2 3
2 2 1 1 3 1 3 1 1 2
1 2 2 0 0 2 1 3 0 1
2 1 0 3 3 2 2 2 2 1
3 0 1 1 0 0 2 1 2 0
3 1 3 0 2 1 0 2 2 2
2 2 2 0 2 1 0 0 0 0
2 2 3 0 3 0 0 1 3 0
14 21 34 44 31 46 21 27 38 25
24 22 38 25 36 45 48 27 23 44
32 36 48 12 41 17 33 28 42 23
34 42 25 37 39 45 31 41 45 14
45 34 22 12 44 38 49 39 28 33
14 49 12 31 47 34 42 46 22 29
43 44 21 41 12 16 38 17 42 40
43 13 35 20 38 41 48 38 14 34
22 30 18 44 14 17 40 48 20 36
14 14 51 48 39 24 12 41 43 16
