3 2 1 1 0 1 1 0 0 3
2 2 3 0 2 3 2 3 2 1
1 3 2 1 3 0 0 0 0 2
3 0 2 3 2 3 2 1 0 1
1 2 3 2 1 3 1 0 0 3
3 3 3 2 3 1 0 0 0 1
2 2 0 3 3 3 0 3 1 2
3 1 0 0 1 1 0 1 3 1
1 3 0 3 3 0 3 0 0 0
0 3 2 3 1 3 3 0 0 2
1 3 3 1 0 1 1 3 0 3
2 0 3 1 0 0 3 1 2 1
0 0 0 2 2 2 3 1 1 1
2 0 2 2 2 0 1 2 3 1
1 0 2 2 1 0 3 0 0 2
0 0 3 0 1 2 2 3 1 2
3 1 2 2 1 0 2 0 2 1
3 2 3 3 2 1 2 3 1 3
3 2 3 2 3 2 0 3 1 0
3 0 3 2 2 1 2 1 2 1
1 0 1 2 2 1 2 2 3 2
2 2 2 0 3 3 1 1 1 0
3 2 2 3 3 3 1 1 0 0
1 1 0 0 3 2 3 0 0 3
0 3 2 2 0 1 0 1 1 2
0 2 1 0 0 2 0 2 2 2
3 2 3 1 3 0 3 3 2 0
3 2 3 0 3 0 3 3 2 2
3 3 1 2 3 0 0 3 0 1
3 3 1 1 0 1 0 1 0 1
2 3 3 2 1 0 3 0 3 3
2 3 2 2 3 1 2 0 0 3
3 3 3 3 1 2 2 3 1 3
1 2 3 3 2 0 1 0 2 3
1 1 3 1 2 3 1 2 1 2
0 1 0 1 2 3 2 2 2 3
3 2 2 3 0 2 2 1 2 0
0 3 1 3 2 0 2 1 0 3
2 1 1 2 3 0 2 2 1 1
3 0 3 3 3 3 2 2 3 2
3 0 3 1 1 1 0 1 3 0
0 1 1 1 2 2 3 1 2 2
3 0 2 2 0 0 1 2 0 1
3 2 1 2 1 1 3 1 2 0
3 3 0 0 0 2 1 1 2 3
3 2 0 1 2 2 3 2 2 2
1 2 3 0 0 1 1 1 2 0
1 3 1 2 0 0 0 1 1 2
1 3 0 0 2 3 2 2 0 0
0 2 3 0 3 3 2 0 0 0
0 1 1 3 3 2 1 0 1 0
0 1 2 0 1 2 2 0 1 0
2 2 1 3 1 2 3 1 1 2
3 2 2 3 2 2 2 1 1 1
2 0 0 1 3 1 0 3 1 0
3 3 3 3 3 0 1 2 2 1
0 3 2 2 3 0 3 2 0 1
3 1 3 0 2 2 3 0 0 2
1 2 0 3 3 0 1 0 1 2
0 3 0 1 3 0 0 0 3 2
0 0 0 2 0 2 0 0 0 3
0 1 3 1 3 1 3 0 2 3
2 1 3 0 2 3 0 3 0 0
3 0 0 0 1 1 2 2 3 2
0 1 1 2 1 1 2 2 3 1
1 2 1 2 2 2 0 2 3 0
1 0 2 1 2 1 3 3 1 2
0 1 2 1 3 1 0 2 2 2
2 1 2 3 2 2 2 1 1 3
0 3 2 3 3 0 3 1 3 2
3 0 2 0 2 0 3 1 0 2
2 3 3 0 2 0 3 3 2 0
3 3 1 0 2 1 1 2 2 1
3 0 0 2 1 1 1 3 3 0
1 2 1 1 1 1 2 2 2 0
2 2 3 3 2 0 1 0 0 0
2 1 2 2 0 0 0 1 2 2
2 0 2 0 3 2 1 0 2 3
3 1 3 0 2 2 0 2 2 2
3 3 0 0 0 3 3 1 2 2
1 3 3 1 2 3 0 2 2 2
0 2 2 0 0 3 0 2 0 1
1 1 1 1 1 3 2 0 3 2
2 1 3 2 2 2 2 1 2 1
2 0 0 2 2 1 3 2 1 2
2 2 1 1 3 3 1 3 0 3
0 0 1 0 2 1 2 0 1 3
1 0 0 2 1 0 2 1 0 1
0 3 3 1 3 3 3 3 3 1
3 0 1 2 1 0 1 3 1 3
1 1 0 2 2 3 0 2 3 2
1 3 1 0 2 1 1 3 2 1
1 2 0 3 3 2 1 0 2 1
1 1 2 0 2 2 0 2 0 0
2 3 1 1 2 0 3 1 3 1
2 0 1 0 1 0 3 1 3 0
0 2 2 3 0 1 3 3 1 0
0 1 0 2 2 1 1 3 0 0
0 0 0 3 3 1 1 1 3 0
2 1 3 2 3 3 2 3 3 1
27 50 45 21 12 33 41 32 12 27
42 22 39 16 46 35 18 43 26 21
49 27 34 21 19 44 40 28 40 14
35 44 38 43 26 19 42 29 16 17
41 42 51 18 25 31 37 44 20 15
23 27 19 34 43 29 36 24 28 45
30 34 28 47 51 51 20 43 33 22
35 13 12 12 37 37 12 21 23 49
17 27 28 15 51 12 39 16 20 32
40 39 14 31 29 39 31 44 20 30
13 31 23 13 24 41 17 23 12 27
30 20 39 33 16 20 19 13 18 17
24 40 28 26 26 26 43 41 37 41
50 28 26 26 30 44 21 50 23 25
13 48 14 50 45 36 43 44 48 46
20 28 47 48 25 46 18 47 33 14
23 37 14 26 17 40 26 44 38 33
31 30 51 43 42 25 50 47 17 27
19 46 43 14 47 50 24 31 17 44
19 44 51 34 14 33 42 49 50 41
33 40 37 22 26 25 50 34 47 42
46 42 50 32 15 47 17 29 49 36
39 38 38 15 43 31 21 29 20 12
41 13 44 12 19 42 31 48 32 43
24 47 42 34 32 13 16 45 25 30
24 22 33 24 40 38 44 50 46 30
19 26 15 17 43 44 39 35 42 24
51 18 15 32 19 24 15 51 22 42
15 51 13 18 35 48 12 23 24 33
19 27 33 25 20 29 44 41 32 25
26 15 23 50 45 24 31 48 31 31
30 51 42 38 35 49 38 24 48 51
27 51 35 15 25 38 14 43 25 19
17 14 19 31 18 40 37 20 30 51
29 29 47 33 14 39 33 50 13 14
40 49 24 33 42 35 18 34 46 43
51 50 42 23 20 14 46 45 18 40
44 51 49 27 30 12 14 45 12 35
46 49 25 22 43 32 22 34 25 21
35 16 27 31 19 51 50 22 35 22
35 28 15 33 33 29 36 45 43 44
36 41 45 29 42 26 43 45 38 50
23 32 14 18 16 28 21 50 24 41
47 18 49 46 25 45 23 37 38 36
19 51 48 40 16 22 13 21 50 31
27 46 40 17 38 38 39 50 46 38
25 50 47 44 36 13 33 37 30 28
29 27 29 22 24 28 40 49 37 18
29 43 40 44 18 39 22 30 36 40
36 30 19 36 43 19 22 24 28 12
24 25 17 19 31 26 49 36 33 12
48 33 46 36 41 46 38 12 41 24
26 34 17 27 21 30 43 13 37 30
39 34 42 27 50 50 50 13 33 49
18 12 20 17 39 21 28 43 37 48
27 19 19 31 15 48 37 42 34 37
16 51 50 42 47 44 35 30 32 49
43 33 35 12 50 14 47 40 12 38
37 38 44 15 23 20 21 32 17 34
28 31 28 41 51 12 32 48 27 46
16 16 44 14 12 38 24 32 40 43
40 37 19 25 23 25 39 24 14 27
50 13 39 24 30 47 36 19 20 20
15 44 12 20 41 49 30 50 51 26
36 41 37 34 41 49 42 46 31 45
25 34 17 18 38 46 28 42 19 24
49 12 22 45 46 29 43 31 13 30
44 41 50 29 23 37 16 46 30 38
18 13 18 39 26 30 18 29 21 43
32 39 50 19 19 20 15 13 23 14
31 24 50 24 46 48 51 25 40 46
50 19 19 20 46 28 47 51 38 20
23 19 13 12 30 25 41 46 14 21
39 44 20 22 17 21 21 51 35 44
45 50 17 21 37 17 38 14 22 48
18 30 27 47 46 40 17 12 48 28
42 45 26 38 36 12 36 45 50 46
38 12 18 44 43 30 25 28 18 15
47 25 39 44 30 22 48 26 18 42
19 47 28 20 40 19 51 41 26 14
33 23 51 13 30 31 16 38 34 26
36 46 50 36 48 39 12 14 32 49
45 13 25 37 29 47 14 20 19 42
14 29 43 22 34 14 18 41 14 33
14 40 36 42 38 29 51 42 49 34
18 42 17 29 35 19 21 47 40 27
32 20 13 32 50 25 50 36 41 43
33 48 44 42 49 20 42 17 24 21
32 31 31 13 47 47 31 47 51 33
43 36 41 46 37 32 21 35 13 39
33 13 44 30 34 47 36 50 23 22
45 43 13 20 50 17 21 27 30 45
29 14 12 27 15 38 25 24 14 41
49 33 14 36 14 42 44 50 16 40
22 27 21 37 38 24 15 13 51 25
50 24 29 16 49 32 19 45 51 40
28 46 34 39 16 21 35 43 25 12
28 25 32 38 18 33 21 15 24 36
12 36 16 19 15 37 49 13 23 24
30 37 27 50 15 23 18 43 23 49
