3 1 2 0 2 3 1 0 2 1 3 1 3 2 2 3
2 2 2 2 3 3 2 2 3 0 2 1 2 0 1 3
3 1 2 1 1 1 2 2 2 1 3 1 2 0 2 2
2 3 1 3 1 1 0 3 1 0 1 1 3 3 1 1
1 2 3 2 3 0 3 0 0 1 0 1 2 2 3 1
3 0 1 2 3 3 1 0 3 1 0 0 2 0 1 0
1 2 2 1 0 1 3 2 0 1 0 3 2 0 1 2
3 2 1 1 3 2 2 3 2 1 3 2 3 3 2 1
0 0 1 0 3 3 3 3 2 1 0 1 3 0 1 2
2 0 0 2 0 0 0 2 1 0 3 1 0 1 1 3
0 1 0 0 3 2 3 2 0 2 0 0 2 2 0 0
2 3 0 0 1 1 3 1 1 3 3 0 2 2 0 3
2 1 0 2 2 0 2 2 1 0 0 3 2 2 3 1
2 1 2 2 3 1 3 1 3 3 2 0 1 0 1 3
2 1 3 2 0 0 0 3 0 0 2 3 2 2 0 2
3 2 3 1 1 2 3 1 1 0 3 2 2 0 2 3
19 25 22 44 30 35 29 32 26 29 39 13 43 42 34 27
30 26 34 18 39 35 30 14 47 40 42 33 18 36 37 47
47 33 50 33 41 17 46 50 22 25 47 21 14 32 50 30
42 15 13 31 29 13 48 27 25 28 37 17 23 15 37 13
37 30 39 18 27 40 35 20 48 21 16 29 50 38 39 49
35 40 25 50 27 35 29 12 19 13 28 20 26 28 21 44
49 38 34 49 24 49 39 34 16 45 36 39 46 32 33 18
51 14 13 37 39 46 42 43 34 37 39 22 23 47 18 45
28 36 29 16 31 31 31 15 18 17 12 21 39 20 33 14
22 44 20 42 48 48 24 30 25 32 19 33 44 29 37 51
16 13 24 36 47 14 15 18 12 42 40 16 46 42 36 40
22 51 48 28 13 13 51 37 29 35 23 48 18 42 36 19
42 45 16 34 46 36 46 30 45 28 12 27 14 50 51 45
22 21 18 38 15 41 15 41 27 27 46 44 13 12 37 23
30 13 47 26 40 12 28 39 40 12 30 35 30 22 24 22
27 18 47 21 49 26 23 21 29 16 39 26 34 40 14 27
