-0.00655344  0.03412679  0.02914365  0.03113106
-0.12020468  0.13692622  0.02307647  0.35050826
-0.39071646  0.3222886  -0.02021267  0.77132927
-0.87848547  0.50310136 -0.4664187   0.12407459
-0.49289008  0.26236108 -0.61731424  0.01851463
-0.15171384  0.07817483 -0.29781979  0.02845294
-0.00048242  0.00366011 -0.0616502   0.00128741
-0.00050154  0.00115378 -0.03709754 -0.00331689
 0.00012353  0.00084829 -0.03757684  0.00234819
 0.00098936 -0.00131668 -0.01085616  0.00043595
-0.02263836  0.17326312  0.03768665  0.18425158
-0.07679234  0.37356965  0.03338214  0.7128404 
-0.36953142  1.37185403 -0.11331747  1.39524167
-0.47018507  1.65721585 -0.89713756  0.39920629
-0.36048668  1.37038321 -1.36636768  0.34658796
-0.16419454  0.7526423  -0.62346562  0.05559623
-0.07014617  0.33330757 -0.36315214  0.02487786
-0.0183344   0.08728009 -0.13775667  0.00801496
 0.00153027 -0.00042202 -0.04143551  0.00189864
 0.0014676  -0.00116149 -0.01627218  0.002863  
-0.24101801  0.92111319 -0.01129883  0.74553077
-0.85609401  1.66595296 -0.46104478  1.12610588
-1.35831442  1.78658059 -0.49346188  1.66042463
-1.81607971  1.92414183 -0.88953099  1.02792725
-0.94551321  1.22906399 -1.23506972  1.13927654
-0.58468784  0.86032958 -1.50405949  0.12995738
-0.29627336  0.44629822 -1.42344119  0.10951069
-0.02033717  0.03892554 -0.27069787  0.01923654
-0.00118585  0.00364257 -0.04981153  0.00425511
-0.00003889 -0.00023095 -0.01868811  0.00426786
-0.42728673  2.09365073 -0.22934966  2.91758333
-0.53716203  2.76348487 -1.49933225  1.87897733
-0.62318066  3.02469092 -1.71751365  2.41333328
-1.05816919  2.75246142 -2.64962281  0.71074996
-1.34309522  2.05749309 -3.03222532  1.00119549
-1.50819456  1.79658652 -1.95816611  0.66219906
-0.65012827  1.86498482 -1.05768391  0.1469137 
-0.26863047  1.01431567 -0.9341477   0.04614254
-0.0741067   0.3567991  -0.43364232  0.06315439
-0.00939799  0.00809529 -0.01661084 -0.01397749
-2.40552326  2.74054791 -0.24587959  2.78836401
-3.0499604   2.46450747 -1.96153558  3.01261926
-2.6573035   2.02019851 -1.32232985  2.36232415
-2.55944223  2.05559715 -3.1808245   1.06436931
-2.20641021  2.4895612  -3.97211953  1.81397205
-0.8751624   2.27330549 -1.95033697  3.21558789
-0.38879839  2.50825019 -1.4148512   1.26856386
-0.16870642  1.74172732 -3.44605144  0.10159781
-0.02465733  0.28410191 -1.48447489  0.10542391
-0.00563226  0.02183819 -0.11200405  0.01369833
-2.43063209  0.19648288 -0.8065703   2.37347836
-2.19520465  0.87408586 -0.9732372   4.14666056
-2.23753692  1.73555212 -1.29153709  2.82381246
-1.67247306  2.71551182 -2.45344433  2.9168784 
-1.09362693  2.86624307 -2.3971482   1.05932832
-1.48802799  1.91529287 -4.27053192  1.22780411
-2.62518399  1.05949478 -2.86683934  1.19062324
-1.42430026  0.42002858 -1.87605102  0.0298728 
-0.44250097  0.16547506 -0.98797315  0.09871644
-0.04793629  0.06611109 -0.17296332  0.02348733
-0.98437714  0.37991566  0.09702473  0.8628874 
-1.41391273  0.97373825 -0.09436645  2.839691  
-2.40713741  1.90650294 -0.31458128  5.43555132
-1.87057709  2.88793013  0.58766987  3.00601152
-1.47370976  2.4019024  -2.84010144  0.49197271
-1.89873389  3.2200749  -4.66139384  0.33919126
-1.22558701  3.41151274 -2.96053072  0.54107266
-0.83381116  2.79473387 -1.43594185  0.21226093
-0.46230434  1.71091249 -0.99877505  0.07020125
-0.11407371  0.40973077 -0.45970074  0.03351749
-0.13215689  0.07460638  0.32026277  0.50352072
-0.39671802  0.08261837  0.26191616  2.72339635
-1.36623628 -0.68004169  0.33220883  4.82321408
-3.3019881  -0.36439258 -1.09498382  2.28468471
-4.20442118  0.27354635 -3.41450034  2.76863896
-2.12113326  1.31661512 -1.77604242  2.38695388
-0.85186145  2.08125807 -2.30448013  1.35651479
-0.47271569  2.41374312 -2.72102895  1.20190273
-0.34396499  2.95397578 -3.10052429  0.45720387
-0.33577886  2.49047152 -2.46260824  0.20751276
-0.05990689  0.02448477  0.03784883  0.07035031
-0.83505999  0.19235379 -0.06381852  0.70782715
-1.89774073  0.44081741  0.03512223  0.85251503
-2.85011907  0.63436962 -0.22436966  0.21861367
-2.54076936  0.54502189 -0.85282401  2.69013932
-2.88416586  0.7527462  -0.25811243  3.99046538
-3.08968783  1.12161048 -0.62669111  2.67171354
-2.32063298  1.52907057 -1.8865642   1.74192723
-1.77184669  1.66144994 -2.17996591  1.41762349
-1.26867976  1.37003409 -2.87993905  0.38869952
-0.00809786 -0.00095482  0.00531707  0.00439217
-0.01425884 -0.00176209  0.00052176  0.01944235
-0.02423735 -0.00330206  0.00187013  0.02805484
-0.05233454 -0.00358634  0.00052494  0.00921679
-0.22637679  0.02384871 -0.03300857  0.2882893 
-0.74415598  0.07711845 -0.05744094  1.11996015
-2.82850253  0.17602229 -0.0068028   1.0474309 
-3.1377207   0.19147305 -0.94140088  0.39260039
-3.20286863  0.33033211 -0.98764208  0.40343454
-2.25395689  0.30732116 -0.80529886  0.02482706