-0.0239433   0.0913153  -0.04467137  0.07251945
-0.14506322  0.20799786  0.01623977  0.49610859
-0.43200462  0.40056868 -0.03125458  1.0224286 
-1.11366073  0.68961036 -0.58985668  0.1474467 
-0.62079441  0.36633394 -0.81919495  0.01324313
-0.19157239  0.10454673 -0.39634763 -0.01387535
-0.04428971  0.04086222 -0.15650335  0.01929888
-0.01880594 -0.00555161 -0.10066134  0.0071619 
 0.02099735 -0.03100415 -0.06346204 -0.01548639
 0.02587967  0.00889848 -0.03886569 -0.02826378
-0.02374986  0.25666036  0.06181746  0.27286781
-0.12084718  0.53203169  0.06974295  0.91394371
-0.46540696  1.6705964  -0.21391161  1.74845115
-0.62296353  2.01185749 -1.14912295  0.55068847
-0.46926946  1.68137232 -1.66143098  0.41491967
-0.20249404  0.94011763 -0.79089256  0.05489259
-0.09643638  0.44470063 -0.50543488  0.06987267
-0.03498354  0.13787205 -0.2063086   0.03893001
-0.00753871 -0.00666668 -0.08265332 -0.00840708
 0.0004599  -0.01842789 -0.05476794 -0.01560919
-0.30680774  1.09096629 -0.11081499  0.93168204
-0.93657388  1.94546069 -0.67661023  1.4091667 
-1.53644187  2.06579877 -0.64019854  1.93346314
-2.069518    2.19838959 -0.98807245  1.1318575 
-1.04304043  1.37086147 -1.40138338  1.27166558
-0.65802444  0.99189256 -1.6729245   0.07072894
-0.32211534  0.5092795  -1.64300238  0.07496579
-0.03477528  0.06345902 -0.37483828  0.03846358
 0.00192226  0.0236205  -0.1011518   0.02097137
 0.02115091 -0.00977575 -0.05293198  0.01377775
-0.49224878  2.57110043 -0.46293322  3.83618375
-0.73087855  3.512171   -2.04765999  2.68426004
-0.97163185  4.10638683 -2.29133682  3.25001901
-1.39560429  3.81033285 -3.6300359   0.94910872
-1.57978404  2.60076917 -4.06421486  1.25128832
-1.70588807  2.00946479 -2.49022847  0.89770619
-0.78956255  2.21735977 -1.32393487  0.17873882
-0.3035892   1.19274022 -1.20146262  0.07293054
-0.09081069  0.42427348 -0.5905978   0.13296892
-0.01064578  0.0263856   0.01374491  0.09657687
-3.36673149  3.55317906 -0.37499784  3.76935427
-4.05930698  3.26440017 -2.58976107  4.2927411 
-4.23298965  3.23727981 -2.20499567  3.79018656
-3.95186413  3.30219408 -4.86136516  1.83961653
-3.44061955  3.81320529 -5.46629978  2.18539933
-1.24892255  3.0926976  -2.37552969  3.96961077
-0.7761735   3.38210695 -1.80802729  1.68873185
-0.34276559  2.31461303 -4.30395371  0.09957915
-0.04814819  0.34556936 -1.81295184  0.10570232
-0.02051594  0.03128415 -0.15829128  0.0254848 
-2.86128885  0.26366381 -1.36744109  3.0070976 
-3.0466349   1.36485827 -1.27834111  5.9311352 
-3.24821104  2.64894596 -2.14839576  4.38642487
-2.70548626  4.2005558  -3.8288182   4.52560007
-1.61058692  4.0504483  -3.48447568  1.3314424 
-2.06238769  2.60371888 -5.74801113  1.59721621
-3.42017846  1.21175721 -4.14041162  2.00555224
-1.79363679  0.62134403 -2.35533388  0.00170869
-0.54006329  0.25495557 -1.24613739  0.11798057
-0.05347854  0.10140935 -0.23711499  0.0404075 
-1.20653577  0.31923381  0.51233188  1.08026513
-1.74890646  1.21706273 -0.35284899  3.71545298
-3.05265     2.57460105 -0.57398015  7.5399363 
-2.46719845  3.96746399  1.07673582  4.43739367
-2.22916582  3.35932898 -4.56621011  0.19601715
-2.30174947  4.27005372 -6.5642363   0.03923327
-1.50946613  4.33444757 -3.92062784  0.78574593
-1.14409604  3.6178726  -1.80878432  0.29075701
-0.66457942  2.28847907 -1.35355382  0.19493915
-0.17323769  0.50860107 -0.60039061  0.04875375
-0.18253701  0.11439058  0.49862464  0.66660876
-0.54937364  0.14692431  0.32502378  3.72560234
-2.32139164 -0.80961299  0.01435394  7.34785891
-5.00843639 -0.34263477 -1.83581516  3.3977503 
-6.19904313  0.48788307 -4.91415639  3.56955277
-3.67495647  2.62329375 -2.85374918  3.7656799 
-1.69073581  3.41847437 -4.00423017  2.22016332
-0.98587669  3.58479874 -4.26558623  1.93077536
-0.47304937  3.67655096 -4.09739387  0.72611925
-0.41548236  3.06758336 -3.02514692  0.34809101
-0.17860389  0.19392951 -0.01261845  0.13351161
-1.19111111  0.33159671  0.16823047  0.79866164
-2.62676134  0.63335388  0.08814902  1.18571292
-3.82076624  0.74421481 -0.31704023  0.28737165
-3.45760679  0.80821504 -1.12951248  3.54486827
-3.98337042  1.04672763 -0.23889908  4.95709503
-4.39499854  1.60288907 -0.94008279  3.43983621
-3.2724327   2.09609181 -2.43282146  2.33227474
-2.31296342  2.15034468 -2.89707488  1.72093236
-1.51491509  1.66263967 -3.59965397  0.40169243
-0.02175085  0.00577276 -0.10756156  0.03243645
-0.02451319  0.00563115 -0.01729054  0.0567449 
-0.04438919  0.00503647 -0.01945566  0.04344325
-0.08383928 -0.01228117 -0.0133767   0.03134134
-0.29702073  0.02434737 -0.05858148  0.35903903
-0.90197963  0.07830729 -0.08982957  1.37188785
-3.32384837  0.22631658 -0.00018668  1.21314913
-3.7358473   0.19185679 -1.05391348  0.51214706
-3.84047337  0.30719468 -1.15916443  0.52197787
-2.81889487  0.35301591 -1.04406238  0.04404723