0 0 1 1 1 1 1 0 0 0 0 0 0 0 0 0
0 0 0 0 0 0 1 1 1 1 0 1 0 0 1 0
0 0 0 0 1 0 0 1 0 0 0 0 1 0 1 1
0 0 0 1 0 0 0 0 1 0 0 0 1 1 0 0
1 0 1 1 0 0 1 0 0 1 0 1 0 0 1 0
1 1 1 0 0 0 0 0 1 1 1 0 1 1 1 1
0 1 1 0 0 1 0 1 0 1 0 0 1 1 1 1
0 1 1 1 1 1 0 0 1 0 1 0 0 1 1 0
0 0 0 0 0 0 0 0 1 0 1 0 0 0 1 1
1 0 0 1 0 1 1 0 0 0 1 1 0 0 1 1
0 1 1 0 1 0 1 0 0 0 1 0 0 1 1 0
0 1 0 1 1 0 1 0 1 0 0 1 0 1 1 1
1 1 1 0 1 1 1 1 0 0 1 1 0 0 1 1
1 0 0 1 1 1 0 1 0 1 0 0 1 0 0 1
0 1 1 1 0 1 1 0 0 0 0 0 0 0 0 0
0 0 0 0 0 0 0 1 1 0 0 0 0 1 0 1
17 55 46 46 46 4 20 45 35 45 45 55 25 55 55 25
35 35 39 37 57 57 46 46 46 8 57 8 57 37 8 45
57 55 57 37 50 35 47 50 25 47 47 25 52 47 52 48
25 25 3 24 3 3 3 3 20 3 5 35 14 14 35 11
36 21 36 22 21 51 36 45 45 36 5 36 51 51 36 51
44 24 24 51 51 19 19 39 18 18 24 39 24 18 22 22
39 18 18 39 39 48 53 18 21 56 21 21 48 40 56 56
41 26 26 50 50 12 19 43 22 41 26 41 41 26 14 43
51 51 51 35 35 35 35 35 18 51 18 45 35 51 36 18
36 39 39 18 41 18 18 39 45 39 26 40 39 51 36 36
39 40 56 3 50 45 50 21 45 53 36 53 45 56 42 7
53 56 53 50 20 45 56 3 20 57 57 50 43 50 44 20
40 42 20 57 50 56 36 44 43 49 44 44 43 57 44 40
56 49 55 42 58 42 53 44 43 20 49 41 14 41 49 20
43 42 14 40 5 58 42 21 21 21 21 21 37 43 53 25
25 49 41 41 7 41 49 14 40 7 7 37 7 38 7 58
