0 0 1 1 1 1 0 1 1 1 0 1 0 0 1 1
1 0 0 0 1 0 0 0 0 1 1 0 1 0 0 1
0 1 1 1 1 1 0 1 0 1 0 1 1 0 1 1
0 0 1 1 1 1 0 1 1 1 1 1 0 1 0 1
0 0 0 0 0 0 0 0 0 0 1 0 0 0 0 0
1 0 0 0 0 1 0 0 1 0 1 1 1 1 1 1
1 0 0 0 0 0 0 0 1 1 0 0 0 0 1 1
0 0 1 0 0 1 1 1 1 1 0 0 1 1 1 0
1 0 1 0 0 0 1 0 1 1 0 0 0 1 1 1
1 1 1 1 0 1 0 1 1 1 1 1 0 0 0 1
0 1 0 0 0 0 0 0 0 1 0 1 0 1 0 1
1 1 0 1 1 1 1 0 1 1 1 1 1 0 1 1
1 1 1 0 0 0 1 1 1 1 1 1 0 0 1 1
1 0 1 1 0 1 1 1 0 1 0 1 1 1 1 0
1 1 1 1 1 1 1 1 0 0 1 1 1 0 0 0
0 0 0 1 0 0 0 0 0 0 0 0 0 0 0 1
17 35 22 48 46 42 57 4 38 54 45 50 45 21 50 50
54 15 13 15 46 15 7 55 7 40 54 41 12 41 53 50
51 52 52 52 52 18 41 48 35 48 57 48 52 35 48 48
57 57 20 44 44 44 53 50 20 20 44 44 53 50 49 44
45 49 43 43 43 51 49 49 35 45 54 23 51 23 51 51
26 23 45 51 23 14 23 49 52 21 14 14 14 14 22 22
14 45 21 23 55 35 53 35 26 26 53 21 53 55 26 56
55 25 56 55 55 12 56 56 56 56 37 57 20 36 36 21
14 53 14 53 53 53 48 53 50 50 53 45 37 20 36 54
36 20 52 48 21 52 37 54 52 52 26 20 37 37 37 20
37 20 55 3 25 45 55 55 55 20 45 44 23 26 23 26
54 26 55 26 54 56 26 3 12 54 54 52 52 55 44 12
40 44 12 57 57 45 36 56 12 50 12 44 57 57 6 6
56 11 56 48 57 50 48 44 57 50 49 44 48 48 36 41
14 50 14 56 56 14 46 14 21 35 46 40 58 47 45 43
47 43 35 46 35 11 47 35 35 51 45 35 23 49 23 58
