0 0 0 1 0 0 0 1 1 0 0 1 1 0 1 1
1 1 0 1 0 0 1 1 1 1 0 1 0 1 0 0
0 0 0 0 1 0 0 1 0 0 1 0 0 0 1 1
0 0 0 1 0 0 0 0 0 0 0 1 0 1 0 0
1 0 1 0 0 0 1 0 1 1 0 1 1 0 1 1
1 0 0 0 0 1 0 1 1 0 0 1 0 0 1 0
0 0 0 0 0 1 0 1 0 0 0 0 0 0 0 0
0 1 1 0 0 0 1 0 0 0 1 0 1 1 1 1
1 1 0 0 0 0 1 0 1 1 0 0 0 1 0 0
0 0 0 1 0 0 0 0 0 0 0 0 0 0 0 0
0 0 1 0 1 0 0 0 0 1 1 1 1 1 0 1
1 0 0 0 1 0 0 0 0 0 0 0 0 0 0 1
1 1 1 1 1 1 1 1 1 1 1 0 0 1 1 1
1 0 1 1 1 1 1 1 1 1 0 1 1 0 1 1
0 0 1 0 0 1 0 1 1 0 0 1 0 0 1 0
0 1 1 1 1 0 0 0 0 0 1 0 0 1 1 1
17 57 45 10 51 3 35 18 14 13 43 40 42 21 40 40
42 48 53 16 53 51 54 46 46 46 57 42 55 42 55 55
55 55 55 25 48 35 21 48 35 43 58 35 41 35 18 18
21 35 21 42 21 3 3 21 17 3 3 48 3 48 25 57
12 25 48 57 57 57 36 17 44 36 5 44 58 41 44 44
44 43 43 51 23 44 23 58 52 49 49 58 43 49 52 49
49 49 41 23 53 58 53 42 45 41 53 53 23 23 45 41
41 58 56 23 51 51 54 51 45 45 56 45 56 38 38 56
44 48 21 53 45 57 48 53 44 48 57 45 35 48 55 35
57 57 45 48 21 41 57 53 45 57 45 53 45 41 53 55
53 41 56 3 48 41 55 21 35 44 54 44 44 44 21 54
54 21 55 21 54 51 23 3 23 35 55 51 35 35 55 20
58 56 58 58 50 56 36 50 56 50 52 3 51 58 50 14
14 49 56 50 58 50 20 20 14 20 49 56 14 39 36 20
51 51 14 49 11 58 41 20 18 23 3 14 39 11 18 41
23 18 18 18 18 11 47 23 15 51 54 37 23 38 54 38
