0 0 0 1 0 0 1 1 1 1 0 1 0 0 1 1
0 0 0 0 1 0 0 0 1 1 1 1 1 0 1 1
1 0 0 0 1 1 1 0 1 1 0 1 1 1 1 0
0 0 1 0 1 1 1 1 1 1 0 0 1 1 1 1
1 1 1 1 0 0 1 1 1 1 1 0 0 0 1 0
1 0 0 0 0 1 0 0 0 0 1 0 1 0 0 1
0 0 0 0 1 1 0 1 1 1 1 1 1 1 1 0
1 1 0 1 1 1 1 1 1 1 1 1 1 1 1 1
1 0 0 0 1 0 1 0 0 1 0 0 1 0 1 0
1 1 0 0 1 0 0 1 1 1 1 1 0 1 0 0
1 1 0 0 0 1 0 0 0 1 1 1 1 1 1 1
0 0 0 0 0 0 1 0 1 1 1 1 1 1 1 1
1 1 1 1 1 1 1 1 1 1 1 1 1 1 1 1
1 1 1 1 0 1 1 1 1 1 0 0 1 1 1 0
1 1 1 1 1 1 1 0 0 0 1 1 0 0 1 0
0 1 1 1 1 1 1 1 1 0 1 1 1 1 1 1
17 57 45 10 51 51 36 36 36 46 25 4 25 21 6 4
23 13 7 21 38 5 55 25 6 14 24 58 20 15 4 22
22 9 7 9 14 22 14 9 22 22 7 22 52 12 54 51
53 53 20 51 10 14 10 14 10 10 13 13 56 58 56 58
38 38 38 44 43 43 58 58 26 58 40 41 41 41 18 43
18 43 45 51 51 14 55 39 43 21 40 25 26 39 39 26
39 39 39 23 24 10 53 24 40 40 40 40 26 26 26 5
24 24 43 16 16 16 16 8 16 8 8 8 4 6 38 6
38 39 39 7 54 23 54 23 39 10 39 39 4 15 38 39
4 4 7 7 40 57 57 40 40 40 40 40 57 10 3 55
48 48 55 3 57 54 55 55 55 20 6 44 16 14 14 38
9 9 9 9 9 9 10 3 20 16 16 16 16 16 6 6
6 36 36 52 50 6 36 36 52 52 52 52 14 36 52 36
26 26 26 26 21 50 48 26 50 26 7 21 48 48 48 23
50 50 50 6 54 42 42 49 21 23 54 54 23 21 18 43
23 18 46 46 46 46 46 42 18 51 42 46 44 44 44 44
