0 0 0 1 0 0 1 1 1 0 0 1 0 0 1 1
1 1 1 0 1 0 0 0 0 0 0 0 0 0 0 1
0 0 1 1 1 1 1 1 1 0 0 0 1 1 1 0
1 0 1 0 0 1 1 1 0 1 1 1 1 0 0 0
0 1 0 1 0 0 1 0 1 0 0 0 0 0 0 0
1 0 0 0 0 1 0 1 1 1 0 1 0 0 0 0
0 0 0 0 0 1 1 0 0 0 0 0 1 1 1 0
1 1 1 1 0 1 1 1 1 1 0 0 1 0 0 1
1 1 1 1 0 1 1 1 1 1 1 0 0 1 1 1
0 1 1 0 0 1 1 0 1 1 0 0 0 0 0 0
0 0 1 0 0 0 1 0 0 0 0 0 0 1 1 1
1 1 0 0 1 1 1 0 0 0 0 0 0 0 1 1
1 1 0 0 0 1 1 1 0 1 1 1 1 0 1 1
1 0 0 0 1 1 1 0 1 1 1 1 1 1 1 1
1 1 1 1 0 0 1 0 1 1 1 1 0 1 1 1
0 1 0 0 0 0 0 0 0 0 1 0 0 1 0 0
17 57 45 10 51 51 36 36 46 25 25 14 25 21 26 26
40 14 4 41 56 55 55 55 55 47 19 11 15 11 15 4
49 49 24 4 4 4 24 14 14 43 11 11 52 14 54 51
22 35 20 25 25 40 10 4 25 40 56 56 56 57 35 15
21 26 45 20 43 51 10 49 56 49 5 23 23 7 9 23
44 23 55 23 23 24 55 24 24 24 49 58 41 13 13 13
13 13 13 57 39 36 46 19 19 19 19 19 42 46 46 53
46 46 42 42 3 10 40 10 10 40 3 7 40 45 7 8
46 46 46 46 3 44 48 42 44 48 48 3 35 48 48 48
41 44 42 17 41 42 42 17 42 42 3 41 41 41 3 3
3 17 44 41 35 35 44 17 35 35 35 17 17 44 18 38
38 58 55 21 20 18 18 57 57 57 57 57 21 57 18 18
18 36 55 21 21 46 36 46 21 38 52 52 38 21 36 38
38 55 55 55 58 8 8 55 54 52 52 8 8 8 36 8
52 36 36 54 5 19 4 7 54 54 10 54 37 12 54 52
37 24 5 5 37 5 37 19 9 37 12 37 9 12 7 5
