0 0 0 1 0 0 1 1 0 0 1 0 1 1 0 0
0 0 1 0 0 0 1 1 1 1 0 1 1 0 1 1
1 1 1 1 1 1 0 1 0 0 1 1 1 1 1 0
0 0 0 0 0 0 0 1 0 1 0 1 1 1 1 1
1 1 1 1 1 1 1 1 1 1 1 1 1 0 1 0
1 0 0 0 0 0 0 0 0 1 0 0 0 0 0 0
0 1 1 1 0 1 1 0 0 0 0 0 1 0 0 0
0 0 1 1 0 1 0 1 1 0 1 0 1 0 0 0
0 1 1 0 1 1 1 1 1 1 1 0 0 0 0 1
1 1 0 1 1 1 1 1 1 1 1 0 1 0 0 0
1 0 0 0 0 0 1 1 1 1 0 0 1 1 0 0
0 1 0 0 0 0 0 1 0 1 1 0 1 0 0 0
0 1 1 0 0 0 1 0 1 0 1 1 0 0 0 1
1 0 1 1 0 1 0 1 1 1 1 1 0 0 0 0
0 0 0 0 0 1 1 1 0 0 0 1 0 0 1 0
1 1 1 1 1 1 0 0 0 0 1 0 1 1 1 1
17 57 45 10 51 51 36 46 25 25 14 21 26 40 41 55
55 19 12 7 19 17 20 22 22 4 15 10 36 37 36 12
36 12 44 14 6 6 23 6 7 7 58 8 8 8 52 13
13 13 13 13 13 49 3 46 19 10 15 6 14 6 10 56
56 56 48 22 22 56 58 58 58 58 22 22 58 57 50 43
26 43 55 23 23 25 23 53 23 50 35 35 37 41 3 45
43 42 42 42 17 20 20 43 37 41 41 11 48 9 11 11
41 35 48 10 35 10 7 26 20 19 26 19 20 21 5 5
5 48 48 5 48 16 48 14 50 48 48 45 7 17 17 4
4 4 17 12 22 22 22 22 22 22 26 5 12 9 49 47
56 57 57 43 57 45 10 58 10 20 5 49 16 58 49 5
5 58 49 11 23 23 23 16 23 16 10 7 10 41 41 17
41 36 14 7 41 7 36 7 14 7 26 26 41 41 21 40
14 17 10 14 21 24 17 10 14 46 46 46 3 19 3 3
35 35 35 35 35 46 46 46 3 35 3 44 37 21 38 3
38 38 44 38 38 38 21 21 21 51 44 37 44 36 44 44
