0 0 0 1 0 0 1 1 1 1 1 1 0 0 0 0
1 0 0 1 0 1 1 0 1 1 0 1 1 0 1 1
0 1 1 0 1 0 0 1 1 1 1 1 1 1 1 1
0 1 0 0 0 1 0 1 0 0 0 0 0 0 1 1
1 0 1 1 0 0 0 0 0 0 0 0 1 0 0 0
1 0 0 0 0 0 0 0 1 0 1 1 1 1 1 1
1 0 1 0 0 1 1 1 1 1 1 0 1 0 0 1
1 1 1 1 0 1 0 0 1 1 0 0 0 1 0 0
0 1 1 1 0 1 1 0 1 1 0 0 1 1 1 1
0 0 1 0 0 1 1 0 1 0 1 0 0 0 0 0
0 0 0 1 0 1 1 0 1 1 0 0 1 1 1 1
1 1 1 0 0 0 1 0 1 0 0 0 1 1 1 0
1 0 1 1 1 1 0 0 0 1 1 0 1 1 0 0
1 0 1 0 0 0 1 1 0 1 1 0 1 0 0 0
0 0 0 0 0 0 0 0 0 1 0 0 0 0 0 0
0 0 0 0 0 1 0 1 0 0 0 0 0 1 1 1
17 57 45 10 51 51 36 36 36 36 36 36 25 25 25 41
26 55 55 14 19 14 14 51 22 4 11 22 22 51 58 10
23 40 22 13 40 13 39 6 22 54 54 54 52 14 10 14
39 14 57 23 55 22 23 46 23 51 5 13 53 7 46 58
58 53 24 40 43 43 35 35 35 3 43 3 58 3 3 43
44 43 43 3 3 57 21 57 46 21 46 58 50 46 52 46
52 55 42 23 55 10 42 42 42 42 42 21 48 23 55 10
10 50 52 52 35 52 19 51 58 44 53 19 41 26 19 19
17 18 18 44 49 16 18 53 44 50 53 53 26 44 26 44
35 49 20 35 21 20 20 17 20 13 26 5 21 49 49 13
13 25 49 4 25 50 50 25 50 20 5 49 56 56 56 56
56 56 20 21 5 37 26 5 8 37 57 5 24 8 8 57
40 45 54 54 8 54 19 37 11 18 48 11 18 18 45 45
38 37 38 37 45 37 48 48 47 48 48 41 38 47 47 47
47 47 41 15 41 15 15 7 15 38 9 7 7 15 15 7
7 9 9 39 45 6 9 6 9 17 17 17 9 12 38 38
