0 0 0 1 0 0 1 1 1 1 1 1 0 0 0 0
1 0 0 1 0 0 1 0 1 1 0 1 1 1 0 1
1 1 1 1 1 1 0 0 0 1 0 0 1 1 1 0
1 1 1 0 1 1 0 0 0 0 0 1 1 0 1 0
1 0 1 1 0 0 1 0 1 1 1 0 1 0 0 1
1 0 1 1 1 0 1 1 1 1 1 1 1 1 0 1
1 1 1 0 0 1 1 0 1 0 1 1 0 1 1 0
0 0 0 1 0 1 1 0 1 1 1 0 1 0 1 1
1 1 1 0 1 1 1 1 1 1 1 0 0 1 1 0
1 1 0 1 0 1 1 1 1 0 0 1 0 0 1 1
1 0 0 0 1 1 0 0 0 0 0 0 0 1 0 1
1 0 0 0 0 0 1 0 0 0 0 0 0 1 1 1
1 0 1 0 1 0 0 1 1 1 1 0 0 0 1 1
1 1 1 1 1 1 0 1 1 0 0 0 0 0 0 0
0 0 0 1 0 0 0 0 0 1 0 1 1 1 0 1
0 0 0 0 1 1 1 1 0 0 0 0 0 0 0 0
17 57 45 10 51 51 36 36 36 36 36 40 25 25 55 25
14 19 51 10 51 17 26 7 42 42 9 42 48 48 45 10
48 48 10 10 48 48 55 49 49 10 55 35 52 54 54 3
50 8 50 23 24 46 55 55 19 3 5 24 24 3 46 15
24 53 24 46 53 53 46 53 46 46 14 15 24 53 53 50
44 55 18 16 50 57 42 42 42 18 44 58 50 14 3 36
50 14 44 23 21 26 44 23 18 3 26 52 23 52 44 23
3 25 21 52 35 26 26 51 26 22 22 23 22 21 14 20
14 16 22 37 22 16 22 56 44 58 18 13 35 20 20 35
52 52 51 12 13 20 20 58 12 35 35 40 41 41 18 20
18 21 21 21 58 58 49 15 15 25 45 15 25 40 37 38
40 15 5 5 5 49 38 5 19 37 37 37 37 8 8 8
40 5 8 57 8 45 41 56 12 38 12 57 57 57 4 4
4 4 4 16 58 4 7 12 12 7 7 41 13 39 39 39
39 39 39 40 11 9 9 9 9 54 9 54 54 54 17 6
17 13 13 41 6 6 6 6 17 17 45 43 41 49 7 49
