5 5 5 1 5 5 2 2 7 5 5 1 1 1 2 4
4 5 4 7 5 7 4 5 7 2 5 7 6 6 5 6
4 5 0 2 3 2 3 2 3 3 3 3 3 3 7 3
5 7 5 0 3 0 7 7 2 2 2 2 2 6 7 3
0 6 0 3 6 3 6 7 3 6 5 6 6 6 3 6
0 7 5 5 2 4 4 2 5 5 0 2 1 3 0 7
5 7 0 7 4 5 7 7 4 5 5 7 4 2 6 6
2 2 5 2 1 2 2 5 2 5 7 1 6 0 5 6
6 6 7 7 1 7 3 1 1 1 5 1 5 5 0 6
0 2 0 3 0 5 5 1 1 1 2 6 2 3 6 2
0 2 5 3 5 6 2 5 3 0 2 0 0 0 1 4
1 3 1 1 1 3 1 1 3 6 1 1 4 1 1 1
7 3 6 4 4 4 4 6 3 6 3 6 3 6 4 2
2 3 4 3 3 4 2 2 1 3 6 6 6 6 6 1
0 1 3 0 4 3 0 0 0 0 7 0 1 0 1 0
3 4 0 1 4 4 3 4 4 1 0 7 7 0 1 0
39 39 39 35 19 7 36 58 63 61 29 55 35 35 46 18
18 19 18 11 19 21 18 19 21 4 19 21 20 42 61 42
60 29 22 4 5 58 27 36 59 27 27 59 59 59 63 5
61 43 29 54 5 54 63 63 4 4 4 14 14 62 63 47
54 52 2 47 52 5 52 53 5 62 51 52 52 52 59 62
44 11 51 51 58 60 60 58 29 29 2 4 3 59 44 53
29 11 2 21 6 19 21 21 18 61 61 43 18 46 20 10
46 46 61 58 3 58 46 51 46 51 63 23 20 2 51 20
20 20 11 11 3 11 5 3 3 3 7 45 7 7 22 42
2 26 2 27 22 7 7 23 23 23 26 42 26 37 42 26
22 26 39 27 39 42 26 39 27 44 36 44 44 44 23 60
55 15 55 13 13 15 13 55 37 62 55 55 6 13 13 13
53 15 10 6 6 6 6 10 15 10 15 10 37 10 60 14
14 37 60 37 37 50 14 14 23 15 62 62 30 30 30 45
34 45 47 34 28 47 34 34 34 34 31 22 45 54 45 54
47 50 54 45 50 50 47 50 50 35 12 43 53 12 35 12
