0 0 0 0 0 0 0 0 0 0
1 1 1 1 1 1 1 1 1 1
0 0 0 0 0 0 0 0 0 0
1 1 1 1 1 1 1 1 1 1
0 0 0 0 0 0 0 0 0 0
1 1 1 1 1 1 1 1 1 1
0 0 0 0 0 0 0 0 0 0
1 1 1 1 1 1 1 1 1 1
0 0 0 0 0 0 0 0 0 0
1 1 1 1 1 1 1 1 1 1
10 31 69 21 24 3 3 28 24 19
49 56 42 41 57 63 101 104 58 99
69 11 5 10 6 73 25 9 27 30
48 60 105 106 36 48 60 46 46 37
5 30 15 25 4 72 31 64 72 71
58 51 35 52 103 42 106 35 61 54
16 11 16 11 66 12 7 65 22 22
42 36 52 45 105 104 63 60 63 37
22 16 26 22 31 11 20 21 22 73
58 43 101 38 63 43 102 101 56 48
