0 0 0 0 0 0 0 0 0 0
0 0 0 0 0 0 0 0 0 0
0 0 0 0 0 0 0 0 0 0
0 0 0 0 0 0 0 0 0 0
0 0 0 0 0 0 0 0 0 0
1 1 1 1 1 1 1 1 1 1
1 1 1 1 1 1 1 1 1 1
1 1 1 1 1 1 1 1 1 1
1 1 1 1 1 1 1 1 1 1
1 1 1 1 1 1 1 1 1 1
41 102 39 62 99 62 53 44 55 43
102 62 38 39 106 53 52 54 41 42
35 40 40 105 98 38 51 56 51 45
97 56 105 98 61 105 50 52 47 60
97 47 103 41 59 101 101 105 105 56
13 11 66 28 73 31 73 10 71 17
66 20 5 15 25 16 23 9 11 70
68 65 19 68 8 67 13 7 9 70
23 9 14 11 5 29 9 67 18 27
71 74 25 12 68 17 14 68 6 19
