0 0 0 0 0 0 0 0 0 0
0 0 0 0 0 0 0 0 0 0
0 0 0 0 0 0 0 0 0 0
0 0 0 0 0 0 0 0 0 0
0 0 0 0 0 0 0 0 0 0
1 1 1 1 1 1 1 1 1 1
1 1 1 1 1 1 1 1 1 1
1 1 1 1 1 1 1 1 1 1
1 1 1 1 1 1 1 1 1 1
1 1 1 1 1 1 1 1 1 1
106 40 103 40 105 61 63 53 56 101
56 48 52 53 104 43 56 51 55 60
103 44 54 60 105 96 55 103 35 58
48 98 60 56 51 40 54 52 101 45
38 55 52 43 102 37 105 57 47 49
20 31 22 10 74 64 29 29 12 7
17 18 68 20 5 10 20 73 8 67
15 15 15 74 68 24 31 5 69 11
8 74 16 10 64 22 11 29 23 65
15 29 9 21 24 15 65 25 22 28
