0 0 0 0 0 0 0 0 0 0
0 0 0 0 0 0 0 0 0 0
0 0 0 0 0 0 0 0 0 0
0 0 0 0 0 0 0 0 0 0
0 0 0 0 0 0 0 0 0 0
1 1 1 1 1 1 1 1 1 1
1 1 1 1 1 1 1 1 1 1
1 1 1 1 1 1 1 1 1 1
1 1 1 1 1 1 1 1 1 1
1 1 1 1 1 1 1 1 1 1
105 58 49 36 63 59 103 44 98 103
56 51 40 35 98 46 44 57 38 96
48 106 42 52 42 101 54 53 40 99
37 55 96 40 98 35 62 101 47 56
104 48 57 51 46 57 37 100 53 57
16 25 3 70 65 31 25 15 28 22
14 24 8 72 31 19 69 66 14 23
68 3 25 3 71 10 4 70 64 72
18 67 4 20 15 25 70 70 20 20
14 74 5 14 24 30 9 29 73 64
