0 0 0 0 0 0 0 0 0 0
1 1 1 1 1 1 1 1 1 1
0 0 0 0 0 0 0 0 0 0
1 1 1 1 1 1 1 1 1 1
0 0 0 0 0 0 0 0 0 0
1 1 1 1 1 1 1 1 1 1
0 0 0 0 0 0 0 0 0 0
1 1 1 1 1 1 1 1 1 1
0 0 0 0 0 0 0 0 0 0
1 1 1 1 1 1 1 1 1 1
103 47 59 102 105 47 47 50 47 44
17 73 25 67 74 70 21 19 14 23
63 60 52 46 43 46 102 99 62 50
10 23 3 67 27 30 4 64 8 16
104 37 48 100 50 41 41 62 39 59
13 18 66 18 9 23 8 73 11 9
103 106 45 50 38 99 100 98 99 52
28 23 31 66 67 24 25 10 64 11
55 45 99 46 63 49 63 35 47 35
28 11 17 19 65 13 28 68 13 7
