0 0 0 0 0 0 0 0 0 0
0 0 0 0 0 0 0 0 0 0
0 0 0 0 0 0 0 0 0 0
0 0 0 0 0 0 0 0 0 0
0 0 0 0 0 0 0 0 0 0
1 1 1 1 1 1 1 1 1 1
1 1 1 1 1 1 1 1 1 1
1 1 1 1 1 1 1 1 1 1
1 1 1 1 1 1 1 1 1 1
1 1 1 1 1 1 1 1 1 1
46 50 48 63 57 50 99 43 50 49
49 43 60 102 105 40 54 105 96 52
97 45 100 103 51 106 105 39 37 99
48 44 35 99 39 100 40 57 36 36
102 96 36 49 61 61 53 61 96 61
25 64 23 12 23 20 23 71 17 11
31 14 15 10 31 21 5 31 73 24
8 5 18 65 9 12 27 65 30 13
72 23 11 12 23 4 23 66 30 74
5 30 24 27 26 67 21 12 21 72
