0 0 0 0 0 0 0 0 0 0
0 0 0 0 0 0 0 0 0 0
0 0 0 0 0 0 0 0 0 0
0 0 0 0 0 0 0 0 0 0
0 0 0 0 0 0 0 0 0 0
1 1 1 1 1 1 1 1 1 1
1 1 1 1 1 1 1 1 1 1
1 1 1 1 1 1 1 1 1 1
1 1 1 1 1 1 1 1 1 1
1 1 1 1 1 1 1 1 1 1
63 96 104 47 56 51 36 106 54 61
97 43 101 96 97 43 51 45 48 39
97 62 49 38 36 58 36 62 38 61
101 63 43 55 104 106 106 56 103 101
54 46 42 106 40 40 59 98 104 40
10 28 8 27 21 14 9 31 18 68
20 73 12 74 27 7 72 23 7 67
6 3 69 21 28 18 10 7 15 16
20 12 72 7 31 8 72 20 66 69
66 21 71 20 22 4 66 68 14 71
