0 0 0 0 0 0 0 0 0 0
1 1 1 1 1 1 1 1 1 1
0 0 0 0 0 0 0 0 0 0
1 1 1 1 1 1 1 1 1 1
0 0 0 0 0 0 0 0 0 0
1 1 1 1 1 1 1 1 1 1
0 0 0 0 0 0 0 0 0 0
1 1 1 1 1 1 1 1 1 1
0 0 0 0 0 0 0 0 0 0
1 1 1 1 1 1 1 1 1 1
30 3 9 64 74 20 67 6 27 23
96 104 100 99 98 48 51 100 38 51
68 21 10 26 27 15 26 31 68 12
63 105 44 97 106 61 104 60 38 101
16 31 22 16 25 17 70 71 73 13
104 103 46 101 97 54 45 55 40 104
74 28 23 64 19 21 15 72 29 24
55 43 56 100 42 105 98 57 51 98
25 65 22 3 67 22 5 22 27 8
104 49 61 37 104 55 55 58 53 42
