0 0 0 0 0 0 0 0 0 0
1 1 1 1 1 1 1 1 1 1
0 0 0 0 0 0 0 0 0 0
1 1 1 1 1 1 1 1 1 1
0 0 0 0 0 0 0 0 0 0
1 1 1 1 1 1 1 1 1 1
0 0 0 0 0 0 0 0 0 0
1 1 1 1 1 1 1 1 1 1
0 0 0 0 0 0 0 0 0 0
1 1 1 1 1 1 1 1 1 1
98 102 39 59 42 48 102 96 45 63
29 21 27 28 15 29 6 67 28 29
45 47 99 47 37 46 51 99 37 37
10 71 18 64 7 73 29 74 24 23
62 41 39 104 46 47 44 50 63 97
28 8 23 65 25 23 7 5 3 69
60 62 42 102 105 50 102 101 54 98
64 29 10 24 20 65 26 16 19 29
44 48 58 105 63 42 103 48 37 60
66 8 4 65 25 71 27 74 66 14
