0 0 0 0 0 0 0 0 0 0
0 0 0 0 0 0 0 0 0 0
0 0 0 0 0 0 0 0 0 0
0 0 0 0 0 0 0 0 0 0
0 0 0 0 0 0 0 0 0 0
1 1 1 1 1 1 1 1 1 1
1 1 1 1 1 1 1 1 1 1
1 1 1 1 1 1 1 1 1 1
1 1 1 1 1 1 1 1 1 1
1 1 1 1 1 1 1 1 1 1
102 42 104 43 99 58 105 44 40 39
57 55 38 62 36 39 57 106 49 37
103 62 37 41 99 38 57 53 38 36
51 36 58 104 49 50 52 37 55 58
36 56 99 96 57 61 98 45 103 59
16 25 18 21 7 8 67 69 11 71
68 21 66 22 72 71 73 13 14 19
6 20 24 64 26 14 67 20 7 23
10 10 25 66 9 16 31 27 14 69
29 28 31 26 11 71 19 18 22 4
