0 0 0 0 0 0 0 0 0 0
0 0 0 0 0 0 0 0 0 0
0 0 0 0 0 0 0 0 0 0
0 0 0 0 0 0 0 0 0 0
0 0 0 0 0 0 0 0 0 0
1 1 1 1 1 1 1 1 1 1
1 1 1 1 1 1 1 1 1 1
1 1 1 1 1 1 1 1 1 1
1 1 1 1 1 1 1 1 1 1
1 1 1 1 1 1 1 1 1 1
30 18 15 23 21 20 31 28 27 68
6 18 28 64 67 74 7 64 12 15
64 15 9 22 5 13 18 10 67 74
27 7 13 21 22 20 72 72 31 19
26 30 20 20 12 25 70 67 16 9
98 61 39 41 57 100 59 58 50 59
45 58 38 49 106 39 57 40 102 51
41 36 48 98 46 52 101 104 60 44
55 41 50 39 59 98 59 36 38 43
55 97 96 45 101 99 51 46 106 101
