0 0 0 0 0 0 0 0 0 0
1 1 1 1 1 1 1 1 1 1
0 0 0 0 0 0 0 0 0 0
1 1 1 1 1 1 1 1 1 1
0 0 0 0 0 0 0 0 0 0
1 1 1 1 1 1 1 1 1 1
0 0 0 0 0 0 0 0 0 0
1 1 1 1 1 1 1 1 1 1
0 0 0 0 0 0 0 0 0 0
1 1 1 1 1 1 1 1 1 1
62 38 60 97 49 61 61 51 48 105
65 19 8 28 66 20 30 12 24 18
52 54 51 56 43 37 54 100 41 36
72 31 4 14 69 29 9 21 68 25
59 41 106 40 98 101 39 43 46 41
27 65 19 65 25 72 11 71 6 17
42 37 58 59 39 61 63 55 104 58
14 22 71 24 24 26 73 28 27 27
48 49 48 101 53 53 56 51 60 39
10 31 65 70 24 72 31 65 65 65
