0 0 0 0 0 0 0 0 0 0
0 0 0 0 0 0 0 0 0 0
0 0 0 0 0 0 0 0 0 0
0 0 0 0 0 0 0 0 0 0
0 0 0 0 0 0 0 0 0 0
1 1 1 1 1 1 1 1 1 1
1 1 1 1 1 1 1 1 1 1
1 1 1 1 1 1 1 1 1 1
1 1 1 1 1 1 1 1 1 1
1 1 1 1 1 1 1 1 1 1
20 65 5 15 21 23 18 13 28 71
71 72 16 22 71 3 3 9 10 72
67 22 16 21 68 14 10 28 30 8
70 15 5 73 30 18 24 18 68 68
65 27 65 27 16 25 8 18 18 10
44 58 39 58 51 63 48 59 52 48
106 54 43 106 104 55 100 101 45 47
53 38 98 100 50 57 104 35 36 57
104 58 45 98 48 42 38 106 106 99
36 41 52 57 63 37 36 97 52 40
