0 0 0 0 0 0 0 0 0 0
1 1 1 1 1 1 1 1 1 1
0 0 0 0 0 0 0 0 0 0
1 1 1 1 1 1 1 1 1 1
0 0 0 0 0 0 0 0 0 0
1 1 1 1 1 1 1 1 1 1
0 0 0 0 0 0 0 0 0 0
1 1 1 1 1 1 1 1 1 1
0 0 0 0 0 0 0 0 0 0
1 1 1 1 1 1 1 1 1 1
29 28 66 71 73 7 3 66 25 70
36 102 47 100 63 45 47 100 45 55
11 64 22 65 26 22 71 22 10 64
59 44 35 60 99 61 37 40 105 51
13 11 67 64 13 18 12 12 71 68
38 50 58 98 51 62 54 36 45 59
68 12 70 64 23 64 9 74 4 22
105 47 51 46 62 43 96 96 46 53
15 70 6 23 12 19 72 21 73 67
48 36 100 99 98 49 97 55 99 62
