0 0 0 0 0 0 0 0 0 0
1 1 1 1 1 1 1 1 1 1
0 0 0 0 0 0 0 0 0 0
1 1 1 1 1 1 1 1 1 1
0 0 0 0 0 0 0 0 0 0
1 1 1 1 1 1 1 1 1 1
0 0 0 0 0 0 0 0 0 0
1 1 1 1 1 1 1 1 1 1
0 0 0 0 0 0 0 0 0 0
1 1 1 1 1 1 1 1 1 1
64 70 25 31 11 17 11 10 65 24
43 41 105 97 62 104 43 57 61 105
8 66 29 11 67 22 10 5 4 24
104 47 37 39 96 104 54 100 42 102
74 73 13 12 12 72 10 13 23 24
58 38 44 38 36 35 101 46 60 61
74 69 29 68 9 12 24 7 26 25
96 100 101 104 98 37 99 42 60 63
70 20 8 69 67 68 7 74 31 26
38 37 99 60 38 96 47 105 35 56
