0 0 0 0 0 0 0 0 0 0
1 1 1 1 1 1 1 1 1 1
0 0 0 0 0 0 0 0 0 0
1 1 1 1 1 1 1 1 1 1
0 0 0 0 0 0 0 0 0 0
1 1 1 1 1 1 1 1 1 1
0 0 0 0 0 0 0 0 0 0
1 1 1 1 1 1 1 1 1 1
0 0 0 0 0 0 0 0 0 0
1 1 1 1 1 1 1 1 1 1
70 22 10 15 12 22 7 3 22 68
63 98 36 47 50 60 36 36 42 43
73 14 3 3 23 64 66 31 27 25
100 62 102 35 104 35 41 106 54 59
19 72 12 5 7 70 74 20 20 68
45 44 63 62 102 101 39 54 36 43
10 71 73 30 10 3 7 72 6 9
102 50 62 38 42 98 103 106 98 105
14 6 74 28 19 27 31 69 24 65
98 57 40 106 54 44 56 63 61 38
