0 0 0 0 0 0 0 0 0 0
0 0 0 0 0 0 0 0 0 0
0 0 0 0 0 0 0 0 0 0
0 0 0 0 0 0 0 0 0 0
0 0 0 0 0 0 0 0 0 0
1 1 1 1 1 1 1 1 1 1
1 1 1 1 1 1 1 1 1 1
1 1 1 1 1 1 1 1 1 1
1 1 1 1 1 1 1 1 1 1
1 1 1 1 1 1 1 1 1 1
24 68 72 28 3 26 20 73 68 12
10 74 72 67 20 25 6 10 66 20
67 68 64 65 6 8 5 6 21 23
16 16 15 19 66 69 24 21 26 24
19 67 23 8 4 19 4 72 14 73
48 102 54 62 62 46 59 59 55 60
56 42 39 53 101 52 44 100 104 35
63 53 45 45 44 46 44 100 39 42
58 45 56 52 106 42 43 106 56 48
101 105 44 49 37 57 38 102 41 58
