0 0 0 0 0 0 0 0 0 0
1 1 1 1 1 1 1 1 1 1
0 0 0 0 0 0 0 0 0 0
1 1 1 1 1 1 1 1 1 1
0 0 0 0 0 0 0 0 0 0
1 1 1 1 1 1 1 1 1 1
0 0 0 0 0 0 0 0 0 0
1 1 1 1 1 1 1 1 1 1
0 0 0 0 0 0 0 0 0 0
1 1 1 1 1 1 1 1 1 1
65 7 66 64 66 3 14 29 71 8
56 52 39 105 50 103 63 40 38 106
30 12 73 73 27 9 73 74 70 12
106 49 36 97 99 55 53 35 58 35
73 20 12 24 7 13 12 17 73 74
98 60 53 102 57 43 42 49 96 101
31 13 10 12 20 72 18 26 11 21
106 50 44 37 101 41 39 40 40 101
73 11 3 11 68 6 29 27 67 74
98 100 97 40 98 98 39 97 49 41
