0 0 0 0 0 0 0 0 0 0
1 1 1 1 1 1 1 1 1 1
0 0 0 0 0 0 0 0 0 0
1 1 1 1 1 1 1 1 1 1
0 0 0 0 0 0 0 0 0 0
1 1 1 1 1 1 1 1 1 1
0 0 0 0 0 0 0 0 0 0
1 1 1 1 1 1 1 1 1 1
0 0 0 0 0 0 0 0 0 0
1 1 1 1 1 1 1 1 1 1
103 40 99 43 99 46 103 39 40 51
15 70 20 31 24 10 19 21 18 17
102 106 57 48 44 100 101 41 47 57
3 24 28 11 12 72 69 27 28 19
54 48 42 36 63 102 49 105 63 100
28 64 21 71 10 19 18 25 20 66
50 51 51 51 98 35 42 104 99 55
16 18 11 9 68 29 26 18 16 7
58 102 44 38 56 50 54 50 37 105
20 29 3 25 30 24 4 20 13 74
