0 0 0 0 0 0 0 0 0 0
1 1 1 1 1 1 1 1 1 1
0 0 0 0 0 0 0 0 0 0
1 1 1 1 1 1 1 1 1 1
0 0 0 0 0 0 0 0 0 0
1 1 1 1 1 1 1 1 1 1
0 0 0 0 0 0 0 0 0 0
1 1 1 1 1 1 1 1 1 1
0 0 0 0 0 0 0 0 0 0
1 1 1 1 1 1 1 1 1 1
66 17 67 20 69 10 14 28 11 68
96 96 62 48 49 37 47 100 106 58
6 72 26 11 65 12 68 9 73 16
47 55 59 40 57 41 106 36 41 54
67 20 28 3 4 70 66 73 23 74
62 37 35 37 49 54 98 101 54 96
64 11 16 14 30 19 12 74 11 28
98 38 58 40 97 54 62 50 43 47
65 20 15 74 31 71 11 13 3 68
42 102 53 105 55 103 58 57 98 47
